"region","mean_value","cattle_mean","lower_value","cattle_lower","upper_value","cattle_upper"
"Ab Ala",0.0495701033125045,0,0.0137843495271825,0,0.125278640472638,0
"Ababo",0.381552685032339,6582,0.369963257982031,6367,0.393242843558848,6798
"Abay Chomen",0.366244848185614,1643,0.356525432881482,1593,0.376045625065511,1693
"Abaya",0.340945932306842,10316,0.316216268143137,9851,0.366481669659879,10792
"Abe Dongoro",0.347071827265313,6823,0.338335991773618,6660,0.355885350183954,6986
"Abergele",0.226030506076048,0,0.190399211555709,0,0.265361249144588,0
"Abeshege",0.380961772048394,9492,0.371737738393411,9251,0.390249039454103,9734
"Abichuna Gne'a",0.433114141574328,0,0.408713496467967,0,0.45775817707292,0
"Abobo",0.264916944057033,2198,0.246762743300325,2112,0.284280705721757,2285
"Abuna G/Beret",0.391325954089854,0,0.376699068917957,0,0.406095347115605,0
"Ada'a",0.35014669951568,0,0.332636595522138,0,0.368059086577059,0
"Adaa'r",0.451944154160394,0,0.316081464602074,0,0.590390187577512,0
"Adaba",0.239272212458664,0,0.219526620839631,0,0.259868425022244,0
"Adadle",0.385169968626502,0,7.88895275779187e-05,0,0.998829995316823,0
"Adama",0.335311244242721,0,0.316697264972894,0,0.354329996617416,0
"Adami Tulu Jido Kombolcha",0.315666544468036,0,0.296991061617718,0,0.334881089086147,0
"Adda Berga",0.417708301754192,0,0.399965262638962,0,0.435610247821569,0
"Addi Arekay",0.236160280149755,0,0.216461584305848,0,0.256746534724443,0
"Adola",0.238964019069474,8674,0.219559396344426,8058,0.259230497526756,9313
"Adwa",0.0226663594463466,0,0.00227440461157934,0,0.091839553449597,0
"Afambo",0.273716391609575,0,0.00540640367900698,0,0.876875401312162,0
"Afdem",0.469135601622614,0,0.0319342755783169,0,0.956143276465677,0
"Afder",0.41924062939043,0,0.000503984535759975,0,0.998010193864918,0
"Afdera",0.0287093019082839,0,0.00299591597548472,0,0.113579227556403,0
"Afele Kola",0.253247328437675,0,0.239750799759732,0,0.267106508430978,0
"Agalometi",0.325853979390434,1884,0.315252031288652,1822,0.336587630633727,1948
"Agarfa",0.218017185157825,0,0.199805894845924,0,0.237086900880236,0
"Ahferom",0.0165504276181157,0,0.000770000352140802,0,0.0902937959273687,0
"Akaki",0.390203162323213,0,0.369796129731684,0,0.410914106893002,0
"Akaki - Kalit",0.35374560862467,0,0.325181741242234,0,0.383104876229822,0
"Akobo",0.0218496443754558,492,0.00713185233435999,164,0.0512949632536184,1142
"Alaba",0.280152418437777,6031,0.268766892236961,5778,0.291749779820059,6289
"Alaje",0.124768271256662,0,0.0774799367300925,0,0.187600954370036,0
"Alamata",0.221101063889553,0,0.180158927788906,0,0.267962262426807,0
"Albuko",0.423514181478515,0,0.390100390184288,0,0.45745802546302,0
"Ale",0.259897390688112,11033,0.251978730170873,10718,0.267936722637094,11353
"Aleltu",0.401112514558225,0,0.38010789469909,0,0.422390280121848,0
"Alem Gena",0.399297422575591,0,0.383957319859837,0,0.414788111040754,0
"Aleta Wendo",0.174996025361913,0,0.161161569539702,0,0.189501935322397,0
"Alfa",0.287290811052558,767,0.274040846109086,733,0.300857892064029,802
"Alge Sachi",0.294382827254251,17824,0.288528431099775,17451,0.300290270405946,18200
"Alicho Woriro",0.259461231895613,0,0.247670926616134,0,0.271544017752632,0
"Alle",0.364667484065814,7100,0.352220285265738,6847,0.377252854223246,7356
"Amaro",0.316780736813775,12913,0.304358162790028,12411,0.329456665250805,13425
"Ambasel",0.440877221133641,0,0.408398084311639,0,0.473727752975935,0
"Ambo Zuria",0.372749075249028,0,0.362222745642953,0,0.383364826899248,0
"Ameya",0.369271026363469,0,0.360412868585739,0,0.378195648664034,0
"Amibara",0.437395584796552,0,0.361350111766852,0,0.515870756994573,0
"Amigna",0.246217157152676,0,0.224989457038777,0,0.268418533465342,0
"Amuru",0.349489262651465,1409,0.339390099924064,1374,0.359688799091609,1444
"Ana Sora",0.219993174575366,0,0.205547943118043,0,0.234961752014779,0
"Analemmo",0.272837213841892,0,0.261135787231244,0,0.284773269899036,0
"Anchar",0.31470615856294,0,0.291405215006746,0,0.33871945625595,0
"Anderacha",0.289801979274036,0,0.280072495040406,0,0.299676817543208,0
"Aneded",0.365633885822628,2397,0.348227044389655,2174,0.38327410999456,2622
"Anfilo",0.348167352829869,8088,0.338043069556021,7853,0.35839731044151,8326
"Angolelana Tera",0.407838487247375,0,0.384096027158924,0,0.431906497433433,0
"Anigacha",0.225264197960713,0,0.212808354471164,0,0.238092348748575,0
"Ankasha",0.254564124730557,0,0.245872795260138,0,0.263403449672966,0
"Ankober",0.408409965578977,0,0.381371786883338,0,0.435864841597589,0
"Antsokiya",0.493259668974259,0,0.451994432093176,0,0.534381216641857,0
"Arba Minch Zuria",0.344871263986534,23662,0.32141321124181,22570,0.369065525789811,24782
"Arbe Gonna",0.168218508241319,0,0.1557870562802,0,0.181229373666262,0
"Arero",0.774685559513571,0,0.614472834587278,0,0.886954994324815,0
"Argoba",0.483162439040345,0,0.44241151067741,0,0.524079923133235,0
"Argoba Special Woreda",0.423281802123963,0,0.39347357518599,0,0.453511784549631,0
"Aroresa",0.190997935175851,0,0.176443937613789,0,0.206212993172606,0
"Arsi Negele",0.302956111515515,0,0.276144342490445,0,0.330446214096301,0
"Artuma Fursi",0.488052607730256,0,0.450041351518551,0,0.526164342361815,0
"Aseko",0.276816681855474,0,0.257009220358614,0,0.297295007400232,0
"Asgede Tsimbila",0.0528232692686253,0,0.0272031345885738,0,0.0924151413253013,0
"Assagirt",0.395777150474622,0,0.370990172289981,0,0.420965303972816,0
"Assosa",0.574735670839839,36305,0.558773860659882,35322,0.59057289856418,37282
"Atsbi Wenberta",0.022644444402872,0,0.0052055990199211,0,0.0640209787060024,0
"Aw-bare",0.376972496719238,0,8.89568403960008e-06,0,0.999742262924892,0
"Awabel",0.373093009938587,0,0.35515864860211,0,0.391266384832216,0
"Aware",0.380108185012558,0,3.57135060116508e-07,0,0.999977742955105,0
"Awasa",0.215266401534011,0,0.197538394070563,0,0.233865091007444,0
"Awasa Zuria",0.20794865247658,16680,0.194807598620625,15618,0.221563278332683,17780
"Awash Fentale",0.390263422921859,0,0.362691676918763,0,0.418359687592542,0
"Awra",0.197489780201053,0,0.0882186671578429,0,0.361694634597859,0
"Ayida",0.363152109456111,0,0.351103742903875,0,0.37533136214963,0
"Ayira",0.268835639957414,8049,0.261974205524161,7835,0.275783910058745,8267
"Ayisha",0.343984329291261,0,0.000625658209558357,0,0.991689799388163,0
"Aysaita",0.177273014150348,0,0.00750680512630605,0,0.667010363249578,0
"Babile",0.343046816846463,0,6.10987297881597e-05,0,0.99802798220992,0
"Babo",0.348091811989535,15922,0.340493425356981,15575,0.355747447728703,16272
"Badele Zuria",0.328847411584742,11663,0.322819215515179,11463,0.334918071543172,11864
"Bahir Dar Zuria",0.264648006702828,0,0.232031928182104,0,0.299311381540603,0
"Bako Gazer",0.365824879187982,43028,0.353723684185289,41621,0.378054296399013,44451
"Bako Tibe",0.317084090346147,0,0.309944867879126,0,0.324288158163249,0
"Bambasi",0.490636439617875,18026,0.478655255218513,17588,0.502622493152832,18464
"Banja",0.258968807597788,0,0.250553005548467,0,0.26751993746289,0
"Bare",0.426819413466632,0,4.14967263723543e-05,0,0.999783180509534,0
"Basketo",0.370360149391328,3637,0.360325325547219,3542,0.380478164467432,3733
"Baso Liben",0.377545896109859,10959,0.363174614180482,10533,0.392077185205194,11389
"Basona Worena",0.448579610229857,0,0.421136775741648,0,0.47625277028585,0
"Bati",0.509210944510912,0,0.468138433672269,0,0.550183706881499,0
"Becho",0.349416648904592,5213,0.338355043431708,5061,0.360589270452966,5367
"Bedeno",0.30190561682556,0,0.0023504484081987,0,0.95531632489422,0
"Begi",0.437901452618732,21109,0.426576743178504,20557,0.449275202026941,21664
"Bele Gesgar",0.220359998790773,0,0.202082606430191,0,0.239480397454291,0
"Bena Tsemay",0.394697665123737,45530,0.37991493847131,43849,0.409618547000011,47226
"Bensa",0.18285052587993,5728,0.169327171409417,5341,0.196977200742956,6130
"Berahile",0.0257094201907406,0,0.00358638754439555,0,0.0935398422138242,0
"Berbere",0.182081784239913,0,0.162132560472602,0,0.203376387372723,0
"Bereh",0.397692723312707,0,0.378901384604656,0,0.416710666263087,0
"Berehet",0.400881049875189,0,0.375874089303537,0,0.426276935046942,0
"Bero",0.712860506799636,3758,0.680157217992759,3585,0.743696477688012,3921
"Beyeda",0.253636258748089,0,0.227530765949759,0,0.281450662807932,0
"Bibugn",0.317443576621771,0,0.303210597656697,0,0.331933024965628,0
"Bidu",0.0265846973930219,0,0.00197592078505658,0,0.11838796570968,0
"Bila Seyo",0.345177908139568,5769,0.336792146026789,5640,0.353637445959803,5898
"Bilidigilu",0.458232542288971,9222,0.44641826109235,8992,0.470078137206954,9452
"Bilo Nopha",0.281456200965917,9146,0.274521098641861,8921,0.28847029788409,9374
"Bio Jiganifado",0.341666511627051,18734,0.330856225551831,18158,0.352603653823151,19316
"Bita",0.308861350594471,10083,0.301117336415717,9835,0.316688463563527,10334
"Boh",0.375676643860181,0,6.01801971856856e-08,0,0.999992748189924,0
"Boji Chekorsa",0.266683556440743,10478,0.260083573624143,10218,0.273359700148208,10742
"Boji Dirmeji",0.281686223528361,2740,0.273354194880571,2675,0.290155845878437,2806
"Boke",0.276409390455311,0,0.061906555321228,0,0.657954266738544,0
"Bole",0.256706981725903,0,0.224301930962661,0,0.291203963915305,0
"Boloso Bombe",0.357863607067667,24052,0.339415456846142,23167,0.376646441334005,24950
"Boloso sore",0.250159243514658,15191,0.23735268694543,14459,0.263307287761337,15941
"Bona Zuria",0.155646448398868,0,0.143223639111054,0,0.16872318257348,0
"Boneya Boshe",0.335386160788178,0,0.328354124452459,0,0.342472065495308,0
"Bonke",0.330568088816856,12552,0.320906311855762,12160,0.340336115362368,12948
"Bora",0.338412833928422,0,0.322931275846345,0,0.354135142260136,0
"Bore",0.217916288704638,0,0.204509565125832,0,0.231776210404487,0
"Borecha",0.360566456986819,9939,0.352950555297645,9727,0.368236587681719,10152
"Boreda",0.33394014726428,12946,0.320819770717616,12484,0.34742322326097,13419
"Boricha",0.238363261652458,18155,0.226952168472477,17188,0.250126436519801,19155
"Boset",0.344734023042311,0,0.323869097371379,0,0.366055841562266,0
"Bugna",0.362193512130091,0,0.34022482001507,0,0.384598169773578,0
"Bule",0.244201240657308,0,0.231211522508078,0,0.257545779912261,0
"Bule Hora",0.270773290190498,5807,0.254098646242548,5583,0.287952261287898,6036
"Bulen",0.318525478360571,4824,0.306059746664737,4641,0.331187388725669,5010
"Bure",0.303083300597714,13046,0.293613983071347,12672,0.312678059685258,13426
"Bure Mudaytu",0.476218401099993,0,0.301414388064821,0,0.652016705285775,0
"Burji",0.33906733455075,9767,0.322837705834372,9390,0.355578958542755,10150
"Bursa",0.172097569855616,0,0.159589578554487,0,0.185180640101641,0
"Cheha",0.35656982848622,3472,0.343784785695252,3377,0.369522348669588,3568
"Cheliya",0.336411300873147,0,0.329098021089457,0,0.343785808117059,0
"Chena",0.303722689028412,23074,0.296007482524311,22514,0.311523929271437,23640
"Chencha",0.29700702267157,0,0.289389777061568,0,0.304709244041197,0
"Chereti/Weyib",0.428262063260363,0,0.00889041233331085,0,0.974272952311237,0
"Cheta",0.356933490907186,8159,0.348584032775365,7979,0.365349727601473,8341
"Chifra",0.313014298228984,0,0.226031965239232,0,0.415053484212191,0
"Chilga",0.293428973336856,0,0.271016127613136,0,0.316690415448573,0
"Chinaksen",0.369562318021349,0,3.66269624937502e-05,0,0.999164194547374,0
"Chire",0.188899263639359,0,0.174592231967495,0,0.203853130865645,0
"Chiro Zuria",0.269538516870845,0,0.0891083210033814,0,0.550207276375037,0
"Chole",0.250199182757334,0,0.231789529542304,0,0.269300550778858,0
"Chora",0.345637345367974,15587,0.337139462588275,15259,0.35421029710735,15918
"Chuko",0.193478305043768,6431,0.181368402047831,6052,0.20604308089323,6823
"Chwaka",0.32177028511104,10649,0.312518247826508,10340,0.331125939773406,10961
"Dabat",0.237224584951958,0,0.219981138829902,0,0.25514949920304,0
"Dabo Hana",0.322137005957007,2030,0.315575977278855,1994,0.328751480480024,2067
"Dale",0.20000081161306,0,0.185059741051164,0,0.215589360589215,0
"Dale Sadi",0.254225742147376,9262,0.247156190109587,9002,0.261393939566684,9525
"Dale Wabera",0.281560941714311,4421,0.273744415264162,4297,0.28948010011631,4546
"Dalfagi",0.51582795272936,0,0.429317676714195,0,0.59738459812716,0
"Dalocha",0.28805987934589,0,0.277610511600633,0,0.298681172017729,0
"Dalul",0.014622149863927,0,0.00152542856917568,0,0.0585785876895882,0
"Damot Gale",0.231076343894266,7718,0.218979322105796,7355,0.243513331354844,8089
"Damot Pulasa",0.232335839039412,0,0.218602612196115,0,0.246501207688037,0
"Damot Sore",0.271486580320714,6771,0.260980797973423,6481,0.282187480033531,7067
"Damot Weydie",0.294696201101784,3021,0.285809183205938,2950,0.303708202218402,3093
"Dangila",0.233418015504781,0,0.226538417153872,0,0.240404718961206,0
"Dangura",0.351171147526346,652,0.330220837396635,614,0.372616040986477,691
"Daniboya",0.257077982735902,0,0.246280309067502,0,0.268100039722801,0
"Dano",0.334401834506254,0,0.327035515737946,0,0.341832200283291,0
"Danot",0.370865269212015,0,1.86016385537485e-07,0,0.999981834045065,0
"Dara",0.221987996410762,5565,0.208461556936926,5232,0.235964048191098,5908
"Daramalo",0.34683949241812,2314,0.338002496566515,2246,0.355754544849293,2384
"Darimu",0.282154305624295,31895,0.274910945747902,31107,0.289483433403337,32692
"Daro Lebu",0.272513185114797,0,0.231828591887901,0,0.318005713150777,0
"Dasenech (Kuraz)",0.756240507957901,356288,0.594327014776155,291724,0.879161076897643,409256
"Dawe Kachen",0.175575325384417,0,0.113423639239036,0,0.257829581879513,0
"Dawo",0.386258211879176,0,0.373882879272441,0,0.398745269257331,0
"Dawunt",0.41756190504904,0,0.387428255432276,0,0.448103190675523,0
"Debark",0.251645861970306,0,0.232024451039978,0,0.272066152932089,0
"Debay Telatgen",0.371294156842043,0,0.354332375698355,0,0.388482319579872,0
"Debeweyin",0.395734961625953,0,3.05204073928175e-06,0,0.999923278856789,0
"Debre Elias",0.353283121846811,1878,0.341968269609277,1811,0.364718984453014,1945
"Debre Libanos",0.42007986851177,0,0.398386780233335,0,0.442003027165744,0
"Debresina",0.428321518363102,0,0.402659261985351,0,0.454264479300559,0
"Debub Achefer",0.245965844504394,0,0.238323614791147,0,0.253730054786761,0
"Debub Bench",0.274539003215439,25717,0.264688732305065,24753,0.28455754530082,26698
"Decha",0.354346757611839,29509,0.344833121960634,28769,0.36394319526428,30256
"Deder",0.287991577306341,0,0.005857610966234,0,0.90821870166849,0
"Dedesa",0.318481682252292,16789,0.311384077428807,16402,0.32564492655365,17180
"Dedo",0.321313074337274,19069,0.312703395438855,18608,0.330018561170724,19533
"Dega",0.301319996482874,0,0.295511143332211,0,0.307176847846267,0
"Dega Damot",0.324748315514601,0,0.311995637366926,0,0.337698312584644,0
"Degehabur",0.362221517771617,0,9.54503763573323e-06,0,0.99960501786204,0
"Degehamedo",0.339352736524051,0,1.71173856322049e-05,0,0.999017556365957,0
"Degeluna Tijo",0.261610559972983,0,0.246257659899331,0,0.277394941306619,0
"Degem",0.415659924103169,0,0.39511517156665,0,0.436416527434688,0
"Degua Temben",0.0562959691090982,0,0.025228478006307,0,0.107785220837743,0
"Dehana",0.347163861971886,0,0.324506347196933,0,0.370345781406458,0
"Dehas",0.871136760244106,0,0.71802607213598,0,0.956792465177708,0
"Dejen",0.388387553803077,0,0.37018987888868,0,0.406813850572332,0
"Delanta",0.430109939315837,0,0.401689504605209,0,0.45887528871441,0
"Dembecha",0.323306182989737,0,0.312607345412841,0,0.334144979552588,0
"Dembel",0.410545191035794,0,0.000135792463578028,0,0.999104415313289,0
"Dembia",0.218155419853776,0,0.205804068017993,0,0.230907629854998,0
"Denan",0.362741390810931,0,6.03762870579068e-05,0,0.998480154552057,0
"Dendi",0.384921166907136,0,0.372890098155948,0,0.397057462938947,0
"Denibu Gofa",0.37615931526171,21204,0.366013607772466,20586,0.386389460146431,21827
"Dera",0.343257788563252,0,0.326043329822757,0,0.360776081792006,0
"Derashe",0.340539872193892,14579,0.329232420199311,14093,0.351985171268903,15071
"Dessie Zuria",0.449395203391192,0,0.41486068241092,0,0.484290914456648,0
"Dewa Cheffa",0.465256822817906,0,0.428333038969669,0,0.502462174606341,0
"Dewa Harewa",0.50427029409479,0,0.46399401488131,0,0.544502327353785,0
"Dewe",0.562866667037552,0,0.466839487580895,0,0.647212846336269,0
"Dibat",0.307896264987584,7447,0.295850076883988,7152,0.320136146974197,7746
"Didu",0.290667259853595,1318,0.282046262139783,1273,0.299404368163918,1363
"Diga",0.312084606772548,10362,0.305064346385033,10155,0.319172593491544,10572
"Diguna Fango",0.289195411074277,4530,0.279434450966957,4322,0.299108463269178,4741
"Dihun",0.311948086299733,0,0.0003649439564568,0,0.987194198327843,0
"Diksis",0.223557600006485,0,0.208510495294557,0,0.239167279718342,0
"Dila Zuria",0.227105669409915,0,0.21008620579474,0,0.244819024749882,0
"Dillo",0.846276683845757,9684,0.673552562448979,7830,0.94025909020481,10585
"Dima",0.652539649320675,9515,0.621507175408966,9071,0.68151043579228,9929
"Dinsho",0.242167482801206,0,0.220531606302582,0,0.264815996998888,0
"Dire",0.842567454065615,10333,0.69782101181898,8629,0.931976884663861,11141
"Dire Dawa",0.366449840656425,0,0.00063665172953853,0,0.992832636116748,0
"Dire Dawa/Town",0.351777193802626,0,0.000887241379497769,0,0.988394698661912,0
"Dita",0.325900768682516,0,0.317546226645432,0,0.33433831135624,0
"Doba",0.30330148560416,0,0.0273786100148352,0,0.804959242904885,0
"Dodola",0.225627375881653,0,0.209745373275644,0,0.2421176301031,0
"Dodota",0.293071706290132,0,0.278212388377573,0,0.308269485892431,0
"Dolo Odo",0.646392337759597,0,0.0418350799748212,0,0.995334306337344,0
"Dolobay",0.541643455797278,0,0.00223102439023489,0,0.99898233976048,0
"Dorani",0.280397840234301,4304,0.271627621269779,4171,0.289293448537756,4439
"Doya Gena",0.257324395520968,0,0.24419329208264,0,0.270798465976143,0
"Dubti",0.230974063353493,0,0.0474906385480387,0,0.560902892607172,0
"Dugda",0.328931836752865,0,0.307304723394509,0,0.351205594632762,0
"Dugda Dawa",0.407185977645166,5920,0.354532375700609,5698,0.459955629336587,6146
"Dulecha",0.411543737145606,0,0.380055506228664,0,0.443527357891196,0
"Dune",0.280211129131589,0,0.269077507598634,0,0.291554075860481,0
"East Belesa",0.299373673554923,0,0.280281132147028,0,0.318993672782763,0
"East Esite",0.325036710354134,0,0.310412316774207,0,0.339916267878049,0
"East Imi",0.327695312285379,0,0.000751278928604146,0,0.984114409916807,0
"Ebenat",0.322476881256497,0,0.304292751559429,0,0.341061651768402,0
"Eferatana Gidem",0.450321833853906,0,0.415812161953051,0,0.485188736229158,0
"Ejere",0.401792143857974,0,0.386829122634317,0,0.416892777335851,0
"Elidar",0.0740282766055489,0,0.00384307548413609,0,0.35020863456912,0
"Enarj Enawga",0.395685453302513,0,0.375505377137648,0,0.416121782181748,0
"Enbise Sar Midir",0.432983234171141,0,0.408856803640785,0,0.457338688292362,0
"Endamehoni",0.170231814115745,0,0.121340512819297,0,0.229852949250174,0
"Enderta",0.0502426233944442,0,0.0192895469740183,0,0.105941561425907,0
"Endiguagn",0.209469593437012,0,0.193965938372071,0,0.225623750100302,0
"Enemay",0.371596523423754,0,0.353752536241458,0,0.389700537848536,0
"Enemorina Eaner",0.337049141773288,6006,0.325738818486249,5850,0.348514185277639,6163
"Ensaro",0.462603296751374,0,0.437426750838918,0,0.487920704242049,0
"Erebti",0.0624569372489642,0,0.0121478166870102,0,0.185512499326042,0
"Erer",0.439743953579777,0,0.0102134337363814,0,0.97758470729513,0
"Erob",0.00918007342040675,0,0.000415982796337345,0,0.0467307726147121,0
"Esira",0.387955596897659,16259,0.378479596561143,15875,0.397494874402516,16645
"Ewa",0.279531769540901,0,0.200543992325135,0,0.371991548181581,0
"Ezha",0.334366763382535,0,0.324227908348615,0,0.344622036270192,0
"Fagta Lakoma",0.242937204333541,0,0.23499433629112,0,0.251014034180421,0
"Farta",0.278903946288572,0,0.264868481258596,0,0.293285351804844,0
"Fedis",0.343575247637066,0,0.000314302158524025,0,0.993638867882198,0
"Fentale",0.365199674968118,0,0.338412033240062,0,0.392620227230156,0
"Ferfer",0.411508125492511,0,2.50329439651234e-07,0,0.999993707430238,0
"Fik",0.315820835694451,0,0.000155176758204031,0,0.993298872985986,0
"Filtu",0.575612545970065,0,0.13895269548995,0,0.933353997620725,0
"Fogera",0.244370759082536,0,0.232701149353683,0,0.256347922156539,0
"Gaji",0.26967883370277,2864,0.263037791139972,2803,0.276401350501137,2925
"Gambela Zuria",0.29526186017933,42167,0.284855261728953,40683,0.305826409315513,43673
"Gambella Wild Life Reserve",0.206650535266559,0,0.158957661282289,0,0.260812989460598,0
"Ganta Afeshum",0.0125713014001551,0,0.00125593815801809,0,0.0507133165875056,0
"Gasera",0.203540518570808,0,0.184629078654359,0,0.22347966473764,0
"Gashamo",0.380392767223275,0,2.34887898992556e-07,0,0.99998389930466,0
"Gawo Kebe",0.346392560522472,17003,0.337694418523463,16579,0.35516161674587,17430
"Gaz Gibla",0.386943253321002,0,0.360557472030778,0,0.413829867404121,0
"Gechi",0.328557184828802,0,0.322001769681425,0,0.335162995395922,0
"Gedeb Asasa",0.19900305424066,0,0.184383535691427,0,0.214251524685361,0
"Geladin",0.391626135373298,0,1.18262907610692e-07,0,0.999993463910855,0
"Gelana",0.319025648184978,8863,0.304646387819826,8473,0.333753964165454,9263
"Gelila",0.369772523307195,0,0.36002472572715,0,0.379599628406825,0
"Gembora",0.336341293103238,9425,0.326950092271701,9194,0.34582969028257,9657
"Gemechis",0.2700779703729,0,0.0425526122279747,0,0.680961242026228,0
"Gena Bosa",0.369972110657803,32390,0.361333629827304,31525,0.378677200345643,33264
"Gera",0.325679726808033,0,0.3172531933827,0,0.334194502617022,0
"Gerar Jarso",0.444442402700341,0,0.416394075774635,0,0.472647694160315,0
"Gerbo",0.336050376645405,0,5.37450489168188e-05,0,0.99775907425237,0
"Gesha (Deka)",0.285200257223146,0,0.277048436853077,0,0.293458187053434,0
"Geta",0.272259156096334,0,0.258486070060669,0,0.286363105532618,0
"Getawa",0.327187023380232,2630,0.319891447218854,2576,0.334545805136423,2684
"Gewane",0.497321890245256,0,0.164763618871495,0,0.834558726077294,0
"Geze Gofa",0.361015742129163,6616,0.351802946555889,6455,0.370305332521479,6778
"Gibe",0.335508100403081,8988,0.326917073146537,8786,0.344183183941987,9191
"Gida Ayana",0.326755145075217,23199,0.318212107880201,22653,0.335383299392253,23749
"Gidami",0.41492423669655,18771,0.403514389947106,18295,0.426398282574321,19249
"Gidan",0.394275949349475,0,0.365919069790079,0,0.42317255409566,0
"Gimbi",0.302297642119469,1941,0.294207767133038,1895,0.310530917495395,1987
"Gimbichu",0.386017189105785,0,0.36407959840557,0,0.408271742553413,0
"Gimbo",0.319870957132153,6713,0.312711518517101,6552,0.327095611722942,6876
"Ginde Beret",0.372398305562156,2980,0.361224758840475,2893,0.383672731995299,3067
"Ginir",0.171579231605672,0,0.119055447379157,0,0.246054149682821,0
"Girawa",0.317460045290662,0,0.000896157401807659,0,0.980220616968948,0
"Girja (Harenfema)",0.220951729907491,1970,0.203601107373177,1825,0.239057155387404,2122
"Gishe Rabel",0.529990549083277,0,0.493921501489997,0,0.565827440537501,0
"Gnangatom",0.705918598008354,252976,0.674825192537902,241259,0.735187151586823,263944
"Goba",0.212238369264408,840,0.190886483637926,757,0.234819369389728,928
"Goba Koricha",0.273881469474945,0,0.226085828322562,0,0.328105166669926,0
"Gobu Seyo",0.317263174433278,0,0.310397868589247,0,0.324191652964451,0
"Gode",0.389832104242701,0,3.8442873861501e-05,0,0.999398241491129,0
"Godere",0.290609737313125,6707,0.280862900476748,6491,0.300501867748834,6926
"Gog",0.450827527060883,1183,0.409839187049562,1040,0.492752806050181,1327
"Golo Oda",0.300382917089329,0,0.00504686744863014,0,0.928357157977799,0
"Gololcha Arsi",0.26426539780778,0,0.244210541440636,0,0.285066816408695,0
"Gololcha Bale",0.199148142391137,0,0.152298816291449,0,0.257923415008575,0
"Goma",0.312553493317478,14824,0.304257041768548,14411,0.32094442442846,15242
"Goncha Siso Enese",0.38684513912265,0,0.366485836412414,0,0.407475738570521,0
"Gonder Zuria",0.218326443617499,0,0.205450771898304,0,0.231649248532265,0
"Gonje",0.293766107820479,0,0.283164560481901,0,0.304535810465735,0
"Gorche",0.179290656137897,0,0.165769463259443,0,0.193442637997025,0
"Goro",0.252614885487743,0,0.236447242102266,0,0.269713638082452,0
"Goro Baqaqsa",0.322826244943511,0,0.0396053944514965,0,0.799739381269976,0
"Goro Dola",0.502619399436759,0,0.396641316050703,0,0.606675544648894,0
"Goro Gutu",0.304244725890712,0,0.0078425069009087,0,0.906815553815015,0
"Guagusa Shikudad",0.269236475307536,0,0.26011694622537,0,0.278504041011353,0
"Guangua",0.278568622870352,1504,0.269695726219439,1439,0.287569304904907,1571
"Guba",0.435911812204904,1031,0.395344265152117,951,0.47722144363698,1111
"Guba Lafto",0.398959075352651,0,0.369254793285296,0,0.42923386280546,0
"Gudetu Kondole",0.416235221539207,28289,0.406722226579832,27637,0.42579355771259,28944
"Guduru",0.380833915824031,0,0.366554714323738,0,0.39532730956735,0
"Gulina",0.229680187676126,0,0.147876456762047,0,0.331641989198567,0
"Guliso",0.281932124519472,13482,0.275484575619351,13173,0.288445595714932,13795
"Gulomekeda",0.0108316660117814,0,0.000414020968904168,0,0.0571634730405132,0
"Gumay",0.329472535018895,13337,0.32237601192461,13030,0.336628689743585,13647
"Gumer",0.25190840671285,0,0.239577153851739,0,0.264544011226333,0
"Guna",0.262278203322528,0,0.244185346612778,0,0.280988382707958,0
"Gunagado",0.375610056436015,0,6.15772461083512e-07,0,0.999962890815964,0
"Gura Damole",0.270871282516573,0,0.185637684591073,0,0.373931761179638,0
"Guradamole",0.214846016974417,0,0.0378305489210664,0,0.581166070956671,0
"Gurafereda",0.378543607086622,5831,0.364929185373435,5627,0.392244847829091,6036
"Gursum",0.348064576057732,0,5.68312219174423e-05,0,0.998128788134175,0
"Guto Gida",0.309009080863852,16294,0.300255174726091,15881,0.317911683949478,16712
"Guzamn",0.352335053864805,3461,0.340115251592239,3349,0.364698397556695,3575
"Habro",0.259210943407242,0,0.214598065865543,0,0.309613744855368,0
"Habru",0.39627190102436,0,0.359630120725414,0,0.433921210249706,0
"Hadelela",0.541534357672781,0,0.458801808121304,0,0.619991610230398,0
"Hadero Tubito",0.267151641672937,8117,0.255148355399287,7780,0.27941612429502,8462
"Hagere Mariam",0.409670350889244,0,0.387544315887206,0,0.432067776076941,0
"Halu",0.293948555917751,3362,0.287055120610576,3286,0.300912498691461,3438
"Hambela Wamena",0.22847758578242,0,0.215047279198995,0,0.242334936355838,0
"Hamer",0.48957087552929,237891,0.410356218152257,208857,0.560115866902056,265009
"Hamero",0.30255447127328,0,0.000300773353650893,0,0.98680452189893,0
"Harar",0.331100149594001,0,0.000228083222404472,0,0.99358214497721,0
"Harena Buluk",0.212612237061843,4718,0.193375939229996,4278,0.232840696692984,5181
"Hareshen",0.382421587189506,0,3.72531206170302e-07,0,0.999980231197794,0
"Hargele",0.371277632175431,0,0.000731519272181833,0,0.992898547762465,0
"Haro Limu",0.32127981395277,4166,0.310731173342845,4038,0.331962490229098,4295
"Haro Maya",0.328505357514643,0,0.000445164126177427,0,0.989627934928604,0
"Haru",0.285781386606073,3449,0.279113971106219,3371,0.29252069618533,3528
"Hawa Galan",0.272747997312056,6191,0.264408855223302,5994,0.281209504493017,6392
"Hawi Gudina",0.259847423085409,0,0.153629594210033,0,0.415433627106231,0
"Hawzen",0.0278425978652197,0,0.00832174339387882,0,0.0692618020412729,0
"Hidabu Abote",0.403677213689549,0,0.383248556705719,0,0.424343271882127,0
"Hintalo Wejirat",0.0836238625928257,0,0.0392889127355462,0,0.153680330468486,0
"Hitosa",0.305314018586027,0,0.287017598611371,0,0.324069928756092,0
"Homa",0.28760400654853,0,0.282133008394778,0,0.293120671407659,0
"Homosha",0.60350485221814,995,0.58746031518427,969,0.619380769834657,1021
"Horo",0.364842363603726,0,0.35206016056202,0,0.377870910097339,0
"Hudet",0.700404153708786,0,0.491842415956652,0,0.859895760273908,0
"Hulet Ej Enese",0.340229546281359,0,0.324245825397295,0,0.356524277787252,0
"Hulla",0.172195247667918,0,0.159407612999735,0,0.185575427733253,0
"Humbo",0.334297380947257,27873,0.326430306367178,27228,0.342235389751936,28524
"Hurumu",0.314071241641482,5332,0.306125731745325,5204,0.322101162160072,5461
"Ibantu",0.321400550163928,2183,0.311067207777264,2122,0.33186216988632,2245
"Ifata",0.380202244969157,0,0.36814482060041,0,0.392367215284993,0
"Ilu",0.408073249482799,0,0.393689758573079,0,0.422576038930381,0
"Inkolo Wabe",0.209829046155326,0,0.194800266820994,0,0.225466659396921,0
"Itang",0.407862222842206,17949,0.392456008244806,17263,0.423408475225689,18639
"Jabi Tehnan",0.314475615945198,0,0.305148840699786,0,0.323914577496751,0
"Jama",0.477345007083096,0,0.446170464223793,0,0.508643752589181,0
"Janamora",0.276069586591877,0,0.254800724260362,0,0.29812111622483,0
"Jarso",0.318444592104955,16181,0.142156836922955,15824,0.647120639402109,16542
"Jarte Jardega",0.353757553952543,5463,0.34471684855831,5312,0.36287436691262,5616
"Jawi",0.335696156960131,3482,0.317176239148281,3354,0.354646114546121,3612
"Jeju",0.263111424486049,0,0.246642020671152,0,0.280085077264756,0
"Jeldu",0.37245171105247,0,0.360751612571653,0,0.384264474439537,0
"Jibat",0.395890807953183,0,0.386310154029878,0,0.405537292045497,0
"Jida",0.410986828979421,0,0.389749029943278,0,0.432475414736004,0
"Jijiga",0.367452191746905,0,1.36646050742808e-05,0,0.999564948078643,0
"Jikawo",0.156998859169867,4891,0.10241206659427,3201,0.225722507775531,7005
"Jille Timuga",0.453183138858224,0,0.417298117527121,0,0.489417400889394,0
"Jimma Arjo",0.329882622243543,6079,0.323167840112015,5947,0.336650508166536,6212
"Jimma Genete",0.342958087384041,0,0.329407537502013,0,0.356952912851685,0
"Jimma Horo",0.346682843088788,10809,0.330972087934273,10134,0.362792501045852,11506
"Jimma Rare",0.327389564943041,0,0.319398455890437,0,0.335453845406351,0
"Jore",0.0870483918514656,622,0.0503201282388873,335,0.139514611847971,1053
"Kacha Bira",0.2364220364922,0,0.223841077898985,0,0.249354543521987,0
"Kafta Humera",0.239445200855138,0,0.190716610251562,0,0.296594249490081,0
"Kalu",0.447524771834946,0,0.41008832908064,0,0.485399453408162,0
"Kamashi",0.330275350142701,3481,0.319997881978305,3378,0.340673312665973,3586
"Kebena",0.375908045419345,0,0.365298798801803,0,0.386618671298869,0
"Kebribeyah",0.370953019955257,0,4.62220992489251e-06,0,0.999802352140934,0
"Kebridehar",0.376581753759473,0,5.78367226372146e-06,0,0.99978010548891,0
"Kediada Gambela",0.251465014547902,0,0.241195622330763,0,0.261950004637953,0
"Kelafo",0.404844141441332,0,3.27788202214055e-06,0,0.999938009722836,0
"Kelela",0.464477781410102,0,0.435713554280713,0,0.493415822643135,0
"Kelete Awelallo",0.0313733876687007,0,0.00952123782066874,0,0.076350734151591,0
"Kemba",0.347276590177016,22037,0.337157213988796,21406,0.357502890603518,22675
"Kembibit",0.407364198428958,0,0.385239170052479,0,0.429773596075218,0
"Kercha",0.24164651283669,4663,0.226344106637981,4360,0.257454574384124,4977
"Kersa",0.31276611888686,18949,0.231237857889973,18132,0.500424212552326,19803
"Kersana Malima",0.381734582470839,0,0.368359197621417,0,0.395245565208147,0
"Kewet",0.434039055550703,0,0.40267989114941,0,0.465797253430174,0
"Kiltu Kara",0.33643056247631,16097,0.328975318551739,15743,0.343946205454434,16454
"Kindo Dida",0.343340070223802,18023,0.335288590664,17606,0.351462575127366,18444
"Kindo Koysha",0.371276820035348,15149,0.361486420111927,14772,0.381141846657646,15529
"Kiremu",0.336669953497767,4359,0.328095459848867,4246,0.345325953285332,4474
"Kobo",0.284501965386353,0,0.243407299350805,0,0.329332164612851,0
"Kochere",0.242980717142317,5387,0.228152661796704,5054,0.258277671147244,5732
"Kochere Gedeb",0.237667054790673,3674,0.225315874308329,3447,0.250370187403556,3909
"Kofele",0.192182084200307,0,0.17847982170691,0,0.206468336996648,0
"Kokir Gedbano",0.362211010653766,0,0.352004802126098,0,0.372511475217931,0
"Kokosa",0.213731999232669,0,0.198780053668757,0,0.229274471926483,0
"Kola Temben",0.0805127201515631,0,0.0465289882024081,0,0.129594312901196,0
"Kolfe - Keran",0.0140231128222235,0,0.000471282655993743,0,0.0771801392798472,0
"Kombolcha",0.353854495812529,0,0.00022376572571947,0,0.995761629198715,0
"Kondaltiti",0.37731069201937,0,0.365284217842509,0,0.389451325980564,0
"Koneba",0.0283884235632337,0,0.00487364853866012,0,0.0915126451042934,0
"Konso",0.354290623124961,37866,0.340077733494579,36342,0.368687460698756,39410
"Konta",0.371752015267583,27721,0.362728323242496,27073,0.380845496952069,28374
"Kore",0.195770288284691,0,0.181794051932398,0,0.210334923176983,0
"Kucha",0.36043061334607,48430,0.352127128486621,47296,0.36879778027428,49572
"Kuni",0.274081013311688,0,0.0627053998543741,0,0.638863167089437,0
"Kurfa Chele",0.323688703967255,0,0.000825465736180133,0,0.98266763284342,0
"Kurmuk",0.655321010600695,10205,0.636356932989058,9907,0.673919926211253,10498
"Kurri",0.088369987890757,0,0.0187413157681175,0,0.247521994595388,0
"Kutaber",0.457827367237745,0,0.42358102411669,0,0.492360830688477,0
"Kuyu",0.404208321480363,0,0.38672635522976,0,0.421870239791867,0
"Laelay Adiyabo",0.0108959404016629,0,0.00182250901856627,0,0.0364582260009872,0
"Laelay Maychew",0.0338140835921979,0,0.0042933496346465,0,0.127038884001133,0
"Lagahida",0.297035948642293,0,0.000627029914659188,0,0.978390934312969,0
"Lalo Asabi",0.268755420743457,4944,0.261376434440934,4820,0.276230810528401,5069
"Lalo Kile",0.223183026391498,25321,0.215559823001983,24445,0.230947576127961,26214
"Lanfero",0.291037346858902,0,0.279617143195902,0,0.3026560420502,0
"Lare",0.350998863951053,14342,0.317347796497317,13184,0.386385835797094,15546
"Lasta",0.389556543990182,0,0.362908348997361,0,0.416708078027363,0
"Lay Armacho",0.232335210054073,0,0.217303899840564,0,0.247915964581727,0
"Lay Gayint",0.342127337884705,0,0.322653802521646,0,0.3620057403071,0
"Legambo",0.476939361957961,0,0.445314764310474,0,0.508694178230745,0
"Lege Hida",0.25007407502608,0,0.0230682945257691,0,0.763380970747797,0
"Legehida",0.472471427562034,0,0.438551378730478,0,0.506554000553655,0
"Leka Dulecha",0.327913721391905,2750,0.321401622812627,2688,0.334476589118895,2813
"Liben",0.670369694028648,0,0.50892982809054,0,0.803207561914926,0
"Liben Chukala",0.357909866721025,0,0.342058050021598,0,0.373995924393356,0
"Libo Kemkem",0.260489504930312,0,0.247420997356826,0,0.273878801963466,0
"Limu",0.315836070492571,14202,0.305755784046534,13782,0.32604437020851,14627
"Limu Bilbilo",0.21910997483228,0,0.204050855356723,0,0.234745994564,0
"Limu Kosa",0.348607126422886,0,0.339979354376573,0,0.3573113549012,0
"Limu Seka",0.360867736267104,6481,0.353044076457128,6334,0.368749014752422,6630
"Loka Abaya",0.299968885106778,13311,0.289264147863727,12881,0.310842740354736,13746
"Loma Bosa",0.39017499318296,17118,0.380515419579019,16694,0.399900124542737,17546
"Lome",0.344102471714575,0,0.327324151053703,0,0.361173434736766,0
"Lude Hitosa",0.25538406696942,0,0.240899084302722,0,0.270280763309407,0
"Maji",0.55007076378966,10990,0.528681169360291,10551,0.570861050532667,11427
"Male",0.387655905123791,37108,0.374193301514156,35821,0.40124748943723,38408
"Malga",0.176962912647585,0,0.162792532715549,0,0.191823604408609,0
"Malka Balo",0.300179554192893,0,0.0114414426470928,0,0.879696457152924,0
"Mana Sibu",0.396973932134127,48473,0.388325212641956,47409,0.405669084808964,49543
"Mandura",0.30744788466398,0,0.296553954819816,0,0.318504802528003,0
"Maokomo Special",0.520869039709808,19723,0.506105760399358,19175,0.535597321710209,20271
"Mareka",0.34105560465328,20212,0.331385861988915,19638,0.350824140354177,20792
"Mareko",0.304936225599283,0,0.293387747109231,0,0.316669980266135,0
"Masha",0.289870548533064,0,0.280930048516644,0,0.298934789167314,0
"Mecha",0.252210135943951,0,0.244882537727191,0,0.259644827013268,0
"Meda Welabu",0.423044940792114,2405,0.307165845065415,2132,0.542045750859547,2694
"Medebay Zana",0.054820355904577,0,0.015866869092771,0,0.14134198411506,0
"Megale",0.0795773717831353,0,0.0261867926690117,0,0.18067791275043,0
"Mehal Sayint",0.434899673769765,0,0.409424922251965,0,0.460633637769129,0
"Mekdela",0.453710683309558,0,0.423204962641031,0,0.484465862902176,0
"Meket",0.382830754112126,0,0.358486147272276,0,0.407608919043655,0
"Meko",0.315525166545228,2733,0.309180521610789,2677,0.321921335124143,2790
"Melekoza",0.381759488667125,27603,0.372702676454872,26958,0.390877421747595,28253
"Melka Soda",0.416954469999165,0,0.357061271892736,0,0.477658439670802,0
"Mena",0.263165565708652,14926,0.22816342268804,14308,0.300392836204159,15566
"Menge",0.538780287187448,1879,0.523924552913869,1829,0.553577303172029,1929
"Mengesh",0.286461321521454,2869,0.276297946074647,2769,0.296787340066648,2970
"Menit Goldiye",0.331345037472032,27600,0.322389909914269,26887,0.340391618731583,28320
"Menit Shasha",0.369583517844614,15591,0.357733888905604,15083,0.381528577116305,16104
"Menjiwo",0.346182861656338,9198,0.338148035941922,8983,0.354287189039312,9415
"Menz Gera Midir",0.514689985936496,0,0.479210680488326,0,0.550032236746821,0
"Menz Keya Gabriel",0.513708119116644,0,0.482562674134411,0,0.544776796049744,0
"Menz Lalo Midir",0.507211876280305,0,0.475398689107409,0,0.538983824029839,0
"Menz Mama Midir",0.472720834574128,0,0.439736329274676,0,0.505863847007108,0
"Merahbete",0.469512743559949,0,0.443268246843514,0,0.495873254734426,0
"Mereb Leke",0.0257277448876499,0,0.000719329444398907,0,0.14734464633121,0
"Merti",0.299816076876848,0,0.28028040045656,0,0.319901293380134,0
"Mesela",0.28650735526483,0,0.0188971701152431,0,0.81752285728538,0
"Meskan",0.305821292827476,0,0.293666593705962,0,0.31820305252588,0
"Meta",0.300888993370415,0,0.00253559872439651,0,0.952077527612381,0
"Meta Robi",0.391614561094592,0,0.375364660958284,0,0.408048229816387,0
"Metema",0.381421385122492,0,0.338522438862297,0,0.425929017402154,0
"Metu Zuria",0.286406577061747,14894,0.278559806665536,14480,0.294350456794794,15314
"Meyu",0.298748020000212,0,0.00120824617714817,0,0.967057933973149,0
"Meyumuluka",0.324099128620192,0,0.000243528737429663,0,0.992418727581191,0
"Michakel",0.328004159382586,0,0.316684417354216,0,0.339473774988781,0
"Mida Kegn",0.363408023929574,0,0.354217291575548,0,0.372671177700591,0
"Midega Tola",0.331893859642318,0,0.000351923353218824,0,0.991580591013172,0
"Mierab Azenet Berbere",0.272351176142015,0,0.261886522771276,0,0.283008276652616,0
"Mierab Badawacho",0.238031548546122,0,0.226832403562325,0,0.249506665027679,0
"Mieso",0.337974079742107,0,0.221313321483444,0,0.487159124789183,0
"Miesso",0.416902152068056,0,0.0782349202326897,0,0.837593540867079,0
"Mile",0.371842448627529,0,0.101958163670613,0,0.731603980947906,0
"Mimo Weremo",0.477592097600085,0,0.44383514908784,0,0.511366498041133,0
"Minjar Shenkora",0.387180918889196,0,0.364716639898141,0,0.40999902908898,0
"Mirab Abaya",0.336721497814364,6904,0.323535709781941,6733,0.350200700712026,7076
"Mirab Armacho",0.405765292617358,0,0.350444720087285,0,0.463211693852526,0
"Misha",0.320500463133099,2676,0.310123841708657,2613,0.331016416454052,2738
"Misrak Azenet Berbere",0.277428414919497,0,0.267764692248664,0,0.287248196039308,0
"Misrak Badawacho",0.248546176788864,0,0.237313019001836,0,0.260037767704492,0
"Miyo",0.921938214866045,14871,0.787664705161598,12742,0.982123831702973,15788
"Mojan Wedera",0.464334349616759,0,0.43491727114374,0,0.493940017141035,0
"Moretna Jiru",0.497116406650128,0,0.46418931117583,0,0.529977369008414,0
"Moyale",0.880647212023777,28420,0.671848479760929,24559,0.976574574081415,29964
"Muhur Na Aklil",0.329863574758616,0,0.318997129786914,0,0.340870664674764,0
"Mulo",0.436636371308129,0,0.41809077056137,0,0.455316418964536,0
"Munessa",0.240804883532506,0,0.227088026365099,0,0.254929956515327,0
"Mustahil",0.419813066311971,0,4.80772260314128e-07,0,0.999991691374156,0
"Naeder Adet",0.0779999954781843,0,0.0354379595516822,0,0.149374064909608,0
"Nefas Silk",0.244220166644063,0,0.180076014039474,0,0.318149334631201,0
"Nejo",0.28305099072391,9615,0.275580846495306,9367,0.290617218889774,9865
"Nenesebo",0.226428434468007,2373,0.208917548904162,2173,0.244682360761444,2582
"Nole Kaba",0.295667890432027,8416,0.289191894329579,8235,0.302206600557862,8598
"Nono",0.393053765317253,642,0.383496618191072,626,0.402672074631958,659
"Nunu Kumba",0.344132858703666,3137,0.337198300885796,3082,0.351115404223402,3191
"Odo Shakiso",0.29852006832304,12375,0.270062899384686,11316,0.328123142045386,13474
"Ofa",0.309574404059135,23992,0.301425512142278,23376,0.317811100181623,24615
"Ofla",0.233666777746078,0,0.190934146864646,0,0.281565771417727,0
"Omo Nada",0.346854554637976,47743,0.338699924844523,46634,0.355079431907687,48862
"Pawe Special",0.289781626541734,0,0.281114103778087,0,0.298567852573458,0
"Quara",0.415851656361,258,0.367469043794962,227,0.46555335114685,289
"Quarit",0.309314442843498,0,0.299872012072868,0,0.318875590554262,0
"Raya Azebo",0.128742377829872,0,0.0738725550451779,0,0.20615121569816,0
"Rayitu",0.21494205232201,0,0.0186946803309683,0,0.675471093200472,0
"Robe",0.219581940150028,0,0.202959199812141,0,0.23690433527171,0
"Saba Boru",0.463673483293929,1925,0.377331454705731,1500,0.549865257141654,2329
"Saesie Tsaedaemba",0.0140093778820321,0,0.00225998274366751,0,0.0486279186457044,0
"Saharti Samre",0.128948760251077,0,0.0848275311156182,0,0.186690590782656,0
"Sahla",0.331914614849589,0,0.291008335395814,0,0.375021203726269,0
"Sale Nono",0.289182632078166,2208,0.279234937216007,2134,0.299284044983602,2283
"Sankura",0.284366013442202,0,0.272760317017318,0,0.296188053237372,0
"Sasiga",0.324904285939003,5534,0.317357457808667,5405,0.332518414450456,5664
"Sayilem",0.304392899490781,0,0.29577040110564,0,0.313120297892059,0
"Sayint",0.459747779978925,0,0.431339195998829,0,0.488346545646356,0
"Sayo",0.276333027251875,21753,0.26801673275148,21107,0.284766969149782,22409
"Sayo Nole",0.308123614498259,1235,0.30194143610781,1216,0.314360478837837,1255
"Seden Sodo",0.380172402687925,0,0.368755738458252,0,0.391689652369535,0
"Segeg",0.327557083153574,0,0.000154524918255316,0,0.994700434355494,0
"Seka Chekorsa",0.288762114945009,12604,0.278645159588271,12133,0.2990402730077,13084
"Sekela",0.281086515948427,0,0.273190379939461,0,0.289083981227147,0
"Sekoru",0.334955845592444,32709,0.321461304907714,31042,0.348751057005059,34424
"Sekota",0.304168147091975,0,0.275622991059645,0,0.334252784643592,0
"Selahad",0.27207988649263,0,0.000847034548214153,0,0.962701007001304,0
"Selamgo",0.416808763090657,44878,0.402193993972925,43272,0.431497062385919,46487
"Selti",0.295578884853113,0,0.284260404134937,0,0.30708999223973,0
"Semen Achefer",0.242978302819894,0,0.234149773659562,0,0.251973730246422,0
"Semen Bench",0.251067282373756,19275,0.241067033388603,18484,0.261269510221076,20082
"Senan",0.351762938248144,0,0.337967830316119,0,0.365740874161568,0
"Serer/Elkere",0.310107265976617,0,0.00303465708434304,0,0.949547948610927,0
"Seru",0.235749861321482,0,0.211955590042437,0,0.261154542414894,0
"Setema",0.325092268882608,0,0.317001076533814,0,0.333264586467989,0
"Seweyna",0.236755735690518,0,0.0202749589433774,0,0.746945642614389,0
"Shalla",0.301717359802554,0,0.283642325614276,0,0.320300094435218,0
"Shashemene Zuria",0.226860103177355,0,0.213739722882655,0,0.240397762491588,0
"Shashogo",0.277957355441557,0,0.267849679515574,0,0.288235792590418,0
"Shay Bench",0.28876813630935,16916,0.280282339996194,16423,0.29736740302506,17416
"Shebe Dino",0.154420505411213,0,0.13986620776177,0,0.169855056356124,0
"Shebe Sambo",0.328873926762706,20498,0.320953512203926,20033,0.336868976332264,20968
"Shebel Bereta",0.431517816257148,0,0.409852652936485,0,0.453371700179407,0
"Sheka",0.297839506924135,5038,0.287732122205151,4868,0.308094898652838,5210
"Shekosh",0.376187911433924,0,2.14135685804205e-06,0,0.999906485479071,0
"Sherkole",0.592810426146696,1900,0.575504452172632,1842,0.609944744488051,1957
"Shilabo",0.401657240666819,0,4.68177575629431e-07,0,0.999985519923983,0
"Shinile",0.437196705021031,0,0.0024019518582235,0,0.994108937021677,0
"Shirka",0.223771426970943,0,0.207683040114346,0,0.240495029039877,0
"Sibu Sire",0.299844419607689,11082,0.290557971316034,10813,0.309265896176617,11353
"Sigmo",0.307236147605538,0,0.298770671132098,0,0.315800775520243,0
"Simada",0.372177930274321,0,0.351905766219514,0,0.392771456845429,0
"Simurobi Gele'alo",0.464269428371905,0,0.424528826714521,0,0.504235275240556,0
"Sinana",0.178020279287052,0,0.159697700013588,0,0.197508246754764,0
"Siraro",0.275757221211467,15347,0.264076148689595,14748,0.28766857512695,15957
"Sirba Abay",0.461325373203108,3982,0.446441679901155,3865,0.476241953540692,4101
"Sire",0.271138602386309,0,0.25469428211848,0,0.288055739903756,0
"Siya Debirna Wayu",0.463646729989423,0,0.436999921639919,0,0.490451340680146,0
"Sodo",0.334164599294869,0,0.32273490188265,0,0.345742285616773,0
"Sodo Daci",0.367378883950867,0,0.354279038909556,0,0.380626938422197,0
"Sodo Zuria",0.281477636955996,13563,0.272089891024992,13132,0.291017582743334,14000
"Soro",0.356199963854425,23055,0.346031909561966,22423,0.366470542554207,23693
"Sude",0.245997821888105,0,0.229160372593841,0,0.263431564596853,0
"Sululta",0.420143546197532,0,0.398833392127882,0,0.441940290606926,0
"Surma",0.819655747953929,34867,0.789618575354705,33593,0.846453215726321,36006
"Tach Armacho",0.315668219945914,0,0.286831648732494,0,0.345706888449058,0
"Tach Gayint",0.392904254175151,0,0.367633187845392,0,0.4185206469708,0
"Tahtay Adiyabo",0.0125619091790337,0,0.00343201984511429,0,0.0340274578115703,0
"Tahtay Koraro",0.026741773995044,0,0.00664242323898456,0,0.0709046468821052,0
"Tahtay Maychew",0.0447179998445361,0,0.00581960804020996,0,0.163189792452338,0
"Takusa",0.31058505788989,4103,0.291284865194976,3896,0.33044242884839,4315
"Tanqua Abergele",0.145807042295235,0,0.103489083227578,0,0.198048264817858,0
"Tarema Ber",0.429294091882342,0,0.399298945081159,0,0.459681101434594,0
"Telalak",0.550823682164113,0,0.40893779843718,0,0.682492687660941,0
"Teltele",0.606960175687575,28742,0.50231902425992,25201,0.693914463881696,31969
"Tembaro",0.352711025801867,29159,0.33409858067846,27746,0.371814391500108,30608
"Tena",0.205609077597475,0,0.191169918181917,0,0.220635793113494,0
"Tenta",0.464818229122566,0,0.429415422238838,0,0.500432044078905,0
"Teru",0.108724213039219,0,0.0360511704557528,0,0.24364212620952,0
"Thehulederie",0.423624841569929,0,0.389377307843525,0,0.458426262789227,0
"Tikur Enchini",0.367621563595546,0,0.359702618971499,0,0.375593616611938,0
"Tiro Afeta",0.344468713778275,0,0.336399045874618,0,0.352606539880678,0
"Tiyo",0.264533708615217,0,0.246229501667965,0,0.284206509501294,0
"Tocha",0.363281099081703,11313,0.354353148673287,11054,0.372282945491681,11573
"Toke Kutaye",0.343778849824712,0,0.335710061213575,0,0.351915877817307,0
"Tole",0.39502596451667,0,0.380590244213546,0,0.409600539216029,0
"Tsegede",0.333210146271161,0,0.29368098381504,0,0.374551173570025,0
"Tselemt",0.218980895490484,0,0.195121177648916,0,0.244447202381189,0
"Tselemti",0.174626316647852,0,0.14421906678349,0,0.210132888682462,0
"Tulo",0.315097947789688,0,0.21911630343979,0,0.504163243252239,0
"Ubadebretsehay",0.375578286157613,8511,0.36443090341509,8258,0.386825563208172,8766
"Uraga",0.232306877928649,0,0.218783628934599,0,0.246261382592781,0
"Wadera",0.297819616167398,3328,0.263180911557278,3098,0.334212541399495,3565
"Wadla",0.401514720879044,0,0.37462088030766,0,0.428861527858857,0
"Waliso",0.369660977078521,0,0.355101270830373,0,0.384646952123188,0
"Walmara",0.410900132499473,0,0.393249932105117,0,0.428732465067651,0
"Wama Hagalo",0.345312591785854,2936,0.338600688747664,2879,0.352070572157257,2993
"Wantawo",0.0770692226768056,791,0.0359105965050901,391,0.141712491746289,1391
"Wara Jarso",0.397532473395648,2623,0.379459087413329,2514,0.415811607965798,2733
"Warder",0.38471260533191,0,3.59225305529997e-07,0,0.999980241103597,0
"Wayu Tuka",0.302372780591779,3078,0.295244064426682,3018,0.309573219290769,3139
"Wegde",0.44126905849776,0,0.413403585147969,0,0.469408626771107,0
"Wegera",0.252426927698288,0,0.235101540659988,0,0.270352678573177,0
"Welkait",0.245942984176673,0,0.211896217952783,0,0.28340761975824,0
"Wemberma",0.3323416194278,1665,0.321463050430395,1604,0.343351992673,1726
"Wenago",0.233731375183995,0,0.214012718768683,0,0.254344731723478,0
"Wenbera",0.40280082093389,7311,0.387704084391374,7039,0.418053097966219,7586
"Wenchi",0.381854633785671,0,0.371900202409126,0,0.391880718013623,0
"Were Ilu",0.477622707097795,0,0.444313527929296,0,0.511081462383906,0
"Werei Leke",0.0357541875679041,0,0.0110795068404583,0,0.0880355191862545,0
"West Belesa",0.25850857725602,0,0.241737285752095,0,0.275837407071497,0
"West Esite",0.316267824776539,0,0.302915342821335,0,0.329853784173619,0
"West Imi",0.338124984075972,0,0.000805799091813762,0,0.986446369845542,0
"Wilbareg",0.29928637631305,0,0.288171246407729,0,0.310577857874011,0
"Wondo-Genet",0.168601998935545,0,0.155593360933383,0,0.182231648606816,0
"Wonosho",0.20593902373048,0,0.193558721973124,0,0.218741725849564,0
"Worebabu",0.442592439526124,0,0.405647918507693,0,0.480023979223042,0
"Wuchale",0.414887488319526,0,0.393417276170508,0,0.436601023863453,0
"Yabelo",0.612282347293464,0,0.503155044990114,0,0.710067413071181,0
"Yalo",0.152600963212103,0,0.0758437769758207,0,0.266474766585214,0
"Yama Logi Welel",0.29150527304735,7098,0.284037990270057,6909,0.299058879034636,7290
"Yaso",0.329713418966396,4371,0.31707180785083,4202,0.342537250429571,4543
"Yaya Gulele",0.422841308914964,0,0.403473059080916,0,0.44239183283214,0
"Yayu",0.301567384269579,7636,0.293109427551087,7429,0.310129992978493,7846
"Yeka",0.330154139358562,0,0.282113037347205,0,0.38098616767226,0
"Yeki",0.284689559802675,14855,0.275638392429689,14397,0.293874691254513,15321
"Yem",0.390691613337722,7773,0.381572508899001,7576,0.399865062336472,7970
"Yilmana Densa",0.290938898057571,0,0.281202045575838,0,0.300818976380883,0
"Yirgachefe",0.254514020980889,1827,0.239301387290877,1721,0.270210441788433,1935
"Yubdo",0.256792264700444,5085,0.250291854596243,4951,0.263375729298431,5220
"Zala",0.379151261861851,18842,0.369660229141817,18347,0.388711580724363,19340
"Ziquala",0.332897955477935,0,0.300132036077463,0,0.367067690002847,0
"Ziway Dugda",0.313747367839772,0,0.298151751679825,0,0.329670299591891,0
"Total",0.361867281534538,3416705,0.217456250679014,3215727,0.575513385166901,3599806
