"region","mean_value","cattle_mean","lower_value","cattle_lower","upper_value","cattle_upper"
"Ab Ala",0.17366243784841,0,0.0643393177116153,0,0.35106924454833,0
"Ababo",0.3714024468698,6581,0.359013874085298,6353,0.383913101536239,6811
"Abay Chomen",0.355421133582181,1687,0.344705097789282,1632,0.366241233273853,1742
"Abaya",0.326629980781121,10289,0.315871133659981,9892,0.337527825043662,10694
"Abe Dongoro",0.333968157236122,6773,0.324124432331066,6587,0.343920522033086,6960
"Abergele",0.291390063482885,0,0.253158232108183,0,0.332246554744901,0
"Abeshege",0.354263566437909,8901,0.344687551969914,8652,0.363925662391611,9151
"Abichuna Gne'a",0.39282134849072,0,0.368159730457459,0,0.417894287445523,0
"Abobo",0.252859130836458,2369,0.233395813946256,2265,0.274046734171626,2475
"Abuna G/Beret",0.3704731071353,0,0.35620025335531,0,0.384910496650255,0
"Ada'a",0.342567521361197,0,0.326557949758736,0,0.358861198441873,0
"Adaa'r",0.500476274650755,0,0.396610437550868,0,0.604222064145271,0
"Adaba",0.222754414828004,0,0.202388546393324,0,0.244182606140617,0
"Adadle",0.431963043657787,0,5.39594308821434e-05,0,0.999696229571749,0
"Adama",0.339064903574613,0,0.322969604716616,0,0.355442490504431,0
"Adami Tulu Jido Kombolcha",0.31503951006425,0,0.300686810618759,0,0.329665733112893,0
"Adda Berga",0.370262298545361,0,0.352906167837273,0,0.387871732205985,0
"Addi Arekay",0.250051178126648,0,0.22955690811619,0,0.271426845752204,0
"Adola",0.269183835379567,9482,0.249564327691491,8836,0.289450473839763,10151
"Adwa",0.0797605100368823,0,0.00592065761734474,0,0.33470147959348,0
"Afambo",0.375720863907344,0,0.00674194819454171,0,0.961606132648676,0
"Afdem",0.46917518686919,0,0.020245906674535,0,0.971454748977015,0
"Afder",0.498166308446821,0,0.000630333662011993,0,0.999578948787717,0
"Afdera",0.14865852045113,0,0.0258175453115215,0,0.426108163968576,0
"Afele Kola",0.225655286761799,0,0.209328836501028,0,0.242626415024036,0
"Agalometi",0.33738239340134,1946,0.32522879656479,1875,0.349694729009497,2018
"Agarfa",0.234057219463269,0,0.215507916454982,0,0.253416584858701,0
"Ahferom",0.0782550747818491,0,0.00253267708217331,0,0.431958960271144,0
"Akaki",0.364333319432387,0,0.347551908798805,0,0.381366310472688,0
"Akaki - Kalit",0.32315119803641,0,0.306318168962577,0,0.340331070667614,0
"Akobo",0.000789570729078557,19,7.24856441922296e-05,2,0.00307921507281981,72
"Alaba",0.276594958524978,5972,0.264654736406965,5717,0.288772719341826,6232
"Alaje",0.214614269339804,0,0.145911654929169,0,0.298222312569272,0
"Alamata",0.308665018559007,0,0.258629085489937,0,0.363195600345247,0
"Albuko",0.407553250792362,0,0.373501672868189,0,0.44227879713119,0
"Ale",0.256562402484324,10821,0.24873865089674,10509,0.264505481050935,11137
"Aleltu",0.364972138106439,0,0.34437307164983,0,0.38594834942055,0
"Alem Gena",0.366688990710645,0,0.351493725591281,0,0.382084262778244,0
"Aleta Wendo",0.196160874515091,0,0.183939586943546,0,0.208827770484946,0
"Alfa",0.282311579254548,762,0.268916947111123,728,0.296027907513595,796
"Alge Sachi",0.278527240158889,17071,0.272077911861645,16680,0.285045976216188,17467
"Alicho Woriro",0.222952024937008,0,0.210168995714946,0,0.236138104165232,0
"Alle",0.345616657142179,6823,0.333145090160462,6579,0.358250330243732,7071
"Amaro",0.301326792822732,12843,0.290071600995083,12407,0.312774389290484,13286
"Ambasel",0.42811165198828,0,0.39543644608539,0,0.461262469141037,0
"Ambo Zuria",0.34236316069935,0,0.330489335595471,0,0.354384128744857,0
"Ameya",0.334770094026431,0,0.325172429866711,0,0.344473150685009,0
"Amibara",0.467066782083437,0,0.384412505198178,0,0.551834444645568,0
"Amigna",0.289764119024578,0,0.267305261778728,0,0.31301986128945,0
"Amuru",0.339147477956849,1366,0.328658988597128,1331,0.34975007858869,1401
"Ana Sora",0.224576042981935,0,0.208698791747287,0,0.241073158555114,0
"Analemmo",0.236821309348009,0,0.22482436816864,0,0.249135869600431,0
"Anchar",0.359896940469909,0,0.334485664766619,0,0.385906202619443,0
"Anderacha",0.279976722087561,0,0.269537549067597,0,0.290595883519283,0
"Aneded",0.342631753749841,2218,0.328388195553763,2126,0.357080173678892,2311
"Anfilo",0.359295601619524,8363,0.347680035819863,8092,0.371034595578462,8638
"Angolelana Tera",0.372646823118648,0,0.348402329494954,0,0.39738105401054,0
"Anigacha",0.209150636942704,0,0.198617530957425,0,0.219980660668268,0
"Ankasha",0.252712803683737,0,0.243977304149741,0,0.261600032645725,0
"Ankober",0.422734223504745,0,0.39480385505916,0,0.451027862129838,0
"Antsokiya",0.489418725561286,0,0.450995272403157,0,0.527937427295189,0
"Arba Minch Zuria",0.319668335697627,21823,0.309844048498361,21177,0.32961504626699,22478
"Arbe Gonna",0.174244744363247,0,0.161587344112908,0,0.187471451263355,0
"Arero",0.940262996479025,0,0.889731000173078,0,0.971358699694366,0
"Argoba",0.515360444689865,0,0.472115069812457,0,0.558433048353562,0
"Argoba Special Woreda",0.463484779123808,0,0.43373963146315,0,0.493423009265861,0
"Aroresa",0.210657740092663,0,0.195275730803734,0,0.226682163146655,0
"Arsi Negele",0.290327123961732,0,0.275692636833517,0,0.305295022008731,0
"Artuma Fursi",0.516561649661337,0,0.476674517453722,0,0.55627993260885,0
"Aseko",0.307509215189561,0,0.285201828817625,0,0.330508960806753,0
"Asgede Tsimbila",0.0802910023674617,0,0.041422236205072,0,0.140319893339552,0
"Assagirt",0.393984801762581,0,0.369032364494206,0,0.419350979598763,0
"Assosa",0.58814328965986,36181,0.571867640410678,35172,0.604258210017607,37184
"Atsbi Wenberta",0.10455127192977,0,0.0311682491706689,0,0.245456901815036,0
"Aw-bare",0.418137508472301,0,3.35394859632484e-06,0,0.999960707984322,0
"Awabel",0.348928886300256,0,0.333961531425978,0,0.364120787642272,0
"Aware",0.417157000196495,0,9.58264670209281e-08,0,0.999997637928484,0
"Awasa",0.235588817988499,0,0.215797309079038,0,0.256228610825522,0
"Awasa Zuria",0.210664795737255,16161,0.19889122786908,15309,0.222811138479738,17038
"Awash Fentale",0.427323650455914,0,0.398845614892058,0,0.456165008760436,0
"Awra",0.329752756488069,0,0.192016438196685,0,0.496624159359018,0
"Ayida",0.30003589317769,0,0.28927712784473,0,0.310967401533368,0
"Ayira",0.258613034397584,7683,0.251712768740408,7472,0.265607385611572,7898
"Ayisha",0.397343847880692,0,0.000417959686000811,0,0.997610300903631,0
"Aysaita",0.337809808701209,0,0.0163228231191527,0,0.895334390056611,0
"Babile",0.394904338996062,0,3.09711872177819e-05,0,0.999596112385765,0
"Babo",0.347920786008431,15930,0.340238687224712,15580,0.355661385189106,16284
"Badele Zuria",0.303898845109282,10875,0.297264669103553,10646,0.310594207883394,11105
"Bahir Dar Zuria",0.265446675732954,0,0.250260810493536,0,0.281068095014926,0
"Bako Gazer",0.339201216021664,39882,0.325861725735089,38373,0.352737263889896,41413
"Bako Tibe",0.297292275750822,0,0.289416096360031,0,0.305258646661392,0
"Bambasi",0.486837569949976,17873,0.474723788650308,17431,0.498959381564842,18315
"Banja",0.245114309602843,0,0.235567829750854,0,0.254854748546053,0
"Bare",0.473444579953362,0,3.62922901342303e-05,0,0.999956655229862,0
"Basketo",0.351712159973349,3558,0.340326731708838,3447,0.363221928389501,3671
"Baso Liben",0.361935852359556,10865,0.349056193750027,10486,0.374961046936038,11247
"Basona Worena",0.411265571690572,0,0.383044972303134,0,0.439928896516942,0
"Bati",0.536410903819828,0,0.493565670752128,0,0.578845376439907,0
"Becho",0.318508563934724,4795,0.307521363711484,4674,0.329637267372976,4917
"Bedeno",0.355423269346214,0,0.00168979257188762,0,0.982754944530732,0
"Begi",0.436936174765682,21058,0.425479115965154,20503,0.448443251432894,21616
"Bele Gesgar",0.253579771548968,0,0.234078172470656,0,0.273844579752912,0
"Bena Tsemay",0.368753101564482,41728,0.353934102186899,40079,0.383756118968583,43398
"Bensa",0.200552318084541,6352,0.186539038163243,5944,0.215132805315463,6775
"Berahile",0.127201284660199,0,0.0253927914659701,0,0.359693739759603,0
"Berbere",0.237384437700357,0,0.214741568570752,0,0.261187209085097,0
"Bereh",0.360007234476839,0,0.340868776213022,0,0.379481875993095,0
"Berehet",0.428789884954982,0,0.403558389401125,0,0.454294253029059,0
"Bero",0.621318987910806,3281,0.584343666760964,3084,0.65696660689888,3470
"Beyeda",0.260933305475271,0,0.234833190161893,0,0.288414565304096,0
"Bibugn",0.282691883176087,0,0.267079616084566,0,0.298711314594971,0
"Bidu",0.157602222458601,0,0.0205649737816685,0,0.492008849057418,0
"Bila Seyo",0.328458200232297,5614,0.318883422568811,5461,0.338139676003211,5768
"Bilidigilu",0.465360100465654,9238,0.45315552496168,9002,0.477590223430079,9473
"Bilo Nopha",0.275793247269247,8941,0.268769683019602,8714,0.282900732380567,9170
"Bio Jiganifado",0.333916416829058,18112,0.323177962910683,17570,0.34478368556932,18660
"Bita",0.275148859623259,9050,0.265112849463497,8742,0.28535861109249,9363
"Boh",0.416667167777492,0,2.67364683559045e-08,0,0.999999109536695,0
"Boji Chekorsa",0.263886066034377,10384,0.257020684896283,10111,0.270836503813004,10661
"Boji Dirmeji",0.265219849416762,2652,0.258247280315265,2583,0.27228029627233,2722
"Boke",0.335871875815944,0,0.0675813861339431,0,0.755947919722143,0
"Bole",0.273247780858574,0,0.257621705431633,0,0.289299775216384,0
"Boloso Bombe",0.332190219462711,22241,0.323399291347635,21612,0.341070439105148,22878
"Boloso sore",0.241576072581823,14511,0.23275142356764,14006,0.250570796473515,15025
"Bona Zuria",0.17804428176412,0,0.164771194381266,0,0.19194693381306,0
"Boneya Boshe",0.310391644702986,0,0.302756815642196,0,0.318102566975697,0
"Bonke",0.296136446610571,11318,0.284642121854344,10902,0.30784186219939,11740
"Bora",0.335602965680224,0,0.321518017725973,0,0.349902735774677,0
"Bore",0.213472895603425,0,0.199153847636649,0,0.228342018808468,0
"Borecha",0.329685097404809,8995,0.32087497071688,8753,0.338587801298163,9239
"Boreda",0.303588546237063,11659,0.294682462708232,11306,0.312613062471143,12016
"Boricha",0.235884286905946,18759,0.225250369459607,17798,0.246823577876295,19751
"Boset",0.37235799099299,0,0.352163317884343,0,0.392882727574998,0
"Bugna",0.359687190798588,0,0.337785971198155,0,0.382032720462955,0
"Bule",0.219324859831684,0,0.20453472661983,0,0.234666423585557,0
"Bule Hora",0.287034221229716,5951,0.270539081949907,5719,0.303940085960643,6187
"Bulen",0.331490558808381,5087,0.318014671736928,4886,0.345174544623867,5292
"Bure",0.292822505981257,12700,0.283140411186029,12316,0.302646650988622,13089
"Bure Mudaytu",0.4952236793188,0,0.310204904491758,0,0.679911014574738,0
"Burji",0.344559733802913,9260,0.328457835165442,8917,0.360858566772903,9609
"Bursa",0.176610568436165,0,0.163573443128266,0,0.190240021794579,0
"Cheha",0.305255621200472,3271,0.293786001600518,3176,0.316925611670962,3366
"Cheliya",0.303008898480344,0,0.294507104975372,0,0.311617545752183,0
"Chena",0.278705068054901,21552,0.268965544096134,20813,0.288603050329104,22303
"Chencha",0.253379276890328,0,0.241815598298292,0,0.265207110205649,0
"Chereti/Weyib",0.57434698547796,0,0.0182237795194658,0,0.993815508984376,0
"Cheta",0.338963922174827,7852,0.327780542913632,7591,0.350283768483768,8116
"Chifra",0.425070543456831,0,0.335402557869423,0,0.520091485348059,0
"Chilga",0.287059872576134,0,0.26473106142534,0,0.310238527497707,0
"Chinaksen",0.409882227282965,0,1.50863441253537e-05,0,0.999829462725195,0
"Chire",0.197306987268419,0,0.182163104054197,0,0.213128269138533,0
"Chiro Zuria",0.324663172883599,0,0.0974982263337964,0,0.654769556722745,0
"Chole",0.268939651199119,0,0.248599787035152,0,0.290046476499318,0
"Chora",0.313802739308064,14335,0.304335945879673,13987,0.32339226918485,14687
"Chuko",0.209629459302634,7000,0.198239380156467,6644,0.221375088255974,7366
"Chwaka",0.32388581298676,10776,0.314359705851113,10457,0.333522918838435,11099
"Dabat",0.245756428283978,0,0.227875017480163,0,0.264325983935167,0
"Dabo Hana",0.305134518658021,1820,0.298203617687296,1783,0.312131815509874,1858
"Dale",0.223814136470606,0,0.212393557500663,0,0.235554829858036,0
"Dale Sadi",0.25411714104943,9422,0.246600942198013,9142,0.261744931567475,9706
"Dale Wabera",0.277343247043619,4351,0.269228000441011,4223,0.285572339364175,4481
"Dalfagi",0.519649449968105,0,0.4562282997689,0,0.581859045175579,0
"Dalocha",0.27087515129252,0,0.259471378148041,0,0.28250686063862,0
"Dalul",0.086923718566734,0,0.0131571221344326,0,0.282536161049595,0
"Damot Gale",0.227125066104776,7605,0.216758428121011,7299,0.237748188510791,7918
"Damot Pulasa",0.226939749111672,0,0.21667332571405,0,0.237454864029704,0
"Damot Sore",0.255420500433862,6411,0.246973131570924,6197,0.264005877420139,6629
"Damot Weydie",0.291183572731292,3008,0.282804781582418,2940,0.299674420880514,3075
"Dangila",0.235079930111071,0,0.228305696259791,0,0.241957612149202,0
"Dangura",0.351426625798704,657,0.330065474039972,618,0.373280438358651,697
"Daniboya",0.230607485580431,0,0.220669865133264,0,0.240772781725863,0
"Dano",0.312312588133431,0,0.304343999203575,0,0.320369128111083,0
"Danot",0.41420142737586,0,7.92173521051192e-08,0,0.999997760911922,0
"Dara",0.211927438529866,5279,0.199997410509996,5035,0.224245349669097,5529
"Daramalo",0.337001685595725,2301,0.327753170723517,2229,0.346341951440358,2373
"Darimu",0.276033789938537,31126,0.268758521995955,30338,0.283399965533836,31924
"Daro Lebu",0.323117163121213,0,0.273619114330154,0,0.377604942240821,0
"Dasenech (Kuraz)",0.659363767820452,305867,0.46560404970274,229558,0.823062284558194,375367
"Dawe Kachen",0.255500447371496,0,0.165441966250076,0,0.368913728279784,0
"Dawo",0.349722856871373,0,0.335742829562405,0,0.363895061181954,0
"Dawunt",0.39929789671957,0,0.375047706519173,0,0.423920655256479,0
"Debark",0.251792993026544,0,0.231551259873184,0,0.272888273739628,0
"Debay Telatgen",0.317839684286436,0,0.298714782404524,0,0.33747404511159,0
"Debeweyin",0.442912193987345,0,1.69724655980711e-06,0,0.999988081986709,0
"Debre Elias",0.347790781477401,1911,0.336106769840549,1842,0.359606289510521,1981
"Debre Libanos",0.37953002126046,0,0.357962069326104,0,0.401455878474985,0
"Debresina",0.40342539634571,0,0.378154324873607,0,0.429088358524485,0
"Debub Achefer",0.249183538699353,0,0.241489480706911,0,0.256999293390281,0
"Debub Bench",0.272675790832733,25645,0.261657830125155,24581,0.283904694185687,26730
"Decha",0.336816651966078,28077,0.324674043179578,27078,0.349117602502896,29089
"Deder",0.337381871359561,0,0.00446707662704202,0,0.956246415321875,0
"Dedesa",0.29951564797277,15876,0.291600425913236,15459,0.307520897808281,16298
"Dedo",0.288820030465618,17608,0.279588904662115,17141,0.298190676738215,18080
"Dega",0.279447577866193,0,0.272412798125276,0,0.286563973266173,0
"Dega Damot",0.305474674962013,0,0.292231084452544,0,0.31896556459413,0
"Degehabur",0.40745155776289,0,5.05886503815852e-06,0,0.999926752778701,0
"Degehamedo",0.393827389760445,0,8.52074570973311e-06,0,0.999836350262401,0
"Degeluna Tijo",0.238109270642269,0,0.222162235088513,0,0.254636943405075,0
"Degem",0.375346735951204,0,0.354697411349525,0,0.396334412295875,0
"Degua Temben",0.144761162865662,0,0.0743320382880489,0,0.246862857556698,0
"Dehana",0.347312027731706,0,0.325171369847272,0,0.369954333808112,0
"Dehas",0.98079984371396,0,0.95335241045924,0,0.994050238496452,0
"Dejen",0.368877301066827,0,0.351915333783131,0,0.38608087040715,0
"Delanta",0.394300665655132,0,0.36536678146499,0,0.423810146764673,0
"Dembecha",0.314042435913047,0,0.303296141894073,0,0.324941091544363,0
"Dembel",0.431738950197681,0,4.79768766468109e-05,0,0.99975093069985,0
"Dembia",0.233498074777598,0,0.221315795954561,0,0.246027006767596,0
"Denan",0.41477982123272,0,3.90549641207152e-05,0,0.999650225576035,0
"Dendi",0.334611035336583,0,0.320548122217533,0,0.348896226157582,0
"Denibu Gofa",0.334613498344602,18351,0.324253882248738,17750,0.345098353027379,18960
"Dera",0.342144637493728,0,0.32594425880029,0,0.358580545825809,0
"Derashe",0.310334276368417,13274,0.298573632181108,12767,0.322283928394378,13790
"Dessie Zuria",0.425646786075848,0,0.390674790985992,0,0.461172282618248,0
"Dewa Cheffa",0.471275388579207,0,0.432017402921942,0,0.510791852598253,0
"Dewa Harewa",0.533761405901149,0,0.491441015238171,0,0.57571178680749,0
"Dewe",0.569434490156589,0,0.487147412672218,0,0.647828852655744,0
"Dibat",0.317870238995991,7647,0.304979853203062,7326,0.330966691977175,7972
"Didu",0.27501432685723,1268,0.266101212590339,1221,0.284063276477177,1315
"Diga",0.295361961680502,9921,0.288110554671917,9709,0.302695659947539,10136
"Diguna Fango",0.284405489366428,4484,0.275454169725137,4317,0.293485360813223,4654
"Dihun",0.374920096424943,0,0.000279816720849938,0,0.996469912637366,0
"Diksis",0.22128554244716,0,0.205834822247382,0,0.237331983587311,0
"Dila Zuria",0.22750918469634,0,0.21371811989043,0,0.241750983123944,0
"Dillo",0.947929957418335,10575,0.876772198452849,9919,0.981384654262668,10845
"Dima",0.59220798581117,8446,0.55549635215373,7914,0.62700097319863,8949
"Dinsho",0.20911344806958,0,0.187285832726722,0,0.232259279426813,0
"Dire",0.958384053121137,11236,0.91417503891183,10893,0.982886741470307,11377
"Dire Dawa",0.408252200963931,0,0.000355238488062854,0,0.997741221496256,0
"Dire Dawa/Town",0.389248557391155,0,0.000482628797253611,0,0.995954807392923,0
"Dita",0.276693379807446,0,0.264742958287057,0,0.288901221333124,0
"Doba",0.359604830070895,0,0.0258180460561237,0,0.886151440730935,0
"Dodola",0.21505715288326,0,0.198274350111375,0,0.232577868426198,0
"Dodota",0.311203054217773,0,0.296124178569027,0,0.326587927847648,0
"Dolo Odo",0.828822461081193,1665,0.159205039604456,611,0.999546995992648,1828
"Dolobay",0.660378406849,0,0.00468815300056438,0,0.999867457725994,0
"Dorani",0.28132063932231,4334,0.272463420563647,4200,0.290304999046644,4471
"Doya Gena",0.231128551762826,0,0.220657249200396,0,0.241860185557577,0
"Dubti",0.359319016121623,0,0.100682645856273,0,0.715330684725472,0
"Dugda",0.321042647122862,0,0.308199676141977,0,0.334085708262141,0
"Dugda Dawa",0.496659232515165,5583,0.448092979328919,5356,0.542352837679505,5814
"Dulecha",0.461870070509833,0,0.429816483304917,0,0.494146644797539,0
"Dune",0.254401190471006,0,0.244473625142319,0,0.264526562457313,0
"East Belesa",0.307397565456976,0,0.288971177666526,0,0.32628847099363,0
"East Esite",0.312452370583605,0,0.297575535059962,0,0.327621168914911,0
"East Imi",0.388638690824423,0,0.00061959275129248,0,0.994547547995644,0
"Ebenat",0.321301534965215,0,0.303687071972717,0,0.339292802638427,0
"Eferatana Gidem",0.460610552770267,0,0.423977317846344,0,0.497561956270649,0
"Ejere",0.362734532255486,0,0.346613914472694,0,0.379085268402066,0
"Elidar",0.228729927713709,0,0.0178377507178368,0,0.730305055792255,0
"Enarj Enawga",0.367487876796002,0,0.346674766658519,0,0.388677073089795,0
"Enbise Sar Midir",0.414341640680707,0,0.391884048251915,0,0.437061049553935,0
"Endamehoni",0.249863307012164,0,0.188571583638109,0,0.320302768028755,0
"Enderta",0.149800501373244,0,0.0684341236915588,0,0.273535684077341,0
"Endiguagn",0.190321872004958,0,0.174916074697929,0,0.206467753317424,0
"Enemay",0.348568679628218,0,0.330536001853427,0,0.366925141523557,0
"Enemorina Eaner",0.302926686311863,5695,0.291113014576554,5537,0.314962309328524,5855
"Ensaro",0.430807298146936,0,0.406353451794376,0,0.455516552472852,0
"Erebti",0.187736672023716,0,0.0572747874554576,0,0.413235598518927,0
"Erer",0.453704939632968,0,0.00594163774518654,0,0.988358187341374,0
"Erob",0.0654236342382036,0,0.00284371562497941,0,0.319154937843558,0
"Esira",0.366328582157088,15145,0.356482605211875,14725,0.376259138051058,15568
"Ewa",0.377528959703781,0,0.298147350237238,0,0.462638560873166,0
"Ezha",0.280008387128762,0,0.268755467748178,0,0.291477386473801,0
"Fagta Lakoma",0.235918224693664,0,0.227581437677749,0,0.244410589698974,0
"Farta",0.271642622073619,0,0.258301694165385,0,0.285303023480079,0
"Fedis",0.391511447424943,0,0.000172940523411546,0,0.998260741786755,0
"Fentale",0.398071912128896,0,0.373139523104065,0,0.423395263352541,0
"Ferfer",0.453205307452022,0,1.19998776380963e-07,0,0.999999223291863,0
"Fik",0.378023192534998,0,0.000100711917353459,0,0.998487854142402,0
"Filtu",0.803200903117018,0,0.352723325162366,0,0.986276714633352,0
"Fogera",0.259271639325631,0,0.248826850645359,0,0.269923156730109,0
"Gaji",0.259985736484739,2779,0.253621303640868,2719,0.266428291576216,2840
"Gambela Zuria",0.304862287415765,43200,0.292772595250299,41486,0.317152334650522,44941
"Gambella Wild Life Reserve",0.0740958700989853,0,0.039703784133608,0,0.119617507279654,0
"Ganta Afeshum",0.062317766651812,0,0.00535072118829287,0,0.252715125333431,0
"Gasera",0.23508627831481,0,0.214891506192304,0,0.256227586537282,0
"Gashamo",0.41887275999851,0,7.53838494399831e-08,0,0.99999820112731,0
"Gawo Kebe",0.334271109001277,16426,0.325195867551822,15985,0.343435230026759,16870
"Gaz Gibla",0.358980996637162,0,0.332124630716294,0,0.386523240011192,0
"Gechi",0.291660224793637,0,0.283535720761481,0,0.299885790397708,0
"Gedeb Asasa",0.200933195841061,0,0.186174560474001,0,0.216318818136126,0
"Geladin",0.42896744645996,0,4.59031144053426e-08,0,0.999999177728811,0
"Gelana",0.311611626155219,8844,0.301161695419263,8531,0.322210419826179,9162
"Gelila",0.322929261737713,0,0.310181288584218,0,0.335889810514419,0
"Gembora",0.310848101401172,8798,0.301090677093392,8557,0.320734640421701,9041
"Gemechis",0.319425435842052,0,0.0409345789114207,0,0.779508009562256,0
"Gena Bosa",0.339512006702089,29770,0.330743675294452,28914,0.348365963347675,30636
"Gera",0.29095671216181,0,0.280552583737147,0,0.301535515165599,0
"Gerar Jarso",0.416347669613399,0,0.394286166319168,0,0.43864932205488,0
"Gerbo",0.392072282118696,0,3.08718039910633e-05,0,0.999538505247184,0
"Gesha (Deka)",0.2609402444314,0,0.251739983501972,0,0.27029994234539,0
"Geta",0.216772527708259,0,0.203230328556928,0,0.230783318250188,0
"Getawa",0.294994710019144,2352,0.285988161023684,2272,0.304125223810733,2434
"Gewane",0.511404448578464,0,0.148949285900422,0,0.865582504590301,0
"Geze Gofa",0.318081344454902,6083,0.307900953018247,5917,0.328399844458459,6250
"Gibe",0.310133033563719,8514,0.300720167591775,8306,0.319670636743923,8725
"Gida Ayana",0.314447226620126,22160,0.305381724807279,21560,0.32361866487539,22767
"Gidami",0.432894748501418,18834,0.42018161513632,18327,0.445663148826256,19345
"Gidan",0.363455129393511,0,0.335277971497128,0,0.39235648661955,0
"Gimbi",0.289530770765836,1862,0.281964108261819,1815,0.297186028037314,1909
"Gimbichu",0.366120195244309,0,0.347163721744208,0,0.385387662995483,0
"Gimbo",0.294628497265258,6410,0.285977269169502,6225,0.303391407764038,6597
"Ginde Beret",0.35382702554103,2991,0.341914788735276,2898,0.365873236558107,3085
"Ginir",0.223780300528492,0,0.150813344255262,0,0.324565266993873,0
"Girawa",0.364807746717548,0,0.000543203124550368,0,0.993159435906698,0
"Girja (Harenfema)",0.252173204529509,2264,0.233688423060978,2111,0.271347219639558,2423
"Gishe Rabel",0.4804063465244,0,0.443022554018555,0,0.517958948262859,0
"Gnangatom",0.616296659477879,219250,0.582473866565221,206560,0.648988172377118,231494
"Goba",0.212747289453603,951,0.190417603458839,862,0.236441994200443,1044
"Goba Koricha",0.326034377022083,0,0.266482148497934,0,0.39262479535891,0
"Gobu Seyo",0.297943151513944,0,0.290514430536478,0,0.305454464891704,0
"Gode",0.43393610590743,0,2.39580846578143e-05,0,0.999855699629616,0
"Godere",0.299447977302565,6701,0.288371248221621,6457,0.310700516902118,6949
"Gog",0.339532784804944,711,0.296373560134382,561,0.386254135377112,880
"Golo Oda",0.365839196199518,0,0.00431089040179194,0,0.971028300445357,0
"Gololcha Arsi",0.30820939866545,0,0.286138574405473,0,0.330944303453037,0
"Gololcha Bale",0.255810651012743,0,0.193727843489594,0,0.331917472156656,0
"Goma",0.290000864798412,14178,0.281793424200148,13777,0.298314617186151,14583
"Goncha Siso Enese",0.373333871928062,0,0.354805205943182,0,0.392136238199381,0
"Gonder Zuria",0.228812123447705,0,0.215840248187812,0,0.242185729660709,0
"Gonje",0.289946733714124,0,0.279109384038919,0,0.300964666071921,0
"Gorche",0.18124438271901,0,0.16775015621873,0,0.195344362288552,0
"Goro",0.265471313873485,0,0.247710906732118,0,0.284093899040882,0
"Goro Baqaqsa",0.482090370791507,0,0.0747826398323329,0,0.918020398639702,0
"Goro Dola",0.715559187854432,0,0.628665438465862,0,0.790748058634613,0
"Goro Gutu",0.356302178171552,0,0.00620337910933328,0,0.955466039325966,0
"Guagusa Shikudad",0.253533012008567,0,0.244121079096675,0,0.263128193464592,0
"Guangua",0.27994513608163,1607,0.270803464572131,1535,0.28921914263336,1680
"Guba",0.425138518305515,1026,0.384695346433842,949,0.466461726129778,1104
"Guba Lafto",0.40087174256459,0,0.369611695370504,0,0.432736150099253,0
"Gudetu Kondole",0.411789209409118,28168,0.402162884993401,27507,0.421464515733151,28833
"Guduru",0.34174750235456,0,0.330720739600536,0,0.352902541015941,0
"Gulina",0.348834436519022,0,0.2547675341328,0,0.453303016444625,0
"Guliso",0.281559649356133,13393,0.27488059679756,13073,0.288309808141856,13717
"Gulomekeda",0.0608822096639777,0,0.00170028789209093,0,0.329211951822916,0
"Gumay",0.289646947912902,11783,0.28061601942606,11431,0.298804700421901,12140
"Gumer",0.218085208496742,0,0.205222242170881,0,0.231366221795016,0
"Guna",0.270619727349537,0,0.250897725268721,0,0.291034945602305,0
"Gunagado",0.421043446816894,0,2.19430830535766e-07,0,0.99999590732758,0
"Gura Damole",0.439434339675485,0,0.324622959223109,0,0.548401397061144,0
"Guradamole",0.30864368031598,0,0.0547592762846403,0,0.732782603983891,0
"Gurafereda",0.360320060231933,5521,0.345887262118071,5301,0.374911163372426,5743
"Gursum",0.392889692307621,0,2.57547559526907e-05,0,0.999588029317041,0
"Guto Gida",0.294950015946152,15671,0.286291187900136,15197,0.303720385861837,16152
"Guzamn",0.340616402861018,3518,0.32813623240924,3400,0.353260451755228,3636
"Habro",0.308548556810986,0,0.252563492181347,0,0.370954229632154,0
"Habru",0.443213520769407,0,0.404640048918908,0,0.482324302178484,0
"Hadelela",0.541554920481163,0,0.478640538263279,0,0.603284688040074,0
"Hadero Tubito",0.257694002433491,8003,0.248038186158093,7735,0.26753383847534,8276
"Hagere Mariam",0.38203397403651,0,0.359662884973991,0,0.404790751750715,0
"Halu",0.275586406801155,3148,0.268835215875047,3074,0.282414182102747,3223
"Hambela Wamena",0.234685512316692,0,0.220101138274586,0,0.249750126816783,0
"Hamer",0.449310751745623,209229,0.364517508999577,178421,0.529161642389784,240391
"Hamero",0.368736997879163,0,0.000218153313443207,0,0.996671991267778,0
"Harar",0.377833520916372,0,0.00011958753378745,0,0.99825073707094,0
"Harena Buluk",0.251443828983928,5532,0.230650548981893,5058,0.27312118698646,6027
"Hareshen",0.415945481157712,0,8.42103403147755e-08,0,0.999997856604865,0
"Hargele",0.452401321389552,0,0.000817047212752625,0,0.998213970650735,0
"Haro Limu",0.312588695693305,4079,0.301297015454833,3941,0.324045102691807,4218
"Haro Maya",0.375596796895849,0,0.000250682086193453,0,0.996886389504504,0
"Haru",0.266197478403296,3253,0.259596614736336,3178,0.272880333249377,3328
"Hawa Galan",0.27022159088934,6155,0.261350803159648,5943,0.279233256814823,6370
"Hawi Gudina",0.315758053423589,0,0.179429917539036,0,0.503222052475051,0
"Hawzen",0.100152702124587,0,0.0338187855850578,0,0.226766351543626,0
"Hidabu Abote",0.380511996201697,0,0.361088512344312,0,0.400216580024698,0
"Hintalo Wejirat",0.192944113209838,0,0.105920399842341,0,0.310776945910359,0
"Hitosa",0.272177848102053,0,0.253103557629949,0,0.291968218495584,0
"Homa",0.281983548047622,0,0.276795673001256,0,0.287214295913069,0
"Homosha",0.606563307111849,1000,0.590114988837083,973,0.622826351115112,1026
"Horo",0.326085235011983,0,0.314985350044713,0,0.337333451170363,0
"Hudet",0.928197336764931,0,0.846758811869786,0,0.97327451513397,0
"Hulet Ej Enese",0.325128932446031,0,0.310172592783014,0,0.340359782861258,0
"Hulla",0.171062534916855,0,0.15789045100112,0,0.184864894589481,0
"Humbo",0.319282940852624,26582,0.311595353915816,25947,0.327046523514969,27224
"Hurumu",0.288501495796613,4999,0.279750719171396,4867,0.297372110546262,5132
"Ibantu",0.309960268353774,2122,0.299212677568805,2059,0.320861435024906,2185
"Ifata",0.33497914342329,0,0.322099860091746,0,0.348046776058315,0
"Ilu",0.376176601324284,0,0.360631387804896,0,0.391913923128385,0
"Inkolo Wabe",0.216898013868538,0,0.201742751600582,0,0.232643890168205,0
"Itang",0.397063129569025,17502,0.377578898192875,16620,0.416476340425767,18377
"Jabi Tehnan",0.308480866389084,0,0.29881069121043,0,0.318277518897147,0
"Jama",0.449703586608515,0,0.418917588967694,0,0.480780693596165,0
"Janamora",0.265929699626148,0,0.244005851841044,0,0.2887765433571,0
"Jarso",0.340733837397165,16267,0.142576849564217,15891,0.648938204389211,16646
"Jarte Jardega",0.33296405281685,5265,0.322675501708838,5098,0.343365533258798,5434
"Jawi",0.33135635358707,3571,0.312872760770971,3442,0.350278824476697,3703
"Jeju",0.275812396566614,0,0.258702938530961,0,0.293421611460785,0
"Jeldu",0.339791768074511,0,0.326976023251644,0,0.352789764475281,0
"Jibat",0.350359051424941,0,0.337832003862322,0,0.363042048225535,0
"Jida",0.372492300919142,0,0.351115314199828,0,0.394246627247901,0
"Jijiga",0.405648104763967,0,5.00676527820258e-06,0,0.999920438968767,0
"Jikawo",0.034813759584713,1090,0.012630757724462,393,0.0717832848845496,2250
"Jille Timuga",0.490099808968926,0,0.452611949345496,0,0.527661316937435,0
"Jimma Arjo",0.302928232297266,5750,0.295757273249054,5615,0.310172783189352,5887
"Jimma Genete",0.307368311500506,0,0.297114641082403,0,0.31776705600023,0
"Jimma Horo",0.326201394292072,10019,0.315535012647086,9736,0.337009755093436,10306
"Jimma Rare",0.299247275388815,0,0.290190281612032,0,0.308418206587438,0
"Jore",0.0126944356388697,78,0.00400704189045633,23,0.0290034693998308,190
"Kacha Bira",0.22022902371943,0,0.209905981525277,0,0.230815565272406,0
"Kafta Humera",0.248376476975763,0,0.194993436458911,0,0.311671022949353,0
"Kalu",0.463458616839581,0,0.424004602655917,0,0.503244447469719,0
"Kamashi",0.326245639789897,3381,0.315418904202841,3274,0.337210868818034,3489
"Kebena",0.341130764995022,0,0.331997762591186,0,0.350351842617912,0
"Kebribeyah",0.408528675919745,0,1.61005140468021e-06,0,0.999970018398455,0
"Kebridehar",0.426342691530087,0,3.27649169832302e-06,0,0.999963317642346,0
"Kediada Gambela",0.236741332759621,0,0.227516632784359,0,0.24615324951202,0
"Kelafo",0.448736732264206,0,1.78180153984915e-06,0,0.999989911320006,0
"Kelela",0.44545505978595,0,0.417841142201071,0,0.473323500347581,0
"Kelete Awelallo",0.11737372232807,0,0.0440226199659452,0,0.242840393425821,0
"Kemba",0.316469292176342,20336,0.305876662745245,19685,0.327222262198198,20995
"Kembibit",0.363728317550317,0,0.341075465140582,0,0.386840492465425,0
"Kercha",0.266113046669187,5124,0.250020744706724,4809,0.282667602196973,5449
"Kersa",0.301011962408497,17239,0.206293756268717,16717,0.479932779887864,17770
"Kersana Malima",0.355979864475557,0,0.342605594521267,0,0.369523770254582,0
"Kewet",0.461822824476135,0,0.428751765280313,0,0.495146343132646,0
"Kiltu Kara",0.33557826363212,15999,0.327962046533234,15641,0.343258131568241,16361
"Kindo Dida",0.327117214319846,17195,0.31894424666628,16763,0.335372602969705,17632
"Kindo Koysha",0.344139908200198,14009,0.335120856165623,13655,0.353238589326193,14365
"Kiremu",0.332536304200982,4364,0.32338500972429,4240,0.341780025854415,4489
"Kobo",0.364563762968664,0,0.318274224366681,0,0.413208274795084,0
"Kochere",0.258536524016564,5766,0.244724443603417,5462,0.272714794261809,6078
"Kochere Gedeb",0.238964664982758,3779,0.225375903379259,3552,0.252963339063716,4014
"Kofele",0.186291287733854,0,0.172679765487529,0,0.200501995715229,0
"Kokir Gedbano",0.305905924123412,0,0.293288524061284,0,0.318754493120238,0
"Kokosa",0.20145019951016,0,0.186733499614189,0,0.216791768288214,0
"Kola Temben",0.16143535591337,0,0.0997118918415178,0,0.243304812252324,0
"Kolfe - Keran",0.376118681961138,0,0.338209183312249,0,0.415187268569291,0
"Kombolcha",0.396218925214954,0,0.000110881628247764,0,0.998855981959846,0
"Kondaltiti",0.324016864543407,0,0.310297068806349,0,0.337966615302064,0
"Koneba",0.123906049773107,0,0.031575367576658,0,0.308817712469974,0
"Konso",0.342056803446172,36087,0.327403409733467,34518,0.356919763627452,37682
"Konta",0.351910309702292,25943,0.341203528779084,25197,0.362727763752303,26696
"Kore",0.184645555147134,0,0.170795047464151,0,0.199121333555818,0
"Kucha",0.331310006842986,44616,0.322840268723554,43496,0.33986452207333,45746
"Kuni",0.330828338533069,0,0.0667908846404313,0,0.738752958031208,0
"Kurfa Chele",0.370811892455772,0,0.000496171855880758,0,0.99415027849027,0
"Kurmuk",0.688627176827371,10724,0.670285532716854,10436,0.706527949697301,11006
"Kurri",0.241913753772982,0,0.0797845601067894,0,0.49801716343611,0
"Kutaber",0.439098124764,0,0.405597049801409,0,0.473019997141134,0
"Kuyu",0.372295300004534,0,0.354701915184785,0,0.390142315281507,0
"Laelay Adiyabo",0.0268956877160074,0,0.00401290348062484,0,0.0954877151344049,0
"Laelay Maychew",0.0974244844289237,0,0.00971207897398641,0,0.373707425506016,0
"Lagahida",0.367454076331968,0,0.000469277955904078,0,0.99421319978538,0
"Lalo Asabi",0.256313391380859,4870,0.249294765836587,4751,0.263428228073382,4990
"Lalo Kile",0.230190278050287,26150,0.222074033297921,25214,0.238459452766321,27103
"Lanfero",0.288255028976558,0,0.276264406794077,0,0.300471292349375,0
"Lare",0.26361362439885,11533,0.22402051114983,10058,0.306985033016387,13092
"Lasta",0.370264724242223,0,0.345186245282458,0,0.395885308366547,0
"Lay Armacho",0.242223224817066,0,0.22649538971565,0,0.258502664162595,0
"Lay Gayint",0.328868753376518,0,0.310474000671705,0,0.347661238198708,0
"Legambo",0.420872962564082,0,0.388157728749191,0,0.454110975399672,0
"Lege Hida",0.321070426002493,0,0.0253277729683816,0,0.856615426174816,0
"Legehida",0.432783854674625,0,0.400977892489505,0,0.46500878647674,0
"Leka Dulecha",0.306346567647375,2724,0.29974577901722,2661,0.313009045238282,2788
"Liben",0.893336672049998,0,0.820679892179466,0,0.942809475785911,0
"Liben Chukala",0.350629767095696,0,0.336320478028031,0,0.365140565516166,0
"Libo Kemkem",0.264382558542261,0,0.25067281771648,0,0.278446073109867,0
"Limu",0.298978200533505,13877,0.288001664996268,13416,0.310129383739114,14344
"Limu Bilbilo",0.206078051602159,0,0.190363740951547,0,0.222490406480809,0
"Limu Kosa",0.320964915824701,0,0.311787696393234,0,0.330247552743904,0
"Limu Seka",0.332678759168401,5827,0.324585242384059,5670,0.340848289017132,5985
"Loka Abaya",0.285030641761476,12694,0.275073791026615,12296,0.295151710763092,13097
"Loma Bosa",0.357196279073698,15444,0.347553599172553,15010,0.366928817795931,15884
"Lome",0.340595207294053,0,0.324893239059554,0,0.356562455971458,0
"Lude Hitosa",0.248799404633173,0,0.233751312225134,0,0.264317970929364,0
"Maji",0.492206880542522,9904,0.467935388455302,9415,0.516118268120257,10394
"Male",0.349548026022913,33269,0.337061236943693,32058,0.362191692751892,34497
"Malga",0.18106881429165,0,0.167453895700688,0,0.195306216921526,0
"Malka Balo",0.358261843157192,0,0.00999734040099566,0,0.940862991534479,0
"Mana Sibu",0.39454616259746,48131,0.385764440043651,47050,0.403377479166439,49218
"Mandura",0.311176096247133,0,0.299828984925101,0,0.322693760588699,0
"Maokomo Special",0.540200112654643,20056,0.525146658174968,19499,0.555186818736077,20612
"Mareka",0.307534766955831,18190,0.298073174642082,17641,0.317118053984138,18746
"Mareko",0.298770765183049,0,0.287117072691935,0,0.310621233406653,0
"Masha",0.270452083434998,0,0.260374778473839,0,0.280708324813619,0
"Mecha",0.254909589925208,0,0.247300685952277,0,0.262632198205049,0
"Meda Welabu",0.64398370002581,3131,0.538541988173197,2817,0.726916422658182,3455
"Medebay Zana",0.098744239383773,0,0.0222289570233792,0,0.285458206337696,0
"Megale",0.211804975694434,0,0.093115812000007,0,0.385377413630839,0
"Mehal Sayint",0.410831777562105,0,0.386338278835335,0,0.435661713769893,0
"Mekdela",0.419059103395836,0,0.391125588282443,0,0.447389972910653,0
"Meket",0.361703327870614,0,0.338530063657158,0,0.385370877351951,0
"Meko",0.298537918621254,2676,0.291532654776347,2618,0.305614957829782,2734
"Melekoza",0.349481871574866,25197,0.338623878577572,24414,0.360459352018813,25989
"Melka Soda",0.546313873799317,0,0.488856319208082,0,0.600920045380669,0
"Mena",0.376273193155617,14706,0.336648421999883,14050,0.41556422612168,15383
"Menge",0.561915358681548,1926,0.546701659445764,1875,0.577032765305422,1976
"Mengesh",0.301303266709688,2974,0.290024371006336,2864,0.312762924687273,3085
"Menit Goldiye",0.314972098931988,25523,0.302879049771776,24566,0.327251176612523,26495
"Menit Shasha",0.349531186806632,14752,0.334894319498521,14117,0.36436987102986,15397
"Menjiwo",0.30780123288552,8406,0.296839026954666,8154,0.31894768120222,8660
"Menz Gera Midir",0.459017563044329,0,0.422139138892888,0,0.49622701898487,0
"Menz Keya Gabriel",0.472584495025736,0,0.440690191836395,0,0.504649557362651,0
"Menz Lalo Midir",0.466529028732652,0,0.433827931021481,0,0.499450955816196,0
"Menz Mama Midir",0.436778379479673,0,0.4040365992651,0,0.4699369088963,0
"Merahbete",0.447170476812983,0,0.421783756838095,0,0.472758896978436,0
"Mereb Leke",0.08524010183905,0,0.00145713017503725,0,0.486056228411208,0
"Merti",0.335600114892851,0,0.314984204636257,0,0.356683985524772,0
"Mesela",0.341788456679208,0,0.0170656871304111,0,0.89786765887693,0
"Meskan",0.288476793514307,0,0.277437718038302,0,0.299706425541896,0
"Meta",0.353240662503655,0,0.00181629582648222,0,0.981071950228245,0
"Meta Robi",0.346938684691306,0,0.331713394626828,0,0.36240005256792,0
"Metema",0.359347983487062,0,0.317338255404594,0,0.403160468932217,0
"Metu Zuria",0.279860854345798,14626,0.272072057612175,14227,0.287748924947426,15031
"Meyu",0.36642191797448,0,0.000940668979088187,0,0.989780254303295,0
"Meyumuluka",0.385072434415351,0,0.000154373181833134,0,0.998183169769227,0
"Michakel",0.308648910566404,0,0.297108818609946,0,0.320372127831273,0
"Mida Kegn",0.339780916718938,0,0.329082233387804,0,0.350598033526787,0
"Midega Tola",0.38789545419879,0,0.00021473317383113,0,0.997810510011045,0
"Mierab Azenet Berbere",0.230758371674948,0,0.218521376954328,0,0.243342824583405,0
"Mierab Badawacho",0.231405699179714,0,0.222094805890593,0,0.240914619441196,0
"Mieso",0.395849084705732,0,0.254550935338949,0,0.566103324190813,0
"Miesso",0.449471799450053,0,0.0704080200104845,0,0.887473936756549,0
"Mile",0.445439371335537,0,0.132014134642419,0,0.805110961164887,0
"Mimo Weremo",0.452733520309378,0,0.426275974131994,0,0.479392175136265,0
"Minjar Shenkora",0.398530769839773,0,0.377061458092088,0,0.420283314693214,0
"Mirab Abaya",0.318705222438071,6659,0.309041465504267,6471,0.32848859018888,6850
"Mirab Armacho",0.382233247836414,0,0.327904165714511,0,0.439025003948164,0
"Misha",0.284552805281187,2510,0.273290866798587,2450,0.29603873116174,2571
"Misrak Azenet Berbere",0.25064277982138,0,0.239030351396167,0,0.262526536823195,0
"Misrak Badawacho",0.251261558749912,0,0.24077787747917,0,0.261965736419302,0
"Miyo",0.991425459945973,15896,0.97398614731066,15605,0.998236190053196,16006
"Mojan Wedera",0.432444983400119,0,0.40256820779198,0,0.462695759013031,0
"Moretna Jiru",0.453677537659798,0,0.426515643402124,0,0.481047922190039,0
"Moyale",0.985324783672305,30159,0.943635748179407,29819,0.997953911860523,30278
"Muhur Na Aklil",0.272250791198547,0,0.260619380671117,0,0.28413265161109,0
"Mulo",0.37513471492161,0,0.356120746216499,0,0.394441547158369,0
"Munessa",0.227623994678995,0,0.213370855480029,0,0.242366146904244,0
"Mustahil",0.45900402829801,0,2.12999413011773e-07,0,0.999998922952887,0
"Naeder Adet",0.14390749936937,0,0.0609524858595332,0,0.28350673486939,0
"Nefas Silk",0.341708220777481,0,0.313458817103547,0,0.370815003736191,0
"Nejo",0.271614009256802,9467,0.264211664877106,9217,0.279113776038038,9720
"Nenesebo",0.235604717432056,2642,0.21725108770379,2430,0.254724150795571,2862
"Nole Kaba",0.285331865783643,8136,0.278696535264472,7951,0.292037837029848,8322
"Nono",0.358839013964113,599,0.348724396351377,583,0.369048302358195,615
"Nunu Kumba",0.313216728743813,2966,0.306181380164462,2907,0.32031627258144,3024
"Odo Shakiso",0.357774596755429,14041,0.32727087049295,12937,0.388872010376527,15176
"Ofa",0.284842572254713,22281,0.276770215968966,21669,0.293019475092952,22900
"Ofla",0.293301007315195,0,0.246499670344303,0,0.344070718837087,0
"Omo Nada",0.305966156194681,42468,0.296542452452702,41344,0.315524705022029,43606
"Pawe Special",0.300784116587244,0,0.291701310456552,0,0.309986124672489,0
"Quara",0.390477636685189,258,0.342738293659501,228,0.439869528635894,290
"Quarit",0.293711605262868,0,0.282697263174442,0,0.304915454319905,0
"Raya Azebo",0.252306625273302,0,0.163637439091177,0,0.361415127086811,0
"Rayitu",0.295819009295415,0,0.0231696786210502,0,0.807574219530316,0
"Robe",0.237040041149882,0,0.220078962607172,0,0.254643764684086,0
"Saba Boru",0.645670022975946,2738,0.569729868617228,2443,0.714402125194559,2975
"Saesie Tsaedaemba",0.0696125191600785,0,0.0125766506476642,0,0.224517684775934,0
"Saharti Samre",0.221162887282792,0,0.15568467745403,0,0.300420842814808,0
"Sahla",0.324028760354352,0,0.300547019341001,0,0.348187940665052,0
"Sale Nono",0.276851866631274,2099,0.266081070008468,2019,0.287820451992745,2181
"Sankura",0.270896448080057,0,0.259024315583655,0,0.283015616683476,0
"Sasiga",0.310647998795696,5386,0.302982233704853,5252,0.31839093334114,5522
"Sayilem",0.276079657336469,0,0.266116523854694,0,0.286210780579834,0
"Sayint",0.424269546756465,0,0.396952377205525,0,0.451946515182135,0
"Sayo",0.267343922601591,20842,0.258054589986778,20112,0.276788892964098,21584
"Sayo Nole",0.284316834484693,1140,0.277360141110717,1117,0.291354930379222,1163
"Seden Sodo",0.328762818901258,0,0.314888836482364,0,0.342870247267397,0
"Segeg",0.383753850725176,0,9.57842111453813e-05,0,0.99868653451627,0
"Seka Chekorsa",0.266260692355173,11756,0.25729409222288,11405,0.275376183268033,12111
"Sekela",0.264949391594812,0,0.255690576352958,0,0.274367476481305,0
"Sekoru",0.300559998216044,29477,0.290158041884389,28524,0.311122781678968,30443
"Sekota",0.333755758478773,0,0.305005857738123,0,0.363687380319731,0
"Selahad",0.347836238356908,0,0.000700439347348576,0,0.989294934548194,0
"Selamgo",0.396864466211614,42393,0.380776112962259,40642,0.41310568875607,44157
"Selti",0.283200055205764,0,0.271879237001179,0,0.294730207441934,0
"Semen Achefer",0.246668224073603,0,0.237933667251176,0,0.255562656331428,0
"Semen Bench",0.244579464769892,18861,0.233948870373528,18012,0.255449977217052,19729
"Senan",0.311133761196212,0,0.295901199822453,0,0.326686461985367,0
"Serer/Elkere",0.379744713526555,0,0.00315046340351726,0,0.979001841116595,0
"Seru",0.291773865282925,0,0.265085792401171,0,0.319950771238441,0
"Setema",0.288895953851007,0,0.279342438657329,0,0.298591827260903,0
"Seweyna",0.312602485815519,0,0.02349759335455,0,0.843372159807219,0
"Shalla",0.298141746314246,0,0.284677890678998,0,0.311872282320282,0
"Shashemene Zuria",0.228779272383891,0,0.216609677409359,0,0.241308193233956,0
"Shashogo",0.264530032705202,0,0.253832719877195,0,0.275438299932274,0
"Shay Bench",0.255478860170364,15257,0.245223923513974,14640,0.265937736455756,15886
"Shebe Dino",0.185203665014128,0,0.172436464542755,0,0.198494873888183,0
"Shebe Sambo",0.30103011835218,18872,0.2914962522196,18278,0.310697654048785,19473
"Shebel Bereta",0.420380292210411,0,0.399106689477885,0,0.441869413911337,0
"Sheka",0.297223683817557,4856,0.285975784257396,4668,0.308655812199213,5048
"Shekosh",0.422578712732813,0,9.29057511233975e-07,0,0.999986732776796,0
"Sherkole",0.634242375485712,2069,0.616762461542561,2008,0.651456897896474,2128
"Shilabo",0.444516887246566,0,2.23971786390784e-07,0,0.999998138110236,0
"Shinile",0.445024146515309,0,0.0011341849626054,0,0.997269603070042,0
"Shirka",0.243412029744972,0,0.22718899211853,0,0.260195730229049,0
"Sibu Sire",0.28735238131138,10565,0.277554764410539,10272,0.29730888970056,10862
"Sigmo",0.273069417989723,0,0.263082414561869,0,0.283229710454294,0
"Simada",0.36171910669591,0,0.342762324040806,0,0.380983185565661,0
"Simurobi Gele'alo",0.501283745078278,0,0.465345883571731,0,0.537208735264428,0
"Sinana",0.202819457787566,0,0.183166376434468,0,0.223582677303023,0
"Siraro",0.266629049864085,14849,0.255199767155282,14271,0.278298837238531,15438
"Sirba Abay",0.492367816261463,4189,0.476518639354692,4062,0.508199202278562,4316
"Sire",0.285427272606606,0,0.269172977301255,0,0.302101296691656,0
"Siya Debirna Wayu",0.426222440327896,0,0.399436345661704,0,0.453333958027006,0
"Sodo",0.314845995599487,0,0.303214683117296,0,0.326652486444117,0
"Sodo Daci",0.345968786634963,0,0.333204092031645,0,0.358900505250846,0
"Sodo Zuria",0.259012781314471,12500,0.25047096857457,12099,0.2676996470524,12907
"Soro",0.323112176763742,21117,0.312278800265888,20198,0.334128640207826,22057
"Sude",0.260214795366149,0,0.242607063742189,0,0.27841354153604,0
"Sululta",0.371228064114002,0,0.350981093841694,0,0.39181633295154,0
"Surma",0.725871177352622,30741,0.683083601376145,28903,0.765005659248751,32424
"Tach Armacho",0.313630936794456,0,0.284835222675622,0,0.343621424812439,0
"Tach Gayint",0.381359243037157,0,0.360628813745881,0,0.402409745001654,0
"Tahtay Adiyabo",0.0254172018688643,0,0.0066935587306765,0,0.0713049141093824,0
"Tahtay Koraro",0.0556035501491155,0,0.0120452127251636,0,0.155593094575728,0
"Tahtay Maychew",0.102474664599286,0,0.00953058349198649,0,0.392425765706401,0
"Takusa",0.307532125022241,4124,0.288134562893392,3907,0.327483157918039,4347
"Tanqua Abergele",0.225707131073842,0,0.170072538799972,0,0.29036334008304,0
"Tarema Ber",0.438583332556921,0,0.407505960748927,0,0.470023773429855,0
"Telalak",0.559014782664754,0,0.437777653076186,0,0.672977646536493,0
"Teltele",0.690646566897164,31938,0.604216117257342,28686,0.75869096327671,34732
"Tembaro",0.332297912079007,27491,0.323183600994407,26707,0.341507390628906,28284
"Tena",0.213060562484077,0,0.198384511754156,0,0.228306004420624,0
"Tenta",0.422319908720501,0,0.391108459813733,0,0.454002851574334,0
"Teru",0.252094291780329,0,0.114613984057377,0,0.446408329855734,0
"Thehulederie",0.435377095983746,0,0.400051143897718,0,0.471197285319165,0
"Tikur Enchini",0.323291951301455,0,0.312885486688046,0,0.333830353190744,0
"Tiro Afeta",0.304300596574497,0,0.295797030290949,0,0.312907179835959,0
"Tiyo",0.254064540468161,0,0.238075695063908,0,0.270579203835031,0
"Tocha",0.334679534881988,10638,0.325161783938846,10356,0.344299425020174,10924
"Toke Kutaye",0.307858523801428,0,0.298062651519135,0,0.317786949745656,0
"Tole",0.362968881150582,0,0.347617948849732,0,0.378529380696704,0
"Tsegede",0.322457013216099,0,0.283326306129637,0,0.36353148417534,0
"Tselemt",0.238281020019354,0,0.212633876108262,0,0.26550171070574,0
"Tselemti",0.212142043330046,0,0.173721514638183,0,0.257423740211477,0
"Tulo",0.310633546310693,0,0.19345463586476,0,0.514986078280107,0
"Ubadebretsehay",0.332165154029289,7631,0.320313055488407,7390,0.344183712379485,7874
"Uraga",0.233541917751459,0,0.21806543809124,0,0.249565471329619,0
"Wadera",0.391842938548478,3824,0.352946317087927,3582,0.431393925776673,4074
"Wadla",0.360905468405793,0,0.33487283985046,0,0.387556476048941,0
"Waliso",0.336615434327736,0,0.323908385334573,0,0.349511713150434,0
"Walmara",0.357484006686584,0,0.340100354795833,0,0.375154046888224,0
"Wama Hagalo",0.325650941003373,2890,0.31858832518351,2827,0.33277302143995,2954
"Wantawo",0.00654299791977053,77,0.00112574607685586,14,0.0197066660666344,224
"Wara Jarso",0.379749974167319,2693,0.362591232803695,2584,0.397134221175921,2803
"Warder",0.428529536351001,0,1.70155922744899e-07,0,0.999997466911982,0
"Wayu Tuka",0.276711561354045,2776,0.269614778017543,2717,0.283893807699247,2837
"Wegde",0.42221946088019,0,0.398090661643545,0,0.446624396482042,0
"Wegera",0.253587838307906,0,0.235694343815062,0,0.272122676186711,0
"Welkait",0.25112442540427,0,0.215468417027985,0,0.290499488054161,0
"Wemberma",0.333895678106839,1735,0.322274000165371,1668,0.345662642154792,1804
"Wenago",0.253306569172382,0,0.238374480784146,0,0.26868175514691,0
"Wenbera",0.42318503357163,7801,0.406846368287914,7506,0.439664290898034,8097
"Wenchi",0.33201512180036,0,0.319991324844538,0,0.344212926584843,0
"Were Ilu",0.448017504332767,0,0.414181699350373,0,0.482219326602071,0
"Werei Leke",0.103807188420163,0,0.0315401875476793,0,0.25248249319265,0
"West Belesa",0.272606319803374,0,0.256896558198208,0,0.288748914096108,0
"West Esite",0.320502958040303,0,0.307223915094832,0,0.334001973988614,0
"West Imi",0.400270244984446,0,0.000690250844635309,0,0.995202994483923,0
"Wilbareg",0.271621780227544,0,0.259897537631015,0,0.283585111510392,0
"Wondo-Genet",0.185146672413907,0,0.17245804851483,0,0.198356743826221,0
"Wonosho",0.212954024658637,0,0.2010072341035,0,0.22527412665071,0
"Worebabu",0.475470597002056,0,0.436306921276149,0,0.51485175738222,0
"Wuchale",0.369694072691355,0,0.348339825829497,0,0.391432712091076,0
"Yabelo",0.766599708100825,0,0.690220686095506,0,0.829270921331167,0
"Yalo",0.29849944859218,0,0.180797079535511,0,0.442132955352302,0
"Yama Logi Welel",0.284297253256148,7047,0.27524973650618,6831,0.29347519126499,7266
"Yaso",0.346451739582211,4569,0.331922391197317,4376,0.361194642936045,4764
"Yaya Gulele",0.374891931536345,0,0.355681316989161,0,0.394400876870521,0
"Yayu",0.286151940326559,7418,0.277146959185827,7204,0.29528772234231,7635
"Yeka",0.342100386626394,0,0.313727044565254,0,0.37141508633016,0
"Yeki",0.273449379091074,14355,0.263208504019805,13826,0.283873739195124,14892
"Yem",0.341768964187485,6782,0.330288631709604,6577,0.353394067500242,6989
"Yilmana Densa",0.283200734144182,0,0.272921131537224,0,0.293654077443518,0
"Yirgachefe",0.258312209633781,1827,0.243703929022001,1726,0.273332973530197,1930
"Yubdo",0.247421325794474,4924,0.241013758549946,4791,0.253914199886514,5058
"Zala",0.347534680473038,17559,0.338139757037908,17079,0.35701960960222,18044
"Ziquala",0.336267161194491,0,0.312523325389591,0,0.360644650742876,0
"Ziway Dugda",0.314818366205049,0,0.300646577384656,0,0.329252857909985,0
"Total",0.39792450642844,3200622,0.236704870619602,2993437,0.603597104391496,3400131
