"region","mean_value","cattle_mean","lower_value","cattle_lower","upper_value","cattle_upper"
"Ab Ala",0.0965941243222781,4039,0.0315386479222291,1393,0.217904229649564,8817
"Ababo",0.376486295183359,25017,0.36563977080362,24335,0.387425490738246,25704
"Abay Chomen",0.358714123726576,17454,0.349998087526231,17064,0.367500356128465,17847
"Abaya",0.361758462833385,17331,0.336799180263705,16664,0.387081011691752,18011
"Abe Dongoro",0.332007228140286,18149,0.324648108352242,17741,0.339426933398355,18561
"Abergele",0.242817930627472,18216,0.20681654598289,15595,0.282053493593925,21068
"Abeshege",0.362623640739983,23593,0.353770022804949,23032,0.37154686726615,24159
"Abichuna Gne'a",0.444937988250005,67814,0.421212471572031,64196,0.468853562105485,71462
"Abobo",0.267085407826234,2340,0.2494087029594,2254,0.28605007175492,2426
"Abuna G/Beret",0.400121348343666,70313,0.386742374331968,68039,0.413610539889399,72605
"Ada'a",0.363549573072551,52551,0.346849069840623,50103,0.380568387342542,55047
"Adaa'r",0.436828444544155,38180,0.339109440791422,30952,0.540009268400525,45734
"Adaba",0.248013868278886,40511,0.228823703907241,37569,0.267969383211577,43565
"Adadle",0.391230768313342,0,0.000149210130902885,0,0.998340496721544,0
"Adama",0.338283593751431,39305,0.321807565331342,37365,0.355058437539619,41280
"Adami Tulu Jido Kombolcha",0.307576613453615,37241,0.291338747076772,35415,0.324199354790338,39134
"Adda Berga",0.42616248653332,66822,0.40997781380549,64317,0.442466735212388,69345
"Addi Arekay",0.237623509059989,22644,0.218781811964366,20849,0.257273265077092,24515
"Adola",0.271018147187345,41038,0.251160590128842,37917,0.291579821890933,44274
"Adwa",0.0425026058986783,4605,0.0050221138670739,533,0.158242211094885,17230
"Afambo",0.285859363501058,1357,0.0079346058735427,61,0.883211667345115,4429
"Afdem",0.429201485568463,521,0.0304947694730626,97,0.934964044428472,1025
"Afder",0.436453039327994,0,0.000962619349606901,0,0.997514386086804,0
"Afdera",0.05575505952411,516,0.00755183087026493,74,0.194878314905776,1774
"Afele Kola",0.299006974693191,28849,0.285767136646723,27568,0.312500171209149,30154
"Agalometi",0.327444990304734,3985,0.317326210219431,3871,0.337681459979521,4100
"Agarfa",0.239518959081369,36759,0.221453803631008,33923,0.258313426427125,39715
"Ahferom",0.0340477277650838,3693,0.0019850550393762,244,0.171016073637007,17791
"Akaki",0.382681306944033,34428,0.365453744100819,32831,0.400143340014268,36047
"Akaki - Kalit",0.337459365521989,6326,0.315083893735906,5907,0.360387757759633,6756
"Akobo",0.00945891958646386,221,0.00274985875382569,65,0.0237034011751158,551
"Alaba",0.290953711699871,49643,0.280805442882973,47916,0.301259995935545,51397
"Alaje",0.180031586719221,15506,0.117749834190417,10067,0.258372329742552,22370
"Alamata",0.275114761674617,35250,0.227755633326533,28905,0.327688218293683,42324
"Albuko",0.502453147604441,53838,0.468522993249451,50198,0.536367508433093,57476
"Ale",0.301097044563509,16569,0.293024912697697,16135,0.309265069322501,17007
"Aleltu",0.410722322623663,24625,0.391077336898927,23444,0.430582934455196,25819
"Alem Gena",0.393096396422955,61516,0.378830640128584,59272,0.407500599392282,63783
"Aleta Wendo",0.260182815231373,29572,0.244792097012973,27830,0.276028594622048,31365
"Alfa",0.302476680978777,46929,0.289196307981773,45016,0.316059778499803,48883
"Alge Sachi",0.310351043310244,29354,0.304773534289358,28836,0.315972073057698,29876
"Alicho Woriro",0.334830828407146,39086,0.325878630533782,38031,0.343871931922779,40152
"Alle",0.359915587156181,19256,0.348868911294292,18683,0.371074374840196,19834
"Amaro",0.322491056263488,23922,0.311552974616157,23078,0.333563326358989,24777
"Ambasel",0.45901068417249,55059,0.428344975619198,51359,0.489910182353265,58788
"Ambo Zuria",0.380396186137839,79349,0.37047265823269,77334,0.390394805352128,81379
"Ameya",0.361203700733193,60995,0.353004614929952,59603,0.369463427934598,62397
"Amibara",0.436216855213954,67946,0.366042793856449,58811,0.509821462428672,77434
"Amigna",0.27171869378252,30340,0.250556152483091,27956,0.293695965497342,32819
"Amuru",0.349565664945767,22564,0.340127162839576,22035,0.359092051987146,23096
"Ana Sora",0.266040115343431,40405,0.250762143565917,38127,0.281746874196904,42746
"Analemmo",0.331093084747712,21002,0.321666365965093,20405,0.340619940675779,21605
"Anchar",0.342768119415611,22419,0.319605577189863,20884,0.3665009046473,23994
"Anderacha",0.307397104370147,7715,0.29785786881651,7482,0.317060266358504,7952
"Aneded",0.382193752416642,35360,0.368048428572576,34104,0.396486560181651,36628
"Anfilo",0.37886581825673,10750,0.368719567483557,10463,0.389093115901106,11039
"Angolelana Tera",0.425842300378978,60148,0.402777536510725,56867,0.449149537029062,63464
"Anigacha",0.302217577800389,11314,0.291911238053608,10928,0.312673556835837,11705
"Ankasha",0.306416892923325,87535,0.298778192983181,85436,0.314132629687947,89655
"Ankober",0.431207273830509,26408,0.40496794163409,24805,0.457736302725767,28029
"Antsokiya",0.509667438813231,22998,0.473648177521861,21372,0.545616072122382,24623
"Arba Minch Zuria",0.375313020180891,36624,0.352692129678948,35462,0.398174723504292,37798
"Arbe Gonna",0.263633192102062,44264,0.251105129887705,42166,0.276451179022358,46411
"Arero",0.831028579049256,38233,0.703245135205493,32265,0.916334248628852,42293
"Argoba",0.542707253600079,44748,0.502648620499335,41445,0.58236311055371,48017
"Argoba Special Woreda",0.434107907792058,17317,0.406722216004034,16213,0.461795655173986,18433
"Aroresa",0.250947318270326,44499,0.234631371918058,41612,0.267806200671465,47482
"Arsi Negele",0.312809849449991,54169,0.29095394302362,51612,0.335207976289705,56784
"Artuma Fursi",0.513566487022822,38429,0.476742041274004,35693,0.550281361964402,41158
"Aseko",0.32121493933615,28528,0.300430178045147,26687,0.342538630029363,30416
"Asgede Tsimbila",0.0673096906988709,18082,0.0356711877113016,9417,0.114882033221249,31267
"Assagirt",0.419017109142719,28581,0.39528255926128,26978,0.443033093840876,30203
"Assosa",0.612673004956052,38919,0.59718027314251,37963,0.627986111710799,39865
"Atsbi Wenberta",0.059247135624589,5774,0.0157956808827385,1551,0.151720602952548,14739
"Aw-bare",0.395785879728839,0,2.20804978616796e-05,0,0.999674234844093,0
"Awabel",0.39102101396726,58160,0.376169443968019,55966,0.406024074223546,60377
"Aware",0.393724723213613,0,1.07320535713383e-06,0,0.999966244931185,0
"Awasa",0.244981759278351,19753,0.224770322654981,18255,0.266152831300614,21316
"Awasa Zuria",0.277267208496359,43214,0.266558924521139,41566,0.288172184682581,44892
"Awash Fentale",0.405529915150656,37879,0.378208607214156,35265,0.433303006265401,40539
"Awra",0.233406340351252,31130,0.123888369590399,17096,0.382726118093861,49818
"Ayida",0.375173903881813,10213,0.366215801724403,9969,0.384195427284456,10458
"Ayira",0.293557563844683,14664,0.287076776892883,14334,0.300100941703881,14997
"Ayisha",0.33895502374464,0,0.000828176035274239,0,0.988323119139386,0
"Aysaita",0.233272112001585,20922,0.0146003670838113,1384,0.74175925508716,66345
"Babile",0.363268828425003,0,0.0001290928660875,0,0.997668402984609,0
"Babo",0.372275730855648,17192,0.365306473491217,16877,0.379284222895313,17509
"Badele Zuria",0.327507795962346,26658,0.322233274502155,26227,0.332815296210876,27091
"Bahir Dar Zuria",0.33667698759711,258504,0.302034839086869,249544,0.372626456399096,267637
"Bako Gazer",0.373132796372632,66069,0.361616246638421,64097,0.384758626799196,68059
"Bako Tibe",0.329553509179965,59119,0.323011458207507,57971,0.336146367727938,60276
"Bambasi",0.515037833070404,19024,0.503543088221151,18602,0.526517312123501,19445
"Banja",0.303490601688994,40091,0.295609347267408,39058,0.311457381176388,41136
"Bare",0.433811266602089,0,8.6338776155884e-05,0,0.999678769986311,0
"Basketo",0.368156153116722,8439,0.358798770137368,8233,0.377587813123963,8648
"Baso Liben",0.380174267024247,48941,0.367989135219035,47380,0.392471202631006,50516
"Basona Worena",0.456924736557365,72389,0.430690637328522,68221,0.483335907292979,76587
"Bati",0.534498101769622,53386,0.494947933260783,49437,0.573722840822404,57305
"Becho",0.352552735406212,44740,0.342550773329732,43430,0.36264675019822,46062
"Bedeno",0.345888880749044,0,0.00454763374014776,0,0.960345603705034,0
"Begi",0.478629915667153,23258,0.467331620992803,22707,0.489944602664634,23810
"Bele Gesgar",0.254745852659462,26784,0.235787559696604,24783,0.274418616251459,28861
"Bena Tsemay",0.384913963821363,46163,0.370944445913903,44515,0.399023259747003,47827
"Bensa",0.255630589176247,38498,0.240507598595222,36241,0.271205919460114,40821
"Berahile",0.047636596406349,536,0.00819255337705968,148,0.156072204546767,1371
"Berbere",0.200887048962306,14220,0.180908648362661,12803,0.222032825412019,15720
"Bereh",0.409962780733416,58963,0.391688903390985,56341,0.428422735503163,61612
"Berehet",0.408598332933341,21539,0.385182168954284,20317,0.432327741742797,22777
"Bero",0.602799226557844,3180,0.565875237111659,2983,0.638634358821601,3370
"Beyeda",0.235936751117411,16553,0.213588989396628,15000,0.259573851646089,18196
"Bibugn",0.383603245575451,37710,0.369089219844228,36287,0.398268994099507,39148
"Bidu",0.0596200716141507,500,0.00592812859606466,45,0.232276624631657,2014
"Bila Seyo",0.333293891796458,17678,0.325862659952441,17300,0.340787953428367,18059
"Bilidigilu",0.483040001417754,9816,0.471719899014846,9595,0.494368319846156,10038
"Bilo Nopha",0.305319954172122,9973,0.298256709950694,9743,0.312452666342289,10205
"Bio Jiganifado",0.326744836111039,18112,0.317818326827689,17656,0.335765517967918,18573
"Bita",0.325214488429619,22614,0.317504186979063,22097,0.332998019474479,23137
"Boh",0.388226203360731,0,2.17581882020628e-07,0,0.999987889731288,0
"Boji Chekorsa",0.29251260405849,14148,0.285895059152958,13832,0.299193697644556,14467
"Boji Dirmeji",0.295736709540679,11894,0.288605117347681,11606,0.302948247811647,12186
"Boke",0.299982206295708,26437,0.0758572431731103,9109,0.668297203389931,52399
"Bole",0.291342502072495,24388,0.256114160823986,21434,0.328539424965234,27507
"Boloso Bombe",0.385572518827171,26313,0.368101500551313,25544,0.40321156804775,27088
"Boloso sore",0.316125488227382,39567,0.304753861036684,38129,0.327664999779362,41026
"Bona Zuria",0.254209031798981,22819,0.241300422922552,21658,0.267445603126888,24009
"Boneya Boshe",0.329262847262172,22030,0.323323276526903,21633,0.335242753136625,22429
"Bonke",0.354880691954572,45525,0.346073094059282,44432,0.363761428387728,46626
"Bora",0.350729739369297,29791,0.335102792431623,28643,0.366594884363914,30954
"Bore",0.27770837304779,44248,0.264114691069681,42106,0.291615380150471,46439
"Borecha",0.339782838576972,16184,0.333030446839331,15856,0.346586120661917,16516
"Boreda",0.354076422744037,13711,0.341725941652321,13287,0.366555183606946,14140
"Boricha",0.291159216530271,70668,0.280921638526043,68002,0.301567191505026,73384
"Boset",0.35797793889362,58535,0.338944924061617,55429,0.377344091349588,61696
"Bugna",0.34883375073049,30864,0.32908998962098,29115,0.368970127702864,32649
"Bule",0.287704286476035,10184,0.274422781523445,9715,0.301261891061043,10662
"Bule Hora",0.316489684228233,73404,0.299732135503645,69561,0.333605241566754,77330
"Bulen",0.320443190776518,18157,0.308588242321987,17521,0.332470582014858,18802
"Bure",0.321937744274704,43099,0.312819578436005,41941,0.331157298278203,44268
"Bure Mudaytu",0.482808711309669,91802,0.326439378574954,62672,0.642301077364282,121765
"Burji",0.342447979202417,18120,0.327307392168696,17366,0.357813530982732,18886
"Bursa",0.270618182162082,46918,0.25895634556215,44883,0.282519888005971,48995
"Cheha",0.379605613636259,60711,0.368817499514165,59042,0.390507920216756,62397
"Cheliya",0.346105090558873,71476,0.339120236059227,70000,0.353146482404531,72964
"Chena",0.329980259973285,49568,0.321919283036413,48337,0.338136552424323,50815
"Chencha",0.325024902297915,15515,0.317882991558006,15174,0.332227465578847,15858
"Chereti/Weyib",0.468406686607566,0,0.0154555519894417,0,0.975250256089804,0
"Cheta",0.355921245029664,17545,0.347988151799707,17139,0.363915263099908,17955
"Chifra",0.386325936845077,217125,0.299992714457872,174836,0.481533982315971,262622
"Chilga",0.327377885270496,97059,0.304035333040066,90652,0.351487125394095,103674
"Chinaksen",0.389870267391614,0,8.38819618250124e-05,0,0.998995489917622,0
"Chire",0.255201337889659,18922,0.238957780733858,17716,0.271967858461925,20167
"Chiro Zuria",0.327429743480411,34319,0.123441886815299,12591,0.605438703323539,64093
"Chole",0.292249447703469,31824,0.271687148225706,29559,0.313490181838168,34164
"Chora",0.341000845953752,93350,0.333070061271576,91261,0.349001195266783,95458
"Chuko",0.270770954694079,27450,0.258010749547896,26143,0.283826574938945,28787
"Chwaka",0.311263371416387,10271,0.303886430590054,10032,0.318711700672866,10513
"Dabat",0.244605931178902,32086,0.227709485170265,29902,0.262135990170789,34353
"Dabo Hana",0.319197649753328,20432,0.313494433004904,20086,0.324942700346232,20781
"Dale",0.264995909266513,22626,0.248692688751936,21233,0.281789588038021,24061
"Dale Sadi",0.277196706245625,14635,0.27029093588039,14270,0.284182434147346,15005
"Dale Wabera",0.294744097533654,4651,0.287644462067058,4540,0.301921000550091,4764
"Dalfagi",0.52739708665273,48446,0.467127913841148,43533,0.587030009202001,53313
"Dalocha",0.313454478914446,28637,0.303438427496437,27721,0.323603786811868,29565
"Dalul",0.0315436327424111,2461,0.00430225365694783,364,0.112301989298909,8456
"Damot Gale",0.301220339862532,33554,0.290984114332259,32429,0.311606605324138,34696
"Damot Pulasa",0.306686865770731,12167,0.294308092217919,11676,0.319275332372868,12666
"Damot Sore",0.318809370463761,25884,0.30934205855808,25114,0.328394191801673,26663
"Damot Weydie",0.310480332627999,29691,0.3027372310511,28926,0.318305832113379,30464
"Dangila",0.263987201894576,52934,0.257454680731783,51630,0.270596823692385,54252
"Dangura",0.368948048475513,12324,0.348152876356792,11734,0.390166434302933,12925
"Daniboya",0.318633464859752,20604,0.310473481397585,20077,0.326876795064665,21137
"Dano",0.343821540344515,50290,0.337031805139602,49331,0.350661778556415,51255
"Danot",0.38558860104806,0,6.24498777106347e-07,0,0.99997193167208,0
"Dara",0.280771507014971,21733,0.267961035703868,20739,0.293853261817288,22749
"Daramalo",0.354188635562056,12248,0.346018872463369,11981,0.362422903519264,12516
"Darimu",0.298782764644894,34291,0.291665926644223,33519,0.305974496390373,35071
"Daro Lebu",0.300897491927925,21731,0.259667268040948,19201,0.346062599125143,24456
"Dasenech (Kuraz)",0.698497878619394,399081,0.533013868608687,317543,0.834722169503355,468025
"Dawe Kachen",0.201944806352802,7352,0.135748899625733,4880,0.286242267488367,10537
"Dawo",0.386570974079555,32982,0.375046815291337,32005,0.398192469872453,33967
"Dawunt",0.40340093372363,19776,0.380316219845865,18638,0.426799700615076,20931
"Debark",0.247705192582246,29443,0.229201917403569,27274,0.266947527430026,31698
"Debay Telatgen",0.400977340864777,42515,0.38372119136177,40693,0.418402918639507,44356
"Debeweyin",0.409242081043702,0,8.02000423931387e-06,0,0.999886903116599,0
"Debre Elias",0.363525927760479,40880,0.352435707185674,39719,0.374724797923888,42053
"Debre Libanos",0.440510292841488,29354,0.419230964755133,27935,0.461954500152861,30784
"Debresina",0.449716966804754,81052,0.425172755018543,76606,0.474439997746271,85531
"Debub Achefer",0.262289786836222,45656,0.255134313054268,44421,0.269541086282022,46908
"Debub Bench",0.322112144205878,35248,0.311924400401407,34139,0.332428000084421,36372
"Decha",0.351689121198683,44017,0.342765390017709,42960,0.360690694494328,45084
"Deder",0.345900498910494,0,0.0112851977194963,0,0.92544549595541,0
"Dedesa",0.333134554002234,28113,0.326793088737181,27569,0.339522243938479,28660
"Dedo",0.35380072229398,105741,0.347070563701856,103827,0.360575053246513,107667
"Dega",0.311800670590262,22192,0.306612861023533,21829,0.317024911127426,22557
"Dega Damot",0.355634751675156,50545,0.343408138631029,48785,0.368003016685082,52326
"Degehabur",0.37687033590431,0,2.14366238078786e-05,0,0.999490625345587,0
"Degehamedo",0.356119411422695,0,3.9364166953178e-05,0,0.99877961221064,0
"Degeluna Tijo",0.28538833649003,53038,0.269937881337581,50220,0.301214346937402,55924
"Degem",0.4324351178676,56089,0.412786142074875,53570,0.452242291431772,58627
"Degua Temben",0.0987388962607601,9297,0.0476195536117247,4518,0.177767468004724,16650
"Dehana",0.32763414509141,32809,0.30770813815928,30827,0.348033422998002,34838
"Dehas",0.916477847515247,50665,0.810390800267259,44937,0.972573293728614,53674
"Dejen",0.404490980153542,36385,0.387646564353102,34883,0.421502595451728,37903
"Delanta",0.434102920616405,50791,0.407336262685124,47653,0.461155037926282,53962
"Dembecha",0.355007671482389,60873,0.34435755081567,59010,0.365765157007945,62755
"Dembel",0.407541905460212,0,0.000208369365091384,0,0.998593360683631,0
"Dembia",0.237697371138203,59372,0.22516311381164,56346,0.250597492108594,62484
"Denan",0.375056473848352,0,0.00012349544682345,0,0.998029316125066,0
"Dendi",0.392767465104868,103952,0.380980297392552,100841,0.40464807477337,107087
"Denibu Gofa",0.380947377808675,31576,0.371715558521663,30815,0.390244200555609,32342
"Dera",0.364772953788237,173298,0.348114423174931,165941,0.381632506075107,180732
"Derashe",0.345815323560314,24301,0.334974228705445,23543,0.356779984165388,25068
"Dessie Zuria",0.495568787512351,137963,0.461672637161081,128424,0.529490250501222,147507
"Dewa Cheffa",0.517509797217855,70085,0.480924724156189,65127,0.55395445105844,75027
"Dewa Harewa",0.540019010053352,36271,0.500842759410827,33658,0.578832493906437,38862
"Dewe",0.535844863914672,42808,0.461700697140508,38109,0.608944458784948,47447
"Dibat",0.308861080159032,24131,0.297286611302999,23263,0.320611382064116,25012
"Didu",0.310913036731847,21515,0.302261083072353,20926,0.319666854296036,22110
"Diga",0.315746118857561,31790,0.309358222066986,31142,0.322187144576247,32444
"Diguna Fango",0.30088482688504,19540,0.292402241679735,18991,0.30947217952961,20094
"Dihun",0.328036536844082,0,0.000660979492013189,0,0.985483768180931,0
"Diksis",0.287406055828856,48893,0.271139005256745,46109,0.304092265105549,51750
"Dila Zuria",0.253215910745173,2780,0.235735132243436,2588,0.271307724058456,2978
"Dillo",0.870747950861303,31446,0.724508144240495,26251,0.949868820284131,34341
"Dima",0.564457731810462,8146,0.527404051192385,7612,0.599869379790967,8657
"Dinsho",0.25026826067909,8495,0.229024402754479,7773,0.272439227595179,9250
"Dire",0.882338267303584,77837,0.769784742174361,68101,0.949635945686439,83652
"Dire Dawa",0.388613268625412,0,0.00114561840215383,0,0.992045347009316,0
"Dire Dawa/Town",0.384723140244636,0,0.00174570774922654,0,0.988351764366478,0
"Dita",0.34832350568007,36755,0.340653713100675,35958,0.356052018744371,37559
"Doba",0.351028978583221,29546,0.0415736865386701,4286,0.827469225011806,68375
"Dodola",0.252978659803089,66186,0.236854880734337,62001,0.269622981653422,70506
"Dodota",0.323207698619882,38306,0.308414626707174,36530,0.338270216312818,40114
"Dolo Odo",0.710474773333292,8255,0.0803764593293372,2802,0.996334947521371,10191
"Dolobay",0.573606761831186,0,0.00448178751726328,0,0.99889459413085,0
"Dorani",0.306291219862398,7496,0.297262097218571,7276,0.315431492618421,7719
"Doya Gena",0.311801601286066,28055,0.299677512624912,26961,0.324124546501619,29168
"Dubti",0.242529436564772,13581,0.062337471499569,4207,0.553883430604555,29568
"Dugda",0.348967818744812,54596,0.329581755087844,52358,0.368622327977237,56873
"Dugda Dawa",0.45624056940153,80001,0.403891970563365,72248,0.50740446640608,87733
"Dulecha",0.437907075669284,73584,0.408703232716577,68694,0.467422025591416,78528
"Dune",0.32446296017873,17340,0.314152484930033,16790,0.334905752602125,17897
"East Belesa",0.285442005586079,51964,0.26856592218107,48923,0.302773184161661,55087
"East Esite",0.34112875004529,56290,0.327463238963059,54045,0.354988404006688,58569
"East Imi",0.338357524156825,0,0.00118229571977383,0,0.981080878896784,0
"Ebenat",0.310989351195082,71941,0.295080487086914,68369,0.327234032050979,75588
"Eferatana Gidem",0.493668906819275,26463,0.45956128804438,24635,0.527816677173518,28293
"Ejere",0.403299321910913,43738,0.389104506840516,42197,0.417616873099601,45292
"Elidar",0.113418159780803,5281,0.0082228196457585,371,0.458344637668898,20781
"Enarj Enawga",0.416009525096928,58212,0.396743064370298,55537,0.435459393414329,60915
"Enbise Sar Midir",0.432937966305162,41563,0.411490463996531,39510,0.454566742876151,43634
"Endamehoni",0.22008336946509,12702,0.161991432940161,9265,0.288347631467227,16763
"Enderta",0.0987817555412878,12417,0.0416602671188063,5250,0.192860472541332,24218
"Endiguagn",0.339953759548673,20340,0.331659074564053,19844,0.348321752227218,20841
"Enemay",0.399059605016871,61941,0.381286431529619,59178,0.417030262262588,64736
"Enemorina Eaner",0.373309042158413,96529,0.364435521025999,94273,0.382246509283356,98800
"Ensaro",0.44506463424836,9690,0.422530561824655,9200,0.467768484694968,10184
"Erebti",0.0859661562635766,5069,0.021626069623903,1351,0.222953726685833,12726
"Erer",0.415363410263354,0,0.0109868882727413,0,0.966477200232815,0
"Erob",0.0225061481748353,392,0.0012920551096252,20,0.106320274709905,1906
"Esira",0.370627753515621,20138,0.3626756571036,19724,0.378634117305492,20554
"Ewa",0.364167254042153,127373,0.284551148322624,101061,0.451114185044547,155835
"Ezha",0.373891458552485,46687,0.365391975542151,45624,0.382449474465651,47759
"Fagta Lakoma",0.28955997596311,51897,0.281858429428379,50516,0.297351990782132,53295
"Farta",0.296599992430409,71299,0.284141647593804,68297,0.309288236212682,74356
"Fedis",0.362340522649555,0,0.000592874999621226,0,0.992705002167579,0
"Fentale",0.390094315146629,46251,0.363828534691286,43211,0.416775537443799,49347
"Ferfer",0.425329514498221,0,8.31453876332043e-07,0,0.99998941710695,0
"Fik",0.332562385609903,0,0.000298225160179524,0,0.992320764626646,0
"Filtu",0.648523324898727,17998,0.208054766037508,7855,0.947158707889833,24606
"Fogera",0.268110840327472,61158,0.256970154419217,58645,0.279487347703667,63722
"Gaji",0.298453085615165,9010,0.292131213175161,8815,0.304832587576463,9206
"Gambela Zuria",0.322004314111274,47025,0.311711152964652,45538,0.332424679747856,48530
"Gambella Wild Life Reserve",0.154492065333774,0,0.111368977213221,0,0.206210873452995,0
"Ganta Afeshum",0.0326320284965657,2129,0.00391009759326153,254,0.120643235709761,7886
"Gasera",0.22802655277379,31227,0.208729531094046,28561,0.248224269548765,34019
"Gashamo",0.394493475184725,0,7.49241106913756e-07,0,0.999975104992597,0
"Gawo Kebe",0.364469321460745,20273,0.35635862192572,19842,0.372631672393719,20706
"Gaz Gibla",0.372283653473563,25392,0.348345047200689,23762,0.396692717879261,27054
"Gechi",0.335285047843516,30265,0.329465878759709,29739,0.341142172848265,30794
"Gedeb Asasa",0.238867257013939,58917,0.223348308814099,55100,0.254916722008051,62864
"Geladin",0.401440966944308,0,3.74967010370068e-07,0,0.999988378965576,0
"Gelana",0.325953376141156,13337,0.311830234385626,12820,0.340272598326685,13861
"Gelila",0.370244222429546,11662,0.36091528342995,11371,0.379645771558353,11955
"Gembora",0.343111642030771,33402,0.335038567938947,32625,0.351252757680504,34186
"Gemechis",0.322583821837821,51569,0.0639236618829945,10796,0.722391418397303,113703
"Gena Bosa",0.37103017129772,44709,0.363633049822864,43840,0.378473248780206,45584
"Gera",0.333862504336261,39271,0.325717509121939,38345,0.342085578814284,40205
"Gerar Jarso",0.445342211407584,28092,0.423232952659647,26731,0.467609087204507,29462
"Gerbo",0.352181822589198,0,0.000114009360939119,0,0.997259379323395,0
"Gesha (Deka)",0.319437812180553,37237,0.311403317770202,36340,0.32755475112693,38143
"Geta",0.359891411984118,28616,0.350159502771952,27842,0.369709350136254,29396
"Getawa",0.332163513019743,29737,0.323040461935703,28924,0.341409402405092,30561
"Gewane",0.467459748887209,56257,0.160951154237955,25038,0.798743683074013,88945
"Geze Gofa",0.374582447015133,22063,0.365881290056203,21550,0.38334392642325,22580
"Gibe",0.346208384575829,32820,0.338579789033217,32099,0.353896165209026,33546
"Gida Ayana",0.322571931559913,55874,0.315241366610998,54632,0.32996481397261,57126
"Gidami",0.451131987505017,22344,0.439489009710256,21805,0.462810015182909,22887
"Gidan",0.396302992262021,50734,0.370315686389033,47405,0.422727267085201,54118
"Gimbi",0.308213365008084,17575,0.300316168562703,17108,0.316237217733995,18051
"Gimbichu",0.385749203174117,27743,0.367156221539276,26411,0.404591722079014,29092
"Gimbo",0.333300128071815,24951,0.326296970851457,24438,0.340360016872224,25467
"Ginde Beret",0.380013237637157,56233,0.36925114343985,54682,0.390863612647767,57796
"Ginir",0.196659448093388,35935,0.140165233580093,27969,0.273196100154026,46114
"Girawa",0.35099441021868,0,0.00176923912935315,0,0.980890000429058,0
"Girja (Harenfema)",0.251014141380201,15548,0.232829501499232,14437,0.269872331228462,16699
"Gishe Rabel",0.526514340448757,29972,0.492733608507832,28047,0.56011412755124,31885
"Gnangatom",0.631385279839722,264688,0.597589564383441,250353,0.663913644886869,278393
"Goba",0.224909110589402,14911,0.203758639595529,13494,0.247161431300992,16404
"Goba Koricha",0.327845704330884,30852,0.276262420850643,25563,0.384247587834378,36663
"Gobu Seyo",0.325980070362562,30227,0.320464744360202,29716,0.331530242917149,30742
"Gode",0.396047473712448,0,7.60369959991843e-05,0,0.999119314008637,0
"Godere",0.309109905347399,8326,0.299435312547724,8077,0.318910364229955,8579
"Gog",0.366289551288734,863,0.32706628018575,730,0.407680583117924,1006
"Golo Oda",0.319156173351558,0,0.00752678376940027,0,0.925236177580793,0
"Gololcha Arsi",0.299702090640165,54801,0.278940060380701,51045,0.32109226960653,58668
"Gololcha Bale",0.231304185964391,30446,0.181365971196055,25108,0.29171639576205,36629
"Goma",0.329952082834647,47930,0.322020732460109,46761,0.337957957942244,49109
"Goncha Siso Enese",0.396096978452922,53266,0.378242009132037,50891,0.414156350050416,55668
"Gonder Zuria",0.226372531868469,51840,0.213860734074466,48923,0.239301003158889,54859
"Gonje",0.323929101772565,18412,0.313512570771097,17812,0.334477798891853,19020
"Gorche",0.275685067260125,35460,0.262772499344373,33785,0.288882295769675,37173
"Goro",0.262006521959397,48003,0.245777822655484,45868,0.279065471673542,50223
"Goro Baqaqsa",0.361348957604108,3764,0.0562178321147137,816,0.813503236650569,8034
"Goro Dola",0.564861348079378,40515,0.461429883871514,33172,0.662540540005576,47566
"Goro Gutu",0.364013456562102,0,0.0149121180523177,0,0.925078779640527,0
"Guagusa Shikudad",0.313731602394069,24483,0.305045153890982,23816,0.322516068372498,25157
"Guangua",0.297290044661426,85011,0.288627722471973,82764,0.306060514429902,87285
"Guba",0.483540402565499,10556,0.443284031315873,9674,0.524040276402963,11441
"Guba Lafto",0.424184380417553,70471,0.39493368375384,65573,0.453839402754507,75441
"Gudetu Kondole",0.444154883221255,30564,0.434848140430749,29918,0.453488551691557,31212
"Guduru",0.374986974617176,55494,0.356903813687728,53126,0.393354546550694,57913
"Gulina",0.286303893427144,43812,0.200915708449082,31391,0.386172927961521,58142
"Guliso",0.304499851073874,14974,0.298398875719953,14674,0.310651695287649,15276
"Gulomekeda",0.0277674719914279,1383,0.00139093993424141,69,0.134870362069974,6738
"Gumay",0.340525217147059,18923,0.334100381298446,18566,0.346993892954497,19283
"Gumer",0.336743340295677,27125,0.327901116741143,26413,0.34567106448053,27844
"Guna",0.307071971293261,26443,0.28779026549544,24786,0.326865994059004,28145
"Gunagado",0.392130027133409,0,1.85214069412721e-06,0,0.999946393887957,0
"Gura Damole",0.312475650493427,9684,0.222639795775068,7501,0.414183540032755,12128
"Guradamole",0.239469058495278,8557,0.0494944432044451,2104,0.597482557316889,20235
"Gurafereda",0.36627099393925,5742,0.353397857845587,5548,0.379257200444537,5938
"Gursum",0.374500397463178,0,0.000136129264251779,0,0.997993123529494,0
"Guto Gida",0.3098099136409,31036,0.301911297106611,30196,0.317854240482266,31895
"Guzamn",0.371856638729502,47519,0.360121921493074,46007,0.383703706409603,49046
"Habro",0.314193032043855,29239,0.265554989501025,24609,0.36731110528221,34303
"Habru",0.435978818997089,84517,0.399777341211401,77481,0.472763718023027,91671
"Hadelela",0.505879054849032,42854,0.44708249134586,37304,0.56460659927123,48397
"Hadero Tubito",0.327243311383673,29286,0.317038781771431,28382,0.337572547735475,30201
"Hagere Mariam",0.414915848496949,33625,0.393993693549336,31941,0.436068660269882,35328
"Halu",0.311454204269962,5797,0.304640708800777,5673,0.318328724518914,5922
"Hambela Wamena",0.272402571758262,14340,0.257914452033438,13588,0.287260554919893,15111
"Hamer",0.472856214330321,266654,0.398229020706384,229462,0.542959213395525,301919
"Hamero",0.318718039360916,0,0.000552760604468484,0,0.985263849206066,0
"Harar",0.359843892659451,0,0.00048656649104265,0,0.993340202417856,0
"Harena Buluk",0.230263294670208,13009,0.21093671895865,11921,0.250472875057424,14147
"Hareshen",0.396428473665483,0,1.09906728843406e-06,0,0.999969815206986,0
"Hargele",0.389013287939654,0,0.00133299788078113,0,0.991693653257215,0
"Haro Limu",0.317828144758125,25727,0.308312436682797,24975,0.327453648075345,26487
"Haro Maya",0.359808953006087,0,0.000911396545967625,0,0.989533303887214,0
"Haru",0.300123922536861,9813,0.294596688016905,9633,0.305693659092297,9995
"Hawa Galan",0.28509437447076,6513,0.276731371400013,6315,0.29357018068562,6715
"Hawi Gudina",0.283657026932783,25725,0.174558335955241,18371,0.435072706300563,35489
"Hawzen",0.0577824870381771,5080,0.0189415354822282,1618,0.134367157266078,12013
"Hidabu Abote",0.421785005478686,35505,0.402688133926618,33917,0.441054440933439,37107
"Hintalo Wejirat",0.136729731375577,20829,0.070247867521494,10911,0.233438108877818,35079
"Hitosa",0.321905233559051,37324,0.303541736342944,35212,0.340695039681736,39487
"Homa",0.295451832033592,2157,0.290051335152485,2118,0.300894110248063,2197
"Homosha",0.633406409078698,1045,0.617676522234433,1020,0.648921913274444,1071
"Horo",0.356440041686568,11941,0.344836851976839,11537,0.368099930882724,12348
"Hudet",0.7803880739786,20115,0.60487539366674,15704,0.902203540380727,23225
"Hulet Ej Enese",0.364656010869654,91964,0.350427976863093,88405,0.379060761199474,95567
"Hulla",0.274611935934061,35307,0.262637537572205,33787,0.286836000092248,36859
"Humbo",0.328373251174026,27643,0.321094258151982,27065,0.335718394130278,28225
"Hurumu",0.320693564020011,13452,0.313199433640402,13151,0.328259779675542,13755
"Ibantu",0.323792005936208,20043,0.31424788288445,19455,0.333440708644368,20638
"Ifata",0.386353498516473,23193,0.375686796526675,22556,0.397101994264113,23835
"Ilu",0.394056129799743,15050,0.380768302082166,14542,0.40746265923826,15562
"Inkolo Wabe",0.250740742934716,27378,0.234967190057437,25657,0.267018773956986,29154
"Itang",0.424928878685157,18998,0.407703277091854,18272,0.442390837670497,19726
"Jabi Tehnan",0.33932469560814,69622,0.329865315179455,67672,0.348879442125427,71593
"Jama",0.475105543355249,55527,0.446418276228294,52164,0.503914916658174,58905
"Janamora",0.247964753707666,20913,0.229801796560029,19380,0.266815181088043,22505
"Jarso",0.350290841895549,22088,0.15537016725977,21685,0.659679378191047,22494
"Jarte Jardega",0.354616139005297,38785,0.346301449914226,37973,0.362996554169774,39603
"Jawi",0.343757065686379,28294,0.325473412258947,27141,0.362441181699624,29470
"Jeju",0.314006169577535,56210,0.296449915324674,53072,0.33196558641698,59420
"Jeldu",0.390690907108238,97792,0.379480332672191,94963,0.401987803894426,100643
"Jibat",0.368854726589258,6568,0.360692738655552,6444,0.377080137758803,6692
"Jida",0.431656234993295,38265,0.410695554241621,36404,0.452801057106864,40142
"Jijiga",0.385235025067272,0,3.23780097373325e-05,0,0.999450889009213,0
"Jikawo",0.122103412587174,3880,0.0753334727222087,2401,0.183079503231858,5793
"Jille Timuga",0.49274886234698,67685,0.45747391083737,62818,0.528075068242734,72561
"Jimma Arjo",0.326608360080214,31321,0.320421553430772,30744,0.332841569506614,31901
"Jimma Genete",0.316490901652289,8392,0.305376945427082,8139,0.328019605711409,8653
"Jimma Horo",0.376903304951353,15472,0.365903488076897,14995,0.388010754392404,15954
"Jimma Rare",0.343539295760874,22441,0.336133187024976,21974,0.351001737649507,22912
"Jore",0.0476391807365497,328,0.0252191063749126,161,0.0815850538517214,596
"Kacha Bira",0.319706364823719,11514,0.310772035927739,11192,0.328739707730871,11839
"Kafta Humera",0.280554107095218,25442,0.226203878910751,20232,0.343223623133933,31544
"Kalu",0.511505633644933,121410,0.474570585218128,112673,0.548343168160008,130124
"Kamashi",0.321011386962507,3410,0.311563616342997,3314,0.330567788136068,3507
"Kebena",0.380380370812773,22799,0.370024618049266,22166,0.3908280577592,23438
"Kebribeyah",0.38727040516484,0,1.17131823776764e-05,0,0.999741219152191,0
"Kebridehar",0.392526031050317,0,1.44046215781686e-05,0,0.999707829289983,0
"Kediada Gambela",0.307556030362626,37810,0.29885534619902,36744,0.316365132629993,38889
"Kelafo",0.417163320096377,0,8.5054709965447e-06,0,0.999905712685089,0
"Kelela",0.469227926847948,94217,0.442735392439276,88872,0.495847187823383,99586
"Kelete Awelallo",0.071040699101364,5737,0.0241194080179827,1928,0.15892234048871,12909
"Kemba",0.366853573893795,72210,0.35776478950447,70508,0.376014386566796,73925
"Kembibit",0.418556471099232,27436,0.397056758201154,26025,0.440290503106468,28863
"Kercha",0.283120349465321,23520,0.266714909750409,22181,0.299962537377317,24894
"Kersa",0.347413812102284,86391,0.246906428796014,84427,0.51626108984754,88389
"Kersana Malima",0.374770714706041,8715,0.362123873571911,8421,0.387547003530345,9012
"Kewet",0.464344950840415,46023,0.433702171148263,42988,0.495191139010102,49077
"Kiltu Kara",0.369594797384941,19875,0.362406683058383,19488,0.37682393908328,20263
"Kindo Dida",0.359266657744886,26743,0.352382398744954,26234,0.36619404161941,27256
"Kindo Koysha",0.359750521673597,15104,0.351838148249368,14797,0.367719803579153,15413
"Kiremu",0.331338568620558,25456,0.323985175889585,24957,0.338754716547598,25960
"Kobo",0.337764912835741,103681,0.293260333839883,89684,0.385143938311218,118607
"Kochere",0.274587599127503,9421,0.25904005238573,8889,0.290551071606247,9968
"Kochere Gedeb",0.278236465639231,16189,0.26521916864164,15425,0.291552090950465,16972
"Kofele",0.268987040838714,71219,0.255909928988826,67828,0.28237333138075,74687
"Kokir Gedbano",0.379689313729001,64349,0.369971043476481,62706,0.38948082998171,66004
"Kokosa",0.285941817246483,74512,0.271507773536217,70769,0.300709192758048,78340
"Kola Temben",0.11905326431039,15820,0.0715210177188192,9528,0.184694292419598,24475
"Kolfe - Keran",0.00347022232836833,0,0.000123693914011655,0,0.018875494185907,0
"Kombolcha",0.376676425592316,0,0.000448107138571224,0,0.995231395822424,0
"Kondaltiti",0.37573348432067,24139,0.364324203678164,23407,0.3872472340417,24877
"Koneba",0.0558525932360099,1201,0.0120963356348381,266,0.158424243498826,3362
"Konso",0.359775195710095,49877,0.346081932637154,48074,0.373635625952417,51702
"Konta",0.360947525009594,36514,0.353025592861444,35773,0.368928406638218,37260
"Kore",0.262535264690294,63905,0.248586209550807,60525,0.276847872444656,67373
"Kucha",0.360063209537374,57414,0.352799290991257,56261,0.367375321168464,58575
"Kuni",0.310491927629053,44951,0.0829539925626024,15174,0.664846471017694,88647
"Kurfa Chele",0.354762641104081,0,0.00162087711440979,0,0.983004330538373,0
"Kurmuk",0.693570283762019,14201,0.675901775921628,13847,0.710821669871293,14547
"Kurri",0.123582542577746,2779,0.0333948173105763,788,0.302329553317132,6587
"Kutaber",0.472339360607391,35550,0.44088349664065,33175,0.50395922910909,37937
"Kuyu",0.419985598145472,65977,0.402963774251132,63315,0.437149447784927,68662
"Laelay Adiyabo",0.0165523166951976,3035,0.00293685426177738,541,0.0533600928401457,9717
"Laelay Maychew",0.0520485653148182,3301,0.00780851764380962,474,0.178924334476382,11480
"Lagahida",0.315182594439005,0,0.00110940670992991,0,0.976400377990509,0
"Lalo Asabi",0.295001304109117,14033,0.288334882065343,13716,0.301731727821039,14353
"Lalo Kile",0.278559699567801,31948,0.272388813833428,31250,0.284794293461444,32653
"Lanfero",0.299787551982515,33166,0.289392778287815,32008,0.310337751738829,34342
"Lare",0.354819365762618,16192,0.31819827564839,14635,0.393443304553867,17822
"Lasta",0.374874265180795,29573,0.352066692903453,27774,0.398103410962632,31406
"Lay Armacho",0.258651671401078,48578,0.243010064305489,45708,0.274806450896985,51542
"Lay Gayint",0.338298034689998,54839,0.321890128446251,52229,0.355001510854597,57496
"Legambo",0.484772413722464,52640,0.454967810513949,49402,0.514648415939447,55886
"Lege Hida",0.270728345815012,9889,0.0295678164855949,2089,0.766975396702625,23855
"Legehida",0.473292142173634,18965,0.44336860689732,17766,0.503359586549084,20170
"Leka Dulecha",0.318936357421358,15430,0.313632337607945,15168,0.324275177631308,15693
"Liben",0.742586487704395,92067,0.6023082236837,74367,0.850902255886256,106145
"Liben Chukala",0.358515792410343,34800,0.344761149074445,33462,0.372446082741588,36155
"Libo Kemkem",0.25788260672651,31348,0.246068244596545,29921,0.26996415994726,32807
"Limu",0.321658739972353,61629,0.312933392114629,60037,0.330474548548597,63238
"Limu Bilbilo",0.25590389205839,73684,0.240228227646478,69160,0.27206308902983,78350
"Limu Kosa",0.348062138993448,59461,0.340008204599301,58104,0.356183210573223,60828
"Limu Seka",0.344491857292984,69147,0.337445740191701,67713,0.351591148148862,70593
"Loka Abaya",0.319167054395032,36510,0.309455483136181,35409,0.328996517505843,37625
"Loma Bosa",0.372514446274757,28451,0.36438495580555,27854,0.380698296892481,29052
"Lome",0.351519131344919,38978,0.336176960253756,37269,0.367093494986786,40714
"Lude Hitosa",0.294575724190457,23681,0.279369063348009,22459,0.310129522179015,24931
"Maji",0.487888523058033,10740,0.465520405177151,10274,0.509928901042253,11203
"Male",0.384538271089846,46360,0.372362507172311,44903,0.396821555869674,47830
"Malga",0.276190082038407,24374,0.262632063630809,23182,0.290064681057894,25593
"Malka Balo",0.331756403924811,0,0.0173780943053762,0,0.884574405800044,0
"Mana Sibu",0.43241759632172,53242,0.424232381690804,52239,0.440628008690936,54247
"Mandura",0.310049625222303,9166,0.299502378093573,8878,0.32074707534398,9457
"Maokomo Special",0.561665925956881,21344,0.547189911209875,20807,0.576053877109001,21878
"Mareka",0.362960172211846,44703,0.354440046173969,43686,0.371545170454463,45728
"Mareko",0.314266203109434,22475,0.303587884994493,21713,0.325092814380384,23247
"Masha",0.306932233787361,10587,0.298050170712384,10292,0.315922849565396,10885
"Mecha",0.281917506865024,86114,0.274824812839528,83946,0.289091555457385,88307
"Meda Welabu",0.485557581737996,68258,0.369875913014227,54497,0.596083934543409,81579
"Medebay Zana",0.0701183029543717,8340,0.0213353213562445,2454,0.173802461211238,20955
"Megale",0.125335911754428,6240,0.0489000059433596,2478,0.253253543263926,12471
"Mehal Sayint",0.442151417883004,30805,0.418614428156033,29154,0.465882464982828,32471
"Mekdela",0.44871428018926,79017,0.422562338134149,74378,0.475071820496464,83694
"Meket",0.381043698184194,83846,0.359453903075657,79071,0.40298662162316,88700
"Meko",0.316082150359918,8107,0.310263386197648,7964,0.321943857346231,8252
"Melekoza",0.371369255160645,32972,0.362968585828606,32225,0.37982808154914,33724
"Melka Soda",0.464253113481118,39740,0.404226552880994,35182,0.523785358797987,44315
"Mena",0.297935777609071,64943,0.261508483258691,60710,0.335902781158651,69339
"Menge",0.568291858141703,1985,0.553726671029738,1935,0.58276080859682,2034
"Mengesh",0.302361694191502,3045,0.292390730691203,2946,0.312472660350041,3145
"Menit Goldiye",0.336921486405331,28950,0.328517841542163,28259,0.345403198275745,29647
"Menit Shasha",0.360585596742698,15567,0.34938067514832,15079,0.371893201832182,16060
"Menjiwo",0.347455145348926,34288,0.339929396653976,33560,0.355041998935816,35021
"Menz Gera Midir",0.510940418186992,49563,0.477042903742268,46235,0.544764160823546,52884
"Menz Keya Gabriel",0.502517243874518,21976,0.473174448032038,20693,0.531847916616466,23259
"Menz Lalo Midir",0.500979306409979,16331,0.4709400629956,15350,0.531015070519506,17311
"Menz Mama Midir",0.48092595276671,41970,0.450044377348723,39264,0.511918045388242,44685
"Merahbete",0.465970698998113,41565,0.441858845653062,39426,0.490200708049437,43715
"Mereb Leke",0.0401631863317129,3879,0.00145572890937671,147,0.211911047434124,20225
"Merti",0.332497170114961,44291,0.312896615493599,41683,0.352535853727139,46958
"Mesela",0.333680188851639,11175,0.0299267207842997,1271,0.839306965842339,27242
"Meskan",0.331767735644914,52602,0.320549224138244,50812,0.343154506024265,54420
"Meta",0.359169112261523,0,0.00540530421448928,0,0.961638343270219,0
"Meta Robi",0.413897782277668,77378,0.399208955696082,74642,0.428700996810719,80135
"Metema",0.426883823656379,67557,0.382925485765942,60580,0.471918785117742,74700
"Metu Zuria",0.304540840549691,16225,0.29665158155637,15805,0.312516655457916,16649
"Meyu",0.318466375547348,0,0.00205107277229214,0,0.96507712306005,0
"Meyumuluka",0.342066624468874,0,0.000461335848938929,0,0.991365628989727,0
"Michakel",0.361176435010176,57853,0.349559735800274,55987,0.372914620817616,59738
"Mida Kegn",0.371278797098795,38299,0.362572861266849,37455,0.380047512821649,39148
"Midega Tola",0.351660044420815,0,0.000662458679120955,0,0.990555773023532,0
"Mierab Azenet Berbere",0.327855665495006,31976,0.31967933709775,31186,0.336110603462127,32773
"Mierab Badawacho",0.309145387466831,21950,0.29995547656441,21297,0.318448580871802,22611
"Mieso",0.361998795874748,52558,0.244265277491428,32927,0.504997040376373,76774
"Miesso",0.410143692335104,11413,0.0845467224679938,3446,0.82007144610962,21452
"Mile",0.356218344608616,27562,0.110464928996529,10732,0.693424947014352,49938
"Mimo Weremo",0.466268813547618,33178,0.440135514530365,31323,0.492538833109939,35044
"Minjar Shenkora",0.388200541620833,57401,0.3680059430427,54461,0.408680802835402,60382
"Mirab Abaya",0.346007175228961,16185,0.333105141095814,15830,0.359035093445222,16544
"Mirab Armacho",0.453761445580512,37041,0.397325853465888,32378,0.511386764324557,41805
"Misha",0.348688297441185,38516,0.340403598017365,37594,0.357041269330621,39446
"Misrak Azenet Berbere",0.327729482652712,9953,0.320065674850722,9721,0.33546200401425,10188
"Misrak Badawacho",0.289263757339584,24892,0.279061485534065,24029,0.299628623922201,25769
"Miyo",0.952835070936299,58272,0.867982376894007,53147,0.989307907838942,60458
"Mojan Wedera",0.469684245001245,39050,0.441916591004443,36733,0.497595113125551,41380
"Moretna Jiru",0.477273068077274,30208,0.450964109128595,28542,0.503672579771332,31880
"Moyale",0.926676019255894,168821,0.783562413860969,148176,0.986048443679515,177017
"Muhur Na Aklil",0.378802937280095,41080,0.370169699475726,40148,0.387493840494112,42019
"Mulo",0.439939384262786,31413,0.422014392559934,30135,0.457982993684232,32699
"Munessa",0.271481985837706,59393,0.257504679944252,56326,0.285802522878573,62535
"Mustahil",0.430621710613072,0,1.41230193064353e-06,0,0.999985659356499,0
"Naeder Adet",0.104538393808217,11175,0.0498379956536191,5175,0.191842479701148,20894
"Nefas Silk",0.187260811574306,3644,0.133598807918613,2600,0.251463317607205,4894
"Nejo",0.309019312007581,35820,0.301818481117312,34984,0.316290267839461,36663
"Nenesebo",0.252819374846758,41137,0.234873455095673,38322,0.271419895899219,44050
"Nole Kaba",0.300387302076299,9623,0.294221301212267,9426,0.306608251414615,9821
"Nono",0.346887059276495,5953,0.33963694250629,5827,0.354190472079006,6079
"Nunu Kumba",0.331024354792661,20771,0.32490080202073,20398,0.337190543581096,21147
"Odo Shakiso",0.334548042352613,31576,0.305252272738344,28965,0.364716916480959,34264
"Ofa",0.342142846836562,34955,0.335453117198317,34290,0.348879535399095,35624
"Ofla",0.271096780510084,29386,0.225256301830724,24253,0.321438068582354,35045
"Omo Nada",0.358560906582923,128109,0.351490386290689,125565,0.365677827349853,130671
"Pawe Special",0.298965908575835,11082,0.29057953420042,10773,0.307458510449548,11395
"Quara",0.464926550310308,58008,0.41622332893159,51956,0.514202379632062,64136
"Quarit",0.333419148611621,33717,0.324006480700862,32770,0.342930955531694,34674
"Raya Azebo",0.196545202113575,46025,0.121709272823097,29007,0.293904082665798,67848
"Rayitu",0.233778968116394,6964,0.0250495457357149,1160,0.681996617273173,18743
"Robe",0.257966177525302,60469,0.240593602513713,56466,0.275928379210767,64604
"Saba Boru",0.521481301732281,54921,0.436059293367721,46403,0.604032074980991,63327
"Saesie Tsaedaemba",0.0367541397032684,4823,0.00699050088632038,993,0.115625546314766,14473
"Saharti Samre",0.170948796409085,23324,0.116124829684736,15703,0.240065469541169,32988
"Sahla",0.295407968523755,25246,0.26949506074369,23026,0.32241721535687,27562
"Sale Nono",0.300357960755117,5443,0.290703878978669,5269,0.310145880756582,5619
"Sankura",0.301468345111438,20961,0.291265512107957,20256,0.311820739808897,21677
"Sasiga",0.31815487709628,23971,0.31176397864317,23485,0.324595114561895,24462
"Sayilem",0.319243963331714,19279,0.310659961575212,18785,0.327921946652089,19777
"Sayint",0.457724831028492,63030,0.4321861084387,59497,0.483413729681794,66583
"Sayo",0.301310432637332,24171,0.293045655833281,23523,0.309673243227607,24826
"Sayo Nole",0.308798048651411,8177,0.303146293920507,8027,0.314494044599397,8328
"Seden Sodo",0.378532274904361,27432,0.367836090806297,26652,0.389318123811521,28218
"Segeg",0.341554924809797,0,0.000292583788715795,0,0.993570608212682,0
"Seka Chekorsa",0.331972038909497,36563,0.322856198399387,35558,0.341184379768714,37579
"Sekela",0.315854520938467,50334,0.307953525021204,49080,0.323834420929641,51600
"Sekoru",0.36982598404353,95994,0.357874179450164,93118,0.381834963267825,98886
"Sekota",0.30266882654763,47867,0.276147288229412,43764,0.330521334898792,52166
"Selahad",0.291735697929033,0,0.00148642198294455,0,0.96089512386638,0
"Selamgo",0.39353797231953,42204,0.38031312137578,40724,0.406863474639997,43693
"Selti",0.316996870629244,45644,0.307141230035804,44239,0.326977467995166,47066
"Semen Achefer",0.256113998549592,44956,0.246619501798261,43182,0.265829943265966,46778
"Semen Bench",0.316215365244512,25158,0.307065707358449,24464,0.325473192239639,25860
"Senan",0.384069280738202,51509,0.370085775769277,49642,0.39819232213347,53395
"Serer/Elkere",0.321480807352838,0,0.0044440512826484,0,0.943626330766011,0
"Seru",0.262257234908054,29880,0.238502236356459,27397,0.287359408484549,32477
"Setema",0.334044328798762,40469,0.326484632143728,39579,0.341671754104269,41366
"Seweyna",0.25399159950537,10375,0.0257913591217074,3174,0.749967647856579,23325
"Shalla",0.307201301759367,33571,0.291267959901862,32284,0.323431726704848,34881
"Shashemene Zuria",0.273945118914244,78295,0.261313236739093,74698,0.28684970473966,81970
"Shashogo",0.300150834530674,28966,0.290495980530864,28040,0.309939567042357,29905
"Shay Bench",0.334452184651415,32452,0.326554116987542,31712,0.342423023895458,33199
"Shebe Dino",0.255679535619147,12474,0.238846230629053,11652,0.273069206807236,13322
"Shebe Sambo",0.343790416456515,66679,0.336383225768917,65312,0.35125736925839,68057
"Shebel Bereta",0.436825110227129,35547,0.416381226697212,33891,0.457421071130606,37215
"Sheka",0.315712938707325,5601,0.305920270225654,5433,0.32562836827089,5770
"Shekosh",0.391338497590607,0,5.64825885856359e-06,0,0.999867045815599,0
"Sherkole",0.623395483515173,3583,0.607147678429122,3485,0.639436743451769,3679
"Shilabo",0.415394892806321,0,1.46691988081071e-06,0,0.999976900117785,0
"Shinile",0.408041228642783,0,0.00255240115461669,0,0.989754940736769,0
"Shirka",0.261364835594296,50701,0.245170087643945,47596,0.278057476631992,53900
"Sibu Sire",0.323914567803504,85479,0.317125554067289,83748,0.330757822444787,87224
"Sigmo",0.325572780214564,38572,0.31758436995298,37710,0.333640316920124,39442
"Simada",0.39327407378764,164239,0.374638566085068,156548,0.412128877163188,172023
"Simurobi Gele'alo",0.47007844804357,38444,0.436588247681456,35722,0.503771118196398,41182
"Sinana",0.202627835299223,34880,0.183693103396614,31639,0.222596061600871,38297
"Siraro",0.294509329491884,46934,0.283699530988371,45209,0.305490619875295,48687
"Sirba Abay",0.483839473513785,4191,0.469596464809215,4076,0.498074296963808,4306
"Sire",0.318901084243221,50846,0.302231499521987,48179,0.335921530837375,53569
"Siya Debirna Wayu",0.453022322032337,18639,0.428277022923105,17619,0.477943554051564,19666
"Sodo",0.344779763722413,50478,0.333852243400443,48885,0.355832752467654,52089
"Sodo Daci",0.364389203365484,21910,0.352103006832433,21172,0.376809121714291,22657
"Sodo Zuria",0.325812939429139,46724,0.318207243119661,45617,0.333489527202288,47842
"Soro",0.35625284838272,54762,0.346605653638187,53131,0.366007579846027,56415
"Sude",0.281497792813266,53981,0.26386734771159,50614,0.299641563860664,57445
"Sululta",0.433889038266443,96456,0.412858227686091,91744,0.455336051187203,101267
"Surma",0.707621154996641,30143,0.664302157311761,28303,0.747591891056928,31839
"Tach Armacho",0.340714270328509,42702,0.311204190744612,39148,0.371306615888264,46388
"Tach Gayint",0.379988428472208,29792,0.360449432395326,28291,0.399811596419033,31315
"Tahtay Adiyabo",0.0183246307742469,3506,0.00524775649634406,978,0.04828650336752,9407
"Tahtay Koraro",0.0379790293057313,2701,0.0101655314589041,705,0.0958966090058923,6915
"Tahtay Maychew",0.0613826188643253,3942,0.00911790095639545,586,0.207752196593105,13318
"Takusa",0.326748194786639,40728,0.307427175906,38669,0.346592903259793,42840
"Tanqua Abergele",0.175033685755453,18318,0.127684871980695,13216,0.231979005572325,24494
"Tarema Ber",0.455439060677764,26211,0.426402079135922,24554,0.484705515693792,27880
"Telalak",0.514818244471072,73880,0.407304651566584,63770,0.622442092318112,83972
"Teltele",0.60789797995795,91399,0.510730965728139,78436,0.691119014374344,102767
"Tembaro",0.386510411715195,32532,0.368558065265878,31219,0.404610321761913,33855
"Tena",0.274635101116254,50231,0.258870214353881,47320,0.290830868737065,53222
"Tenta",0.468235498462148,78419,0.438553586040325,73448,0.498079562716579,83417
"Teru",0.149303315618221,29084,0.0596799003565919,11931,0.297201783491115,56930
"Thehulederie",0.474403579836015,43163,0.440608817768299,40088,0.508373613654694,46253
"Tikur Enchini",0.371137643243974,26699,0.364109360811256,26193,0.378206534327008,27207
"Tiro Afeta",0.348364556989556,55211,0.340897956436095,54046,0.355888214382498,56385
"Tiyo",0.276648132937129,25297,0.258612714501436,23443,0.295966820243123,27311
"Tocha",0.36403778508839,31641,0.355580842415252,30936,0.372561559076965,32352
"Toke Kutaye",0.360340919539716,53908,0.352580775766017,52740,0.368155578062669,55084
"Tole",0.37914571311521,19054,0.366767116602777,18434,0.391643711835778,19680
"Tsegede",0.375221619256631,129512,0.334127927228004,116102,0.417676923075894,143422
"Tselemt",0.212826508850377,13150,0.190455786093808,11762,0.236647895018581,14629
"Tselemti",0.184895828980577,39197,0.153561490440341,31558,0.22100905911546,48178
"Tulo",0.342515363074991,41785,0.229181052736541,20494,0.523645943456712,75677
"Ubadebretsehay",0.380476373305873,23867,0.370102198279116,23216,0.390932409146416,24523
"Uraga",0.276194281137954,41511,0.261801754974364,39374,0.29095233784811,43702
"Wadera",0.341837093874361,35424,0.305453358120974,31666,0.379506326104792,39314
"Wadla",0.406806099523922,41662,0.382655149382896,39187,0.431291766738622,44172
"Waliso",0.374530582279186,46801,0.361109887113465,45131,0.388293484278726,48514
"Walmara",0.415680320593846,50056,0.399200190914255,48082,0.432305179494724,52047
"Wama Hagalo",0.331566758740272,18493,0.325797805651114,18171,0.337372981733131,18817
"Wantawo",0.0439816716271206,566,0.018570664062546,243,0.0865220533319158,1099
"Wara Jarso",0.41644969789759,79372,0.399541853618723,76147,0.433503892928063,82626
"Warder",0.398875503544135,0,1.152001622306e-06,0,0.999969431666638,0
"Wayu Tuka",0.318107248973518,24238,0.312398921261315,23803,0.323855446580303,24676
"Wegde",0.446198008901123,54748,0.42250052868379,51833,0.470077880400325,57686
"Wegera",0.244025752644899,41849,0.228065998642571,39143,0.260529840726033,44648
"Welkait",0.281451421641877,87044,0.244757306985963,75940,0.321340733628972,99089
"Wemberma",0.338193502943615,25467,0.327636023454477,24791,0.34887125745774,26150
"Wenago",0.25786903993849,2068,0.237925682875566,1908,0.278586370414023,2234
"Wenbera",0.422252528774072,26782,0.407495191288387,25897,0.437126899904466,27674
"Wenchi",0.381764468361268,33943,0.372084187736802,33090,0.391513705457854,34802
"Were Ilu",0.494423963950699,64343,0.462473285942168,60151,0.526410039214411,68541
"Werei Leke",0.0648802446783723,8137,0.0217383217679005,2661,0.150206322804537,19117
"West Belesa",0.248214011498095,33935,0.234374404022836,32042,0.262449121298542,35881
"West Esite",0.330376051109698,53399,0.317916107982256,51376,0.343015143248253,55452
"West Imi",0.346720318302257,0,0.00124290321433573,0,0.983077584603669,0
"Wilbareg",0.321036928574181,46024,0.311217039762334,44640,0.330978362313577,47425
"Wondo-Genet",0.260645254367751,22129,0.247175765491119,21000,0.274460628871458,23286
"Wonosho",0.272179562871997,14483,0.259369757153916,13804,0.285276269322457,15177
"Worebabu",0.485826851560964,56161,0.449284032164081,51957,0.522488286752117,60378
"Wuchale",0.439366226566826,48350,0.418093536322272,46006,0.460806632013154,50712
"Yabelo",0.657974012097641,86858,0.556834541049781,73837,0.746047882783317,98405
"Yalo",0.200822508095408,11042,0.111805016551233,6342,0.321594804132226,17284
"Yama Logi Welel",0.314733089012808,10908,0.30722984002507,10649,0.322311193950917,11169
"Yaso",0.320163055753086,5713,0.308652166755867,5506,0.33183452109369,5923
"Yaya Gulele",0.43056860572307,28456,0.412063628549046,27221,0.449221495822165,29701
"Yayu",0.315583533618965,16705,0.307208832508219,16275,0.324051181657991,17140
"Yeka",0.2679921195054,8886,0.227665415230856,7565,0.311407072966853,10307
"Yeki",0.313658476258016,17344,0.304812413583361,16872,0.322608267296018,17822
"Yem",0.371265790763249,28943,0.362838955182991,28302,0.379750388896232,29588
"Yilmana Densa",0.316970579384046,81586,0.307641237994472,79212,0.326409333486348,83987
"Yirgachefe",0.276080191522174,13590,0.26082287717652,12836,0.291756976276996,14365
"Yubdo",0.290472035511676,9382,0.284245230016248,9183,0.296759614883496,9583
"Zala",0.37701915899972,39190,0.368123479483162,38263,0.385976583186988,40124
"Ziquala",0.308933855434838,39968,0.284509531049972,36881,0.334217914963763,43159
"Ziway Dugda",0.316365841424224,66925,0.302518392962532,64059,0.330457549827072,69841
"Total",0.379186058644955,22730840,0.232173568497194,20892907,0.588414495703682,24873481
