"region","mean_value","cattle_mean","lower_value","cattle_lower","upper_value","cattle_upper"
"Ab Ala",0.118411126721367,4946,0.0399376285302936,1759,0.259336011134992,10498
"Ababo",0.37947070971286,25084,0.368648707370135,24403,0.39038155063296,25769
"Abay Chomen",0.358192521633269,17365,0.349512041086833,16976,0.366942782906645,17757
"Abaya",0.308524605887189,17163,0.297537835307448,16571,0.319686381379128,17764
"Abe Dongoro",0.328707616080969,17937,0.321459873853422,17536,0.336016952697972,18342
"Abergele",0.240250247501133,18194,0.20573814341768,15642,0.277808286453331,20967
"Abeshege",0.349621137380732,22577,0.34087885604301,22026,0.358438250983851,23134
"Abichuna Gne'a",0.439301666697175,66997,0.415617049640542,63384,0.463193347307849,70641
"Abobo",0.23485308172201,2199,0.218406720928172,2118,0.252767955335964,2283
"Abuna G/Beret",0.405752888143168,70693,0.392379901130353,68426,0.419226666618037,72977
"Ada'a",0.353002447964733,50964,0.336873070793487,48609,0.369452262901226,53369
"Adaa'r",0.468109336941469,41009,0.36916811685028,33740,0.570469886279802,48464
"Adaba",0.247877296528362,39982,0.229074847468566,37136,0.267410652999798,42936
"Adadle",0.46881340853598,0,0.000144434350755242,0,0.999666075169593,0
"Adama",0.33421839195317,38760,0.319085230307928,36992,0.349609077352141,40559
"Adami Tulu Jido Kombolcha",0.283604860912728,35625,0.270924122728142,33856,0.296652976619634,37461
"Adda Berga",0.423582700389021,66277,0.407583560187173,63795,0.439701073879256,68778
"Addi Arekay",0.228273934603331,21778,0.209894178788447,20025,0.247465707283553,23608
"Adola",0.270748111836965,41103,0.252152606884555,38272,0.289930209803302,44023
"Adwa",0.114620608332124,12479,0.0103024962234486,1100,0.424934808221283,46537
"Afambo",0.336587283629764,0,0.00663042285230384,0,0.93958171406324,0
"Afdem",0.472661365648185,0,0.0253597625958811,0,0.96539902407579,0
"Afder",0.521826345804084,0,0.0011654511194411,0,0.999474818447205,0
"Afdera",0.0724999455742442,668,0.0103159770879335,100,0.244286369906207,2219
"Afele Kola",0.301529201924998,29104,0.288416590752995,27834,0.314885717093916,30397
"Agalometi",0.330323786472751,3980,0.320252593342894,3868,0.340511248020017,4094
"Agarfa",0.243125210969832,37062,0.225334422236222,34279,0.26160793835503,39959
"Ahferom",0.126935237480193,13181,0.00484496967878084,580,0.569578441962397,58132
"Akaki",0.374013720868708,33645,0.358780274096621,32267,0.389433053034042,35040
"Akaki - Kalit",0.328692370328085,6162,0.30636842777645,5743,0.35160468755767,6591
"Akobo",0.00127158486200777,30,0.000190151424798388,5,0.00424849877456072,101
"Alaba",0.27521238850644,46837,0.265549596287745,45197,0.28503462183195,48505
"Alaje",0.194735173788646,16821,0.128453255401548,11019,0.277126927698282,24052
"Alamata",0.286305188900235,36684,0.237445527648586,30140,0.340187514176159,43930
"Albuko",0.515522746537595,55242,0.481530803776029,51596,0.549405988174209,58876
"Ale",0.281086088503627,15492,0.273775191205219,15099,0.28848740223509,15890
"Aleltu",0.404303891260315,24215,0.384808780387518,23043,0.424026525095894,25401
"Alem Gena",0.380939409674141,59599,0.366903315039268,57394,0.39512562944937,61828
"Aleta Wendo",0.25503999417009,29006,0.242903888812704,27629,0.267465602541457,30415
"Alfa",0.294744888226048,45687,0.281781474550262,43817,0.307977059317322,47595
"Alge Sachi",0.29823251905005,28218,0.292837545481784,27716,0.303671851406791,28724
"Alicho Woriro",0.323844737885849,37722,0.315639995651365,36760,0.332130415576819,38693
"Alle",0.34870747614872,18868,0.337918738023257,18302,0.359614627427762,19440
"Amaro",0.318224752069125,23579,0.30872271895987,22853,0.327843674379268,24315
"Ambasel",0.475172710024198,56935,0.444290005373449,53209,0.506197053870333,60678
"Ambo Zuria",0.375616845572765,77669,0.365755451116145,75674,0.385554162923179,79680
"Ameya",0.344705214615786,58188,0.336712987968123,56832,0.352763306693122,59556
"Amibara",0.460097816064347,71414,0.382984978070762,61572,0.539458281594267,81475
"Amigna",0.284885440137304,31138,0.264075601339421,28907,0.306403321751652,33445
"Amuru",0.355706343383776,22918,0.346437621765878,22389,0.365055699535389,23452
"Ana Sora",0.258361308504845,39402,0.243763665418498,37215,0.273371327963186,41648
"Analemmo",0.321863702315421,20404,0.312880618443734,19835,0.33094344761051,20979
"Anchar",0.36245435846236,23537,0.338937341575631,21984,0.386470932022702,25126
"Anderacha",0.281230709029624,7068,0.272228541682727,6848,0.290365153743803,7292
"Aneded",0.386262741227979,35475,0.372645688849441,34240,0.400009618573552,36723
"Anfilo",0.364073973776064,10361,0.35420621805872,10081,0.374029520819717,10643
"Angolelana Tera",0.427555573715561,60241,0.40448303804595,56960,0.450863112781723,63555
"Anigacha",0.288480064706655,10800,0.279913068182161,10479,0.297160528070719,11125
"Ankasha",0.310534907162941,88335,0.303109053629955,86309,0.318031500149974,90381
"Ankober",0.449452287298602,27499,0.422950974003787,25880,0.476164842195946,29131
"Antsokiya",0.519446078849791,23387,0.48408484618393,21786,0.5546625747124,24983
"Arba Minch Zuria",0.323375092924676,35408,0.313209327858385,34432,0.333681363839474,36396
"Arbe Gonna",0.263976865309899,44338,0.252391524332041,42399,0.275809243925211,46319
"Arero",0.914582484209582,42211,0.843869904309589,38808,0.958803044958479,44384
"Argoba",0.574386045537445,47361,0.534639594899532,44084,0.613432444435826,50581
"Argoba Special Woreda",0.459132289067344,18319,0.431597760241074,17210,0.486851685933645,19435
"Aroresa",0.242340287457283,42956,0.226987655885163,40240,0.258202617580233,45761
"Arsi Negele",0.272939222835473,52322,0.260473462944882,49866,0.285679024366556,54836
"Artuma Fursi",0.540266746815456,40277,0.503479186401854,37543,0.576725241833093,42988
"Aseko",0.335472423956455,29794,0.314454832877199,27932,0.356984099152577,31699
"Asgede Tsimbila",0.176212821459885,48359,0.0972681136852655,26173,0.287218329973196,79969
"Assagirt",0.434275059057285,29515,0.41039884643037,27905,0.458376050413052,31141
"Assosa",0.61380584080103,39147,0.598664310846466,38208,0.628776197812792,40078
"Atsbi Wenberta",0.075482454928356,7338,0.0205699104383026,2012,0.189136734597246,18339
"Aw-bare",0.4518324634593,0,1.10784085388351e-05,0,0.999954847282847,0
"Awabel",0.394350144607172,58505,0.379917434364656,56342,0.408920996106402,60690
"Aware",0.455484405698523,0,5.02810643486013e-07,0,0.99999743613056,0
"Awasa",0.241215718575164,19758,0.22571451835833,18547,0.25727224643663,21009
"Awasa Zuria",0.267193563293864,41748,0.257390561434847,40235,0.2771727210128,43288
"Awash Fentale",0.425434311791186,39607,0.399232282607612,37173,0.451946176105139,42071
"Awra",0.264863920143089,35228,0.146178207110143,20080,0.420269413363409,54623
"Ayida",0.363999644600297,9902,0.35558000301616,9674,0.372481140443511,10132
"Ayira",0.288033499403262,14352,0.281642243528752,14027,0.29448834115528,14681
"Ayisha",0.398627362297534,0,0.000593935376129253,0,0.99646464310667,0
"Aysaita",0.2924893034092,4105,0.0148046998669223,276,0.847395370427805,12096
"Babile",0.423044953856164,0,7.64534334162237e-05,0,0.999529899592941,0
"Babo",0.370952077690221,17092,0.364008205695639,16779,0.377935517699031,17408
"Badele Zuria",0.315596983882045,25673,0.310492987289245,25259,0.32073471091265,26091
"Bahir Dar Zuria",0.256845159519424,252618,0.245203798692475,245135,0.268774166536887,260208
"Bako Gazer",0.35505277466873,63313,0.343893225261431,61390,0.366333312297138,65257
"Bako Tibe",0.318874648476917,57259,0.3128783540635,56192,0.324916077412756,58335
"Bambasi",0.520668201826318,19214,0.509275069764911,18795,0.532041980481072,19631
"Banja",0.306393962495958,40444,0.299015711463155,39477,0.313846231486571,41421
"Bare",0.511107551848527,0,9.44198451894365e-05,0,0.999950029080866,0
"Basketo",0.35150992533602,8024,0.34239285623646,7823,0.360708624930452,8227
"Baso Liben",0.385058809074294,49412,0.373022317761951,47873,0.397197800995316,50964
"Basona Worena",0.462227078230732,73163,0.435947547069033,68990,0.488658340925624,77363
"Bati",0.56337263306759,56247,0.524048304312481,52318,0.602104267472529,60118
"Becho",0.334628035885419,42551,0.325106956767774,41290,0.344245618142737,43824
"Bedeno",0.401112970733966,0,0.00344888945865157,0,0.984330707964811,0
"Begi",0.473414972057616,22990,0.462344882171454,22450,0.484505050612696,23531
"Bele Gesgar",0.262258673739818,27438,0.243354952000862,25450,0.281836624479824,29498
"Bena Tsemay",0.372045716227534,44859,0.358341547689357,43239,0.385902131231161,46497
"Bensa",0.248979779212991,37567,0.235244384263611,35517,0.263106217625932,39674
"Berahile",0.0602724726044613,671,0.0107091772216042,191,0.192525314963548,1672
"Berbere",0.207344755066704,14501,0.18743341590796,13099,0.228361730286878,15981
"Bereh",0.401835805615183,57782,0.383708578896573,55181,0.420162676539437,60411
"Berehet",0.429124938054231,22585,0.405473152012496,21351,0.453018053899424,23832
"Bero",0.67475176139681,3559,0.639944772538211,3375,0.707881149827654,3735
"Beyeda",0.231221933591765,16190,0.20926945926434,14667,0.254429735319058,17800
"Bibugn",0.394603328166332,38760,0.380085197617355,37337,0.409255713665685,40196
"Bidu",0.0841452943189772,719,0.00875700159954033,68,0.313016459118383,2760
"Bila Seyo",0.327526345897228,17320,0.320336123534239,16961,0.334779630078882,17682
"Bilidigilu",0.490649797541625,9977,0.479562390115613,9759,0.50174014922682,10195
"Bilo Nopha",0.288413940501952,9415,0.281696963048543,9197,0.295201638562614,9635
"Bio Jiganifado",0.324171842860152,17941,0.315626986589795,17510,0.33280518230259,18376
"Bita",0.305392186460588,21339,0.298012930030664,20841,0.312848982328902,21841
"Boh",0.476090090939671,0,2.38645146579454e-07,0,0.999999335280015,0
"Boji Chekorsa",0.28437147898051,13753,0.278012160952586,13449,0.29079424943219,14061
"Boji Dirmeji",0.291307296571734,11702,0.2849184918713,11449,0.297758597969995,11957
"Boke",0.34339900375167,26205,0.0752362516546898,8742,0.745031085632843,50666
"Bole",0.282142168147304,23619,0.249829033408406,20914,0.3162098917789,26471
"Boloso Bombe",0.342754705859045,25096,0.335096460755514,24563,0.350476980216437,25634
"Boloso sore",0.30353531736526,38018,0.29514824890785,36956,0.312021826923036,39093
"Bona Zuria",0.251639227279881,22565,0.239929152826281,21515,0.2636232702988,23640
"Boneya Boshe",0.319301382748456,21368,0.313416169228872,20975,0.32522949810495,21764
"Bonke",0.348663023340783,44863,0.33998610907565,43783,0.35741472665127,45953
"Bora",0.337975641629509,29365,0.324620798092928,28235,0.351525421032302,30510
"Bore",0.274862836768624,43812,0.262194965351454,41815,0.287806745735757,45851
"Borecha",0.327730695744113,15619,0.321159346692445,15299,0.334354835468676,15941
"Boreda",0.3341644590558,13125,0.326949217882064,12851,0.341445979251328,13401
"Boricha",0.284555310653003,69117,0.275273164183175,66767,0.293979250550684,71505
"Boset",0.367648672882341,59931,0.348785536900179,56867,0.38680824303091,63044
"Bugna",0.350933282606015,31031,0.331082503816379,29271,0.371171473769337,32824
"Bule",0.28395595655743,10083,0.271808692855176,9652,0.296338325127774,10523
"Bule Hora",0.318129014102807,73353,0.301694689442978,69610,0.334894365783177,77174
"Bulen",0.324909230513014,18595,0.313077199639368,17955,0.336909285495957,19243
"Bure",0.321000871146276,43171,0.311978703234965,42030,0.330120776074478,44323
"Bure Mudaytu",0.494150211054102,96085,0.319774020786574,63495,0.669243391482172,128809
"Burji",0.347638437799322,18189,0.332620203848781,17449,0.362830667645369,18939
"Bursa",0.27314595622027,47348,0.262251149714462,45449,0.284246094144028,49284
"Cheha",0.368984279515918,58960,0.360514635613302,57631,0.377514458627913,60299
"Cheliya",0.335140577096897,69283,0.329058153992116,68040,0.341264228090145,70534
"Chena",0.313052789087681,47146,0.306212283646554,46117,0.319955163180006,48184
"Chencha",0.32043788870055,15296,0.313637047410979,14972,0.327295570656549,15623
"Chereti/Weyib",0.569255881665106,0,0.0213178721898904,0,0.99110507622653,0
"Cheta",0.337742247521046,16524,0.330093169029145,16134,0.345457191442853,16918
"Chifra",0.42189540589375,235700,0.333082368135294,192546,0.517395255692454,281136
"Chilga",0.31098691863645,91897,0.288454188593319,85729,0.334229853577997,98258
"Chinaksen",0.444938382701238,0,4.58543610136785e-05,0,0.999820297303616,0
"Chire",0.24631909398703,18255,0.231095710361931,17125,0.262031012986695,19422
"Chiro Zuria",0.361278519289375,37912,0.121574508823907,12378,0.67602255816391,71564
"Chole",0.30125997716829,32771,0.2823280148108,30716,0.320707831900728,34883
"Chora",0.323994673602085,88760,0.316379515873618,86752,0.331683421272959,90787
"Chuko",0.265977006036484,26931,0.255036430005071,25814,0.277139665698423,28071
"Chwaka",0.303980323920002,10021,0.296768616758525,9787,0.311263272934412,10257
"Dabat",0.231312702561053,30235,0.215072829951533,28140,0.24817245054628,32411
"Dabo Hana",0.308232299745795,19686,0.302694832634988,19350,0.313812789163117,20025
"Dale",0.256455388428756,21901,0.243660680683566,20809,0.269567526332339,23021
"Dale Sadi",0.267265175336426,14111,0.260552373949252,13757,0.274058863660845,14470
"Dale Wabera",0.286633649072038,4521,0.279623521363805,4411,0.29372352988346,4632
"Dalfagi",0.551210360006604,50708,0.492293066832357,45992,0.608823935898264,55336
"Dalocha",0.299989559113681,27397,0.290331506961,26514,0.30978423021558,28293
"Dalul",0.0531271960999717,4394,0.00701024766730051,623,0.188567903954713,15041
"Damot Gale",0.289354853342194,32255,0.280649818910604,31299,0.298177786957622,33224
"Damot Pulasa",0.299199745836937,11870,0.28940661680267,11481,0.309130734029788,12264
"Damot Sore",0.306180970958365,24864,0.298324411304626,24228,0.314126428727114,25507
"Damot Weydie",0.303955457499506,28974,0.296647922679767,28266,0.311338767606278,29691
"Dangila",0.262660000669428,52675,0.256340278598686,51414,0.269053109072594,53951
"Dangura",0.360540928111594,12066,0.340117689737899,11488,0.381356204439018,12656
"Daniboya",0.310808344073178,20095,0.303286888594079,19609,0.318404523557242,20587
"Dano",0.329809448705421,48302,0.323270493539009,47375,0.336400822809598,49235
"Danot",0.468168178647557,0,5.5457136966358e-07,0,0.999998123940814,0
"Dara",0.2780713868635,21542,0.266816822245646,20666,0.28953723506946,22434
"Daramalo",0.337903285148728,11753,0.330292102865328,11502,0.345578531255564,12006
"Darimu",0.291219857500854,33233,0.284214313486032,32478,0.298301368355853,33996
"Daro Lebu",0.318526617086336,22868,0.272124838247276,20081,0.36925044184128,25864
"Dasenech (Kuraz)",0.755294920516091,435907,0.582366229955328,352676,0.886463801068755,500329
"Dawe Kachen",0.232264790784421,8331,0.152010071853886,5352,0.334274406700921,12187
"Dawo",0.372526664268441,31796,0.361297177668485,30844,0.383861240870481,32757
"Dawunt",0.407741442069415,19954,0.38517771090767,18844,0.430588609429965,21078
"Debark",0.236096116392467,28028,0.218179409554786,25930,0.254743851271297,30213
"Debay Telatgen",0.408451817850957,43285,0.391175644993942,41461,0.4258764239621,45126
"Debeweyin",0.488184503511578,0,7.28402822920533e-06,0,0.999987772601621,0
"Debre Elias",0.369376586230713,41348,0.358306426670824,40182,0.380548517462475,42525
"Debre Libanos",0.436417213592367,29034,0.415201570932371,27620,0.457806502332582,30460
"Debresina",0.460306230249598,82818,0.435666933012361,78355,0.485084411450788,87308
"Debub Achefer",0.260135652353683,45216,0.253042774041757,43992,0.267323518201753,46456
"Debub Bench",0.292766392762637,31968,0.283649003858608,30989,0.302010338110166,32960
"Decha",0.334885852411898,41665,0.326298410332052,40663,0.343554983871111,42676
"Deder",0.397041712981314,0,0.00901250709111957,0,0.964202433141358,0
"Dedesa",0.315800655999565,26675,0.309871137101677,26167,0.32177598294859,27188
"Dedo",0.338436334878377,101002,0.33212264529217,99208,0.34479382731339,102808
"Dega",0.300156564554193,21352,0.295101379708487,20999,0.305249398128752,21708
"Dega Damot",0.363688045738274,51716,0.351586660978494,49975,0.375917941824429,53475
"Degehabur",0.442042385781777,0,1.51573918114982e-05,0,0.99992054808319,0
"Degehamedo",0.41985127130847,0,2.34376437248152e-05,0,0.999802407398603,0
"Degeluna Tijo",0.280646840839451,51904,0.265556181108595,49162,0.296103561135153,54714
"Degem",0.433720593321637,56018,0.414079387038579,53503,0.453512932279553,58553
"Degua Temben",0.108621266280984,10203,0.0528653621335842,5003,0.19381663741025,18112
"Dehana",0.327694342836065,32770,0.307711062699535,30784,0.348150937274806,34804
"Dehas",0.969755175668448,53517,0.927597967272673,51255,0.990482682901112,54624
"Dejen",0.40942664642886,36713,0.392789942937075,35228,0.42621444026063,38211
"Delanta",0.443034562902813,51839,0.416095075174179,48681,0.470217561957156,55026
"Dembecha",0.362901348561718,62037,0.352174648967742,60164,0.373729255389638,63929
"Dembel",0.460829536300023,0,0.000118710394152903,0,0.99970868842163,0
"Dembia",0.221228974367498,55878,0.209890578529895,52997,0.23289011592872,58841
"Denan",0.452373202171094,0,0.000109346716110282,0,0.999628291795828,0
"Dendi",0.379927465648755,100565,0.368285191256205,97493,0.391672388604833,103664
"Denibu Gofa",0.373392541864255,31019,0.364407629712613,30284,0.382443820567585,31760
"Dera",0.363166018121687,173748,0.34765955356983,166415,0.378823559572258,181153
"Derashe",0.33918728830006,23884,0.328460590973269,23132,0.35004239625502,24644
"Dessie Zuria",0.510134398666893,142073,0.476745848941884,132719,0.543450212407838,151404
"Dewa Cheffa",0.535959392812227,72379,0.499409449238007,67423,0.572217639928782,77300
"Dewa Harewa",0.567687451364069,38035,0.528747407055383,35435,0.606012222106247,40594
"Dewe",0.56226475244561,45194,0.485386905076988,40341,0.637117442104533,49925
"Dibat",0.315081907972644,24916,0.303536350948849,24040,0.326799258183112,25804
"Didu",0.288542135266103,20016,0.280318374028056,19456,0.296873834461613,20584
"Diga",0.307688389237716,30857,0.30146629546244,30230,0.313964486850929,31490
"Diguna Fango",0.291224615595103,18888,0.283017650753839,18358,0.299537026808863,19425
"Dihun",0.400058570687539,0,0.000548423529409879,0,0.995940784069182,0
"Diksis",0.284519925687832,48308,0.268589692167341,45585,0.300860299496514,51102
"Dila Zuria",0.243868224705726,2677,0.230706060670585,2532,0.257396488820656,2825
"Dillo",0.935343804089264,33850,0.851836795394271,30857,0.976189183247813,35367
"Dima",0.625347534618949,9071,0.592508027557461,8594,0.656137518126299,9518
"Dinsho",0.254749938817742,8547,0.233597132296774,7835,0.276790908848751,9290
"Dire",0.945456880624885,83307,0.888896811004662,78474,0.977306702448984,86025
"Dire Dawa",0.445139384715756,0,0.000774841473240925,0,0.99768147406169,0
"Dire Dawa/Town",0.439257470775972,0,0.001190306939912,0,0.996399754688261,0
"Dita",0.344986109419485,36397,0.337472630864623,35617,0.35255754462383,37183
"Doba",0.394495360313279,6207,0.0367050273782157,1023,0.890152035311484,13575
"Dodola",0.250209277600715,65040,0.234510659813431,60980,0.266409231624194,69230
"Dodota",0.323973286839248,38379,0.309340361365374,36623,0.338868437636856,40167
"Dolo Odo",0.822602899562898,16994,0.158973159318382,7534,0.999253980149053,19016
"Dolobay",0.674407483698459,0,0.00714823165841263,0,0.999804144529195,0
"Dorani",0.285003050996118,6977,0.276756865934556,6776,0.293356811282806,7181
"Doya Gena",0.296060231020571,26643,0.286597629594947,25788,0.305657380746401,27511
"Dubti",0.28681606728684,14586,0.0719344003604312,4769,0.626877487590896,30085
"Dugda",0.314799085262839,52492,0.302370853829864,50543,0.327430897741658,54471
"Dugda Dawa",0.51055609050554,87964,0.460614921189963,80335,0.557713282743853,95398
"Dulecha",0.46072326467152,77361,0.431663404054201,72490,0.489968273360016,82266
"Dune",0.303491090574935,16217,0.295428261208032,15786,0.311646031092648,16652
"East Belesa",0.28197318226672,51225,0.265187496308096,48204,0.299217205879663,54328
"East Esite",0.342490172318685,56079,0.32886281205581,53855,0.356305678674271,58336
"East Imi",0.414485702876047,0,0.00112618528869078,0,0.99381442337932,0
"Ebenat",0.31109107661628,71698,0.295185371768858,68137,0.327329061252922,75332
"Eferatana Gidem",0.514702686994582,27603,0.480511268927837,25771,0.54878358538894,29429
"Ejere",0.390601689022157,42372,0.376554629640751,40847,0.404785207323106,43912
"Elidar",0.15683814932487,5973,0.0103062943581307,417,0.594497496014048,22342
"Enarj Enawga",0.427739556984436,59696,0.408352470935267,57005,0.447280278743105,62410
"Enbise Sar Midir",0.448247905773783,42926,0.426725791973898,40867,0.469904783385739,44999
"Endamehoni",0.233344013146373,13497,0.172718918871185,9902,0.303994924077277,17707
"Enderta",0.114144590655901,14234,0.0489229687437579,6112,0.219308605217746,27345
"Endiguagn",0.324027127887525,19388,0.316635406109741,18945,0.331484428320462,19834
"Enemay",0.404401545832641,62638,0.386918562589657,59936,0.422062410535592,65368
"Enemorina Eaner",0.3627418807402,93747,0.354160049751462,91578,0.371388928268753,95933
"Ensaro",0.442849085377948,9626,0.420628978829613,9141,0.465239244719483,10114
"Erebti",0.103333226159539,6054,0.0273119978984439,1695,0.258473425498458,14659
"Erer",0.463714254563442,0,0.0084699790694426,0,0.985424776770471,0
"Erob",0.0763150996250724,1420,0.00351931795781181,58,0.353988515702725,6661
"Esira",0.352031829118804,19236,0.344449547698497,18836,0.359672620205542,19639
"Ewa",0.393513146651906,137310,0.312479353389748,110611,0.480254454507922,165660
"Ezha",0.361616427799068,45135,0.353385738413433,44109,0.369907670931096,46169
"Fagta Lakoma",0.288399184048339,51660,0.281198542932142,50368,0.295680255507819,52967
"Farta",0.290731842385597,69866,0.278658106812107,66952,0.303029120778488,72833
"Fedis",0.417587754030144,0,0.000375316885919524,0,0.998037754406302,0
"Fentale",0.398043872299633,47706,0.374645278220272,44955,0.42178670734143,50498
"Ferfer",0.506632697279576,0,8.4791816818519e-07,0,0.999999306374497,0
"Fik",0.394477178091141,0,0.000195346319315208,0,0.998077091558327,0
"Filtu",0.777319757551974,25616,0.327852063024888,13506,0.979702481395636,30768
"Fogera",0.260451310712894,59444,0.250391113556711,57140,0.270702156623311,61793
"Gaji",0.289403198841408,8737,0.283589983478383,8559,0.295268261525361,8916
"Gambela Zuria",0.308111650254545,45491,0.298174103997567,44051,0.31817973549832,46948
"Gambella Wild Life Reserve",0.0830837669162531,0,0.0508411476814017,0,0.1239977132042,0
"Ganta Afeshum",0.0867904601298782,5674,0.00846831471622573,551,0.324688157560069,21262
"Gasera",0.233746236233617,31837,0.214592958260718,29199,0.25375321631442,34594
"Gashamo",0.464164414733053,0,4.67996058818662e-07,0,0.999998281686708,0
"Gawo Kebe",0.360051901492169,19901,0.351973541773177,19473,0.368182135377476,20331
"Gaz Gibla",0.376629547799518,25684,0.352521358087489,24043,0.401191557672823,27357
"Gechi",0.323951275672019,29238,0.318300449559162,28728,0.329641071075617,29752
"Gedeb Asasa",0.226668802670136,56033,0.212338097602484,52489,0.241491084273857,59698
"Geladin",0.485914661862414,0,3.73748168142139e-07,0,0.999999343261758,0
"Gelana",0.310027062884512,12972,0.300403246254177,12545,0.319780401504971,13404
"Gelila",0.356220164538654,11242,0.347209256708267,10960,0.365307550462188,11526
"Gembora",0.324608553189209,31453,0.31679056275705,30703,0.332499873029608,32211
"Gemechis",0.367402275657879,47943,0.0608488315456918,9096,0.804731326638663,102388
"Gena Bosa",0.362786043931972,43615,0.355478138442469,42756,0.3701417384926,44479
"Gera",0.313982315891907,36990,0.306280773997253,36112,0.321765002458455,37877
"Gerar Jarso",0.448859870660977,28130,0.427517427239228,26801,0.470336759602202,29468
"Gerbo",0.422161950774926,0,8.18265929158353e-05,0,0.999484581157116,0
"Gesha (Deka)",0.302673276776139,35536,0.295096174030226,34690,0.310333543192337,36389
"Geta",0.350215706000653,27855,0.341542249336483,27165,0.35896300890112,28551
"Getawa",0.314208119406598,28168,0.307479069521259,27567,0.320996541392443,28774
"Gewane",0.504419865598454,55724,0.156746918605153,23928,0.848653184928329,86749
"Geze Gofa",0.363129059617664,21494,0.354652996730346,20991,0.371668356873925,22000
"Gibe",0.331597062092458,31392,0.324319634416378,30707,0.338934818031483,32082
"Gida Ayana",0.32328479566644,55908,0.315987471565786,54673,0.330646057182211,57153
"Gidami",0.436356854509169,21684,0.425331149930654,21181,0.447425177644779,22189
"Gidan",0.402788068500024,51621,0.37663444452204,48269,0.429348460651021,55023
"Gimbi",0.302335943820057,17188,0.29500656909817,16765,0.30976081862688,17617
"Gimbichu",0.382138118339666,27438,0.364118769127475,26144,0.400399092866004,28749
"Gimbo",0.311117113511735,23324,0.304534707885438,22840,0.317758507245051,23811
"Ginde Beret",0.381147428231488,55828,0.370348844268443,54279,0.392032029651309,57390
"Ginir",0.211210673613921,37938,0.144446678537184,28759,0.303151566351351,49890
"Girawa",0.407876903281807,0,0.00124341232909091,0,0.993722689763297,0
"Girja (Harenfema)",0.246743678949654,15268,0.229172003413233,14195,0.264961717667472,16379
"Gishe Rabel",0.542597571190554,30890,0.508926488096731,28970,0.575977278349293,32792
"Gnangatom",0.700048881295215,293520,0.669866810370543,280847,0.72864085997218,305428
"Goba",0.225617844453073,14885,0.204898221301398,13502,0.247386812722326,16342
"Goba Koricha",0.348879451391327,32932,0.290157388571988,26870,0.412945382804346,39577
"Gobu Seyo",0.318094691946678,29476,0.312674177893737,28973,0.323551688508537,29982
"Gode",0.473879775566042,0,7.18267891061127e-05,0,0.999845457449069,0
"Godere",0.283081980985501,7642,0.273973113713576,7407,0.292324568438086,7881
"Gog",0.371075961522528,845,0.329473957639239,694,0.415152414353267,1008
"Golo Oda",0.376499798665458,0,0.00619116186674984,0,0.966363002930438,0
"Gololcha Arsi",0.316536046943627,57564,0.295444735482674,53760,0.338200548071017,61471
"Gololcha Bale",0.249264022517322,32317,0.191284630315458,26273,0.319993472245858,39379
"Goma",0.309924024726186,44979,0.303018022690151,43963,0.316895189019373,46004
"Goncha Siso Enese",0.408555022299279,54528,0.390705573306343,52157,0.426580684012647,56923
"Gonder Zuria",0.217204825148989,49611,0.205216287358917,46833,0.229585590746395,52484
"Gonje",0.326999385171001,18619,0.316707175944391,18026,0.337417064044302,19218
"Gorche",0.278980292468866,35871,0.267126011417335,34345,0.291067079539193,37427
"Goro",0.261558991555217,46900,0.245215546269173,44770,0.278701038297186,49113
"Goro Baqaqsa",0.44956180591458,3246,0.07155361846639,863,0.892261834518332,5877
"Goro Dola",0.667106743444898,47876,0.573577912103184,41068,0.750222582027218,54050
"Goro Gutu",0.417847812063302,0,0.0124137022722753,0,0.964010775155748,0
"Guagusa Shikudad",0.317316420560192,24756,0.309316487515551,24141,0.325397402697578,25377
"Guangua",0.301604566514263,86336,0.293123340089818,84139,0.310188193596526,88557
"Guba",0.466387486621232,10194,0.426931612900624,9329,0.506132117397411,11064
"Guba Lafto",0.43592540165553,72276,0.406398990809021,67334,0.465789909750085,77280
"Gudetu Kondole",0.442894920349074,30378,0.433701898312635,29741,0.452114838812508,31016
"Guduru",0.355218722920239,53739,0.346351260584505,52481,0.36416361196391,55008
"Gulina",0.315021435922671,48156,0.225335300540526,35127,0.417596964391923,62869
"Guliso",0.298479671207521,14653,0.292534675086111,14363,0.304475443365848,14946
"Gulomekeda",0.102366679728104,5115,0.00398195014244559,196,0.472265673565592,23640
"Gumay",0.328055503650022,18213,0.321771312433775,17865,0.334385723081905,18565
"Gumer",0.327281485123109,26350,0.319277540142919,25706,0.335360519208453,27000
"Guna",0.311181961445305,26794,0.29207108475945,25151,0.330780736499062,28479
"Gunagado",0.461949306449635,0,1.10043801310031e-06,0,0.999995694185854,0
"Gura Damole",0.383118139941404,11474,0.27716980201647,8950,0.490976310497757,14069
"Guradamole",0.289424876667928,8854,0.0542013748006371,2221,0.691639738732163,19743
"Gurafereda",0.360779691225222,5602,0.347940803477904,5409,0.37371956097376,5797
"Gursum",0.43022033367177,0,7.66751443416412e-05,0,0.999590555141997,0
"Guto Gida",0.304465096133923,30470,0.296700229127469,29648,0.312372316907164,31309
"Guzamn",0.377999611177132,48045,0.366213467385602,46527,0.389892133476259,49577
"Habro",0.338912236484834,31466,0.283115320739834,26150,0.399638652230756,37261
"Habru",0.455493585036515,88001,0.419044478890336,80926,0.492337227302773,95158
"Hadelela",0.528933880573863,44760,0.470457509215157,39104,0.586682872987246,50339
"Hadero Tubito",0.313084166381959,28034,0.30533273197078,27345,0.32091486606936,28730
"Hagere Mariam",0.42036632577052,33932,0.399430670487043,32247,0.441515732983569,35634
"Halu",0.297721146264627,5528,0.29104458884076,5406,0.304462151609976,5650
"Hambela Wamena",0.260962781897756,13744,0.247428444480781,13042,0.274845831854748,14464
"Hamer",0.491668911968655,282124,0.409817591148329,241653,0.564510098458655,318617
"Hamero",0.383635085550289,0,0.000400957918082971,0,0.99587094398261,0
"Harar",0.412985908698433,0,0.000293888183186112,0,0.998221179867309,0
"Harena Buluk",0.224480249310923,12778,0.205944002900864,11729,0.24386258273819,13875
"Hareshen",0.451738850642659,0,4.22844957452143e-07,0,0.999997577172656,0
"Hargele",0.469135985196261,0,0.00141719383758409,0,0.997692958968336,0
"Haro Limu",0.318996219053338,25862,0.309538374787613,25115,0.32856525046786,26619
"Haro Maya",0.412535428211601,0,0.000580640803382367,0,0.996879087978661,0
"Haru",0.290612608471363,9502,0.285501765397191,9335,0.295762779987843,9670
"Hawa Galan",0.278136141095266,6306,0.269863118589177,6110,0.286525069097328,6504
"Hawi Gudina",0.31575752270647,28346,0.184949540020512,19622,0.492899743691807,39718
"Hawzen",0.0802354807194492,7116,0.025170870746082,2160,0.19022648505723,17182
"Hidabu Abote",0.424797032191597,35542,0.405714734355541,33957,0.444040855262977,37142
"Hintalo Wejirat",0.153282299609862,23185,0.0798271326426787,12305,0.258078779193558,38538
"Hitosa",0.322128882695182,37152,0.305272140517381,35254,0.339325898060765,39088
"Homa",0.28702750147462,2096,0.282096969726604,2060,0.291995506813878,2132
"Homosha",0.642342434877437,1060,0.627053864599357,1035,0.657412045836454,1084
"Horo",0.337369245536808,11255,0.330424102468329,11024,0.344371262762592,11488
"Hudet",0.892877347340327,23052,0.78330160213519,20293,0.957646214363213,24722
"Hulet Ej Enese",0.371150553736855,93429,0.357165419580027,89945,0.38529451586632,96952
"Hulla",0.273622387060494,35273,0.262445608403645,33849,0.285016707668557,36724
"Humbo",0.321653619737281,27055,0.31502018041986,26516,0.328343476843308,27598
"Hurumu",0.305424352351719,12815,0.2982640719856,12528,0.312658203463058,13104
"Ibantu",0.327421799085645,20263,0.31790414536606,19677,0.337044734646595,20856
"Ifata",0.379261568651851,22684,0.368808185530597,22059,0.389798804683908,23315
"Ilu",0.377694894436472,14424,0.364611299643705,13924,0.390912404431148,14929
"Inkolo Wabe",0.24822497497143,27076,0.23295761529158,25411,0.26397225704193,28792
"Itang",0.411545453474847,18458,0.394728907583668,17678,0.428338837521533,19234
"Jabi Tehnan",0.344724698115594,70723,0.335289906591061,68777,0.354250414575443,72687
"Jama",0.479712172061146,56019,0.451030258020759,52656,0.50849119557033,59394
"Janamora",0.240577713153372,20242,0.222731464377276,18739,0.259120375851122,21804
"Jarso",0.376511544860657,21820,0.153293572967312,21421,0.658640766154958,22221
"Jarte Jardega",0.357377489249859,38899,0.349130773993674,38101,0.365687739351535,39703
"Jawi",0.33997370156632,28321,0.32192189370088,27173,0.358377711375014,29488
"Jeju",0.318031898346269,56696,0.300583020332995,53584,0.335865967473133,59877
"Jeldu",0.385665287418416,96224,0.374551791428494,93422,0.396867664148162,99049
"Jibat",0.357467368243156,6415,0.349662912051169,6294,0.365336625327393,6537
"Jida",0.424429936916925,37631,0.403548737148513,35777,0.445512100879787,39503
"Jijiga",0.438840543469842,0,1.59980482570375e-05,0,0.999911469290828,0
"Jikawo",0.0499647010597265,1595,0.0224895370762956,715,0.0919410052764978,2935
"Jille Timuga",0.520095494050877,71136,0.485332515999564,66393,0.554710537984157,75864
"Jimma Arjo",0.320128512528761,30675,0.31400027453626,30104,0.326304009509882,31249
"Jimma Genete",0.310566964600414,8227,0.301143926767229,8009,0.320293911206848,8450
"Jimma Horo",0.365401725523741,14940,0.356796006423429,14607,0.374068300618555,15276
"Jimma Rare",0.336467021842684,21877,0.329254051300226,21424,0.343735943459687,22334
"Jore",0.017785884668761,112,0.00730681683180138,43,0.0354381508975503,236
"Kacha Bira",0.313621735813717,11295,0.305786758260409,11012,0.321536170267766,11580
"Kafta Humera",0.33785325693211,31914,0.266416749548975,24796,0.418499110095876,40017
"Kalu",0.531092578297601,125786,0.494165005946377,117050,0.567757508891347,134464
"Kamashi",0.323606935783134,3418,0.314188303715924,3322,0.333133077375129,3514
"Kebena",0.367042327040838,21989,0.357618611630138,21417,0.376545702696533,22565
"Kebribeyah",0.443356666943882,0,5.62649477890791e-06,0,0.999965955152222,0
"Kebridehar",0.469847270041988,0,1.1844953516205e-05,0,0.99996161271788,0
"Kediada Gambela",0.294784623794552,36270,0.287099053688093,35335,0.302562978351094,37216
"Kelafo",0.494860677636606,0,7.88624666674407e-06,0,0.999989755012832,0
"Kelela",0.478449362511263,96052,0.451944078024782,90706,0.50504050066934,101415
"Kelete Awelallo",0.0826350797079483,6690,0.0285004144780645,2285,0.182123446957445,14828
"Kemba",0.359418856946614,70921,0.350449846915708,69233,0.368463129124415,72621
"Kembibit",0.4118178064848,26996,0.390412635378718,25591,0.433473883163841,28418
"Kercha",0.274813833385186,22782,0.259591438994989,21541,0.290431552053765,24055
"Kersa",0.346952483957319,81794,0.232758476235266,79925,0.504932063437248,83697
"Kersana Malima",0.36198900156818,8419,0.349526871859747,8130,0.374590798968755,8713
"Kewet",0.48235653108774,47806,0.45151516568064,44752,0.513297799772167,50870
"Kiltu Kara",0.366911873801456,19704,0.35998932799173,19333,0.373874892273604,20077
"Kindo Dida",0.350871298340213,26082,0.344356634636154,25603,0.3574272474076,26563
"Kindo Koysha",0.352299971220076,14766,0.344725070643795,14474,0.359931245960515,15061
"Kiremu",0.334473212607219,25627,0.327135373034521,25127,0.341873439237243,26130
"Kobo",0.357925026288327,109842,0.311972526020328,95394,0.406428922501325,125117
"Kochere",0.258989495834267,8891,0.246376742345756,8458,0.27190501990519,9334
"Kochere Gedeb",0.269590378013942,15668,0.257942463930805,14986,0.281491302535346,16366
"Kofele",0.26577270167772,70559,0.253128018883762,67278,0.278713485949312,73915
"Kokir Gedbano",0.371040002442625,62806,0.361432405923862,61183,0.380724775829115,64442
"Kokosa",0.288905206605818,75323,0.274659900802327,71629,0.303468750102414,79099
"Kola Temben",0.132684572695341,17573,0.0797944831637372,10601,0.205106098844059,27082
"Kolfe - Keran",0.00258010776229696,0,0.000219531952006819,0,0.0111096332926724,0
"Kombolcha",0.433643786121296,0,0.000278984156442581,0,0.998833955305845,0
"Kondaltiti",0.362760559876104,23313,0.351544178119916,22594,0.37408942589117,24040
"Koneba",0.0696991928902044,1518,0.0156947994129008,349,0.191952830143538,4129
"Konso",0.362283370432473,50086,0.348574552713122,48286,0.376153208117932,51907
"Konta",0.344586336541048,34896,0.33695252135627,34182,0.352283422792437,35616
"Kore",0.256025075780365,62344,0.242518549477905,59070,0.269887542849475,65704
"Kucha",0.353894587226475,56562,0.346765312810451,55430,0.361072562237257,57701
"Kuni",0.350495227536999,42292,0.0805005519443396,14160,0.740957601243535,80363
"Kurfa Chele",0.405605663372695,0,0.00107198376838911,0,0.994266287090616,0
"Kurmuk",0.696636017115737,14295,0.679504845967668,13952,0.713367289320731,14630
"Kurri",0.152244703831603,3421,0.0435247949531782,1027,0.355402352604231,7730
"Kutaber",0.490577170967675,36917,0.459029818157938,34533,0.52217661928943,39304
"Kuyu",0.426811798981327,66472,0.409698824363559,63803,0.444053333420945,69162
"Laelay Adiyabo",0.130495048508569,23296,0.0254285179407398,4560,0.371611794786319,65974
"Laelay Maychew",0.128846334835633,8250,0.0146144553332616,897,0.441427574219736,28560
"Lagahida",0.376834586549269,0,0.000793739635885592,0,0.992665472717869,0
"Lalo Asabi",0.288003723939807,13703,0.28179715289958,13407,0.294269340040282,14001
"Lalo Kile",0.269081775711167,30841,0.263006436169997,30154,0.275223033075785,31534
"Lanfero",0.284311171042923,31409,0.274351685560912,30299,0.294429349416117,32537
"Lare",0.292938676415664,13525,0.254781628426258,11849,0.3342050479956,15324
"Lasta",0.375915585382435,29654,0.353135333780193,27856,0.399108760759147,31484
"Lay Armacho",0.246727285630345,46273,0.231616874862758,43502,0.262327148923741,49134
"Lay Gayint",0.33828515065192,54660,0.322038767137994,52088,0.354818949820937,57277
"Legambo",0.497497688089802,54004,0.467645077633737,50760,0.527351203856236,57248
"Lege Hida",0.322341289350031,7566,0.0286234775924759,1819,0.843165384845935,16679
"Legehida",0.478640561472477,19178,0.448789279607416,17982,0.508605612012288,20379
"Leka Dulecha",0.310662249206008,15021,0.305453352892901,14765,0.315907303553051,15279
"Liben",0.851469249523552,106215,0.75664548007293,93725,0.91834593082145,115282
"Liben Chukala",0.351769116268132,34135,0.338338471365943,32829,0.365375986446935,35458
"Libo Kemkem",0.251209973549306,30555,0.239630847930862,29156,0.263056434517066,31986
"Limu",0.317377436454517,59624,0.308868437810781,58115,0.325976425837309,61149
"Limu Bilbilo",0.250622544742725,72064,0.235421613176569,67681,0.266293390902969,76583
"Limu Kosa",0.326553447498314,55860,0.318955639003813,54577,0.334221942158383,57155
"Limu Seka",0.331472081525287,66386,0.324632140255501,64997,0.338367949001625,67786
"Loka Abaya",0.321783290808013,36772,0.312248706893415,35694,0.33142953132896,37863
"Loma Bosa",0.365034643404679,27843,0.357080764874245,27256,0.373043743926624,28433
"Lome",0.346262560933292,38369,0.331275402575425,36700,0.361480566881521,40064
"Lude Hitosa",0.290417958769141,23346,0.275563980501841,22152,0.305612586848569,24567
"Maji",0.519189997475024,11301,0.497602276587516,10842,0.540255665895558,11754
"Male",0.372247886224851,44805,0.360501861324939,43395,0.384106620407524,46230
"Malga",0.277592135479241,24503,0.265210227654425,23411,0.290230618568938,25617
"Malka Balo",0.384898522822917,0,0.014936478696805,0,0.939597257770317,0
"Mana Sibu",0.43505072590454,53528,0.426993354663441,52545,0.443131674714593,54515
"Mandura",0.312910314013264,9373,0.302370068855956,9082,0.32359768707195,9668
"Maokomo Special",0.554343897381012,21088,0.540088444792743,20559,0.568523941670362,21615
"Mareka",0.353531913789546,43373,0.345494030564435,42425,0.361631992492714,44329
"Mareko",0.30025010236436,21472,0.290007735474786,20743,0.310643137686192,22212
"Masha",0.283903687609715,9838,0.275441916831815,9555,0.29248116329355,10124
"Mecha",0.281069736899677,85779,0.274216535327321,83686,0.287999326450402,87896
"Meda Welabu",0.586943559712057,81467,0.475320655739688,68220,0.680703561798595,93118
"Medebay Zana",0.160501316791129,19298,0.037829534470389,4414,0.423590426778082,51329
"Megale",0.149411783788075,7457,0.0603865709747947,3064,0.292750609665999,14460
"Mehal Sayint",0.454552523397199,31595,0.430890597642653,29935,0.478366066608194,33266
"Mekdela",0.46150767295815,81029,0.43542293427262,76412,0.487741130718637,85674
"Meket",0.38425691613327,84294,0.362654718163083,79518,0.406199159720979,89147
"Meko",0.309445455568175,7913,0.303712444491482,7772,0.315222607413089,8055
"Melekoza",0.360099988270945,31961,0.351876804331494,31230,0.368384693196987,32698
"Melka Soda",0.525731809559048,44240,0.467216936363645,39716,0.58192249837123,48675
"Mena",0.335737016473323,65414,0.297961147420428,61213,0.373954193337636,69701
"Menge",0.575995937571149,2019,0.561821913051117,1971,0.590070541957307,2067
"Mengesh",0.276458967446164,2782,0.26701903252496,2688,0.286048842760691,2877
"Menit Goldiye",0.321509326444189,27750,0.313362979237943,27079,0.329737978377611,28428
"Menit Shasha",0.354627009086903,15268,0.343588949382555,14790,0.365761431120289,15751
"Menjiwo",0.329358523548728,32604,0.322199375673587,31908,0.336581450142981,33305
"Menz Gera Midir",0.51984701162613,50366,0.487133231022721,47170,0.552431602837138,53551
"Menz Keya Gabriel",0.51055676035167,22332,0.48117876603285,21047,0.539878680342965,23615
"Menz Lalo Midir",0.512326454185931,16696,0.482263445210987,15715,0.542322948316798,17675
"Menz Mama Midir",0.488453038505425,42671,0.458123434424773,40013,0.518843837600268,45334
"Merahbete",0.473730440572315,42249,0.449561239566588,40104,0.497989838145212,44402
"Mereb Leke",0.166595638720143,15859,0.00522665840334998,515,0.693633089564445,65931
"Merti",0.344551599391738,45659,0.324850172736626,43043,0.364654167697213,48329
"Mesela",0.386086118991609,0,0.0269624503070859,0,0.907235059558534,0
"Meskan",0.320712099159275,50835,0.310517755925359,49206,0.331053786627928,52489
"Meta",0.413767905930047,0,0.00411703790196573,0,0.984633092462854,0
"Meta Robi",0.413585987273072,77027,0.399105011305054,74338,0.42817632843428,79737
"Metema",0.405078756658608,64120,0.362260137349612,57322,0.449017523257174,71093
"Metu Zuria",0.290831199045245,15338,0.28335011816013,14952,0.298397407310329,15729
"Meyu",0.379060090266125,0,0.00153712607761642,0,0.987619085601134,0
"Meyumuluka",0.403358047925381,0,0.000306010488008769,0,0.997777894116545,0
"Michakel",0.365634827403614,58496,0.354305000963499,56687,0.377075420326622,60323
"Mida Kegn",0.371890548675291,38042,0.363146788055,37198,0.380695966417243,38891
"Midega Tola",0.411173893216684,0,0.000440554480281262,0,0.997465708030803,0
"Mierab Azenet Berbere",0.315032703212389,30754,0.307584385391654,30030,0.322552264438922,31485
"Mierab Badawacho",0.300247491993487,21322,0.292553413928806,20775,0.308025937866193,21875
"Mieso",0.391481764638049,56897,0.254917291629949,34062,0.551911962147093,84160
"Miesso",0.455198914746947,10278,0.0805263010872325,3054,0.877085663114845,18638
"Mile",0.394581359863037,26296,0.112783937347362,10670,0.75197087689235,45766
"Mimo Weremo",0.472191967221074,33588,0.446936232466742,31791,0.497552507943398,35393
"Minjar Shenkora",0.395708174422461,58226,0.375631883580167,55305,0.416041387554036,61186
"Mirab Abaya",0.329694968284947,16231,0.321408069839627,15877,0.338067767960714,16588
"Mirab Armacho",0.420489734872853,34214,0.365825427976385,29706,0.476721209454016,38859
"Misha",0.33285955451917,36663,0.325276984290548,35827,0.340506626143192,37507
"Misrak Azenet Berbere",0.314627801193788,9555,0.307292243364045,9333,0.322032604361492,9780
"Misrak Badawacho",0.274357208279034,23641,0.265186743574031,22865,0.283673243118787,24430
"Miyo",0.986354775849077,60277,0.959494084447978,58666,0.997096060345732,60917
"Mojan Wedera",0.47413728979066,39453,0.446305690976362,37130,0.502089510729384,41786
"Moretna Jiru",0.481039389636176,30432,0.45550888897728,28810,0.506637236560302,32059
"Moyale",0.975926471392897,175786,0.915409643814477,167970,0.996164617561848,178357
"Muhur Na Aklil",0.36898609676153,40035,0.360567666643269,39125,0.377464345194834,40952
"Mulo",0.434790784471383,31052,0.416900097316987,29776,0.452808059135011,32336
"Munessa",0.262548709815628,57429,0.249263287130096,54525,0.276163601318822,60406
"Mustahil",0.50773040573078,0,1.27362284659228e-06,0,0.999998938047141,0
"Naeder Adet",0.152730516319746,16536,0.065717758038379,6880,0.295244040545034,32572
"Nefas Silk",0.179801674720765,3499,0.131105876292968,2551,0.237586100183692,4623
"Nejo",0.305710870017728,35398,0.298914949403492,34612,0.312570331307686,36191
"Nenesebo",0.245208658214239,39877,0.22804934264765,37187,0.262997614362434,42662
"Nole Kaba",0.290278775358618,9308,0.284316474553361,9118,0.296296452541096,9500
"Nono",0.330305941410816,5665,0.323210866500259,5542,0.337459039051855,5788
"Nunu Kumba",0.322502282651844,20186,0.316435245958383,19817,0.328613898855902,20558
"Odo Shakiso",0.346979953518767,32467,0.31749717578859,29852,0.37715105552491,35146
"Ofa",0.33438412157282,34082,0.327920458844473,33440,0.340894155629939,34728
"Ofla",0.283471196025089,30789,0.236365883540204,25509,0.334882851585003,36572
"Omo Nada",0.34342770141911,122401,0.336515382892132,119914,0.350390052235923,124906
"Pawe Special",0.30189166189505,11175,0.293471012653764,10866,0.310412991336397,11489
"Quara",0.446329656631183,55620,0.398465234673491,49677,0.494827445155666,61647
"Quarit",0.337733559264526,34167,0.328390995647585,33227,0.347170542072043,35117
"Raya Azebo",0.220242002747074,51227,0.13851377378128,32749,0.324307596804686,74471
"Rayitu",0.287169824741876,6482,0.0253450378543085,1078,0.779334267959322,16515
"Robe",0.259968872830834,60574,0.242836815755557,56639,0.277664835580141,64637
"Saba Boru",0.602433028656267,62909,0.522072736616695,54641,0.67668330295604,70776
"Saesie Tsaedaemba",0.0712577075193083,8716,0.0116485047095337,1599,0.234518493690096,27097
"Saharti Samre",0.182047176883162,24840,0.124410687586825,16827,0.254127332933692,34918
"Sahla",0.282847483245605,24308,0.261491564770856,22480,0.304953710577905,26200
"Sale Nono",0.277163825141871,5018,0.267987059450624,4853,0.286482631929278,5185
"Sankura",0.28641565444375,19933,0.276690777192895,19260,0.296291119635023,20617
"Sasiga",0.313903188482256,23640,0.307604130656915,23162,0.320252950154026,24122
"Sayilem",0.298398435273221,18150,0.290229650181915,17677,0.306666159497755,18629
"Sayint",0.474363835367171,65260,0.448800421996655,61728,0.500006298135787,68804
"Sayo",0.291806673078297,23449,0.283693356087988,22810,0.300020418804379,24095
"Sayo Nole",0.299471324575114,7926,0.294088634674046,7784,0.304897050456018,8070
"Seden Sodo",0.367214407981025,26560,0.356688362294488,25793,0.3778364576566,27334
"Segeg",0.410714660944128,0,0.000217852391872651,0,0.998509719963851,0
"Seka Chekorsa",0.310476541435671,34212,0.30335961068192,33429,0.317661509156656,35002
"Sekela",0.320471868191673,51046,0.312770935151204,49825,0.328245210049634,52279
"Sekoru",0.340235829593102,88802,0.332328202774849,86764,0.348212530153825,90858
"Sekota",0.304523722697408,48090,0.277888390775682,43976,0.332463641208516,52398
"Selahad",0.355547889255114,0,0.00114175173813122,0,0.986814356178595,0
"Selamgo",0.39037072747664,42422,0.377294799806685,40955,0.403539886383766,43894
"Selti",0.302015950610028,43496,0.29269755890463,42168,0.311458150635068,44840
"Semen Achefer",0.253323934345162,44313,0.244810444817649,42796,0.261980654205054,45857
"Semen Bench",0.292895531362794,23426,0.285015967108347,22828,0.300869916640164,24031
"Senan",0.388263283408518,52051,0.374237277565648,50178,0.402422123463916,53942
"Serer/Elkere",0.392502076957079,0,0.00451658443777703,0,0.974994624790197,0
"Seru",0.282208757601356,31970,0.257237991188676,29410,0.308558193895245,34640
"Setema",0.316849678538118,38475,0.309643752603533,37624,0.324125713420733,39334
"Seweyna",0.307819807181011,10534,0.0253267836548064,3134,0.824575662252061,22809
"Shalla",0.276452226647062,32032,0.265614237984813,30806,0.287492661423943,33281
"Shashemene Zuria",0.26193943872538,75151,0.250563663567813,71874,0.2735575833305,78499
"Shashogo",0.281793199254541,27198,0.272704642675759,26326,0.291016241462881,28084
"Shay Bench",0.31876874986251,31043,0.311339331424008,30341,0.326269712069334,31752
"Shebe Dino",0.254485929550835,12415,0.241278300517095,11771,0.268036305381739,13076
"Shebe Sambo",0.324757682881895,63255,0.317721410921172,61951,0.331856251600344,64569
"Shebel Bereta",0.449487738603381,36462,0.429025774845336,34804,0.47006645529273,38129
"Sheka",0.288179853800433,5124,0.27912663596159,4970,0.297360305127559,5281
"Shekosh",0.464595634690824,0,3.93358634798917e-06,0,0.99998615751366,0
"Sherkole",0.630549765895824,3616,0.614775890049294,3521,0.646114114725294,3710
"Shilabo",0.496751026528948,0,1.40935014561678e-06,0,0.99999829994363,0
"Shinile",0.4573897154353,0,0.00176769954126088,0,0.996430952020827,0
"Shirka",0.267013806327015,51320,0.250964932255305,48256,0.283531328313244,54474
"Sibu Sire",0.316813995742633,83348,0.310143955927414,81648,0.323540093135957,85063
"Sigmo",0.306305535474678,36708,0.298751549488175,35882,0.313941063253099,37542
"Simada",0.40315622911986,167865,0.384426051015278,160144,0.422078850586089,175671
"Simurobi Gele'alo",0.496698058961259,40657,0.46388288299559,37976,0.529532026804739,43339
"Sinana",0.201963865226413,34722,0.183458791087259,31558,0.221459354244637,38056
"Siraro",0.281060300499604,44777,0.270656692777611,43121,0.291636438998336,46460
"Sirba Abay",0.487013135628425,4238,0.473215591227135,4127,0.500793648722349,4348
"Sire",0.319546774796947,50919,0.30339252690916,48339,0.336027556523774,53552
"Siya Debirna Wayu",0.448947621510174,18471,0.424231301632198,17453,0.473852143038122,19497
"Sodo",0.33307823560077,48789,0.32239353524192,47231,0.343894097557192,50366
"Sodo Daci",0.353920977112266,21269,0.341833533784396,20543,0.366148980377138,22004
"Sodo Zuria",0.31770539731436,45532,0.310880729826951,44548,0.32459034150391,46525
"Soro",0.341270623059747,51834,0.333394412437726,50638,0.349211728953712,53041
"Sude",0.285893174607438,54612,0.268405348829068,51279,0.303870195633503,58038
"Sululta",0.427038691027007,94816,0.406647888026169,90259,0.447735296865456,99444
"Surma",0.788093134380431,33612,0.753538046902977,32152,0.819161573735943,34924
"Tach Armacho",0.319239747083503,40103,0.290930483968474,36692,0.348593833709297,43640
"Tach Gayint",0.384664147757289,30093,0.365580688001808,28613,0.404002651483574,31592
"Tahtay Adiyabo",0.141373114617824,28239,0.0374558400577356,7233,0.363974903847813,73762
"Tahtay Koraro",0.132565854610806,9753,0.0357512127783965,2586,0.320189209777867,23771
"Tahtay Maychew",0.150057982500766,9632,0.0171223778492026,1102,0.497618082771171,31948
"Takusa",0.316823798484068,39216,0.297931299589349,37211,0.336181902084585,41269
"Tanqua Abergele",0.183326862021414,19228,0.134339191407086,13939,0.241920873541625,25596
"Tarema Ber",0.475629227478737,27274,0.446329120385814,25604,0.505054722076757,28951
"Telalak",0.542013851263847,77688,0.428282348428493,67640,0.652522721805369,87583
"Teltele",0.669372245176897,100136,0.581238188039746,88212,0.740512780677652,110073
"Tembaro",0.339230194053847,29127,0.331121803141943,28467,0.347412583146181,29793
"Tena",0.275173044583357,50221,0.26006113353751,47443,0.290677188483323,53071
"Tenta",0.481310768377919,80543,0.452122033291431,75654,0.510584930451359,85446
"Teru",0.175378154521461,34090,0.0729085330644214,14526,0.337537674862992,64567
"Thehulederie",0.491188009340276,44722,0.457277140274976,41637,0.525156051976118,47812
"Tikur Enchini",0.361521355919078,25997,0.354688449832801,25506,0.368395888268905,26492
"Tiro Afeta",0.332098608767897,52561,0.324803237703485,51423,0.33945568008108,53709
"Tiyo",0.272107264054195,24872,0.255827489105917,23241,0.289209217605528,26602
"Tocha",0.345331739688993,30048,0.337337318784286,29379,0.353396527777285,30722
"Toke Kutaye",0.349660663117341,52277,0.342111014475618,51142,0.357266636975335,53421
"Tole",0.363263102141025,18255,0.351091094230751,17645,0.375567215497896,18871
"Tsegede",0.348091300503432,119875,0.308633212854855,107065,0.389014936009161,133202
"Tselemt",0.209364984339204,12938,0.186991932183691,11543,0.233232470797846,14428
"Tselemti",0.214568750060288,46744,0.176065038882817,37048,0.259572396379915,58342
"Tulo",0.348150934691524,17184,0.217619176765328,16809,0.537752410576903,17563
"Ubadebretsehay",0.370243598520688,23283,0.36005663656514,22642,0.38051771446258,23929
"Uraga",0.266040381807861,40051,0.252552701009162,38045,0.279873301062545,42107
"Wadera",0.373365345807272,38656,0.33581531969808,34779,0.411797306936997,42624
"Wadla",0.410917881640025,42031,0.386807322243901,39564,0.435340942514556,44531
"Waliso",0.36162793320224,45184,0.348848790656101,43594,0.37473672055751,46816
"Walmara",0.40362082935478,48632,0.387422225781005,46691,0.419979243769241,50592
"Wama Hagalo",0.322291896721486,17958,0.31659037048774,17640,0.328033013317613,18278
"Wantawo",0.00987623645277114,131,0.00246597533862082,33,0.0256359010539668,335
"Wara Jarso",0.421565922644889,80100,0.404880543617599,76896,0.438383001438138,83332
"Warder",0.482122687734519,0,1.10519498729661e-06,0,0.99999778923507,0
"Wayu Tuka",0.309567913022728,23596,0.30399726941069,23172,0.315179925686634,24023
"Wegde",0.455859529953415,55855,0.432449051176061,52977,0.479412980347177,58752
"Wegera",0.236279371893928,40245,0.220717099957242,37627,0.252380993151629,42954
"Welkait",0.289419183426277,88229,0.249548345257212,76307,0.332669299156275,101155
"Wemberma",0.34607233339537,25942,0.335510620421051,25263,0.356747905156983,26628
"Wenago",0.239268320055746,1918,0.224474500200125,1800,0.254541247332516,2041
"Wenbera",0.424473597957454,26949,0.409914192612612,26075,0.439141225453422,27830
"Wenchi",0.368295528652433,32687,0.358842422221246,31856,0.377822208343377,33525
"Were Ilu",0.505401845973831,65645,0.473387923006489,61444,0.537382149356677,69844
"Werei Leke",0.108235390887558,13771,0.0324067322898766,3998,0.261681048374915,33823
"West Belesa",0.24090517060199,32980,0.227406173087053,31132,0.254798663673958,34883
"West Esite",0.330704384707853,53300,0.318630849159541,51353,0.342943641625026,55276
"West Imi",0.424153345181206,0,0.0012495530301833,0,0.994452879975025,0
"Wilbareg",0.30619086471847,43904,0.296767951598201,42576,0.315737831093122,45249
"Wondo-Genet",0.25725491431287,21885,0.245494417298994,20890,0.269282036459437,22903
"Wonosho",0.267622500745198,14268,0.256340604837326,13669,0.279133493216652,14879
"Worebabu",0.509232869590608,58785,0.472495886200697,54559,0.545893648100481,63003
"Wuchale",0.430885384974183,47426,0.409701276733949,45092,0.452258140068078,49780
"Yabelo",0.748282926777721,98732,0.666082761804432,87846,0.816284276125096,107959
"Yalo",0.229693332295422,12645,0.131331229429279,7443,0.358917641341218,19346
"Yama Logi Welel",0.30457705053252,10563,0.297174372727363,10308,0.312058084827456,10821
"Yaso",0.321676385075799,5725,0.310258559859136,5520,0.333253563541422,5934
"Yaya Gulele",0.426244481682098,28124,0.407858669253076,26900,0.44478510701818,29359
"Yayu",0.293633531444251,15583,0.285866181649438,15184,0.30149448405365,15988
"Yeka",0.258197297129143,8563,0.218429950852423,7261,0.301186581203503,9969
"Yeki",0.292814102278341,16306,0.284760805171588,15867,0.300966333675064,16751
"Yem",0.358993443592872,27874,0.350644657415375,27240,0.367404971021808,28512
"Yilmana Densa",0.318101285200077,81740,0.308847174285077,79389,0.327461378811388,84118
"Yirgachefe",0.261284050705329,12872,0.24870068154042,12252,0.274175112014992,13507
"Yubdo",0.280350445771519,9063,0.274350472051622,8871,0.286411143348649,9257
"Zala",0.370401688137916,38446,0.361627166832509,37533,0.37923985622132,39365
"Ziquala",0.300599242728146,39247,0.278857184827893,36416,0.323032845696537,42168
"Ziway Dugda",0.305914890283037,65125,0.293461902280015,62453,0.318583280699675,67843
"Total",0.410721837901313,22907030,0.243291897481874,21045354,0.605014582177282,25162515
