"Latitude","Longitude","value","variable"
39.3989115577889,3.44249949748744,0.99908121719923,"Mean"
39.4835105527638,3.44249949748744,0.999158716182763,"Mean"
39.5681095477387,3.44249949748744,0.999132722378486,"Mean"
38.8913175879397,3.51052613065327,0.997414178218497,"Mean"
38.9759165829146,3.51052613065327,0.998115371976356,"Mean"
39.0605155778894,3.51052613065327,0.998280411050587,"Mean"
39.1451145728643,3.51052613065327,0.998412401122094,"Mean"
39.2297135678392,3.51052613065327,0.998681088199806,"Mean"
39.3143125628141,3.51052613065327,0.998867366303091,"Mean"
39.3989115577889,3.51052613065327,0.998999741315569,"Mean"
39.4835105527638,3.51052613065327,0.999107280483183,"Mean"
39.5681095477387,3.51052613065327,0.999187059211135,"Mean"
38.8067185929648,3.5785527638191,0.996880795228523,"Mean"
38.8913175879397,3.5785527638191,0.99726651282255,"Mean"
38.9759165829146,3.5785527638191,0.997634514694124,"Mean"
39.0605155778894,3.5785527638191,0.997909132871371,"Mean"
39.1451145728643,3.5785527638191,0.998266732195071,"Mean"
39.2297135678392,3.5785527638191,0.998613661044509,"Mean"
39.3143125628141,3.5785527638191,0.998682936624558,"Mean"
39.3989115577889,3.5785527638191,0.99883564570117,"Mean"
39.4835105527638,3.5785527638191,0.998944789147815,"Mean"
39.5681095477387,3.5785527638191,0.999034576364161,"Mean"
39.6527085427136,3.5785527638191,0.998959401458192,"Mean"
38.1299266331658,3.64657939698492,0.98639875369688,"Mean"
38.2145256281407,3.64657939698492,0.990601737990883,"Mean"
38.2991246231156,3.64657939698492,0.990736772148546,"Mean"
38.3837236180904,3.64657939698492,0.992103011910766,"Mean"
38.4683226130653,3.64657939698492,0.993453029373357,"Mean"
38.5529216080402,3.64657939698492,0.99448639397007,"Mean"
38.6375206030151,3.64657939698492,0.995184563176242,"Mean"
38.72211959799,3.64657939698492,0.996016541786685,"Mean"
38.8067185929648,3.64657939698492,0.996531571434136,"Mean"
38.8913175879397,3.64657939698492,0.997000481299036,"Mean"
38.9759165829146,3.64657939698492,0.997440220575243,"Mean"
39.0605155778894,3.64657939698492,0.997661350012356,"Mean"
39.1451145728643,3.64657939698492,0.998013351075546,"Mean"
39.2297135678392,3.64657939698492,0.9982746276312,"Mean"
39.3143125628141,3.64657939698492,0.998458421354702,"Mean"
39.3989115577889,3.64657939698492,0.998596341037786,"Mean"
39.4835105527638,3.64657939698492,0.998712406206881,"Mean"
39.5681095477387,3.64657939698492,0.998830049248675,"Mean"
39.6527085427136,3.64657939698492,0.99882478719577,"Mean"
37.9607286432161,3.71460603015075,0.985292861606564,"Mean"
38.045327638191,3.71460603015075,0.98393258955418,"Mean"
38.1299266331658,3.71460603015075,0.989952186681826,"Mean"
38.2145256281407,3.71460603015075,0.991601941374135,"Mean"
38.2991246231156,3.71460603015075,0.990097069932394,"Mean"
38.3837236180904,3.71460603015075,0.991541983113219,"Mean"
38.4683226130653,3.71460603015075,0.992926519369445,"Mean"
38.5529216080402,3.71460603015075,0.99413625201184,"Mean"
38.6375206030151,3.71460603015075,0.994701253069575,"Mean"
38.72211959799,3.71460603015075,0.995331523545858,"Mean"
38.8067185929648,3.71460603015075,0.99591411944609,"Mean"
38.8913175879397,3.71460603015075,0.996496494874837,"Mean"
38.9759165829146,3.71460603015075,0.997024690142856,"Mean"
39.0605155778894,3.71460603015075,0.997416578435988,"Mean"
39.1451145728643,3.71460603015075,0.997712453679319,"Mean"
39.2297135678392,3.71460603015075,0.997960989041894,"Mean"
39.3143125628141,3.71460603015075,0.998092440162092,"Mean"
39.3989115577889,3.71460603015075,0.998283408270128,"Mean"
39.4835105527638,3.71460603015075,0.998438975969936,"Mean"
39.5681095477387,3.71460603015075,0.998570924760882,"Mean"
39.6527085427136,3.71460603015075,0.998616010504285,"Mean"
39.7373075376884,3.71460603015075,0.998444713707919,"Mean"
37.8761296482412,3.78263266331658,0.978949021548321,"Mean"
37.9607286432161,3.78263266331658,0.982481869715694,"Mean"
38.045327638191,3.78263266331658,0.982416655710125,"Mean"
38.1299266331658,3.78263266331658,0.988296859514272,"Mean"
38.2145256281407,3.78263266331658,0.991007702459307,"Mean"
38.2991246231156,3.78263266331658,0.989472172068289,"Mean"
38.3837236180904,3.78263266331658,0.990817422052314,"Mean"
38.4683226130653,3.78263266331658,0.992151208225309,"Mean"
38.5529216080402,3.78263266331658,0.993800743007023,"Mean"
38.6375206030151,3.78263266331658,0.995043210446301,"Mean"
38.72211959799,3.78263266331658,0.994743573315636,"Mean"
38.8067185929648,3.78263266331658,0.995486921063189,"Mean"
38.8913175879397,3.78263266331658,0.996172719127066,"Mean"
38.9759165829146,3.78263266331658,0.996642771154436,"Mean"
39.0605155778894,3.78263266331658,0.996921820981598,"Mean"
39.1451145728643,3.78263266331658,0.997169732531124,"Mean"
39.2297135678392,3.78263266331658,0.997690218842341,"Mean"
39.3143125628141,3.78263266331658,0.997654729944604,"Mean"
39.3989115577889,3.78263266331658,0.997868601204857,"Mean"
39.4835105527638,3.78263266331658,0.998064836907431,"Mean"
39.5681095477387,3.78263266331658,0.998242860399166,"Mean"
39.6527085427136,3.78263266331658,0.99837644991961,"Mean"
39.7373075376884,3.78263266331658,0.99823372488691,"Mean"
37.7915306532663,3.85065929648241,0.975775442484919,"Mean"
37.8761296482412,3.85065929648241,0.976558731580077,"Mean"
37.9607286432161,3.85065929648241,0.98109023472917,"Mean"
38.045327638191,3.85065929648241,0.985450734454959,"Mean"
38.1299266331658,3.85065929648241,0.988435020735052,"Mean"
38.2145256281407,3.85065929648241,0.986663272891698,"Mean"
38.2991246231156,3.85065929648241,0.988481563738327,"Mean"
38.3837236180904,3.85065929648241,0.989936739157774,"Mean"
38.4683226130653,3.85065929648241,0.991282985189376,"Mean"
38.5529216080402,3.85065929648241,0.992452776448849,"Mean"
38.6375206030151,3.85065929648241,0.994602290256661,"Mean"
38.72211959799,3.85065929648241,0.994358308232281,"Mean"
38.8067185929648,3.85065929648241,0.994957363356895,"Mean"
38.8913175879397,3.85065929648241,0.995486475914511,"Mean"
38.9759165829146,3.85065929648241,0.996887977448994,"Mean"
39.0605155778894,3.85065929648241,0.996967562820835,"Mean"
39.1451145728643,3.85065929648241,0.9965522596876,"Mean"
39.2297135678392,3.85065929648241,0.996863309920333,"Mean"
39.3143125628141,3.85065929648241,0.997141703553188,"Mean"
39.3989115577889,3.85065929648241,0.997395352635308,"Mean"
39.4835105527638,3.85065929648241,0.997642518796329,"Mean"
39.5681095477387,3.85065929648241,0.997906722534748,"Mean"
39.6527085427136,3.85065929648241,0.998051560457961,"Mean"
39.7373075376884,3.85065929648241,0.997903635884026,"Mean"
39.8219065326633,3.85065929648241,0.99763115133564,"Mean"
37.7069316582915,3.91868592964824,0.968066974023761,"Mean"
37.7915306532663,3.91868592964824,0.973457608749973,"Mean"
37.8761296482412,3.91868592964824,0.978419935204081,"Mean"
37.9607286432161,3.91868592964824,0.979303728039337,"Mean"
38.045327638191,3.91868592964824,0.98301911029295,"Mean"
38.1299266331658,3.91868592964824,0.984548883569308,"Mean"
38.2145256281407,3.91868592964824,0.985173300140825,"Mean"
38.2991246231156,3.91868592964824,0.988860644460753,"Mean"
38.3837236180904,3.91868592964824,0.988882134812573,"Mean"
38.4683226130653,3.91868592964824,0.990367704851748,"Mean"
38.5529216080402,3.91868592964824,0.991526068451844,"Mean"
38.6375206030151,3.91868592964824,0.993733174899669,"Mean"
38.72211959799,3.91868592964824,0.993451879327824,"Mean"
38.8067185929648,3.91868592964824,0.99402281957374,"Mean"
38.8913175879397,3.91868592964824,0.9945177620066,"Mean"
38.9759165829146,3.91868592964824,0.994996433107188,"Mean"
39.0605155778894,3.91868592964824,0.99541179940015,"Mean"
39.1451145728643,3.91868592964824,0.995803567536783,"Mean"
39.2297135678392,3.91868592964824,0.996152848366804,"Mean"
39.3143125628141,3.91868592964824,0.996505118214256,"Mean"
39.3989115577889,3.91868592964824,0.996803954703574,"Mean"
39.4835105527638,3.91868592964824,0.997103750353029,"Mean"
39.5681095477387,3.91868592964824,0.997382107875307,"Mean"
39.6527085427136,3.91868592964824,0.997615028591507,"Mean"
39.7373075376884,3.91868592964824,0.99760300366867,"Mean"
39.8219065326633,3.91868592964824,0.997292618971237,"Mean"
39.9065055276382,3.91868592964824,0.996908597696739,"Mean"
39.9911045226131,3.91868592964824,0.996321172744265,"Mean"
37.6223326633166,3.98671256281407,0.960219495411904,"Mean"
37.7069316582915,3.98671256281407,0.962468438411166,"Mean"
37.7915306532663,3.98671256281407,0.965966613797976,"Mean"
37.8761296482412,3.98671256281407,0.972065986354569,"Mean"
37.9607286432161,3.98671256281407,0.980197704552089,"Mean"
38.045327638191,3.98671256281407,0.980049310151249,"Mean"
38.1299266331658,3.98671256281407,0.981264469724925,"Mean"
38.2145256281407,3.98671256281407,0.983287752294187,"Mean"
38.2991246231156,3.98671256281407,0.986205724633983,"Mean"
38.3837236180904,3.98671256281407,0.990175923782731,"Mean"
38.4683226130653,3.98671256281407,0.988916926321983,"Mean"
38.5529216080402,3.98671256281407,0.990323215020443,"Mean"
38.6375206030151,3.98671256281407,0.991177877339427,"Mean"
38.72211959799,3.98671256281407,0.992440886577726,"Mean"
38.8067185929648,3.98671256281407,0.994005107272197,"Mean"
38.8913175879397,3.98671256281407,0.993261669112125,"Mean"
38.9759165829146,3.98671256281407,0.993868446056238,"Mean"
39.0605155778894,3.98671256281407,0.994368229217253,"Mean"
39.1451145728643,3.98671256281407,0.994847032201461,"Mean"
39.2297135678392,3.98671256281407,0.9952799461967,"Mean"
39.3143125628141,3.98671256281407,0.99571454558888,"Mean"
39.3989115577889,3.98671256281407,0.996083801523485,"Mean"
39.4835105527638,3.98671256281407,0.996437380138107,"Mean"
39.5681095477387,3.98671256281407,0.996784673846873,"Mean"
39.6527085427136,3.98671256281407,0.997058096166597,"Mean"
39.7373075376884,3.98671256281407,0.997220939138653,"Mean"
39.8219065326633,3.98671256281407,0.996878685918465,"Mean"
39.9065055276382,3.98671256281407,0.996437631336457,"Mean"
39.9911045226131,3.98671256281407,0.995786371317485,"Mean"
40.0757035175879,3.98671256281407,0.994518743327127,"Mean"
40.1603025125628,3.98671256281407,0.99265512167685,"Mean"
41.1754904522613,3.98671256281407,0.916185263720245,"Mean"
41.2600894472362,3.98671256281407,0.901987235756474,"Mean"
41.344688442211,3.98671256281407,0.894194456645554,"Mean"
41.4292874371859,3.98671256281407,0.879197207261636,"Mean"
41.5138864321608,3.98671256281407,0.86866792034898,"Mean"
41.5984854271357,3.98671256281407,0.852094412255437,"Mean"
41.6830844221106,3.98671256281407,0.82132029208175,"Mean"
41.7676834170854,3.98671256281407,0.802168882216813,"Mean"
41.8522824120603,3.98671256281407,0.805192907919707,"Mean"
37.4531346733668,4.0547391959799,0.946433007411394,"Mean"
37.5377336683417,4.0547391959799,0.948046586127614,"Mean"
37.6223326633166,4.0547391959799,0.954696626614399,"Mean"
37.7069316582915,4.0547391959799,0.959252720645578,"Mean"
37.7915306532663,4.0547391959799,0.960971288863299,"Mean"
37.8761296482412,4.0547391959799,0.971755448394073,"Mean"
37.9607286432161,4.0547391959799,0.971327867328628,"Mean"
38.045327638191,4.0547391959799,0.975044637222526,"Mean"
38.1299266331658,4.0547391959799,0.979922979074156,"Mean"
38.2145256281407,4.0547391959799,0.986381071947795,"Mean"
38.2991246231156,4.0547391959799,0.982886456685996,"Mean"
38.3837236180904,4.0547391959799,0.985405689512694,"Mean"
38.4683226130653,4.0547391959799,0.987165766061947,"Mean"
38.5529216080402,4.0547391959799,0.98814558501084,"Mean"
38.6375206030151,4.0547391959799,0.989170219299552,"Mean"
38.72211959799,4.0547391959799,0.990332723315532,"Mean"
38.8067185929648,4.0547391959799,0.991006381625993,"Mean"
38.8913175879397,4.0547391959799,0.991774769608002,"Mean"
38.9759165829146,4.0547391959799,0.992733791530678,"Mean"
39.0605155778894,4.0547391959799,0.993075478621181,"Mean"
39.1451145728643,4.0547391959799,0.993653262201497,"Mean"
39.2297135678392,4.0547391959799,0.994199110721792,"Mean"
39.3143125628141,4.0547391959799,0.994717131502058,"Mean"
39.3989115577889,4.0547391959799,0.99518703906276,"Mean"
39.4835105527638,4.0547391959799,0.995638162283548,"Mean"
39.5681095477387,4.0547391959799,0.996055602861506,"Mean"
39.6527085427136,4.0547391959799,0.99638997025279,"Mean"
39.7373075376884,4.0547391959799,0.996720846513978,"Mean"
39.8219065326633,4.0547391959799,0.996477468279049,"Mean"
39.9065055276382,4.0547391959799,0.995898289854563,"Mean"
39.9911045226131,4.0547391959799,0.995217301099885,"Mean"
40.0757035175879,4.0547391959799,0.994369008372635,"Mean"
40.1603025125628,4.0547391959799,0.992990059609083,"Mean"
40.2449015075377,4.0547391959799,0.990324352649567,"Mean"
41.0908914572864,4.0547391959799,0.922048427889337,"Mean"
41.1754904522613,4.0547391959799,0.911382909652232,"Mean"
41.2600894472362,4.0547391959799,0.899472092251253,"Mean"
41.344688442211,4.0547391959799,0.881002765647611,"Mean"
41.4292874371859,4.0547391959799,0.876313150834795,"Mean"
41.5138864321608,4.0547391959799,0.861888842884551,"Mean"
41.5984854271357,4.0547391959799,0.848017428872618,"Mean"
41.6830844221106,4.0547391959799,0.826654597340068,"Mean"
41.7676834170854,4.0547391959799,0.809502078451189,"Mean"
41.8522824120603,4.0547391959799,0.807512053818296,"Mean"
41.9368814070352,4.0547391959799,0.782198106086831,"Mean"
37.368535678392,4.12276582914573,0.923144407869185,"Mean"
37.4531346733668,4.12276582914573,0.941907494896731,"Mean"
37.5377336683417,4.12276582914573,0.946529136403229,"Mean"
37.6223326633166,4.12276582914573,0.941404976587413,"Mean"
37.7069316582915,4.12276582914573,0.949707843319748,"Mean"
37.7915306532663,4.12276582914573,0.956771410999132,"Mean"
37.8761296482412,4.12276582914573,0.962739162005234,"Mean"
37.9607286432161,4.12276582914573,0.969714332102328,"Mean"
38.045327638191,4.12276582914573,0.972309357154207,"Mean"
38.1299266331658,4.12276582914573,0.97550473850481,"Mean"
38.2145256281407,4.12276582914573,0.978909689295773,"Mean"
38.2991246231156,4.12276582914573,0.981741047562023,"Mean"
38.3837236180904,4.12276582914573,0.98670865253547,"Mean"
38.4683226130653,4.12276582914573,0.9840771213601,"Mean"
38.5529216080402,4.12276582914573,0.98725100236256,"Mean"
38.6375206030151,4.12276582914573,0.987627679043533,"Mean"
38.72211959799,4.12276582914573,0.987817585781953,"Mean"
38.8067185929648,4.12276582914573,0.988926767127835,"Mean"
38.8913175879397,4.12276582914573,0.989895510216645,"Mean"
38.9759165829146,4.12276582914573,0.990756068903984,"Mean"
39.0605155778894,4.12276582914573,0.991609983471599,"Mean"
39.1451145728643,4.12276582914573,0.992308737983457,"Mean"
39.2297135678392,4.12276582914573,0.993019613546246,"Mean"
39.3143125628141,4.12276582914573,0.993612513053241,"Mean"
39.3989115577889,4.12276582914573,0.994139538708021,"Mean"
39.4835105527638,4.12276582914573,0.994640632435624,"Mean"
39.5681095477387,4.12276582914573,0.995163376807035,"Mean"
39.6527085427136,4.12276582914573,0.99558525231819,"Mean"
39.7373075376884,4.12276582914573,0.995962852774046,"Mean"
39.8219065326633,4.12276582914573,0.995843342731267,"Mean"
39.9065055276382,4.12276582914573,0.99528526255699,"Mean"
39.9911045226131,4.12276582914573,0.994554481688944,"Mean"
40.0757035175879,4.12276582914573,0.993517791490306,"Mean"
40.1603025125628,4.12276582914573,0.992205708971387,"Mean"
40.2449015075377,4.12276582914573,0.990421395883602,"Mean"
40.3295005025126,4.12276582914573,0.988052411219936,"Mean"
40.4140994974874,4.12276582914573,0.984618001521037,"Mean"
41.0062924623116,4.12276582914573,0.929920678172046,"Mean"
41.0908914572864,4.12276582914573,0.916777023448093,"Mean"
41.1754904522613,4.12276582914573,0.90328855717965,"Mean"
41.2600894472362,4.12276582914573,0.888928879787775,"Mean"
41.344688442211,4.12276582914573,0.873503027556483,"Mean"
41.4292874371859,4.12276582914573,0.858307633972234,"Mean"
41.5138864321608,4.12276582914573,0.843526247024405,"Mean"
41.5984854271357,4.12276582914573,0.846280147240214,"Mean"
41.6830844221106,4.12276582914573,0.825705250975461,"Mean"
41.7676834170854,4.12276582914573,0.817740993632682,"Mean"
41.8522824120603,4.12276582914573,0.799965030037579,"Mean"
41.9368814070352,4.12276582914573,0.783699370445662,"Mean"
42.02148040201,4.12276582914573,0.759545486416734,"Mean"
37.2839366834171,4.19079246231156,0.909971841733333,"Mean"
37.368535678392,4.19079246231156,0.905639811111951,"Mean"
37.4531346733668,4.19079246231156,0.916955976730784,"Mean"
37.5377336683417,4.19079246231156,0.925776961028213,"Mean"
37.6223326633166,4.19079246231156,0.940542101399555,"Mean"
37.7069316582915,4.19079246231156,0.945829505857113,"Mean"
37.7915306532663,4.19079246231156,0.951978068590425,"Mean"
37.8761296482412,4.19079246231156,0.958322077874455,"Mean"
37.9607286432161,4.19079246231156,0.963588728151252,"Mean"
38.045327638191,4.19079246231156,0.968206627843225,"Mean"
38.1299266331658,4.19079246231156,0.978985918466285,"Mean"
38.2145256281407,4.19079246231156,0.978665434592321,"Mean"
38.2991246231156,4.19079246231156,0.98336260982042,"Mean"
38.3837236180904,4.19079246231156,0.984000562685294,"Mean"
38.4683226130653,4.19079246231156,0.981031580650228,"Mean"
38.5529216080402,4.19079246231156,0.982050119697458,"Mean"
38.6375206030151,4.19079246231156,0.983842672253939,"Mean"
38.72211959799,4.19079246231156,0.985007456437276,"Mean"
38.8067185929648,4.19079246231156,0.98638561173531,"Mean"
38.8913175879397,4.19079246231156,0.987596240765887,"Mean"
38.9759165829146,4.19079246231156,0.988745064693171,"Mean"
39.0605155778894,4.19079246231156,0.989743347906306,"Mean"
39.1451145728643,4.19079246231156,0.990646263011361,"Mean"
39.2297135678392,4.19079246231156,0.991477418294268,"Mean"
39.3143125628141,4.19079246231156,0.992208654627805,"Mean"
39.3989115577889,4.19079246231156,0.992894644600913,"Mean"
39.4835105527638,4.19079246231156,0.993504639307839,"Mean"
39.5681095477387,4.19079246231156,0.994059506046708,"Mean"
39.6527085427136,4.19079246231156,0.994585621726333,"Mean"
39.7373075376884,4.19079246231156,0.995042542515051,"Mean"
39.8219065326633,4.19079246231156,0.995178240401424,"Mean"
39.9065055276382,4.19079246231156,0.994570396628918,"Mean"
39.9911045226131,4.19079246231156,0.993735346798134,"Mean"
40.0757035175879,4.19079246231156,0.99263334645081,"Mean"
40.1603025125628,4.19079246231156,0.991213506441647,"Mean"
40.2449015075377,4.19079246231156,0.989374607537526,"Mean"
40.3295005025126,4.19079246231156,0.986652497754364,"Mean"
40.4140994974874,4.19079246231156,0.9832439053273,"Mean"
40.4986984924623,4.19079246231156,0.978830434925912,"Mean"
40.5832974874372,4.19079246231156,0.973087047092725,"Mean"
40.9216934673367,4.19079246231156,0.936810226098355,"Mean"
41.0062924623116,4.19079246231156,0.92436943246066,"Mean"
41.0908914572864,4.19079246231156,0.910879531611236,"Mean"
41.1754904522613,4.19079246231156,0.898426026275917,"Mean"
41.2600894472362,4.19079246231156,0.881344908887551,"Mean"
41.344688442211,4.19079246231156,0.865818432056488,"Mean"
41.4292874371859,4.19079246231156,0.850226989550061,"Mean"
41.5138864321608,4.19079246231156,0.836799779092763,"Mean"
41.5984854271357,4.19079246231156,0.84189562091165,"Mean"
41.6830844221106,4.19079246231156,0.813607737071369,"Mean"
41.7676834170854,4.19079246231156,0.806356274693018,"Mean"
41.8522824120603,4.19079246231156,0.789706083966692,"Mean"
41.9368814070352,4.19079246231156,0.764254709866645,"Mean"
42.02148040201,4.19079246231156,0.760048075375334,"Mean"
37.1993376884422,4.25881909547739,0.886234691903706,"Mean"
37.2839366834171,4.25881909547739,0.882135417112073,"Mean"
37.368535678392,4.25881909547739,0.893117303709903,"Mean"
37.4531346733668,4.25881909547739,0.909632952614775,"Mean"
37.5377336683417,4.25881909547739,0.919134092337789,"Mean"
37.6223326633166,4.25881909547739,0.930466839853444,"Mean"
37.7069316582915,4.25881909547739,0.946342829119156,"Mean"
37.7915306532663,4.25881909547739,0.946245390004965,"Mean"
37.8761296482412,4.25881909547739,0.952848879654518,"Mean"
37.9607286432161,4.25881909547739,0.958479218901108,"Mean"
38.045327638191,4.25881909547739,0.962686491979975,"Mean"
38.1299266331658,4.25881909547739,0.965449702811075,"Mean"
38.2145256281407,4.25881909547739,0.970128450351673,"Mean"
38.2991246231156,4.25881909547739,0.975258859726618,"Mean"
38.3837236180904,4.25881909547739,0.97577077176563,"Mean"
38.4683226130653,4.25881909547739,0.975940577377442,"Mean"
38.5529216080402,4.25881909547739,0.978448830344736,"Mean"
38.6375206030151,4.25881909547739,0.979981463516478,"Mean"
38.72211959799,4.25881909547739,0.981783039861275,"Mean"
38.8067185929648,4.25881909547739,0.983445762538145,"Mean"
38.8913175879397,4.25881909547739,0.984927817601945,"Mean"
38.9759165829146,4.25881909547739,0.986240838845132,"Mean"
39.0605155778894,4.25881909547739,0.987439522817135,"Mean"
39.1451145728643,4.25881909547739,0.988542576627924,"Mean"
39.2297135678392,4.25881909547739,0.989562679286001,"Mean"
39.3143125628141,4.25881909547739,0.990467973613856,"Mean"
39.3989115577889,4.25881909547739,0.991287072767646,"Mean"
39.4835105527638,4.25881909547739,0.992046905749226,"Mean"
39.5681095477387,4.25881909547739,0.99273500550266,"Mean"
39.6527085427136,4.25881909547739,0.993349301601915,"Mean"
39.7373075376884,4.25881909547739,0.993919677602456,"Mean"
39.8219065326633,4.25881909547739,0.994400471571891,"Mean"
39.9065055276382,4.25881909547739,0.993715944749392,"Mean"
39.9911045226131,4.25881909547739,0.992889594109025,"Mean"
40.0757035175879,4.25881909547739,0.991676333012201,"Mean"
40.1603025125628,4.25881909547739,0.990022778678521,"Mean"
40.2449015075377,4.25881909547739,0.987923104746956,"Mean"
40.3295005025126,4.25881909547739,0.985072933584236,"Mean"
40.4140994974874,4.25881909547739,0.981375574128113,"Mean"
40.4986984924623,4.25881909547739,0.9765450586842,"Mean"
40.5832974874372,4.25881909547739,0.97045797351377,"Mean"
40.6678964824121,4.25881909547739,0.962631493725913,"Mean"
40.7524954773869,4.25881909547739,0.951991696035949,"Mean"
40.8370944723618,4.25881909547739,0.943502460875513,"Mean"
40.9216934673367,4.25881909547739,0.931675960678836,"Mean"
41.0062924623116,4.25881909547739,0.918673032585127,"Mean"
41.0908914572864,4.25881909547739,0.904437142307795,"Mean"
41.1754904522613,4.25881909547739,0.88961537242095,"Mean"
41.2600894472362,4.25881909547739,0.87358326956293,"Mean"
41.344688442211,4.25881909547739,0.857513794958726,"Mean"
41.4292874371859,4.25881909547739,0.841978429792562,"Mean"
41.5138864321608,4.25881909547739,0.833079082698237,"Mean"
41.5984854271357,4.25881909547739,0.828737657792896,"Mean"
41.6830844221106,4.25881909547739,0.803120689224324,"Mean"
41.7676834170854,4.25881909547739,0.786304724404216,"Mean"
41.8522824120603,4.25881909547739,0.775416749596551,"Mean"
41.9368814070352,4.25881909547739,0.759437362781689,"Mean"
42.02148040201,4.25881909547739,0.750580050777968,"Mean"
42.1060793969849,4.25881909547739,0.72109672662537,"Mean"
42.1906783919598,4.25881909547739,0.713085605019799,"Mean"
42.2752773869347,4.25881909547739,0.710647977498471,"Mean"
42.3598763819095,4.25881909547739,0.697554650318788,"Mean"
42.4444753768844,4.25881909547739,0.68425079118156,"Mean"
42.5290743718593,4.25881909547739,0.675360714097837,"Mean"
42.6136733668342,4.25881909547739,0.647865430593731,"Mean"
42.698272361809,4.25881909547739,0.649517007977682,"Mean"
37.1147386934673,4.32684572864322,0.824308803008192,"Mean"
37.1993376884422,4.32684572864322,0.857702203929914,"Mean"
37.2839366834171,4.32684572864322,0.872807611907591,"Mean"
37.368535678392,4.32684572864322,0.884159446903345,"Mean"
37.4531346733668,4.32684572864322,0.903752278797542,"Mean"
37.5377336683417,4.32684572864322,0.909414344254519,"Mean"
37.6223326633166,4.32684572864322,0.921170344739089,"Mean"
37.7069316582915,4.32684572864322,0.930673983551193,"Mean"
37.7915306532663,4.32684572864322,0.950187747084354,"Mean"
37.8761296482412,4.32684572864322,0.945132140338205,"Mean"
37.9607286432161,4.32684572864322,0.949521747398405,"Mean"
38.045327638191,4.32684572864322,0.954845796951162,"Mean"
38.1299266331658,4.32684572864322,0.957692995290772,"Mean"
38.2145256281407,4.32684572864322,0.971617452735287,"Mean"
38.2991246231156,4.32684572864322,0.969248045466297,"Mean"
38.3837236180904,4.32684572864322,0.970939250616436,"Mean"
38.4683226130653,4.32684572864322,0.972177768183139,"Mean"
38.5529216080402,4.32684572864322,0.973114939416386,"Mean"
38.6375206030151,4.32684572864322,0.975481569038135,"Mean"
38.72211959799,4.32684572864322,0.977651583333927,"Mean"
38.8067185929648,4.32684572864322,0.97969168487779,"Mean"
38.8913175879397,4.32684572864322,0.981496368760118,"Mean"
38.9759165829146,4.32684572864322,0.983109049585234,"Mean"
39.0605155778894,4.32684572864322,0.98457978585106,"Mean"
39.1451145728643,4.32684572864322,0.985933570808594,"Mean"
39.2297135678392,4.32684572864322,0.987187659699657,"Mean"
39.3143125628141,4.32684572864322,0.988289515026594,"Mean"
39.3989115577889,4.32684572864322,0.989308110782716,"Mean"
39.4835105527638,4.32684572864322,0.990236829850889,"Mean"
39.5681095477387,4.32684572864322,0.991109095193346,"Mean"
39.6527085427136,4.32684572864322,0.991836622928941,"Mean"
39.7373075376884,4.32684572864322,0.992539370590508,"Mean"
39.8219065326633,4.32684572864322,0.993191510182327,"Mean"
39.9065055276382,4.32684572864322,0.992737855943642,"Mean"
39.9911045226131,4.32684572864322,0.99175006255943,"Mean"
40.0757035175879,4.32684572864322,0.990428874287033,"Mean"
40.1603025125628,4.32684572864322,0.988741011022767,"Mean"
40.2449015075377,4.32684572864322,0.98633029781144,"Mean"
40.3295005025126,4.32684572864322,0.98325950664154,"Mean"
40.4140994974874,4.32684572864322,0.979242929319101,"Mean"
40.4986984924623,4.32684572864322,0.9740146453922,"Mean"
40.5832974874372,4.32684572864322,0.967414135072034,"Mean"
40.6678964824121,4.32684572864322,0.959025903146278,"Mean"
40.7524954773869,4.32684572864322,0.950312174042288,"Mean"
40.8370944723618,4.32684572864322,0.938639338292517,"Mean"
40.9216934673367,4.32684572864322,0.926200998204304,"Mean"
41.0062924623116,4.32684572864322,0.91233236835181,"Mean"
41.0908914572864,4.32684572864322,0.897484911230109,"Mean"
41.1754904522613,4.32684572864322,0.88533675980826,"Mean"
41.2600894472362,4.32684572864322,0.865380685604912,"Mean"
41.344688442211,4.32684572864322,0.849482891670415,"Mean"
41.4292874371859,4.32684572864322,0.835078088399265,"Mean"
41.5138864321608,4.32684572864322,0.823360354205233,"Mean"
41.5984854271357,4.32684572864322,0.806433591615999,"Mean"
41.6830844221106,4.32684572864322,0.797186359623575,"Mean"
41.7676834170854,4.32684572864322,0.770760799109067,"Mean"
41.8522824120603,4.32684572864322,0.758902986960328,"Mean"
41.9368814070352,4.32684572864322,0.751313001806264,"Mean"
42.02148040201,4.32684572864322,0.738944730549996,"Mean"
42.1060793969849,4.32684572864322,0.71717182612353,"Mean"
42.1906783919598,4.32684572864322,0.714431889400784,"Mean"
42.2752773869347,4.32684572864322,0.696398895993457,"Mean"
42.3598763819095,4.32684572864322,0.687525290039348,"Mean"
42.4444753768844,4.32684572864322,0.673938429367408,"Mean"
42.5290743718593,4.32684572864322,0.646673902704098,"Mean"
42.6136733668342,4.32684572864322,0.641603079576725,"Mean"
42.698272361809,4.32684572864322,0.642041536896843,"Mean"
42.7828713567839,4.32684572864322,0.629794923024552,"Mean"
36.9455407035176,4.39487236180905,0.763043505426153,"Mean"
37.0301396984925,4.39487236180905,0.789480642512675,"Mean"
37.1147386934673,4.39487236180905,0.807137911656621,"Mean"
37.1993376884422,4.39487236180905,0.829954692640789,"Mean"
37.2839366834171,4.39487236180905,0.85051401069338,"Mean"
37.368535678392,4.39487236180905,0.878643986775571,"Mean"
37.4531346733668,4.39487236180905,0.88578221154867,"Mean"
37.5377336683417,4.39487236180905,0.898918543178391,"Mean"
37.6223326633166,4.39487236180905,0.910782208593024,"Mean"
37.7069316582915,4.39487236180905,0.920532930984947,"Mean"
37.7915306532663,4.39487236180905,0.927066996774893,"Mean"
37.8761296482412,4.39487236180905,0.932954055257427,"Mean"
37.9607286432161,4.39487236180905,0.938298133340103,"Mean"
38.045327638191,4.39487236180905,0.946057504271049,"Mean"
38.1299266331658,4.39487236180905,0.948851897301283,"Mean"
38.2145256281407,4.39487236180905,0.956264501032416,"Mean"
38.2991246231156,4.39487236180905,0.956620168021469,"Mean"
38.3837236180904,4.39487236180905,0.961921355452845,"Mean"
38.4683226130653,4.39487236180905,0.965998820080386,"Mean"
38.5529216080402,4.39487236180905,0.96726834327687,"Mean"
38.6375206030151,4.39487236180905,0.970166634856012,"Mean"
38.72211959799,4.39487236180905,0.972830681695218,"Mean"
38.8067185929648,4.39487236180905,0.975236436548017,"Mean"
38.8913175879397,4.39487236180905,0.977382323094339,"Mean"
38.9759165829146,4.39487236180905,0.98034512198828,"Mean"
39.0605155778894,4.39487236180905,0.981125960951401,"Mean"
39.1451145728643,4.39487236180905,0.982762432676653,"Mean"
39.2297135678392,4.39487236180905,0.984421667874752,"Mean"
39.3143125628141,4.39487236180905,0.986457971352585,"Mean"
39.3989115577889,4.39487236180905,0.986929748787423,"Mean"
39.4835105527638,4.39487236180905,0.988078910983875,"Mean"
39.5681095477387,4.39487236180905,0.989079969509188,"Mean"
39.6527085427136,4.39487236180905,0.990009518003371,"Mean"
39.7373075376884,4.39487236180905,0.990842920401754,"Mean"
39.8219065326633,4.39487236180905,0.991633761872685,"Mean"
39.9065055276382,4.39487236180905,0.991614568410406,"Mean"
39.9911045226131,4.39487236180905,0.990529012348281,"Mean"
40.0757035175879,4.39487236180905,0.989038294219668,"Mean"
40.1603025125628,4.39487236180905,0.987112441038966,"Mean"
40.2449015075377,4.39487236180905,0.984553872003839,"Mean"
40.3295005025126,4.39487236180905,0.981209725186016,"Mean"
40.4140994974874,4.39487236180905,0.976825672915855,"Mean"
40.4986984924623,4.39487236180905,0.971180586185874,"Mean"
40.5832974874372,4.39487236180905,0.964200022685828,"Mean"
40.6678964824121,4.39487236180905,0.955256574846772,"Mean"
40.7524954773869,4.39487236180905,0.944887217314626,"Mean"
40.8370944723618,4.39487236180905,0.933280827352857,"Mean"
40.9216934673367,4.39487236180905,0.920040899621422,"Mean"
41.0062924623116,4.39487236180905,0.905500770285068,"Mean"
41.0908914572864,4.39487236180905,0.889996992990105,"Mean"
41.1754904522613,4.39487236180905,0.873585253971395,"Mean"
41.2600894472362,4.39487236180905,0.856934476861699,"Mean"
41.344688442211,4.39487236180905,0.839414523186986,"Mean"
41.4292874371859,4.39487236180905,0.822556297661533,"Mean"
41.5138864321608,4.39487236180905,0.80630706446194,"Mean"
41.5984854271357,4.39487236180905,0.790169812279748,"Mean"
41.6830844221106,4.39487236180905,0.776997620013688,"Mean"
41.7676834170854,4.39487236180905,0.763768185308444,"Mean"
41.8522824120603,4.39487236180905,0.751607739903754,"Mean"
41.9368814070352,4.39487236180905,0.750095531575325,"Mean"
42.02148040201,4.39487236180905,0.707461894933718,"Mean"
42.1060793969849,4.39487236180905,0.708166759575565,"Mean"
42.1906783919598,4.39487236180905,0.69365767915558,"Mean"
42.2752773869347,4.39487236180905,0.690226679090948,"Mean"
42.3598763819095,4.39487236180905,0.673218335822721,"Mean"
42.4444753768844,4.39487236180905,0.660431023939541,"Mean"
42.5290743718593,4.39487236180905,0.645247669723837,"Mean"
42.6136733668342,4.39487236180905,0.639418866451023,"Mean"
42.698272361809,4.39487236180905,0.631192566445885,"Mean"
42.7828713567839,4.39487236180905,0.611955697308278,"Mean"
42.8674703517588,4.39487236180905,0.609626420831312,"Mean"
36.1841497487437,4.46289899497487,0.786572152683907,"Mean"
36.2687487437186,4.46289899497487,0.588082466934109,"Mean"
36.3533477386935,4.46289899497487,0.513628207503011,"Mean"
36.4379467336683,4.46289899497487,0.578140613594275,"Mean"
36.5225457286432,4.46289899497487,0.639047087446118,"Mean"
36.6071447236181,4.46289899497487,0.659464703233755,"Mean"
36.691743718593,4.46289899497487,0.710988036560345,"Mean"
36.7763427135678,4.46289899497487,0.743001686362353,"Mean"
36.8609417085427,4.46289899497487,0.74614799365903,"Mean"
36.9455407035176,4.46289899497487,0.735346594860601,"Mean"
37.0301396984925,4.46289899497487,0.77649363004941,"Mean"
37.1147386934673,4.46289899497487,0.800392808868639,"Mean"
37.1993376884422,4.46289899497487,0.813019997808371,"Mean"
37.2839366834171,4.46289899497487,0.834557879100195,"Mean"
37.368535678392,4.46289899497487,0.853812572571655,"Mean"
37.4531346733668,4.46289899497487,0.88173033596003,"Mean"
37.5377336683417,4.46289899497487,0.885669545486545,"Mean"
37.6223326633166,4.46289899497487,0.895068478937073,"Mean"
37.7069316582915,4.46289899497487,0.903542907869074,"Mean"
37.7915306532663,4.46289899497487,0.911328727183683,"Mean"
37.8761296482412,4.46289899497487,0.919021790528191,"Mean"
37.9607286432161,4.46289899497487,0.925046745919672,"Mean"
38.045327638191,4.46289899497487,0.93418185339655,"Mean"
38.1299266331658,4.46289899497487,0.93709284451324,"Mean"
38.2145256281407,4.46289899497487,0.942240383202308,"Mean"
38.2991246231156,4.46289899497487,0.955487393979787,"Mean"
38.3837236180904,4.46289899497487,0.951657937479472,"Mean"
38.4683226130653,4.46289899497487,0.956329832552166,"Mean"
38.5529216080402,4.46289899497487,0.960229753402882,"Mean"
38.6375206030151,4.46289899497487,0.963681917924797,"Mean"
38.72211959799,4.46289899497487,0.969230244630671,"Mean"
38.8067185929648,4.46289899497487,0.969655790612984,"Mean"
38.8913175879397,4.46289899497487,0.972281972257389,"Mean"
38.9759165829146,4.46289899497487,0.974772754841497,"Mean"
39.0605155778894,4.46289899497487,0.97691439387279,"Mean"
39.1451145728643,4.46289899497487,0.978873558938207,"Mean"
39.2297135678392,4.46289899497487,0.980716537208961,"Mean"
39.3143125628141,4.46289899497487,0.982384612637986,"Mean"
39.3989115577889,4.46289899497487,0.983898336158375,"Mean"
39.4835105527638,4.46289899497487,0.985291968958154,"Mean"
39.5681095477387,4.46289899497487,0.986562123709726,"Mean"
39.6527085427136,4.46289899497487,0.987740219828406,"Mean"
39.7373075376884,4.46289899497487,0.988749544513982,"Mean"
39.8219065326633,4.46289899497487,0.9897157036265,"Mean"
39.9065055276382,4.46289899497487,0.990241537155554,"Mean"
39.9911045226131,4.46289899497487,0.989002906013537,"Mean"
40.0757035175879,4.46289899497487,0.987426535531174,"Mean"
40.1603025125628,4.46289899497487,0.985435133380223,"Mean"
40.2449015075377,4.46289899497487,0.982514957095297,"Mean"
40.3295005025126,4.46289899497487,0.978853188612964,"Mean"
40.4140994974874,4.46289899497487,0.974352915298383,"Mean"
40.4986984924623,4.46289899497487,0.968008573894807,"Mean"
40.5832974874372,4.46289899497487,0.960325234473151,"Mean"
40.6678964824121,4.46289899497487,0.950615616733773,"Mean"
40.7524954773869,4.46289899497487,0.939797874612255,"Mean"
40.8370944723618,4.46289899497487,0.927377356164057,"Mean"
40.9216934673367,4.46289899497487,0.913308079127652,"Mean"
41.0062924623116,4.46289899497487,0.89809895903594,"Mean"
41.0908914572864,4.46289899497487,0.881902164464511,"Mean"
41.1754904522613,4.46289899497487,0.864749797068024,"Mean"
41.2600894472362,4.46289899497487,0.847512764322038,"Mean"
41.344688442211,4.46289899497487,0.830437919087785,"Mean"
41.4292874371859,4.46289899497487,0.8115841021559,"Mean"
41.5138864321608,4.46289899497487,0.794126160365068,"Mean"
41.5984854271357,4.46289899497487,0.776864803042157,"Mean"
41.6830844221106,4.46289899497487,0.76610752626695,"Mean"
41.7676834170854,4.46289899497487,0.757973980938364,"Mean"
41.8522824120603,4.46289899497487,0.752779133510079,"Mean"
41.9368814070352,4.46289899497487,0.725880154806722,"Mean"
42.02148040201,4.46289899497487,0.708898098248853,"Mean"
42.1060793969849,4.46289899497487,0.700625534010299,"Mean"
42.1906783919598,4.46289899497487,0.684240632054225,"Mean"
42.2752773869347,4.46289899497487,0.680163735306592,"Mean"
42.3598763819095,4.46289899497487,0.662900543019669,"Mean"
42.4444753768844,4.46289899497487,0.640027934092789,"Mean"
42.5290743718593,4.46289899497487,0.63335558725871,"Mean"
42.6136733668342,4.46289899497487,0.618158477526683,"Mean"
42.698272361809,4.46289899497487,0.618227385955144,"Mean"
42.7828713567839,4.46289899497487,0.592411136267401,"Mean"
42.8674703517588,4.46289899497487,0.597629851588039,"Mean"
42.9520693467337,4.46289899497487,0.587512416820754,"Mean"
36.0995507537688,4.5309256281407,0.782061873922823,"Mean"
36.1841497487437,4.5309256281407,0.59551454155935,"Mean"
36.2687487437186,4.5309256281407,0.520142576744077,"Mean"
36.3533477386935,4.5309256281407,0.481818143555813,"Mean"
36.4379467336683,4.5309256281407,0.541796367978474,"Mean"
36.5225457286432,4.5309256281407,0.61259911430933,"Mean"
36.6071447236181,4.5309256281407,0.613770013834527,"Mean"
36.691743718593,4.5309256281407,0.679799415778091,"Mean"
36.7763427135678,4.5309256281407,0.709593737070501,"Mean"
36.8609417085427,4.5309256281407,0.740754227669246,"Mean"
36.9455407035176,4.5309256281407,0.711620316511966,"Mean"
37.0301396984925,4.5309256281407,0.790031031121155,"Mean"
37.1147386934673,4.5309256281407,0.770736204603618,"Mean"
37.1993376884422,4.5309256281407,0.796077172704158,"Mean"
37.2839366834171,4.5309256281407,0.815793128904931,"Mean"
37.368535678392,4.5309256281407,0.836276256889624,"Mean"
37.4531346733668,4.5309256281407,0.853553546088917,"Mean"
37.5377336683417,4.5309256281407,0.862607857714006,"Mean"
37.6223326633166,4.5309256281407,0.873363021605563,"Mean"
37.7069316582915,4.5309256281407,0.88343596103633,"Mean"
37.7915306532663,4.5309256281407,0.895755793634899,"Mean"
37.8761296482412,4.5309256281407,0.901629518620428,"Mean"
37.9607286432161,4.5309256281407,0.909585876108988,"Mean"
38.045327638191,4.5309256281407,0.916577626795959,"Mean"
38.1299266331658,4.5309256281407,0.923347516076528,"Mean"
38.2145256281407,4.5309256281407,0.92964477018541,"Mean"
38.2991246231156,4.5309256281407,0.939202305341618,"Mean"
38.3837236180904,4.5309256281407,0.947184258001378,"Mean"
38.4683226130653,4.5309256281407,0.946849630401278,"Mean"
38.5529216080402,4.5309256281407,0.958840335744041,"Mean"
38.6375206030151,4.5309256281407,0.95690252114062,"Mean"
38.72211959799,4.5309256281407,0.960087297074924,"Mean"
38.8067185929648,4.5309256281407,0.966456341045289,"Mean"
38.8913175879397,4.5309256281407,0.96604537286142,"Mean"
38.9759165829146,4.5309256281407,0.969235499533635,"Mean"
39.0605155778894,4.5309256281407,0.972039713211141,"Mean"
39.1451145728643,4.5309256281407,0.97421883777724,"Mean"
39.2297135678392,4.5309256281407,0.976604777815437,"Mean"
39.3143125628141,4.5309256281407,0.978376061890876,"Mean"
39.3989115577889,4.5309256281407,0.980249436357158,"Mean"
39.4835105527638,4.5309256281407,0.981935190140667,"Mean"
39.5681095477387,4.5309256281407,0.983585694572109,"Mean"
39.6527085427136,4.5309256281407,0.984989926223531,"Mean"
39.7373075376884,4.5309256281407,0.986208308848848,"Mean"
39.8219065326633,4.5309256281407,0.987400653156483,"Mean"
39.9065055276382,4.5309256281407,0.988444278718728,"Mean"
39.9911045226131,4.5309256281407,0.9872857410207,"Mean"
40.0757035175879,4.5309256281407,0.985577039253826,"Mean"
40.1603025125628,4.5309256281407,0.983261082903306,"Mean"
40.2449015075377,4.5309256281407,0.980472943730235,"Mean"
40.3295005025126,4.5309256281407,0.976150987219322,"Mean"
40.4140994974874,4.5309256281407,0.970956958453151,"Mean"
40.4986984924623,4.5309256281407,0.964334675092047,"Mean"
40.5832974874372,4.5309256281407,0.956138812114526,"Mean"
40.6678964824121,4.5309256281407,0.94579922783212,"Mean"
40.7524954773869,4.5309256281407,0.934285118731994,"Mean"
40.8370944723618,4.5309256281407,0.920906724002764,"Mean"
40.9216934673367,4.5309256281407,0.906029688276007,"Mean"
41.0062924623116,4.5309256281407,0.890092388775946,"Mean"
41.0908914572864,4.5309256281407,0.873182869239919,"Mean"
41.1754904522613,4.5309256281407,0.855228752771867,"Mean"
41.2600894472362,4.5309256281407,0.837001811816659,"Mean"
41.344688442211,4.5309256281407,0.818697576601219,"Mean"
41.4292874371859,4.5309256281407,0.800436509103062,"Mean"
41.5138864321608,4.5309256281407,0.785705179010231,"Mean"
41.5984854271357,4.5309256281407,0.768258551632913,"Mean"
41.6830844221106,4.5309256281407,0.747830399869315,"Mean"
41.7676834170854,4.5309256281407,0.731551365034565,"Mean"
41.8522824120603,4.5309256281407,0.731895399802953,"Mean"
41.9368814070352,4.5309256281407,0.72296725771365,"Mean"
42.02148040201,4.5309256281407,0.712356948955658,"Mean"
42.1060793969849,4.5309256281407,0.688679569149502,"Mean"
42.1906783919598,4.5309256281407,0.666563949139883,"Mean"
42.2752773869347,4.5309256281407,0.660209183971053,"Mean"
42.3598763819095,4.5309256281407,0.642366704635776,"Mean"
42.4444753768844,4.5309256281407,0.634986693213104,"Mean"
42.5290743718593,4.5309256281407,0.625569834828882,"Mean"
42.6136733668342,4.5309256281407,0.614167033406886,"Mean"
42.698272361809,4.5309256281407,0.588329877225944,"Mean"
42.7828713567839,4.5309256281407,0.574580770526466,"Mean"
42.8674703517588,4.5309256281407,0.587721597381563,"Mean"
42.9520693467337,4.5309256281407,0.567731268369492,"Mean"
43.0366683417085,4.5309256281407,0.564525999882436,"Mean"
43.1212673366834,4.5309256281407,0.55899195433311,"Mean"
36.014951758794,4.59895226130653,0.748685854828321,"Mean"
36.0995507537688,4.59895226130653,0.654114029188656,"Mean"
36.1841497487437,4.59895226130653,0.582832415468659,"Mean"
36.2687487437186,4.59895226130653,0.493071120982523,"Mean"
36.3533477386935,4.59895226130653,0.486602452536134,"Mean"
36.4379467336683,4.59895226130653,0.513236137182301,"Mean"
36.5225457286432,4.59895226130653,0.547484754761996,"Mean"
36.6071447236181,4.59895226130653,0.541391102425644,"Mean"
36.691743718593,4.59895226130653,0.656525934374205,"Mean"
36.7763427135678,4.59895226130653,0.682669073327094,"Mean"
36.8609417085427,4.59895226130653,0.715556669728551,"Mean"
36.9455407035176,4.59895226130653,0.744838357021733,"Mean"
37.0301396984925,4.59895226130653,0.734031457952653,"Mean"
37.1147386934673,4.59895226130653,0.742179969695118,"Mean"
37.1993376884422,4.59895226130653,0.770047381140997,"Mean"
37.2839366834171,4.59895226130653,0.791534194727237,"Mean"
37.368535678392,4.59895226130653,0.807089035914242,"Mean"
37.4531346733668,4.59895226130653,0.821429929917821,"Mean"
37.5377336683417,4.59895226130653,0.836739412834211,"Mean"
37.6223326633166,4.59895226130653,0.847736889591808,"Mean"
37.7069316582915,4.59895226130653,0.859620098874913,"Mean"
37.7915306532663,4.59895226130653,0.87126520600096,"Mean"
37.8761296482412,4.59895226130653,0.883534336677665,"Mean"
37.9607286432161,4.59895226130653,0.889871471881256,"Mean"
38.045327638191,4.59895226130653,0.898422797955858,"Mean"
38.1299266331658,4.59895226130653,0.906559075040939,"Mean"
38.2145256281407,4.59895226130653,0.916188046364797,"Mean"
38.2991246231156,4.59895226130653,0.925109749896512,"Mean"
38.3837236180904,4.59895226130653,0.929048431634387,"Mean"
38.4683226130653,4.59895226130653,0.935470403524371,"Mean"
38.5529216080402,4.59895226130653,0.94111114608299,"Mean"
38.6375206030151,4.59895226130653,0.94620907021459,"Mean"
38.72211959799,4.59895226130653,0.950688799113886,"Mean"
38.8067185929648,4.59895226130653,0.954663113715985,"Mean"
38.8913175879397,4.59895226130653,0.958635991829289,"Mean"
38.9759165829146,4.59895226130653,0.9620799427699,"Mean"
39.0605155778894,4.59895226130653,0.96522719236533,"Mean"
39.1451145728643,4.59895226130653,0.96831738952803,"Mean"
39.2297135678392,4.59895226130653,0.970991291883358,"Mean"
39.3143125628141,4.59895226130653,0.973699186963893,"Mean"
39.3989115577889,4.59895226130653,0.97583886239916,"Mean"
39.4835105527638,4.59895226130653,0.97795441135071,"Mean"
39.5681095477387,4.59895226130653,0.979912314793355,"Mean"
39.6527085427136,4.59895226130653,0.981544255910869,"Mean"
39.7373075376884,4.59895226130653,0.983141207178007,"Mean"
39.8219065326633,4.59895226130653,0.984607664693608,"Mean"
39.9065055276382,4.59895226130653,0.985876042082442,"Mean"
39.9911045226131,4.59895226130653,0.985338338783347,"Mean"
40.0757035175879,4.59895226130653,0.983397299865811,"Mean"
40.1603025125628,4.59895226130653,0.982099486735944,"Mean"
40.2449015075377,4.59895226130653,0.977456829420718,"Mean"
40.3295005025126,4.59895226130653,0.973076228560548,"Mean"
40.4140994974874,4.59895226130653,0.967440095478333,"Mean"
40.4986984924623,4.59895226130653,0.960224388708157,"Mean"
40.5832974874372,4.59895226130653,0.951211771820355,"Mean"
40.6678964824121,4.59895226130653,0.940559736114729,"Mean"
40.7524954773869,4.59895226130653,0.928080730451815,"Mean"
40.8370944723618,4.59895226130653,0.913780005061017,"Mean"
40.9216934673367,4.59895226130653,0.898006882807704,"Mean"
41.0062924623116,4.59895226130653,0.881234665790447,"Mean"
41.0908914572864,4.59895226130653,0.863431165316549,"Mean"
41.1754904522613,4.59895226130653,0.845267587557856,"Mean"
41.2600894472362,4.59895226130653,0.826103735308491,"Mean"
41.344688442211,4.59895226130653,0.807482887008948,"Mean"
41.4292874371859,4.59895226130653,0.789039116388164,"Mean"
41.5138864321608,4.59895226130653,0.770670274091074,"Mean"
41.5984854271357,4.59895226130653,0.752032123992473,"Mean"
41.6830844221106,4.59895226130653,0.753837020948859,"Mean"
41.7676834170854,4.59895226130653,0.733348557063208,"Mean"
41.8522824120603,4.59895226130653,0.729827330345256,"Mean"
41.9368814070352,4.59895226130653,0.705806809223067,"Mean"
42.02148040201,4.59895226130653,0.686922684348608,"Mean"
42.1060793969849,4.59895226130653,0.667650159278852,"Mean"
42.1906783919598,4.59895226130653,0.667705477044207,"Mean"
42.2752773869347,4.59895226130653,0.648867321063264,"Mean"
42.3598763819095,4.59895226130653,0.644752971055348,"Mean"
42.4444753768844,4.59895226130653,0.611765457269359,"Mean"
42.5290743718593,4.59895226130653,0.617202091254942,"Mean"
42.6136733668342,4.59895226130653,0.588434014069142,"Mean"
42.698272361809,4.59895226130653,0.58715639279902,"Mean"
42.7828713567839,4.59895226130653,0.575273687790433,"Mean"
42.8674703517588,4.59895226130653,0.554708126056713,"Mean"
42.9520693467337,4.59895226130653,0.564110404822145,"Mean"
43.0366683417085,4.59895226130653,0.54804632938272,"Mean"
43.1212673366834,4.59895226130653,0.542009450679606,"Mean"
43.2058663316583,4.59895226130653,0.534898991163275,"Mean"
36.014951758794,4.66697889447236,0.711402496318509,"Mean"
36.0995507537688,4.66697889447236,0.695187345633964,"Mean"
36.1841497487437,4.66697889447236,0.56026296137714,"Mean"
36.2687487437186,4.66697889447236,0.478136702357357,"Mean"
36.3533477386935,4.66697889447236,0.438597067578483,"Mean"
36.4379467336683,4.66697889447236,0.457127007268044,"Mean"
36.5225457286432,4.66697889447236,0.519061997690173,"Mean"
36.6071447236181,4.66697889447236,0.553955438485439,"Mean"
36.691743718593,4.66697889447236,0.612688539093315,"Mean"
36.7763427135678,4.66697889447236,0.65388645107727,"Mean"
36.8609417085427,4.66697889447236,0.689261130857846,"Mean"
36.9455407035176,4.66697889447236,0.719210673537051,"Mean"
37.0301396984925,4.66697889447236,0.695348705812328,"Mean"
37.1147386934673,4.66697889447236,0.720085282495192,"Mean"
37.1993376884422,4.66697889447236,0.737056295647854,"Mean"
37.2839366834171,4.66697889447236,0.753657192986465,"Mean"
37.368535678392,4.66697889447236,0.77092639541606,"Mean"
37.4531346733668,4.66697889447236,0.787309223036219,"Mean"
37.5377336683417,4.66697889447236,0.809893209176769,"Mean"
37.6223326633166,4.66697889447236,0.819173852876263,"Mean"
37.7069316582915,4.66697889447236,0.833950941502826,"Mean"
37.7915306532663,4.66697889447236,0.849235505742895,"Mean"
37.8761296482412,4.66697889447236,0.856337968522066,"Mean"
37.9607286432161,4.66697889447236,0.86812264701678,"Mean"
38.045327638191,4.66697889447236,0.876750936258657,"Mean"
38.1299266331658,4.66697889447236,0.88683305650098,"Mean"
38.2145256281407,4.66697889447236,0.894332156962537,"Mean"
38.2991246231156,4.66697889447236,0.905068794756971,"Mean"
38.3837236180904,4.66697889447236,0.913459099303807,"Mean"
38.4683226130653,4.66697889447236,0.926397648228977,"Mean"
38.5529216080402,4.66697889447236,0.929157501312495,"Mean"
38.6375206030151,4.66697889447236,0.934404940890551,"Mean"
38.72211959799,4.66697889447236,0.939997635514005,"Mean"
38.8067185929648,4.66697889447236,0.948595211352182,"Mean"
38.8913175879397,4.66697889447236,0.948860762502493,"Mean"
38.9759165829146,4.66697889447236,0.954333044144141,"Mean"
39.0605155778894,4.66697889447236,0.957866383880891,"Mean"
39.1451145728643,4.66697889447236,0.961174460801485,"Mean"
39.2297135678392,4.66697889447236,0.964503662551174,"Mean"
39.3143125628141,4.66697889447236,0.967710389780646,"Mean"
39.3989115577889,4.66697889447236,0.970662707980467,"Mean"
39.4835105527638,4.66697889447236,0.973064057852256,"Mean"
39.5681095477387,4.66697889447236,0.975296079490133,"Mean"
39.6527085427136,4.66697889447236,0.97826109534336,"Mean"
39.7373075376884,4.66697889447236,0.979210253358478,"Mean"
39.8219065326633,4.66697889447236,0.981036674679408,"Mean"
39.9065055276382,4.66697889447236,0.982805887391793,"Mean"
39.9911045226131,4.66697889447236,0.983288415478032,"Mean"
40.0757035175879,4.66697889447236,0.981386950169888,"Mean"
40.1603025125628,4.66697889447236,0.97802576875133,"Mean"
40.2449015075377,4.66697889447236,0.974337302916944,"Mean"
40.3295005025126,4.66697889447236,0.970070570461944,"Mean"
40.4140994974874,4.66697889447236,0.963376152109276,"Mean"
40.4986984924623,4.66697889447236,0.955566550224715,"Mean"
40.5832974874372,4.66697889447236,0.946662704817313,"Mean"
40.6678964824121,4.66697889447236,0.934504357064109,"Mean"
40.7524954773869,4.66697889447236,0.921224661233026,"Mean"
40.8370944723618,4.66697889447236,0.905991178047925,"Mean"
40.9216934673367,4.66697889447236,0.890088053267494,"Mean"
41.0062924623116,4.66697889447236,0.873108611316696,"Mean"
41.0908914572864,4.66697889447236,0.853088609605565,"Mean"
41.1754904522613,4.66697889447236,0.83470922608809,"Mean"
41.2600894472362,4.66697889447236,0.815581283536895,"Mean"
41.344688442211,4.66697889447236,0.79862256432163,"Mean"
41.4292874371859,4.66697889447236,0.776355386474458,"Mean"
41.5138864321608,4.66697889447236,0.757961830673316,"Mean"
41.5984854271357,4.66697889447236,0.749644551174517,"Mean"
41.6830844221106,4.66697889447236,0.726749851951893,"Mean"
41.7676834170854,4.66697889447236,0.710965938964239,"Mean"
41.8522824120603,4.66697889447236,0.711920414085891,"Mean"
41.9368814070352,4.66697889447236,0.672382375459984,"Mean"
42.02148040201,4.66697889447236,0.681239829872318,"Mean"
42.1060793969849,4.66697889447236,0.6662050297431,"Mean"
42.1906783919598,4.66697889447236,0.644697932567756,"Mean"
42.2752773869347,4.66697889447236,0.635166503982718,"Mean"
42.3598763819095,4.66697889447236,0.628989614458502,"Mean"
42.4444753768844,4.66697889447236,0.603741721951657,"Mean"
42.5290743718593,4.66697889447236,0.588191330189628,"Mean"
42.6136733668342,4.66697889447236,0.594044273486793,"Mean"
42.698272361809,4.66697889447236,0.585287947235571,"Mean"
42.7828713567839,4.66697889447236,0.575141960383175,"Mean"
42.8674703517588,4.66697889447236,0.550865513666053,"Mean"
42.9520693467337,4.66697889447236,0.546734433525375,"Mean"
43.0366683417085,4.66697889447236,0.532503599374629,"Mean"
43.1212673366834,4.66697889447236,0.520964053138761,"Mean"
43.2058663316583,4.66697889447236,0.525007642628881,"Mean"
43.2904653266332,4.66697889447236,0.518861729205155,"Mean"
35.9303527638191,4.73500552763819,0.861465533789579,"Mean"
36.014951758794,4.73500552763819,0.765355606875502,"Mean"
36.0995507537688,4.73500552763819,0.674897556535287,"Mean"
36.1841497487437,4.73500552763819,0.574572329710019,"Mean"
36.2687487437186,4.73500552763819,0.466183265573454,"Mean"
36.3533477386935,4.73500552763819,0.419904207585326,"Mean"
36.4379467336683,4.73500552763819,0.40447439825544,"Mean"
36.5225457286432,4.73500552763819,0.44780009439908,"Mean"
36.6071447236181,4.73500552763819,0.502578467325905,"Mean"
36.691743718593,4.73500552763819,0.551977982876936,"Mean"
36.7763427135678,4.73500552763819,0.687857037071263,"Mean"
36.8609417085427,4.73500552763819,0.629609016824498,"Mean"
36.9455407035176,4.73500552763819,0.690618902712999,"Mean"
37.0301396984925,4.73500552763819,0.659890995227816,"Mean"
37.1147386934673,4.73500552763819,0.668631712109089,"Mean"
37.1993376884422,4.73500552763819,0.690457888467636,"Mean"
37.2839366834171,4.73500552763819,0.724640577317812,"Mean"
37.368535678392,4.73500552763819,0.731508516668505,"Mean"
37.4531346733668,4.73500552763819,0.749113988495867,"Mean"
37.5377336683417,4.73500552763819,0.781007846165257,"Mean"
37.6223326633166,4.73500552763819,0.803544049544707,"Mean"
37.7069316582915,4.73500552763819,0.799094612620384,"Mean"
37.7915306532663,4.73500552763819,0.818184406685091,"Mean"
37.8761296482412,4.73500552763819,0.830402358814083,"Mean"
37.9607286432161,4.73500552763819,0.840433804761434,"Mean"
38.045327638191,4.73500552763819,0.851560618751824,"Mean"
38.1299266331658,4.73500552763819,0.862960282648995,"Mean"
38.2145256281407,4.73500552763819,0.882048969355007,"Mean"
38.2991246231156,4.73500552763819,0.888628550706005,"Mean"
38.3837236180904,4.73500552763819,0.904859752699311,"Mean"
38.4683226130653,4.73500552763819,0.917882161948446,"Mean"
38.5529216080402,4.73500552763819,0.913419319490695,"Mean"
38.6375206030151,4.73500552763819,0.919983308162172,"Mean"
38.72211959799,4.73500552763819,0.930447024802821,"Mean"
38.8067185929648,4.73500552763819,0.932381528981497,"Mean"
38.8913175879397,4.73500552763819,0.938242324338164,"Mean"
38.9759165829146,4.73500552763819,0.944422661748079,"Mean"
39.0605155778894,4.73500552763819,0.948373910781197,"Mean"
39.1451145728643,4.73500552763819,0.952682518787465,"Mean"
39.2297135678392,4.73500552763819,0.957748037180292,"Mean"
39.3143125628141,4.73500552763819,0.960176941101018,"Mean"
39.3989115577889,4.73500552763819,0.963774793944463,"Mean"
39.4835105527638,4.73500552763819,0.967179908440837,"Mean"
39.5681095477387,4.73500552763819,0.969777032348472,"Mean"
39.6527085427136,4.73500552763819,0.971949311409894,"Mean"
39.7373075376884,4.73500552763819,0.974463255212299,"Mean"
39.8219065326633,4.73500552763819,0.976998525050512,"Mean"
39.9065055276382,4.73500552763819,0.978794133701765,"Mean"
39.9911045226131,4.73500552763819,0.981316384547862,"Mean"
40.0757035175879,4.73500552763819,0.977996233712348,"Mean"
40.1603025125628,4.73500552763819,0.974870272760486,"Mean"
40.2449015075377,4.73500552763819,0.970793133014435,"Mean"
40.3295005025126,4.73500552763819,0.965494067005003,"Mean"
40.4140994974874,4.73500552763819,0.958808535958685,"Mean"
40.4986984924623,4.73500552763819,0.950778637685369,"Mean"
40.5832974874372,4.73500552763819,0.939889455979935,"Mean"
40.6678964824121,4.73500552763819,0.927773045397569,"Mean"
40.7524954773869,4.73500552763819,0.913697466001377,"Mean"
40.8370944723618,4.73500552763819,0.897318041496187,"Mean"
40.9216934673367,4.73500552763819,0.879972302427077,"Mean"
41.0062924623116,4.73500552763819,0.861367177084312,"Mean"
41.0908914572864,4.73500552763819,0.841921236070041,"Mean"
41.1754904522613,4.73500552763819,0.822072583552405,"Mean"
41.2600894472362,4.73500552763819,0.803393668791558,"Mean"
41.344688442211,4.73500552763819,0.787779952247305,"Mean"
41.4292874371859,4.73500552763819,0.763228452752853,"Mean"
41.5138864321608,4.73500552763819,0.744011047399109,"Mean"
41.5984854271357,4.73500552763819,0.735614551121752,"Mean"
41.6830844221106,4.73500552763819,0.71797269928471,"Mean"
41.7676834170854,4.73500552763819,0.706659347971792,"Mean"
41.8522824120603,4.73500552763819,0.699181050719919,"Mean"
41.9368814070352,4.73500552763819,0.690677306790641,"Mean"
42.02148040201,4.73500552763819,0.661150117219924,"Mean"
42.1060793969849,4.73500552763819,0.632714064785667,"Mean"
42.1906783919598,4.73500552763819,0.644298935750288,"Mean"
42.2752773869347,4.73500552763819,0.630793156942159,"Mean"
42.3598763819095,4.73500552763819,0.613323928068642,"Mean"
42.4444753768844,4.73500552763819,0.58528866644067,"Mean"
42.5290743718593,4.73500552763819,0.58171511610096,"Mean"
42.6136733668342,4.73500552763819,0.566718071349868,"Mean"
42.698272361809,4.73500552763819,0.562955540332854,"Mean"
42.7828713567839,4.73500552763819,0.539134467616147,"Mean"
42.8674703517588,4.73500552763819,0.549720948106563,"Mean"
42.9520693467337,4.73500552763819,0.529048059972752,"Mean"
43.0366683417085,4.73500552763819,0.52204604116362,"Mean"
43.1212673366834,4.73500552763819,0.510761824607241,"Mean"
43.2058663316583,4.73500552763819,0.510246009281235,"Mean"
43.2904653266332,4.73500552763819,0.50437174122,"Mean"
43.375064321608,4.73500552763819,0.50099871175463,"Mean"
35.8457537688442,4.80303216080402,0.882370636891416,"Mean"
35.9303527638191,4.80303216080402,0.84699933573792,"Mean"
36.014951758794,4.80303216080402,0.701774683365465,"Mean"
36.0995507537688,4.80303216080402,0.630992386061256,"Mean"
36.1841497487437,4.80303216080402,0.562597000444969,"Mean"
36.2687487437186,4.80303216080402,0.473248273114941,"Mean"
36.3533477386935,4.80303216080402,0.405337621358534,"Mean"
36.4379467336683,4.80303216080402,0.38787006861865,"Mean"
36.5225457286432,4.80303216080402,0.403622441023646,"Mean"
36.6071447236181,4.80303216080402,0.431784383904831,"Mean"
36.691743718593,4.80303216080402,0.462603383893423,"Mean"
36.7763427135678,4.80303216080402,0.589060449968004,"Mean"
36.8609417085427,4.80303216080402,0.541007538951527,"Mean"
36.9455407035176,4.80303216080402,0.645275395348145,"Mean"
37.0301396984925,4.80303216080402,0.597980751033376,"Mean"
37.1147386934673,4.80303216080402,0.621483741441091,"Mean"
37.1993376884422,4.80303216080402,0.641711757637181,"Mean"
37.2839366834171,4.80303216080402,0.663920267478729,"Mean"
37.368535678392,4.80303216080402,0.686326658644601,"Mean"
37.4531346733668,4.80303216080402,0.705815801354966,"Mean"
37.5377336683417,4.80303216080402,0.726153332298388,"Mean"
37.6223326633166,4.80303216080402,0.786081606955168,"Mean"
37.7069316582915,4.80303216080402,0.764246144102188,"Mean"
37.7915306532663,4.80303216080402,0.779133887990323,"Mean"
37.8761296482412,4.80303216080402,0.796390516509639,"Mean"
37.9607286432161,4.80303216080402,0.81168067836025,"Mean"
38.045327638191,4.80303216080402,0.83174028612716,"Mean"
38.1299266331658,4.80303216080402,0.838340151485626,"Mean"
38.2145256281407,4.80303216080402,0.859791990964372,"Mean"
38.2991246231156,4.80303216080402,0.878351816688868,"Mean"
38.3837236180904,4.80303216080402,0.883732521929404,"Mean"
38.4683226130653,4.80303216080402,0.912071576179557,"Mean"
38.5529216080402,4.80303216080402,0.911405085762917,"Mean"
38.6375206030151,4.80303216080402,0.903606666280667,"Mean"
38.72211959799,4.80303216080402,0.912129101203605,"Mean"
38.8067185929648,4.80303216080402,0.917101908472023,"Mean"
38.8913175879397,4.80303216080402,0.928633890072128,"Mean"
38.9759165829146,4.80303216080402,0.932014204239494,"Mean"
39.0605155778894,4.80303216080402,0.936915201692795,"Mean"
39.1451145728643,4.80303216080402,0.944132374513092,"Mean"
39.2297135678392,4.80303216080402,0.947208541010296,"Mean"
39.3143125628141,4.80303216080402,0.951382481120549,"Mean"
39.3989115577889,4.80303216080402,0.955610311957835,"Mean"
39.4835105527638,4.80303216080402,0.959747794190659,"Mean"
39.5681095477387,4.80303216080402,0.962460795795542,"Mean"
39.6527085427136,4.80303216080402,0.965544539331864,"Mean"
39.7373075376884,4.80303216080402,0.968362241488637,"Mean"
39.8219065326633,4.80303216080402,0.971468330103848,"Mean"
39.9065055276382,4.80303216080402,0.973940189273232,"Mean"
39.9911045226131,4.80303216080402,0.976204585057727,"Mean"
40.0757035175879,4.80303216080402,0.975025264315682,"Mean"
40.1603025125628,4.80303216080402,0.971235226147043,"Mean"
40.2449015075377,4.80303216080402,0.966712505051705,"Mean"
40.3295005025126,4.80303216080402,0.960941222428412,"Mean"
40.4140994974874,4.80303216080402,0.953648126993855,"Mean"
40.4986984924623,4.80303216080402,0.944391148242187,"Mean"
40.5832974874372,4.80303216080402,0.933248592063794,"Mean"
40.6678964824121,4.80303216080402,0.920281795390305,"Mean"
40.7524954773869,4.80303216080402,0.905266899537907,"Mean"
40.8370944723618,4.80303216080402,0.8878059719265,"Mean"
40.9216934673367,4.80303216080402,0.869861372484772,"Mean"
41.0062924623116,4.80303216080402,0.853215650197987,"Mean"
41.0908914572864,4.80303216080402,0.830491656483719,"Mean"
41.1754904522613,4.80303216080402,0.816846383220821,"Mean"
41.2600894472362,4.80303216080402,0.791061321795922,"Mean"
41.344688442211,4.80303216080402,0.769982016037686,"Mean"
41.4292874371859,4.80303216080402,0.755606292599481,"Mean"
41.5138864321608,4.80303216080402,0.73072349848775,"Mean"
41.5984854271357,4.80303216080402,0.711989428412201,"Mean"
41.6830844221106,4.80303216080402,0.717373903910738,"Mean"
41.7676834170854,4.80303216080402,0.687795453468043,"Mean"
41.8522824120603,4.80303216080402,0.694019566574259,"Mean"
41.9368814070352,4.80303216080402,0.667616340433883,"Mean"
42.02148040201,4.80303216080402,0.641725170588618,"Mean"
42.1060793969849,4.80303216080402,0.64641648363364,"Mean"
42.1906783919598,4.80303216080402,0.615181986892313,"Mean"
42.2752773869347,4.80303216080402,0.619801376623431,"Mean"
42.3598763819095,4.80303216080402,0.597542598191788,"Mean"
42.4444753768844,4.80303216080402,0.586178770045863,"Mean"
42.5290743718593,4.80303216080402,0.576802009832335,"Mean"
42.6136733668342,4.80303216080402,0.566778339291302,"Mean"
42.698272361809,4.80303216080402,0.539812335783806,"Mean"
42.7828713567839,4.80303216080402,0.527353859126853,"Mean"
42.8674703517588,4.80303216080402,0.537644074541833,"Mean"
42.9520693467337,4.80303216080402,0.508461838583334,"Mean"
43.0366683417085,4.80303216080402,0.50204932261613,"Mean"
43.1212673366834,4.80303216080402,0.505546525574745,"Mean"
43.2058663316583,4.80303216080402,0.504312493035076,"Mean"
43.2904653266332,4.80303216080402,0.494788211087378,"Mean"
43.375064321608,4.80303216080402,0.49116805997863,"Mean"
43.4596633165829,4.80303216080402,0.484526614162,"Mean"
35.8457537688442,4.87105879396985,0.888680163967072,"Mean"
35.9303527638191,4.87105879396985,0.833783994065786,"Mean"
36.014951758794,4.87105879396985,0.730550117390018,"Mean"
36.0995507537688,4.87105879396985,0.647421886872174,"Mean"
36.1841497487437,4.87105879396985,0.61737165750022,"Mean"
36.2687487437186,4.87105879396985,0.498193414212678,"Mean"
36.3533477386935,4.87105879396985,0.448699739975547,"Mean"
36.4379467336683,4.87105879396985,0.381962557683442,"Mean"
36.5225457286432,4.87105879396985,0.357046607039295,"Mean"
36.6071447236181,4.87105879396985,0.383649901823015,"Mean"
36.691743718593,4.87105879396985,0.429152601788635,"Mean"
36.7763427135678,4.87105879396985,0.467675805869795,"Mean"
36.8609417085427,4.87105879396985,0.574529171904763,"Mean"
36.9455407035176,4.87105879396985,0.60666017305618,"Mean"
37.0301396984925,4.87105879396985,0.549354589120468,"Mean"
37.1147386934673,4.87105879396985,0.57659458820427,"Mean"
37.1993376884422,4.87105879396985,0.610746892137531,"Mean"
37.2839366834171,4.87105879396985,0.657237560654897,"Mean"
37.368535678392,4.87105879396985,0.665599874948607,"Mean"
37.4531346733668,4.87105879396985,0.663144634891245,"Mean"
37.5377336683417,4.87105879396985,0.679592533259851,"Mean"
37.6223326633166,4.87105879396985,0.768443341633647,"Mean"
37.7069316582915,4.87105879396985,0.725799326114587,"Mean"
37.7915306532663,4.87105879396985,0.739147351359185,"Mean"
37.8761296482412,4.87105879396985,0.757684869536496,"Mean"
37.9607286432161,4.87105879396985,0.771606466911623,"Mean"
38.045327638191,4.87105879396985,0.782745586986283,"Mean"
38.1299266331658,4.87105879396985,0.8099630812332,"Mean"
38.2145256281407,4.87105879396985,0.845218286245467,"Mean"
38.2991246231156,4.87105879396985,0.842795642979074,"Mean"
38.3837236180904,4.87105879396985,0.870069889241881,"Mean"
38.4683226130653,4.87105879396985,0.88870279823662,"Mean"
38.5529216080402,4.87105879396985,0.876943218132697,"Mean"
38.6375206030151,4.87105879396985,0.883303627520645,"Mean"
38.72211959799,4.87105879396985,0.891974822176092,"Mean"
38.8067185929648,4.87105879396985,0.904175605739783,"Mean"
38.8913175879397,4.87105879396985,0.916378665751521,"Mean"
38.9759165829146,4.87105879396985,0.91573010774721,"Mean"
39.0605155778894,4.87105879396985,0.922768132244615,"Mean"
39.1451145728643,4.87105879396985,0.929263095440869,"Mean"
39.2297135678392,4.87105879396985,0.937048487431772,"Mean"
39.3143125628141,4.87105879396985,0.941264036827034,"Mean"
39.3989115577889,4.87105879396985,0.948253135390163,"Mean"
39.4835105527638,4.87105879396985,0.952672118210843,"Mean"
39.5681095477387,4.87105879396985,0.955760379862477,"Mean"
39.6527085427136,4.87105879396985,0.957689767905371,"Mean"
39.7373075376884,4.87105879396985,0.961134690432526,"Mean"
39.8219065326633,4.87105879396985,0.965184986663408,"Mean"
39.9065055276382,4.87105879396985,0.968069188480376,"Mean"
39.9911045226131,4.87105879396985,0.970769386174898,"Mean"
40.0757035175879,4.87105879396985,0.970551578459222,"Mean"
40.1603025125628,4.87105879396985,0.966823711205306,"Mean"
40.2449015075377,4.87105879396985,0.961944152963017,"Mean"
40.3295005025126,4.87105879396985,0.955638290092081,"Mean"
40.4140994974874,4.87105879396985,0.947713863833597,"Mean"
40.4986984924623,4.87105879396985,0.93770352623515,"Mean"
40.5832974874372,4.87105879396985,0.925666682298755,"Mean"
40.6678964824121,4.87105879396985,0.911788493806764,"Mean"
40.7524954773869,4.87105879396985,0.897039025914159,"Mean"
40.8370944723618,4.87105879396985,0.877235818290829,"Mean"
40.9216934673367,4.87105879396985,0.858584362695511,"Mean"
41.0062924623116,4.87105879396985,0.837870255749274,"Mean"
41.0908914572864,4.87105879396985,0.817448312154897,"Mean"
41.1754904522613,4.87105879396985,0.797348527981716,"Mean"
41.2600894472362,4.87105879396985,0.775077835724475,"Mean"
41.344688442211,4.87105879396985,0.754683347640888,"Mean"
41.4292874371859,4.87105879396985,0.734432913561461,"Mean"
41.5138864321608,4.87105879396985,0.714710783118218,"Mean"
41.5984854271357,4.87105879396985,0.699487323291455,"Mean"
41.6830844221106,4.87105879396985,0.693676673054158,"Mean"
41.7676834170854,4.87105879396985,0.673228353142739,"Mean"
41.8522824120603,4.87105879396985,0.677049195933297,"Mean"
41.9368814070352,4.87105879396985,0.634329309822777,"Mean"
42.02148040201,4.87105879396985,0.632856346521691,"Mean"
42.1060793969849,4.87105879396985,0.632978250119175,"Mean"
42.1906783919598,4.87105879396985,0.603846063545692,"Mean"
42.2752773869347,4.87105879396985,0.600574297547068,"Mean"
42.3598763819095,4.87105879396985,0.565957013434858,"Mean"
42.4444753768844,4.87105879396985,0.559516276232642,"Mean"
42.5290743718593,4.87105879396985,0.568955547456947,"Mean"
42.6136733668342,4.87105879396985,0.555740166209031,"Mean"
42.698272361809,4.87105879396985,0.522467360183887,"Mean"
42.7828713567839,4.87105879396985,0.53126893353497,"Mean"
42.8674703517588,4.87105879396985,0.518417730222115,"Mean"
42.9520693467337,4.87105879396985,0.506098087222619,"Mean"
43.0366683417085,4.87105879396985,0.495685769792795,"Mean"
43.1212673366834,4.87105879396985,0.481213198967027,"Mean"
43.2058663316583,4.87105879396985,0.491380066239602,"Mean"
43.2904653266332,4.87105879396985,0.477376760263303,"Mean"
43.375064321608,4.87105879396985,0.473730866927189,"Mean"
43.4596633165829,4.87105879396985,0.47750613994837,"Mean"
43.5442623115578,4.87105879396985,0.475067261451618,"Mean"
35.8457537688442,4.93908542713568,0.857989550203262,"Mean"
35.9303527638191,4.93908542713568,0.779654614816056,"Mean"
36.014951758794,4.93908542713568,0.760343624501703,"Mean"
36.0995507537688,4.93908542713568,0.617316731373255,"Mean"
36.1841497487437,4.93908542713568,0.627574129583026,"Mean"
36.2687487437186,4.93908542713568,0.478085014005448,"Mean"
36.3533477386935,4.93908542713568,0.4580361815802,"Mean"
36.4379467336683,4.93908542713568,0.366434903473437,"Mean"
36.5225457286432,4.93908542713568,0.320484763609513,"Mean"
36.6071447236181,4.93908542713568,0.340713295475765,"Mean"
36.691743718593,4.93908542713568,0.367140721642038,"Mean"
36.7763427135678,4.93908542713568,0.415606568078062,"Mean"
36.8609417085427,4.93908542713568,0.505110992213628,"Mean"
36.9455407035176,4.93908542713568,0.55055097496723,"Mean"
37.0301396984925,4.93908542713568,0.496278524364758,"Mean"
37.1147386934673,4.93908542713568,0.513693438542492,"Mean"
37.1993376884422,4.93908542713568,0.571243927200752,"Mean"
37.2839366834171,4.93908542713568,0.579071546443639,"Mean"
37.368535678392,4.93908542713568,0.598899384559202,"Mean"
37.4531346733668,4.93908542713568,0.652404422800299,"Mean"
37.5377336683417,4.93908542713568,0.628225933880103,"Mean"
37.6223326633166,4.93908542713568,0.715551592403773,"Mean"
37.7069316582915,4.93908542713568,0.718235516657334,"Mean"
37.7915306532663,4.93908542713568,0.711810895555344,"Mean"
37.8761296482412,4.93908542713568,0.710588412955454,"Mean"
37.9607286432161,4.93908542713568,0.74250649790159,"Mean"
38.045327638191,4.93908542713568,0.746110587947276,"Mean"
38.1299266331658,4.93908542713568,0.815645085212486,"Mean"
38.2145256281407,4.93908542713568,0.808048814702856,"Mean"
38.2991246231156,4.93908542713568,0.823486691734416,"Mean"
38.3837236180904,4.93908542713568,0.820820013977842,"Mean"
38.4683226130653,4.93908542713568,0.84238111233261,"Mean"
38.5529216080402,4.93908542713568,0.850628949404511,"Mean"
38.6375206030151,4.93908542713568,0.858492998072903,"Mean"
38.72211959799,4.93908542713568,0.869876984396305,"Mean"
38.8067185929648,4.93908542713568,0.880947090991208,"Mean"
38.8913175879397,4.93908542713568,0.896562474266469,"Mean"
38.9759165829146,4.93908542713568,0.897580663268782,"Mean"
39.0605155778894,4.93908542713568,0.906783289996682,"Mean"
39.1451145728643,4.93908542713568,0.913889438936152,"Mean"
39.2297135678392,4.93908542713568,0.923499043437933,"Mean"
39.3143125628141,4.93908542713568,0.927526752921589,"Mean"
39.3989115577889,4.93908542713568,0.93577472904586,"Mean"
39.4835105527638,4.93908542713568,0.939567578965706,"Mean"
39.5681095477387,4.93908542713568,0.946581674902593,"Mean"
39.6527085427136,4.93908542713568,0.948661159147101,"Mean"
39.7373075376884,4.93908542713568,0.952193361161396,"Mean"
39.8219065326633,4.93908542713568,0.956799567059415,"Mean"
39.9065055276382,4.93908542713568,0.960908813015483,"Mean"
39.9911045226131,4.93908542713568,0.964343955850911,"Mean"
40.0757035175879,4.93908542713568,0.966016739197464,"Mean"
40.1603025125628,4.93908542713568,0.961806900874172,"Mean"
40.2449015075377,4.93908542713568,0.95644693507574,"Mean"
40.3295005025126,4.93908542713568,0.949527194571552,"Mean"
40.4140994974874,4.93908542713568,0.940802689699752,"Mean"
40.4986984924623,4.93908542713568,0.93012237899052,"Mean"
40.5832974874372,4.93908542713568,0.918999999078236,"Mean"
40.6678964824121,4.93908542713568,0.904603658074214,"Mean"
40.7524954773869,4.93908542713568,0.891083960558096,"Mean"
40.8370944723618,4.93908542713568,0.865573874361522,"Mean"
40.9216934673367,4.93908542713568,0.845464744015326,"Mean"
41.0062924623116,4.93908542713568,0.824672129020492,"Mean"
41.0908914572864,4.93908542713568,0.802948091790263,"Mean"
41.1754904522613,4.93908542713568,0.783797570511718,"Mean"
41.2600894472362,4.93908542713568,0.765260734139987,"Mean"
41.344688442211,4.93908542713568,0.73947546035881,"Mean"
41.4292874371859,4.93908542713568,0.718723017801256,"Mean"
41.5138864321608,4.93908542713568,0.699205021942541,"Mean"
41.5984854271357,4.93908542713568,0.685513265662235,"Mean"
41.6830844221106,4.93908542713568,0.678714089975078,"Mean"
41.7676834170854,4.93908542713568,0.664024341081748,"Mean"
41.8522824120603,4.93908542713568,0.632978118274206,"Mean"
41.9368814070352,4.93908542713568,0.628492913282175,"Mean"
42.02148040201,4.93908542713568,0.599305188437503,"Mean"
42.1060793969849,4.93908542713568,0.596265999250012,"Mean"
42.1906783919598,4.93908542713568,0.579613735093825,"Mean"
42.2752773869347,4.93908542713568,0.5727800326882,"Mean"
42.3598763819095,4.93908542713568,0.579905337867523,"Mean"
42.4444753768844,4.93908542713568,0.563376326589052,"Mean"
42.5290743718593,4.93908542713568,0.54251839713122,"Mean"
42.6136733668342,4.93908542713568,0.516896351609538,"Mean"
42.698272361809,4.93908542713568,0.521276377385555,"Mean"
42.7828713567839,4.93908542713568,0.518151581116281,"Mean"
42.8674703517588,4.93908542713568,0.506127078891575,"Mean"
42.9520693467337,4.93908542713568,0.493151342425542,"Mean"
43.0366683417085,4.93908542713568,0.491461048274284,"Mean"
43.1212673366834,4.93908542713568,0.479107921732107,"Mean"
43.2058663316583,4.93908542713568,0.473399927082282,"Mean"
43.2904653266332,4.93908542713568,0.462461509258859,"Mean"
43.375064321608,4.93908542713568,0.471648434529829,"Mean"
43.4596633165829,4.93908542713568,0.467978082088051,"Mean"
43.5442623115578,4.93908542713568,0.473121943513158,"Mean"
43.6288613065327,4.93908542713568,0.465708220680171,"Mean"
35.8457537688442,5.00711206030151,0.806946752737274,"Mean"
35.9303527638191,5.00711206030151,0.744471487667344,"Mean"
36.014951758794,5.00711206030151,0.73141105996413,"Mean"
36.0995507537688,5.00711206030151,0.581821451031924,"Mean"
36.1841497487437,5.00711206030151,0.601157036618964,"Mean"
36.2687487437186,5.00711206030151,0.500202786629191,"Mean"
36.3533477386935,5.00711206030151,0.409981161717628,"Mean"
36.4379467336683,5.00711206030151,0.330206508326098,"Mean"
36.5225457286432,5.00711206030151,0.318551759588018,"Mean"
36.6071447236181,5.00711206030151,0.300711599973491,"Mean"
36.691743718593,5.00711206030151,0.317424512218846,"Mean"
36.7763427135678,5.00711206030151,0.375538518439931,"Mean"
36.8609417085427,5.00711206030151,0.448590091741268,"Mean"
36.9455407035176,5.00711206030151,0.412936873820297,"Mean"
37.0301396984925,5.00711206030151,0.441097532545592,"Mean"
37.1147386934673,5.00711206030151,0.470436386241298,"Mean"
37.1993376884422,5.00711206030151,0.47758001014429,"Mean"
37.2839366834171,5.00711206030151,0.50525788790743,"Mean"
37.368535678392,5.00711206030151,0.554029426591644,"Mean"
37.4531346733668,5.00711206030151,0.572797914999198,"Mean"
37.5377336683417,5.00711206030151,0.574624354630958,"Mean"
37.6223326633166,5.00711206030151,0.600443823559914,"Mean"
37.7069316582915,5.00711206030151,0.622186245962277,"Mean"
37.7915306532663,5.00711206030151,0.669707406963567,"Mean"
37.8761296482412,5.00711206030151,0.677492845201322,"Mean"
37.9607286432161,5.00711206030151,0.722611358455354,"Mean"
38.045327638191,5.00711206030151,0.720710824608365,"Mean"
38.1299266331658,5.00711206030151,0.760123104480945,"Mean"
38.2145256281407,5.00711206030151,0.764540437707461,"Mean"
38.2991246231156,5.00711206030151,0.7826867149392,"Mean"
38.3837236180904,5.00711206030151,0.786799727604433,"Mean"
38.4683226130653,5.00711206030151,0.80041674596424,"Mean"
38.5529216080402,5.00711206030151,0.817430432854835,"Mean"
38.6375206030151,5.00711206030151,0.830026388817376,"Mean"
38.72211959799,5.00711206030151,0.841823545167543,"Mean"
38.8067185929648,5.00711206030151,0.854451896102569,"Mean"
38.8913175879397,5.00711206030151,0.872884773838795,"Mean"
38.9759165829146,5.00711206030151,0.877600410937896,"Mean"
39.0605155778894,5.00711206030151,0.886558638746348,"Mean"
39.1451145728643,5.00711206030151,0.894991629236201,"Mean"
39.2297135678392,5.00711206030151,0.904597825538017,"Mean"
39.3143125628141,5.00711206030151,0.911090243226299,"Mean"
39.3989115577889,5.00711206030151,0.918332802946084,"Mean"
39.4835105527638,5.00711206030151,0.926127199434843,"Mean"
39.5681095477387,5.00711206030151,0.930629322736632,"Mean"
39.6527085427136,5.00711206030151,0.941008105510437,"Mean"
39.7373075376884,5.00711206030151,0.951369374519984,"Mean"
39.8219065326633,5.00711206030151,0.946172616184848,"Mean"
39.9065055276382,5.00711206030151,0.952784641437115,"Mean"
39.9911045226131,5.00711206030151,0.956604057232913,"Mean"
40.0757035175879,5.00711206030151,0.960291229131693,"Mean"
40.1603025125628,5.00711206030151,0.955904084116882,"Mean"
40.2449015075377,5.00711206030151,0.950072596793768,"Mean"
40.3295005025126,5.00711206030151,0.94249439387748,"Mean"
40.4140994974874,5.00711206030151,0.933001458916511,"Mean"
40.4986984924623,5.00711206030151,0.921516791384066,"Mean"
40.5832974874372,5.00711206030151,0.907455652106609,"Mean"
40.6678964824121,5.00711206030151,0.891549724761082,"Mean"
40.7524954773869,5.00711206030151,0.875671724594724,"Mean"
40.8370944723618,5.00711206030151,0.853405683033327,"Mean"
40.9216934673367,5.00711206030151,0.832176684885743,"Mean"
41.0062924623116,5.00711206030151,0.810001445539748,"Mean"
41.0908914572864,5.00711206030151,0.789962844721238,"Mean"
41.1754904522613,5.00711206030151,0.766618073310982,"Mean"
41.2600894472362,5.00711206030151,0.744682584013248,"Mean"
41.344688442211,5.00711206030151,0.722878075659415,"Mean"
41.4292874371859,5.00711206030151,0.71466669419076,"Mean"
41.5138864321608,5.00711206030151,0.682441260630431,"Mean"
41.5984854271357,5.00711206030151,0.664129319185981,"Mean"
41.6830844221106,5.00711206030151,0.648255434681266,"Mean"
41.7676834170854,5.00711206030151,0.634757992852582,"Mean"
41.8522824120603,5.00711206030151,0.648591177835172,"Mean"
41.9368814070352,5.00711206030151,0.623722048814641,"Mean"
42.02148040201,5.00711206030151,0.588812946240458,"Mean"
42.1060793969849,5.00711206030151,0.581922336027442,"Mean"
42.1906783919598,5.00711206030151,0.572034838776308,"Mean"
42.2752773869347,5.00711206030151,0.554468901910655,"Mean"
42.3598763819095,5.00711206030151,0.533138952678594,"Mean"
42.4444753768844,5.00711206030151,0.52373351002352,"Mean"
42.5290743718593,5.00711206030151,0.533439003494207,"Mean"
42.6136733668342,5.00711206030151,0.518257960780908,"Mean"
42.698272361809,5.00711206030151,0.508651556708863,"Mean"
42.7828713567839,5.00711206030151,0.503358104865661,"Mean"
42.8674703517588,5.00711206030151,0.498766614685934,"Mean"
42.9520693467337,5.00711206030151,0.477578555368066,"Mean"
43.0366683417085,5.00711206030151,0.475025990646791,"Mean"
43.1212673366834,5.00711206030151,0.462302416528995,"Mean"
43.2058663316583,5.00711206030151,0.450413961339255,"Mean"
43.2904653266332,5.00711206030151,0.463699410937626,"Mean"
43.375064321608,5.00711206030151,0.469178521576416,"Mean"
43.4596633165829,5.00711206030151,0.472067649820883,"Mean"
43.5442623115578,5.00711206030151,0.469313594668264,"Mean"
43.6288613065327,5.00711206030151,0.465533458559635,"Mean"
43.7134603015075,5.00711206030151,0.462079854661863,"Mean"
43.7980592964824,5.00711206030151,0.464877713343374,"Mean"
43.8826582914573,5.00711206030151,0.460780869288256,"Mean"
43.9672572864322,5.00711206030151,0.468100827710899,"Mean"
44.051856281407,5.00711206030151,0.463356872544335,"Mean"
44.1364552763819,5.00711206030151,0.468887266702068,"Mean"
44.2210542713568,5.00711206030151,0.462201965407289,"Mean"
44.3056532663317,5.00711206030151,0.46236579926856,"Mean"
44.3902522613065,5.00711206030151,0.470398513466234,"Mean"
44.4748512562814,5.00711206030151,0.470969521308586,"Mean"
44.5594502512563,5.00711206030151,0.478761957310239,"Mean"
44.6440492462312,5.00711206030151,0.4734584577663,"Mean"
44.728648241206,5.00711206030151,0.48109290506961,"Mean"
44.8132472361809,5.00711206030151,0.481063878654773,"Mean"
44.8978462311558,5.00711206030151,0.474661490251962,"Mean"
35.8457537688442,5.07513869346734,0.763955456009901,"Mean"
35.9303527638191,5.07513869346734,0.769295521798886,"Mean"
36.014951758794,5.07513869346734,0.696480066988416,"Mean"
36.0995507537688,5.07513869346734,0.56197275759056,"Mean"
36.1841497487437,5.07513869346734,0.520579532056218,"Mean"
36.2687487437186,5.07513869346734,0.449249267305952,"Mean"
36.3533477386935,5.07513869346734,0.37131115839712,"Mean"
36.4379467336683,5.07513869346734,0.308020330574477,"Mean"
36.5225457286432,5.07513869346734,0.311814385669166,"Mean"
36.6071447236181,5.07513869346734,0.3138045782208,"Mean"
36.691743718593,5.07513869346734,0.292438565446611,"Mean"
36.7763427135678,5.07513869346734,0.300941918803867,"Mean"
36.8609417085427,5.07513869346734,0.359476421069851,"Mean"
36.9455407035176,5.07513869346734,0.428264620351224,"Mean"
37.0301396984925,5.07513869346734,0.382678070852147,"Mean"
37.1147386934673,5.07513869346734,0.403777711935541,"Mean"
37.1993376884422,5.07513869346734,0.427329682433622,"Mean"
37.2839366834171,5.07513869346734,0.513514799320377,"Mean"
37.368535678392,5.07513869346734,0.529177457903124,"Mean"
37.4531346733668,5.07513869346734,0.502136301335766,"Mean"
37.5377336683417,5.07513869346734,0.553591287685321,"Mean"
37.6223326633166,5.07513869346734,0.56247397790894,"Mean"
37.7069316582915,5.07513869346734,0.571898203433299,"Mean"
37.7915306532663,5.07513869346734,0.597232537842544,"Mean"
37.8761296482412,5.07513869346734,0.618821227948964,"Mean"
37.9607286432161,5.07513869346734,0.638547225559082,"Mean"
38.045327638191,5.07513869346734,0.666327613781382,"Mean"
38.1299266331658,5.07513869346734,0.688384993114656,"Mean"
38.2145256281407,5.07513869346734,0.728789638942632,"Mean"
38.2991246231156,5.07513869346734,0.731183501502304,"Mean"
38.3837236180904,5.07513869346734,0.767889890487019,"Mean"
38.4683226130653,5.07513869346734,0.761575148989253,"Mean"
38.5529216080402,5.07513869346734,0.782001109600601,"Mean"
38.6375206030151,5.07513869346734,0.79828571071507,"Mean"
38.72211959799,5.07513869346734,0.810898554780043,"Mean"
38.8067185929648,5.07513869346734,0.82582662577096,"Mean"
38.8913175879397,5.07513869346734,0.840812677640896,"Mean"
38.9759165829146,5.07513869346734,0.852323223247819,"Mean"
39.0605155778894,5.07513869346734,0.863262026665776,"Mean"
39.1451145728643,5.07513869346734,0.873081303499928,"Mean"
39.2297135678392,5.07513869346734,0.882677909116538,"Mean"
39.3143125628141,5.07513869346734,0.892749862332599,"Mean"
39.3989115577889,5.07513869346734,0.901073602029522,"Mean"
39.4835105527638,5.07513869346734,0.9097102625652,"Mean"
39.5681095477387,5.07513869346734,0.917571985850285,"Mean"
39.6527085427136,5.07513869346734,0.9352798225305,"Mean"
39.7373075376884,5.07513869346734,0.943535016588816,"Mean"
39.8219065326633,5.07513869346734,0.934349517903739,"Mean"
39.9065055276382,5.07513869346734,0.950909970255864,"Mean"
39.9911045226131,5.07513869346734,0.946509700701601,"Mean"
40.0757035175879,5.07513869346734,0.95117200327003,"Mean"
40.1603025125628,5.07513869346734,0.949260010078026,"Mean"
40.2449015075377,5.07513869346734,0.942705001246261,"Mean"
40.3295005025126,5.07513869346734,0.934507155565002,"Mean"
40.4140994974874,5.07513869346734,0.924767697097889,"Mean"
40.4986984924623,5.07513869346734,0.916830606380105,"Mean"
40.5832974874372,5.07513869346734,0.904739964401636,"Mean"
40.6678964824121,5.07513869346734,0.887672899381018,"Mean"
40.7524954773869,5.07513869346734,0.862479828441887,"Mean"
40.8370944723618,5.07513869346734,0.839221286077137,"Mean"
40.9216934673367,5.07513869346734,0.817216962379149,"Mean"
41.0062924623116,5.07513869346734,0.794449548817816,"Mean"
41.0908914572864,5.07513869346734,0.772582709003348,"Mean"
41.1754904522613,5.07513869346734,0.74916321539478,"Mean"
41.2600894472362,5.07513869346734,0.72776109255945,"Mean"
41.344688442211,5.07513869346734,0.705579397409465,"Mean"
41.4292874371859,5.07513869346734,0.684759308944682,"Mean"
41.5138864321608,5.07513869346734,0.665115217323618,"Mean"
41.5984854271357,5.07513869346734,0.64620443952788,"Mean"
41.6830844221106,5.07513869346734,0.632289164393658,"Mean"
41.7676834170854,5.07513869346734,0.621889460423489,"Mean"
41.8522824120603,5.07513869346734,0.627324398665115,"Mean"
41.9368814070352,5.07513869346734,0.583111813610888,"Mean"
42.02148040201,5.07513869346734,0.598034300695569,"Mean"
42.1060793969849,5.07513869346734,0.558664722183483,"Mean"
42.1906783919598,5.07513869346734,0.545452493206465,"Mean"
42.2752773869347,5.07513869346734,0.549675488676943,"Mean"
42.3598763819095,5.07513869346734,0.520347117769552,"Mean"
42.4444753768844,5.07513869346734,0.520003178359479,"Mean"
42.5290743718593,5.07513869346734,0.5079045872727,"Mean"
42.6136733668342,5.07513869346734,0.506996958491032,"Mean"
42.698272361809,5.07513869346734,0.492007303810585,"Mean"
42.7828713567839,5.07513869346734,0.491909016456752,"Mean"
42.8674703517588,5.07513869346734,0.474702765780807,"Mean"
42.9520693467337,5.07513869346734,0.470436740485857,"Mean"
43.0366683417085,5.07513869346734,0.46857274401198,"Mean"
43.1212673366834,5.07513869346734,0.447594579935592,"Mean"
43.2058663316583,5.07513869346734,0.45868599166394,"Mean"
43.2904653266332,5.07513869346734,0.448570423061844,"Mean"
43.375064321608,5.07513869346734,0.459085605931156,"Mean"
43.4596633165829,5.07513869346734,0.463517714566022,"Mean"
43.5442623115578,5.07513869346734,0.471943134133555,"Mean"
43.6288613065327,5.07513869346734,0.458275612958165,"Mean"
43.7134603015075,5.07513869346734,0.464642268861401,"Mean"
43.7980592964824,5.07513869346734,0.464508050962261,"Mean"
43.8826582914573,5.07513869346734,0.469056213533295,"Mean"
43.9672572864322,5.07513869346734,0.475094546840759,"Mean"
44.051856281407,5.07513869346734,0.470475546422201,"Mean"
44.1364552763819,5.07513869346734,0.466561968202439,"Mean"
44.2210542713568,5.07513869346734,0.475273095476689,"Mean"
44.3056532663317,5.07513869346734,0.479187430591073,"Mean"
44.3902522613065,5.07513869346734,0.464594490792679,"Mean"
44.4748512562814,5.07513869346734,0.46475410888494,"Mean"
44.5594502512563,5.07513869346734,0.471834664680879,"Mean"
44.6440492462312,5.07513869346734,0.466308319889651,"Mean"
44.728648241206,5.07513869346734,0.471002917519602,"Mean"
44.8132472361809,5.07513869346734,0.47454986597115,"Mean"
44.8978462311558,5.07513869346734,0.468186384921794,"Mean"
44.9824452261307,5.07513869346734,0.48123561172804,"Mean"
35.8457537688442,5.14316532663317,0.752031830999635,"Mean"
35.9303527638191,5.14316532663317,0.696564925267308,"Mean"
36.014951758794,5.14316532663317,0.63187416436026,"Mean"
36.0995507537688,5.14316532663317,0.489086172109688,"Mean"
36.1841497487437,5.14316532663317,0.527445957781578,"Mean"
36.2687487437186,5.14316532663317,0.410141629475868,"Mean"
36.3533477386935,5.14316532663317,0.351668250919008,"Mean"
36.4379467336683,5.14316532663317,0.309325652890713,"Mean"
36.5225457286432,5.14316532663317,0.305827563043151,"Mean"
36.6071447236181,5.14316532663317,0.318340747599905,"Mean"
36.691743718593,5.14316532663317,0.286713256824111,"Mean"
36.7763427135678,5.14316532663317,0.293756538461287,"Mean"
36.8609417085427,5.14316532663317,0.369384508823129,"Mean"
36.9455407035176,5.14316532663317,0.317171678362058,"Mean"
37.0301396984925,5.14316532663317,0.408192936757854,"Mean"
37.1147386934673,5.14316532663317,0.352208603939019,"Mean"
37.1993376884422,5.14316532663317,0.364976541578374,"Mean"
37.2839366834171,5.14316532663317,0.38692834204421,"Mean"
37.368535678392,5.14316532663317,0.422673443580593,"Mean"
37.4531346733668,5.14316532663317,0.52093363440446,"Mean"
37.5377336683417,5.14316532663317,0.464566709786988,"Mean"
37.6223326633166,5.14316532663317,0.515693184437033,"Mean"
37.7069316582915,5.14316532663317,0.516590321173915,"Mean"
37.7915306532663,5.14316532663317,0.542952080659465,"Mean"
37.8761296482412,5.14316532663317,0.600290612075205,"Mean"
37.9607286432161,5.14316532663317,0.593544803407428,"Mean"
38.045327638191,5.14316532663317,0.627567532227233,"Mean"
38.1299266331658,5.14316532663317,0.633651257666582,"Mean"
38.2145256281407,5.14316532663317,0.674285853190946,"Mean"
38.2991246231156,5.14316532663317,0.721064589209164,"Mean"
38.3837236180904,5.14316532663317,0.705095265891274,"Mean"
38.4683226130653,5.14316532663317,0.714899324466827,"Mean"
38.5529216080402,5.14316532663317,0.744671888584823,"Mean"
38.6375206030151,5.14316532663317,0.755977961134085,"Mean"
38.72211959799,5.14316532663317,0.770224537941988,"Mean"
38.8067185929648,5.14316532663317,0.789665291676728,"Mean"
38.8913175879397,5.14316532663317,0.80448177334461,"Mean"
38.9759165829146,5.14316532663317,0.824239613406604,"Mean"
39.0605155778894,5.14316532663317,0.839405146752224,"Mean"
39.1451145728643,5.14316532663317,0.851325122433401,"Mean"
39.2297135678392,5.14316532663317,0.858823253384869,"Mean"
39.3143125628141,5.14316532663317,0.870889702758305,"Mean"
39.3989115577889,5.14316532663317,0.882256129998374,"Mean"
39.4835105527638,5.14316532663317,0.900933739909076,"Mean"
39.5681095477387,5.14316532663317,0.896448959082331,"Mean"
39.6527085427136,5.14316532663317,0.921221933861502,"Mean"
39.7373075376884,5.14316532663317,0.920608134942199,"Mean"
39.8219065326633,5.14316532663317,0.920370706847309,"Mean"
39.9065055276382,5.14316532663317,0.932096196434593,"Mean"
39.9911045226131,5.14316532663317,0.938469688144595,"Mean"
40.0757035175879,5.14316532663317,0.940597680137977,"Mean"
40.1603025125628,5.14316532663317,0.941263470377741,"Mean"
40.2449015075377,5.14316532663317,0.934606761687141,"Mean"
40.3295005025126,5.14316532663317,0.925369349557379,"Mean"
40.4140994974874,5.14316532663317,0.914072857007955,"Mean"
40.4986984924623,5.14316532663317,0.918042868873631,"Mean"
40.5832974874372,5.14316532663317,0.894759024143508,"Mean"
40.6678964824121,5.14316532663317,0.866953957387957,"Mean"
40.7524954773869,5.14316532663317,0.847895947278597,"Mean"
40.8370944723618,5.14316532663317,0.824392564611017,"Mean"
40.9216934673367,5.14316532663317,0.80172907023175,"Mean"
41.0062924623116,5.14316532663317,0.780300317723103,"Mean"
41.0908914572864,5.14316532663317,0.754298434710751,"Mean"
41.1754904522613,5.14316532663317,0.731027721651326,"Mean"
41.2600894472362,5.14316532663317,0.708958416794078,"Mean"
41.344688442211,5.14316532663317,0.702465618089432,"Mean"
41.4292874371859,5.14316532663317,0.666510965713377,"Mean"
41.5138864321608,5.14316532663317,0.647866688251963,"Mean"
41.5984854271357,5.14316532663317,0.628647682377398,"Mean"
41.6830844221106,5.14316532663317,0.611843550738295,"Mean"
41.7676834170854,5.14316532663317,0.596580581498951,"Mean"
41.8522824120603,5.14316532663317,0.592504921314368,"Mean"
41.9368814070352,5.14316532663317,0.577718906016378,"Mean"
42.02148040201,5.14316532663317,0.576868079007987,"Mean"
42.1060793969849,5.14316532663317,0.554345024066085,"Mean"
42.1906783919598,5.14316532663317,0.548010865783317,"Mean"
42.2752773869347,5.14316532663317,0.5276813773949,"Mean"
42.3598763819095,5.14316532663317,0.502904693114397,"Mean"
42.4444753768844,5.14316532663317,0.499938230155188,"Mean"
42.5290743718593,5.14316532663317,0.487493943485238,"Mean"
42.6136733668342,5.14316532663317,0.49287629260764,"Mean"
42.698272361809,5.14316532663317,0.475624078252544,"Mean"
42.7828713567839,5.14316532663317,0.458448564890797,"Mean"
42.8674703517588,5.14316532663317,0.45736181751144,"Mean"
42.9520693467337,5.14316532663317,0.460490882402688,"Mean"
43.0366683417085,5.14316532663317,0.44107970936875,"Mean"
43.1212673366834,5.14316532663317,0.453451565858573,"Mean"
43.2058663316583,5.14316532663317,0.456456491215087,"Mean"
43.2904653266332,5.14316532663317,0.444746913689484,"Mean"
43.375064321608,5.14316532663317,0.456473761283667,"Mean"
43.4596633165829,5.14316532663317,0.460968951443082,"Mean"
43.5442623115578,5.14316532663317,0.464190694028046,"Mean"
43.6288613065327,5.14316532663317,0.465946764432885,"Mean"
43.7134603015075,5.14316532663317,0.465283663358208,"Mean"
43.7980592964824,5.14316532663317,0.463104289550576,"Mean"
43.8826582914573,5.14316532663317,0.46700155806323,"Mean"
43.9672572864322,5.14316532663317,0.467929307431573,"Mean"
44.051856281407,5.14316532663317,0.465891741561383,"Mean"
44.1364552763819,5.14316532663317,0.471447550617561,"Mean"
44.2210542713568,5.14316532663317,0.47033853211325,"Mean"
44.3056532663317,5.14316532663317,0.477532775030793,"Mean"
44.3902522613065,5.14316532663317,0.477358442723013,"Mean"
44.4748512562814,5.14316532663317,0.478568320973242,"Mean"
44.5594502512563,5.14316532663317,0.477030098339651,"Mean"
44.6440492462312,5.14316532663317,0.462424748275574,"Mean"
44.728648241206,5.14316532663317,0.464556417132478,"Mean"
44.8132472361809,5.14316532663317,0.462913053391324,"Mean"
44.8978462311558,5.14316532663317,0.464226783011145,"Mean"
44.9824452261307,5.14316532663317,0.465635240731825,"Mean"
45.0670442211055,5.14316532663317,0.474289002873466,"Mean"
35.8457537688442,5.211191959799,0.707495490031593,"Mean"
35.9303527638191,5.211191959799,0.613346061786206,"Mean"
36.014951758794,5.211191959799,0.578588550565888,"Mean"
36.0995507537688,5.211191959799,0.543640955759757,"Mean"
36.1841497487437,5.211191959799,0.524684976489262,"Mean"
36.2687487437186,5.211191959799,0.405033693039554,"Mean"
36.3533477386935,5.211191959799,0.334715197501284,"Mean"
36.4379467336683,5.211191959799,0.313144875946821,"Mean"
36.5225457286432,5.211191959799,0.309236210713622,"Mean"
36.6071447236181,5.211191959799,0.314714498801526,"Mean"
36.691743718593,5.211191959799,0.310059297080981,"Mean"
36.7763427135678,5.211191959799,0.285896953584436,"Mean"
36.8609417085427,5.211191959799,0.308131314451887,"Mean"
36.9455407035176,5.211191959799,0.385745194240415,"Mean"
37.0301396984925,5.211191959799,0.348252648130411,"Mean"
37.1147386934673,5.211191959799,0.349856426159752,"Mean"
37.1993376884422,5.211191959799,0.319824084812687,"Mean"
37.2839366834171,5.211191959799,0.334289055763053,"Mean"
37.368535678392,5.211191959799,0.354839032684962,"Mean"
37.4531346733668,5.211191959799,0.3920018419853,"Mean"
37.5377336683417,5.211191959799,0.409976052956885,"Mean"
37.6223326633166,5.211191959799,0.437556188618777,"Mean"
37.7069316582915,5.211191959799,0.4626928593735,"Mean"
37.7915306532663,5.211191959799,0.488759940100282,"Mean"
37.8761296482412,5.211191959799,0.510935972937654,"Mean"
37.9607286432161,5.211191959799,0.532294349051566,"Mean"
38.045327638191,5.211191959799,0.561330237646001,"Mean"
38.1299266331658,5.211191959799,0.590462617884493,"Mean"
38.2145256281407,5.211191959799,0.621825009512573,"Mean"
38.2991246231156,5.211191959799,0.666531129119861,"Mean"
38.3837236180904,5.211191959799,0.642406161704726,"Mean"
38.4683226130653,5.211191959799,0.658044965759043,"Mean"
38.5529216080402,5.211191959799,0.684857002150137,"Mean"
38.6375206030151,5.211191959799,0.708528910075765,"Mean"
38.72211959799,5.211191959799,0.729783597916301,"Mean"
38.8067185929648,5.211191959799,0.752872728242374,"Mean"
38.8913175879397,5.211191959799,0.775766353461657,"Mean"
38.9759165829146,5.211191959799,0.791649099421786,"Mean"
39.0605155778894,5.211191959799,0.807436283499854,"Mean"
39.1451145728643,5.211191959799,0.819636273572382,"Mean"
39.2297135678392,5.211191959799,0.831498160855607,"Mean"
39.3143125628141,5.211191959799,0.844358491925998,"Mean"
39.3989115577889,5.211191959799,0.857002058073691,"Mean"
39.4835105527638,5.211191959799,0.876808733592038,"Mean"
39.5681095477387,5.211191959799,0.878132160260532,"Mean"
39.6527085427136,5.211191959799,0.90594588712076,"Mean"
39.7373075376884,5.211191959799,0.894723079151419,"Mean"
39.8219065326633,5.211191959799,0.906614530534386,"Mean"
39.9065055276382,5.211191959799,0.924569525830627,"Mean"
39.9911045226131,5.211191959799,0.920735746446464,"Mean"
40.0757035175879,5.211191959799,0.928018841414849,"Mean"
40.1603025125628,5.211191959799,0.932105922852436,"Mean"
40.2449015075377,5.211191959799,0.926175860583159,"Mean"
40.3295005025126,5.211191959799,0.915035354554964,"Mean"
40.4140994974874,5.211191959799,0.90330683542923,"Mean"
40.4986984924623,5.211191959799,0.891799253771379,"Mean"
40.5832974874372,5.211191959799,0.87398948337645,"Mean"
40.6678964824121,5.211191959799,0.860991198990862,"Mean"
40.7524954773869,5.211191959799,0.830020590629797,"Mean"
40.8370944723618,5.211191959799,0.811548588829718,"Mean"
40.9216934673367,5.211191959799,0.784705047244332,"Mean"
41.0062924623116,5.211191959799,0.760740020442748,"Mean"
41.0908914572864,5.211191959799,0.736387647249282,"Mean"
41.1754904522613,5.211191959799,0.71478034986458,"Mean"
41.2600894472362,5.211191959799,0.689579840656405,"Mean"
41.344688442211,5.211191959799,0.670702058637791,"Mean"
41.4292874371859,5.211191959799,0.64913138834575,"Mean"
41.5138864321608,5.211191959799,0.628982174021423,"Mean"
41.5984854271357,5.211191959799,0.610542765667052,"Mean"
41.6830844221106,5.211191959799,0.593084130427493,"Mean"
41.7676834170854,5.211191959799,0.576354247759567,"Mean"
41.8522824120603,5.211191959799,0.573241245684788,"Mean"
41.9368814070352,5.211191959799,0.549017478373202,"Mean"
42.02148040201,5.211191959799,0.534362997435729,"Mean"
42.1060793969849,5.211191959799,0.53617016554174,"Mean"
42.1906783919598,5.211191959799,0.537953305817384,"Mean"
42.2752773869347,5.211191959799,0.509965693946439,"Mean"
42.3598763819095,5.211191959799,0.499179198738091,"Mean"
42.4444753768844,5.211191959799,0.481571109687392,"Mean"
42.5290743718593,5.211191959799,0.470433516833086,"Mean"
42.6136733668342,5.211191959799,0.460459709615885,"Mean"
42.698272361809,5.211191959799,0.452414805598828,"Mean"
42.7828713567839,5.211191959799,0.447738459229269,"Mean"
42.8674703517588,5.211191959799,0.440273846761844,"Mean"
42.9520693467337,5.211191959799,0.440843984537083,"Mean"
43.0366683417085,5.211191959799,0.437575714092926,"Mean"
43.1212673366834,5.211191959799,0.438797465823023,"Mean"
43.2058663316583,5.211191959799,0.453729699373004,"Mean"
43.2904653266332,5.211191959799,0.463159290782386,"Mean"
43.375064321608,5.211191959799,0.45132587661463,"Mean"
43.4596633165829,5.211191959799,0.456319716945493,"Mean"
43.5442623115578,5.211191959799,0.466769699836065,"Mean"
43.6288613065327,5.211191959799,0.462388110015867,"Mean"
43.7134603015075,5.211191959799,0.458975710598175,"Mean"
43.7980592964824,5.211191959799,0.450770343354874,"Mean"
43.8826582914573,5.211191959799,0.467794190640494,"Mean"
43.9672572864322,5.211191959799,0.466788053569409,"Mean"
44.051856281407,5.211191959799,0.468981762987127,"Mean"
44.1364552763819,5.211191959799,0.474141095488097,"Mean"
44.2210542713568,5.211191959799,0.46887979654753,"Mean"
44.3056532663317,5.211191959799,0.47349980680034,"Mean"
44.3902522613065,5.211191959799,0.475764392577303,"Mean"
44.4748512562814,5.211191959799,0.476912362742388,"Mean"
44.5594502512563,5.211191959799,0.47598381549382,"Mean"
44.6440492462312,5.211191959799,0.468732549159782,"Mean"
44.728648241206,5.211191959799,0.465197812256987,"Mean"
44.8132472361809,5.211191959799,0.461405052835199,"Mean"
44.8978462311558,5.211191959799,0.467957231122236,"Mean"
44.9824452261307,5.211191959799,0.463647305407871,"Mean"
45.0670442211055,5.211191959799,0.462903665929813,"Mean"
45.1516432160804,5.211191959799,0.461626985403819,"Mean"
35.8457537688442,5.27921859296482,0.67902585869551,"Mean"
35.9303527638191,5.27921859296482,0.565011916076675,"Mean"
36.014951758794,5.27921859296482,0.507881386504852,"Mean"
36.0995507537688,5.27921859296482,0.457444473043626,"Mean"
36.1841497487437,5.27921859296482,0.429373338434598,"Mean"
36.2687487437186,5.27921859296482,0.329850384049258,"Mean"
36.3533477386935,5.27921859296482,0.32077670198654,"Mean"
36.4379467336683,5.27921859296482,0.33125091507797,"Mean"
36.5225457286432,5.27921859296482,0.326564873860052,"Mean"
36.6071447236181,5.27921859296482,0.32200140940622,"Mean"
36.691743718593,5.27921859296482,0.329664667453235,"Mean"
36.7763427135678,5.27921859296482,0.316476116837173,"Mean"
36.8609417085427,5.27921859296482,0.32024015610257,"Mean"
36.9455407035176,5.27921859296482,0.385544214388094,"Mean"
37.0301396984925,5.27921859296482,0.369065389913353,"Mean"
37.1147386934673,5.27921859296482,0.332930174619275,"Mean"
37.1993376884422,5.27921859296482,0.285301370662144,"Mean"
37.2839366834171,5.27921859296482,0.306932502465154,"Mean"
37.368535678392,5.27921859296482,0.285032090395466,"Mean"
37.4531346733668,5.27921859296482,0.321865457547977,"Mean"
37.5377336683417,5.27921859296482,0.350522166441358,"Mean"
37.6223326633166,5.27921859296482,0.412646214791745,"Mean"
37.7069316582915,5.27921859296482,0.408561787207632,"Mean"
37.7915306532663,5.27921859296482,0.431178961635003,"Mean"
37.8761296482412,5.27921859296482,0.454645406423399,"Mean"
37.9607286432161,5.27921859296482,0.458474174643246,"Mean"
38.045327638191,5.27921859296482,0.484081706965285,"Mean"
38.1299266331658,5.27921859296482,0.52450262264959,"Mean"
38.2145256281407,5.27921859296482,0.551237850883529,"Mean"
38.2991246231156,5.27921859296482,0.588049661552388,"Mean"
38.3837236180904,5.27921859296482,0.56911261272734,"Mean"
38.4683226130653,5.27921859296482,0.601893089005684,"Mean"
38.5529216080402,5.27921859296482,0.638621641080746,"Mean"
38.6375206030151,5.27921859296482,0.667032607548384,"Mean"
38.72211959799,5.27921859296482,0.685141350090624,"Mean"
38.8067185929648,5.27921859296482,0.721466954401427,"Mean"
38.8913175879397,5.27921859296482,0.729127837832388,"Mean"
38.9759165829146,5.27921859296482,0.745859142054962,"Mean"
39.0605155778894,5.27921859296482,0.765893331637393,"Mean"
39.1451145728643,5.27921859296482,0.78442283570974,"Mean"
39.2297135678392,5.27921859296482,0.805461145295981,"Mean"
39.3143125628141,5.27921859296482,0.824296496305143,"Mean"
39.3989115577889,5.27921859296482,0.837309530257663,"Mean"
39.4835105527638,5.27921859296482,0.856114794569429,"Mean"
39.5681095477387,5.27921859296482,0.873168771866437,"Mean"
39.6527085427136,5.27921859296482,0.871458933615709,"Mean"
39.7373075376884,5.27921859296482,0.880733067119924,"Mean"
39.8219065326633,5.27921859296482,0.882631054751488,"Mean"
39.9065055276382,5.27921859296482,0.892020935125425,"Mean"
39.9911045226131,5.27921859296482,0.902933860603391,"Mean"
40.0757035175879,5.27921859296482,0.911436091024097,"Mean"
40.1603025125628,5.27921859296482,0.918874651361481,"Mean"
40.2449015075377,5.27921859296482,0.913302347428377,"Mean"
40.3295005025126,5.27921859296482,0.903077412698175,"Mean"
40.4140994974874,5.27921859296482,0.890178225245287,"Mean"
40.4986984924623,5.27921859296482,0.874714266798089,"Mean"
40.5832974874372,5.27921859296482,0.855746036612888,"Mean"
40.6678964824121,5.27921859296482,0.850953815984677,"Mean"
40.7524954773869,5.27921859296482,0.817364245284011,"Mean"
40.8370944723618,5.27921859296482,0.791641828158315,"Mean"
40.9216934673367,5.27921859296482,0.764142082319833,"Mean"
41.0062924623116,5.27921859296482,0.740545228860207,"Mean"
41.0908914572864,5.27921859296482,0.715664079467994,"Mean"
41.1754904522613,5.27921859296482,0.692226389062228,"Mean"
41.2600894472362,5.27921859296482,0.669448567002106,"Mean"
41.344688442211,5.27921859296482,0.647704757607343,"Mean"
41.4292874371859,5.27921859296482,0.627464146157718,"Mean"
41.5138864321608,5.27921859296482,0.609516914049782,"Mean"
41.5984854271357,5.27921859296482,0.59411277453982,"Mean"
41.6830844221106,5.27921859296482,0.574567176967069,"Mean"
41.7676834170854,5.27921859296482,0.55764985833332,"Mean"
41.8522824120603,5.27921859296482,0.558460207201285,"Mean"
41.9368814070352,5.27921859296482,0.527770957806949,"Mean"
42.02148040201,5.27921859296482,0.530578526670008,"Mean"
42.1060793969849,5.27921859296482,0.520409680661049,"Mean"
42.1906783919598,5.27921859296482,0.503389270760775,"Mean"
42.2752773869347,5.27921859296482,0.485530859680105,"Mean"
42.3598763819095,5.27921859296482,0.473784087709555,"Mean"
42.4444753768844,5.27921859296482,0.462646087592119,"Mean"
42.5290743718593,5.27921859296482,0.453927516897667,"Mean"
42.6136733668342,5.27921859296482,0.450073252365692,"Mean"
42.698272361809,5.27921859296482,0.438168059086428,"Mean"
42.7828713567839,5.27921859296482,0.431242413476107,"Mean"
42.8674703517588,5.27921859296482,0.442277266230856,"Mean"
42.9520693467337,5.27921859296482,0.451129698509404,"Mean"
43.0366683417085,5.27921859296482,0.458417593242308,"Mean"
43.1212673366834,5.27921859296482,0.440191810411746,"Mean"
43.2058663316583,5.27921859296482,0.439427320898088,"Mean"
43.2904653266332,5.27921859296482,0.455228668144406,"Mean"
43.375064321608,5.27921859296482,0.458171061798283,"Mean"
43.4596633165829,5.27921859296482,0.449644914416086,"Mean"
43.5442623115578,5.27921859296482,0.453464256353855,"Mean"
43.6288613065327,5.27921859296482,0.445415862620973,"Mean"
43.7134603015075,5.27921859296482,0.452156742472094,"Mean"
43.7980592964824,5.27921859296482,0.46614348785672,"Mean"
43.8826582914573,5.27921859296482,0.463339150373131,"Mean"
43.9672572864322,5.27921859296482,0.470842115884638,"Mean"
44.051856281407,5.27921859296482,0.463029341887865,"Mean"
44.1364552763819,5.27921859296482,0.468654038829346,"Mean"
44.2210542713568,5.27921859296482,0.469075877678551,"Mean"
44.3056532663317,5.27921859296482,0.473538763613078,"Mean"
44.3902522613065,5.27921859296482,0.475673046151597,"Mean"
44.4748512562814,5.27921859296482,0.474685142151146,"Mean"
44.5594502512563,5.27921859296482,0.458511199856031,"Mean"
44.6440492462312,5.27921859296482,0.460607095930017,"Mean"
44.728648241206,5.27921859296482,0.458933286518062,"Mean"
44.8132472361809,5.27921859296482,0.464264842102968,"Mean"
44.8978462311558,5.27921859296482,0.461708382615495,"Mean"
44.9824452261307,5.27921859296482,0.462604999821489,"Mean"
45.0670442211055,5.27921859296482,0.460376202560171,"Mean"
45.1516432160804,5.27921859296482,0.459894560100151,"Mean"
35.8457537688442,5.34724522613065,0.627643090576354,"Mean"
35.9303527638191,5.34724522613065,0.574231232671467,"Mean"
36.014951758794,5.34724522613065,0.502147483326991,"Mean"
36.0995507537688,5.34724522613065,0.484871721850453,"Mean"
36.1841497487437,5.34724522613065,0.380601314692512,"Mean"
36.2687487437186,5.34724522613065,0.333128116411714,"Mean"
36.3533477386935,5.34724522613065,0.335926171178099,"Mean"
36.4379467336683,5.34724522613065,0.331480433144634,"Mean"
36.5225457286432,5.34724522613065,0.332556721455916,"Mean"
36.6071447236181,5.34724522613065,0.312190044569704,"Mean"
36.691743718593,5.34724522613065,0.324519027604578,"Mean"
36.7763427135678,5.34724522613065,0.347028870805263,"Mean"
36.8609417085427,5.34724522613065,0.318068558259446,"Mean"
36.9455407035176,5.34724522613065,0.391102919429659,"Mean"
37.0301396984925,5.34724522613065,0.325306935395394,"Mean"
37.1147386934673,5.34724522613065,0.349589000922809,"Mean"
37.1993376884422,5.34724522613065,0.270860764108216,"Mean"
37.2839366834171,5.34724522613065,0.269374923641871,"Mean"
37.368535678392,5.34724522613065,0.277713344046056,"Mean"
37.4531346733668,5.34724522613065,0.308574561636196,"Mean"
37.5377336683417,5.34724522613065,0.297021482831688,"Mean"
37.6223326633166,5.34724522613065,0.380179712367839,"Mean"
37.7069316582915,5.34724522613065,0.357324360472811,"Mean"
37.7915306532663,5.34724522613065,0.37546198489843,"Mean"
37.8761296482412,5.34724522613065,0.389810668312471,"Mean"
37.9607286432161,5.34724522613065,0.389240943918108,"Mean"
38.045327638191,5.34724522613065,0.425901100085123,"Mean"
38.1299266331658,5.34724522613065,0.455133599121467,"Mean"
38.2145256281407,5.34724522613065,0.469150677399896,"Mean"
38.2991246231156,5.34724522613065,0.469459802079241,"Mean"
38.3837236180904,5.34724522613065,0.526366345376966,"Mean"
38.4683226130653,5.34724522613065,0.557039277637843,"Mean"
38.5529216080402,5.34724522613065,0.594814000621485,"Mean"
38.6375206030151,5.34724522613065,0.621548974498473,"Mean"
38.72211959799,5.34724522613065,0.637611185963919,"Mean"
38.8067185929648,5.34724522613065,0.661072041857935,"Mean"
38.8913175879397,5.34724522613065,0.692976415128373,"Mean"
38.9759165829146,5.34724522613065,0.709853515319411,"Mean"
39.0605155778894,5.34724522613065,0.733725765298664,"Mean"
39.1451145728643,5.34724522613065,0.744734591408706,"Mean"
39.2297135678392,5.34724522613065,0.763638228735661,"Mean"
39.3143125628141,5.34724522613065,0.796817999530767,"Mean"
39.3989115577889,5.34724522613065,0.819749704384162,"Mean"
39.4835105527638,5.34724522613065,0.829350210882765,"Mean"
39.5681095477387,5.34724522613065,0.827106606236296,"Mean"
39.6527085427136,5.34724522613065,0.829423607549701,"Mean"
39.7373075376884,5.34724522613065,0.869419148113722,"Mean"
39.8219065326633,5.34724522613065,0.860406707357144,"Mean"
39.9065055276382,5.34724522613065,0.870715043533096,"Mean"
39.9911045226131,5.34724522613065,0.882656294975138,"Mean"
40.0757035175879,5.34724522613065,0.892994938268146,"Mean"
40.1603025125628,5.34724522613065,0.90131636670763,"Mean"
40.2449015075377,5.34724522613065,0.900223842851656,"Mean"
40.3295005025126,5.34724522613065,0.889106512859542,"Mean"
40.4140994974874,5.34724522613065,0.8751095603466,"Mean"
40.4986984924623,5.34724522613065,0.858305848072582,"Mean"
40.5832974874372,5.34724522613065,0.841849499553021,"Mean"
40.6678964824121,5.34724522613065,0.835483497354799,"Mean"
40.7524954773869,5.34724522613065,0.794291548961506,"Mean"
40.8370944723618,5.34724522613065,0.770594362048293,"Mean"
40.9216934673367,5.34724522613065,0.744760685796527,"Mean"
41.0062924623116,5.34724522613065,0.718749217927084,"Mean"
41.0908914572864,5.34724522613065,0.699116262180014,"Mean"
41.1754904522613,5.34724522613065,0.671827425694218,"Mean"
41.2600894472362,5.34724522613065,0.648019258429862,"Mean"
41.344688442211,5.34724522613065,0.626219643554572,"Mean"
41.4292874371859,5.34724522613065,0.609709516022563,"Mean"
41.5138864321608,5.34724522613065,0.595759646217883,"Mean"
41.5984854271357,5.34724522613065,0.579787030654512,"Mean"
41.6830844221106,5.34724522613065,0.553653787600919,"Mean"
41.7676834170854,5.34724522613065,0.537622101866083,"Mean"
41.8522824120603,5.34724522613065,0.533553716505933,"Mean"
41.9368814070352,5.34724522613065,0.518512107494979,"Mean"
42.02148040201,5.34724522613065,0.516559085203777,"Mean"
42.1060793969849,5.34724522613065,0.491106083688914,"Mean"
42.1906783919598,5.34724522613065,0.482444412284507,"Mean"
42.2752773869347,5.34724522613065,0.469562787039019,"Mean"
42.3598763819095,5.34724522613065,0.464669907797104,"Mean"
42.4444753768844,5.34724522613065,0.448363931952976,"Mean"
42.5290743718593,5.34724522613065,0.440386925631282,"Mean"
42.6136733668342,5.34724522613065,0.431259614055672,"Mean"
42.698272361809,5.34724522613065,0.424034055684089,"Mean"
42.7828713567839,5.34724522613065,0.427044074715747,"Mean"
42.8674703517588,5.34724522613065,0.445472844335392,"Mean"
42.9520693467337,5.34724522613065,0.436509067280499,"Mean"
43.0366683417085,5.34724522613065,0.452988906001966,"Mean"
43.1212673366834,5.34724522613065,0.454061019899303,"Mean"
43.2058663316583,5.34724522613065,0.438069111094132,"Mean"
43.2904653266332,5.34724522613065,0.441155716109181,"Mean"
43.375064321608,5.34724522613065,0.437520594073576,"Mean"
43.4596633165829,5.34724522613065,0.453023189372374,"Mean"
43.5442623115578,5.34724522613065,0.445365396843358,"Mean"
43.6288613065327,5.34724522613065,0.454669820343147,"Mean"
43.7134603015075,5.34724522613065,0.443844465259127,"Mean"
43.7980592964824,5.34724522613065,0.459321918642123,"Mean"
43.8826582914573,5.34724522613065,0.464904550790722,"Mean"
43.9672572864322,5.34724522613065,0.468735278151017,"Mean"
44.051856281407,5.34724522613065,0.468651177186551,"Mean"
44.1364552763819,5.34724522613065,0.470173450642385,"Mean"
44.2210542713568,5.34724522613065,0.47146157367822,"Mean"
44.3056532663317,5.34724522613065,0.471242447211542,"Mean"
44.3902522613065,5.34724522613065,0.473082056328238,"Mean"
44.4748512562814,5.34724522613065,0.46419207276583,"Mean"
44.5594502512563,5.34724522613065,0.46116784645741,"Mean"
44.6440492462312,5.34724522613065,0.466141702469938,"Mean"
44.728648241206,5.34724522613065,0.458181386424945,"Mean"
44.8132472361809,5.34724522613065,0.459221319092915,"Mean"
44.8978462311558,5.34724522613065,0.462855737768521,"Mean"
44.9824452261307,5.34724522613065,0.474660318657514,"Mean"
45.0670442211055,5.34724522613065,0.4592968946027,"Mean"
45.1516432160804,5.34724522613065,0.461695560523604,"Mean"
45.2362422110553,5.34724522613065,0.457676701569631,"Mean"
35.5919567839196,5.41527185929648,0.82286722536152,"Mean"
35.6765557788945,5.41527185929648,0.793438718313918,"Mean"
35.7611547738694,5.41527185929648,0.695523848937116,"Mean"
35.8457537688442,5.41527185929648,0.613118640256601,"Mean"
35.9303527638191,5.41527185929648,0.525669991619223,"Mean"
36.014951758794,5.41527185929648,0.446078001691951,"Mean"
36.0995507537688,5.41527185929648,0.392750243686505,"Mean"
36.1841497487437,5.41527185929648,0.320855974642786,"Mean"
36.2687487437186,5.41527185929648,0.333495318548895,"Mean"
36.3533477386935,5.41527185929648,0.329338503329528,"Mean"
36.4379467336683,5.41527185929648,0.346760798945872,"Mean"
36.5225457286432,5.41527185929648,0.32664174340254,"Mean"
36.6071447236181,5.41527185929648,0.311496598291577,"Mean"
36.691743718593,5.41527185929648,0.333704588381334,"Mean"
36.7763427135678,5.41527185929648,0.334690565071022,"Mean"
36.8609417085427,5.41527185929648,0.320122864057361,"Mean"
36.9455407035176,5.41527185929648,0.354657888188703,"Mean"
37.0301396984925,5.41527185929648,0.31099768769577,"Mean"
37.1147386934673,5.41527185929648,0.317439243215229,"Mean"
37.1993376884422,5.41527185929648,0.282360867671242,"Mean"
37.2839366834171,5.41527185929648,0.267024524455724,"Mean"
37.368535678392,5.41527185929648,0.3147706510775,"Mean"
37.4531346733668,5.41527185929648,0.348044190317268,"Mean"
37.5377336683417,5.41527185929648,0.274260553261492,"Mean"
37.6223326633166,5.41527185929648,0.277898611351513,"Mean"
37.7069316582915,5.41527185929648,0.321762647162199,"Mean"
37.7915306532663,5.41527185929648,0.336010375784046,"Mean"
37.8761296482412,5.41527185929648,0.352354226300964,"Mean"
37.9607286432161,5.41527185929648,0.348979582533238,"Mean"
38.045327638191,5.41527185929648,0.375365754695831,"Mean"
38.1299266331658,5.41527185929648,0.437760981923592,"Mean"
38.2145256281407,5.41527185929648,0.437766665165664,"Mean"
38.2991246231156,5.41527185929648,0.416622004867515,"Mean"
38.3837236180904,5.41527185929648,0.472312483848056,"Mean"
38.4683226130653,5.41527185929648,0.507197182430841,"Mean"
38.5529216080402,5.41527185929648,0.538847864284002,"Mean"
38.6375206030151,5.41527185929648,0.566741416765148,"Mean"
38.72211959799,5.41527185929648,0.596415839918124,"Mean"
38.8067185929648,5.41527185929648,0.619299014880047,"Mean"
38.8913175879397,5.41527185929648,0.646016384833575,"Mean"
38.9759165829146,5.41527185929648,0.662879724274173,"Mean"
39.0605155778894,5.41527185929648,0.694820456646249,"Mean"
39.1451145728643,5.41527185929648,0.714385720741058,"Mean"
39.2297135678392,5.41527185929648,0.730636937809571,"Mean"
39.3143125628141,5.41527185929648,0.755731089899353,"Mean"
39.3989115577889,5.41527185929648,0.783323842431929,"Mean"
39.4835105527638,5.41527185929648,0.793113306747936,"Mean"
39.5681095477387,5.41527185929648,0.82666879361472,"Mean"
39.6527085427136,5.41527185929648,0.807925472901884,"Mean"
39.7373075376884,5.41527185929648,0.824073216493336,"Mean"
39.8219065326633,5.41527185929648,0.832557189195738,"Mean"
39.9065055276382,5.41527185929648,0.84498135653387,"Mean"
39.9911045226131,5.41527185929648,0.858573105059341,"Mean"
40.0757035175879,5.41527185929648,0.871634150057608,"Mean"
40.1603025125628,5.41527185929648,0.880762471768668,"Mean"
40.2449015075377,5.41527185929648,0.8870952237373,"Mean"
40.3295005025126,5.41527185929648,0.873601703481706,"Mean"
40.4140994974874,5.41527185929648,0.858354869362629,"Mean"
40.4986984924623,5.41527185929648,0.841157383788817,"Mean"
40.5832974874372,5.41527185929648,0.82174626341676,"Mean"
40.6678964824121,5.41527185929648,0.798791454806179,"Mean"
40.7524954773869,5.41527185929648,0.776254325887769,"Mean"
40.8370944723618,5.41527185929648,0.746745960787693,"Mean"
40.9216934673367,5.41527185929648,0.72193359777583,"Mean"
41.0062924623116,5.41527185929648,0.698690406866811,"Mean"
41.0908914572864,5.41527185929648,0.672230298583254,"Mean"
41.1754904522613,5.41527185929648,0.64789191835153,"Mean"
41.2600894472362,5.41527185929648,0.625749874710391,"Mean"
41.344688442211,5.41527185929648,0.612012914972335,"Mean"
41.4292874371859,5.41527185929648,0.598156361654674,"Mean"
41.5138864321608,5.41527185929648,0.578558528226086,"Mean"
41.5984854271357,5.41527185929648,0.56152170985302,"Mean"
41.6830844221106,5.41527185929648,0.534964801807652,"Mean"
41.7676834170854,5.41527185929648,0.51803437593187,"Mean"
41.8522824120603,5.41527185929648,0.513664930922131,"Mean"
41.9368814070352,5.41527185929648,0.499989730486325,"Mean"
42.02148040201,5.41527185929648,0.479188845240563,"Mean"
42.1060793969849,5.41527185929648,0.470099252765465,"Mean"
42.1906783919598,5.41527185929648,0.460086767795132,"Mean"
42.2752773869347,5.41527185929648,0.448518696057984,"Mean"
42.3598763819095,5.41527185929648,0.443030556069549,"Mean"
42.4444753768844,5.41527185929648,0.43211806889997,"Mean"
42.5290743718593,5.41527185929648,0.425023813311601,"Mean"
42.6136733668342,5.41527185929648,0.41705173183619,"Mean"
42.698272361809,5.41527185929648,0.420250386892176,"Mean"
42.7828713567839,5.41527185929648,0.421241216377899,"Mean"
42.8674703517588,5.41527185929648,0.423428162241531,"Mean"
42.9520693467337,5.41527185929648,0.425395643951477,"Mean"
43.0366683417085,5.41527185929648,0.439089131094069,"Mean"
43.1212673366834,5.41527185929648,0.44058366999811,"Mean"
43.2058663316583,5.41527185929648,0.440409373652453,"Mean"
43.2904653266332,5.41527185929648,0.436102497984179,"Mean"
43.375064321608,5.41527185929648,0.439645973139458,"Mean"
43.4596633165829,5.41527185929648,0.437636760726515,"Mean"
43.5442623115578,5.41527185929648,0.440272604288873,"Mean"
43.6288613065327,5.41527185929648,0.440969100595117,"Mean"
43.7134603015075,5.41527185929648,0.45300876141935,"Mean"
43.7980592964824,5.41527185929648,0.459821508359919,"Mean"
43.8826582914573,5.41527185929648,0.465753319997645,"Mean"
43.9672572864322,5.41527185929648,0.468109579002645,"Mean"
44.051856281407,5.41527185929648,0.469012651678855,"Mean"
44.1364552763819,5.41527185929648,0.459327591995142,"Mean"
44.2210542713568,5.41527185929648,0.469108455186311,"Mean"
44.3056532663317,5.41527185929648,0.46988418068694,"Mean"
44.3902522613065,5.41527185929648,0.470992336084547,"Mean"
44.4748512562814,5.41527185929648,0.467295558749428,"Mean"
44.5594502512563,5.41527185929648,0.460945692549977,"Mean"
44.6440492462312,5.41527185929648,0.455242560605109,"Mean"
44.728648241206,5.41527185929648,0.457646690137632,"Mean"
44.8132472361809,5.41527185929648,0.460047189952324,"Mean"
44.8978462311558,5.41527185929648,0.46273868334861,"Mean"
44.9824452261307,5.41527185929648,0.474713431376542,"Mean"
45.0670442211055,5.41527185929648,0.457208437098009,"Mean"
45.1516432160804,5.41527185929648,0.45739068504449,"Mean"
45.2362422110553,5.41527185929648,0.455960494956574,"Mean"
45.3208412060302,5.41527185929648,0.455277051468029,"Mean"
35.4227587939698,5.48329849246231,0.901864460886679,"Mean"
35.5073577889447,5.48329849246231,0.839395045513986,"Mean"
35.5919567839196,5.48329849246231,0.791967712139077,"Mean"
35.6765557788945,5.48329849246231,0.759676952201794,"Mean"
35.7611547738694,5.48329849246231,0.67762129981877,"Mean"
35.8457537688442,5.48329849246231,0.596525757592768,"Mean"
35.9303527638191,5.48329849246231,0.52520102520175,"Mean"
36.014951758794,5.48329849246231,0.444252940853429,"Mean"
36.0995507537688,5.48329849246231,0.359689275824395,"Mean"
36.1841497487437,5.48329849246231,0.329453909988432,"Mean"
36.2687487437186,5.48329849246231,0.327224285557553,"Mean"
36.3533477386935,5.48329849246231,0.331502914404738,"Mean"
36.4379467336683,5.48329849246231,0.347415978682521,"Mean"
36.5225457286432,5.48329849246231,0.342223615804333,"Mean"
36.6071447236181,5.48329849246231,0.32320177953776,"Mean"
36.691743718593,5.48329849246231,0.330971416447786,"Mean"
36.7763427135678,5.48329849246231,0.330092681017257,"Mean"
36.8609417085427,5.48329849246231,0.402663825238208,"Mean"
36.9455407035176,5.48329849246231,0.3181104195067,"Mean"
37.0301396984925,5.48329849246231,0.322347565941021,"Mean"
37.1147386934673,5.48329849246231,0.315219194165959,"Mean"
37.1993376884422,5.48329849246231,0.289575392432205,"Mean"
37.2839366834171,5.48329849246231,0.291297601357317,"Mean"
37.368535678392,5.48329849246231,0.301091504828963,"Mean"
37.4531346733668,5.48329849246231,0.281685918714695,"Mean"
37.5377336683417,5.48329849246231,0.277912617703407,"Mean"
37.6223326633166,5.48329849246231,0.302974955862691,"Mean"
37.7069316582915,5.48329849246231,0.28433789033641,"Mean"
37.7915306532663,5.48329849246231,0.287251593031461,"Mean"
37.8761296482412,5.48329849246231,0.295823731836235,"Mean"
37.9607286432161,5.48329849246231,0.291694393463145,"Mean"
38.045327638191,5.48329849246231,0.32163275117569,"Mean"
38.1299266331658,5.48329849246231,0.347372873395612,"Mean"
38.2145256281407,5.48329849246231,0.371181727916907,"Mean"
38.2991246231156,5.48329849246231,0.387039143626717,"Mean"
38.3837236180904,5.48329849246231,0.424683684628124,"Mean"
38.4683226130653,5.48329849246231,0.467631743395046,"Mean"
38.5529216080402,5.48329849246231,0.502427994642407,"Mean"
38.6375206030151,5.48329849246231,0.511757040590056,"Mean"
38.72211959799,5.48329849246231,0.549130967656741,"Mean"
38.8067185929648,5.48329849246231,0.584029905197395,"Mean"
38.8913175879397,5.48329849246231,0.59117172177694,"Mean"
38.9759165829146,5.48329849246231,0.614889890769944,"Mean"
39.0605155778894,5.48329849246231,0.636424483742631,"Mean"
39.1451145728643,5.48329849246231,0.665755881601347,"Mean"
39.2297135678392,5.48329849246231,0.684169618282501,"Mean"
39.3143125628141,5.48329849246231,0.716805816557971,"Mean"
39.3989115577889,5.48329849246231,0.733612874845407,"Mean"
39.4835105527638,5.48329849246231,0.746865864036284,"Mean"
39.5681095477387,5.48329849246231,0.760404976638781,"Mean"
39.6527085427136,5.48329849246231,0.770967027109339,"Mean"
39.7373075376884,5.48329849246231,0.784598179792206,"Mean"
39.8219065326633,5.48329849246231,0.800561129348635,"Mean"
39.9065055276382,5.48329849246231,0.81613128075287,"Mean"
39.9911045226131,5.48329849246231,0.833506687164129,"Mean"
40.0757035175879,5.48329849246231,0.842929318645873,"Mean"
40.1603025125628,5.48329849246231,0.858396970948932,"Mean"
40.2449015075377,5.48329849246231,0.867465528471295,"Mean"
40.3295005025126,5.48329849246231,0.855397362820106,"Mean"
40.4140994974874,5.48329849246231,0.839550517425938,"Mean"
40.4986984924623,5.48329849246231,0.820252285673795,"Mean"
40.5832974874372,5.48329849246231,0.806751656927182,"Mean"
40.6678964824121,5.48329849246231,0.777614167620752,"Mean"
40.7524954773869,5.48329849246231,0.753782487239752,"Mean"
40.8370944723618,5.48329849246231,0.725836739313474,"Mean"
40.9216934673367,5.48329849246231,0.697415209437941,"Mean"
41.0062924623116,5.48329849246231,0.672558008062507,"Mean"
41.0908914572864,5.48329849246231,0.647727086710632,"Mean"
41.1754904522613,5.48329849246231,0.625319403696728,"Mean"
41.2600894472362,5.48329849246231,0.602523739210933,"Mean"
41.344688442211,5.48329849246231,0.590750002282564,"Mean"
41.4292874371859,5.48329849246231,0.57678119628466,"Mean"
41.5138864321608,5.48329849246231,0.556168022764347,"Mean"
41.5984854271357,5.48329849246231,0.533274180599556,"Mean"
41.6830844221106,5.48329849246231,0.522706334996524,"Mean"
41.7676834170854,5.48329849246231,0.497415679959659,"Mean"
41.8522824120603,5.48329849246231,0.486310053563458,"Mean"
41.9368814070352,5.48329849246231,0.474247394101356,"Mean"
42.02148040201,5.48329849246231,0.461342406766332,"Mean"
42.1060793969849,5.48329849246231,0.451238404738045,"Mean"
42.1906783919598,5.48329849246231,0.446355305854152,"Mean"
42.2752773869347,5.48329849246231,0.4322619040769,"Mean"
42.3598763819095,5.48329849246231,0.426437536334695,"Mean"
42.4444753768844,5.48329849246231,0.416909886497295,"Mean"
42.5290743718593,5.48329849246231,0.410634623288116,"Mean"
42.6136733668342,5.48329849246231,0.413781274848319,"Mean"
42.698272361809,5.48329849246231,0.415829312816318,"Mean"
42.7828713567839,5.48329849246231,0.418058803035769,"Mean"
42.8674703517588,5.48329849246231,0.420644884758886,"Mean"
42.9520693467337,5.48329849246231,0.427161045026805,"Mean"
43.0366683417085,5.48329849246231,0.443742891497998,"Mean"
43.1212673366834,5.48329849246231,0.448987249671249,"Mean"
43.2058663316583,5.48329849246231,0.436271543060016,"Mean"
43.2904653266332,5.48329849246231,0.440279903711131,"Mean"
43.375064321608,5.48329849246231,0.448355787786276,"Mean"
43.4596633165829,5.48329849246231,0.43509686454606,"Mean"
43.5442623115578,5.48329849246231,0.43717979482323,"Mean"
43.6288613065327,5.48329849246231,0.440193132316777,"Mean"
43.7134603015075,5.48329849246231,0.440322163379097,"Mean"
43.7980592964824,5.48329849246231,0.44125601951415,"Mean"
43.8826582914573,5.48329849246231,0.442753141859746,"Mean"
43.9672572864322,5.48329849246231,0.46335240025693,"Mean"
44.051856281407,5.48329849246231,0.463203673273138,"Mean"
44.1364552763819,5.48329849246231,0.464324829085251,"Mean"
44.2210542713568,5.48329849246231,0.459303181038614,"Mean"
44.3056532663317,5.48329849246231,0.470253193173636,"Mean"
44.3902522613065,5.48329849246231,0.469340515838481,"Mean"
44.4748512562814,5.48329849246231,0.45136407336623,"Mean"
44.5594502512563,5.48329849246231,0.45241470031118,"Mean"
44.6440492462312,5.48329849246231,0.455693177687626,"Mean"
44.728648241206,5.48329849246231,0.472241573093497,"Mean"
44.8132472361809,5.48329849246231,0.457557801389558,"Mean"
44.8978462311558,5.48329849246231,0.466496521919394,"Mean"
44.9824452261307,5.48329849246231,0.464646650557227,"Mean"
45.0670442211055,5.48329849246231,0.455707254038737,"Mean"
45.1516432160804,5.48329849246231,0.454905694276054,"Mean"
45.2362422110553,5.48329849246231,0.454254018538728,"Mean"
45.3208412060302,5.48329849246231,0.453682208615184,"Mean"
45.405440201005,5.48329849246231,0.453155497981139,"Mean"
35.338159798995,5.55132512562814,0.901460638404349,"Mean"
35.4227587939698,5.55132512562814,0.883718177980392,"Mean"
35.5073577889447,5.55132512562814,0.830736372216964,"Mean"
35.5919567839196,5.55132512562814,0.768582485447983,"Mean"
35.6765557788945,5.55132512562814,0.743084227642796,"Mean"
35.7611547738694,5.55132512562814,0.67994514182751,"Mean"
35.8457537688442,5.55132512562814,0.570711703612319,"Mean"
35.9303527638191,5.55132512562814,0.462816447961845,"Mean"
36.014951758794,5.55132512562814,0.42016905857112,"Mean"
36.0995507537688,5.55132512562814,0.373825998924165,"Mean"
36.1841497487437,5.55132512562814,0.344825739655624,"Mean"
36.2687487437186,5.55132512562814,0.336117243984651,"Mean"
36.3533477386935,5.55132512562814,0.344101745957296,"Mean"
36.4379467336683,5.55132512562814,0.340433328722894,"Mean"
36.5225457286432,5.55132512562814,0.335138701450282,"Mean"
36.6071447236181,5.55132512562814,0.336414085017687,"Mean"
36.691743718593,5.55132512562814,0.321472318823056,"Mean"
36.7763427135678,5.55132512562814,0.335538559666109,"Mean"
36.8609417085427,5.55132512562814,0.341481878716433,"Mean"
36.9455407035176,5.55132512562814,0.328194829030431,"Mean"
37.0301396984925,5.55132512562814,0.340230887653979,"Mean"
37.1147386934673,5.55132512562814,0.317568493808302,"Mean"
37.1993376884422,5.55132512562814,0.284991496448229,"Mean"
37.2839366834171,5.55132512562814,0.276031091549318,"Mean"
37.368535678392,5.55132512562814,0.321713537193075,"Mean"
37.4531346733668,5.55132512562814,0.281408570463425,"Mean"
37.5377336683417,5.55132512562814,0.274144759077244,"Mean"
37.6223326633166,5.55132512562814,0.296896372335601,"Mean"
37.7069316582915,5.55132512562814,0.301540478962915,"Mean"
37.7915306532663,5.55132512562814,0.277185484423245,"Mean"
37.8761296482412,5.55132512562814,0.274302460531169,"Mean"
37.9607286432161,5.55132512562814,0.263354859848074,"Mean"
38.045327638191,5.55132512562814,0.283390284759288,"Mean"
38.1299266331658,5.55132512562814,0.286716524652307,"Mean"
38.2145256281407,5.55132512562814,0.322864627784427,"Mean"
38.2991246231156,5.55132512562814,0.328457644092852,"Mean"
38.3837236180904,5.55132512562814,0.371122734702038,"Mean"
38.4683226130653,5.55132512562814,0.408449873250186,"Mean"
38.5529216080402,5.55132512562814,0.441034694209834,"Mean"
38.6375206030151,5.55132512562814,0.468374289441279,"Mean"
38.72211959799,5.55132512562814,0.491630532872463,"Mean"
38.8067185929648,5.55132512562814,0.512001042436569,"Mean"
38.8913175879397,5.55132512562814,0.542091809737057,"Mean"
38.9759165829146,5.55132512562814,0.564750197423901,"Mean"
39.0605155778894,5.55132512562814,0.596066475728191,"Mean"
39.1451145728643,5.55132512562814,0.617890647745807,"Mean"
39.2297135678392,5.55132512562814,0.633244335626048,"Mean"
39.3143125628141,5.55132512562814,0.655484195004158,"Mean"
39.3989115577889,5.55132512562814,0.686944496482882,"Mean"
39.4835105527638,5.55132512562814,0.692074934212449,"Mean"
39.5681095477387,5.55132512562814,0.713539400593206,"Mean"
39.6527085427136,5.55132512562814,0.735643058556454,"Mean"
39.7373075376884,5.55132512562814,0.749992741033679,"Mean"
39.8219065326633,5.55132512562814,0.764847370309047,"Mean"
39.9065055276382,5.55132512562814,0.782363426758987,"Mean"
39.9911045226131,5.55132512562814,0.797560976393315,"Mean"
40.0757035175879,5.55132512562814,0.812191977498148,"Mean"
40.1603025125628,5.55132512562814,0.827476531523005,"Mean"
40.2449015075377,5.55132512562814,0.840961813626524,"Mean"
40.3295005025126,5.55132512562814,0.834485511554808,"Mean"
40.4140994974874,5.55132512562814,0.829937580160719,"Mean"
40.4986984924623,5.55132512562814,0.796653479185973,"Mean"
40.5832974874372,5.55132512562814,0.775178356298175,"Mean"
40.6678964824121,5.55132512562814,0.751670779217906,"Mean"
40.7524954773869,5.55132512562814,0.729493007076896,"Mean"
40.8370944723618,5.55132512562814,0.699547463840337,"Mean"
40.9216934673367,5.55132512562814,0.672771638120947,"Mean"
41.0062924623116,5.55132512562814,0.646657681539762,"Mean"
41.0908914572864,5.55132512562814,0.621942832588796,"Mean"
41.1754904522613,5.55132512562814,0.599492359942359,"Mean"
41.2600894472362,5.55132512562814,0.584274928575834,"Mean"
41.344688442211,5.55132512562814,0.56502347346183,"Mean"
41.4292874371859,5.55132512562814,0.554168311790997,"Mean"
41.5138864321608,5.55132512562814,0.535600734157303,"Mean"
41.5984854271357,5.55132512562814,0.519108590247148,"Mean"
41.6830844221106,5.55132512562814,0.497245314416588,"Mean"
41.7676834170854,5.55132512562814,0.484829551698259,"Mean"
41.8522824120603,5.55132512562814,0.464551728057803,"Mean"
41.9368814070352,5.55132512562814,0.453671184372296,"Mean"
42.02148040201,5.55132512562814,0.444463997783636,"Mean"
42.1060793969849,5.55132512562814,0.436277363201619,"Mean"
42.1906783919598,5.55132512562814,0.431149819797888,"Mean"
42.2752773869347,5.55132512562814,0.417142209104241,"Mean"
42.3598763819095,5.55132512562814,0.409391051228073,"Mean"
42.4444753768844,5.55132512562814,0.404139164462155,"Mean"
42.5290743718593,5.55132512562814,0.407075110675219,"Mean"
42.6136733668342,5.55132512562814,0.410646827697286,"Mean"
42.698272361809,5.55132512562814,0.416999543306266,"Mean"
42.7828713567839,5.55132512562814,0.415563036405522,"Mean"
42.8674703517588,5.55132512562814,0.421605847138842,"Mean"
42.9520693467337,5.55132512562814,0.423147881064677,"Mean"
43.0366683417085,5.55132512562814,0.426745897641933,"Mean"
43.1212673366834,5.55132512562814,0.426998892191715,"Mean"
43.2058663316583,5.55132512562814,0.440508505961345,"Mean"
43.2904653266332,5.55132512562814,0.429846814288763,"Mean"
43.375064321608,5.55132512562814,0.430614180676675,"Mean"
43.4596633165829,5.55132512562814,0.432918753806997,"Mean"
43.5442623115578,5.55132512562814,0.434069183743972,"Mean"
43.6288613065327,5.55132512562814,0.441147490558715,"Mean"
43.7134603015075,5.55132512562814,0.438479600873995,"Mean"
43.7980592964824,5.55132512562814,0.440983252920292,"Mean"
43.8826582914573,5.55132512562814,0.441527132603821,"Mean"
43.9672572864322,5.55132512562814,0.455854147521832,"Mean"
44.051856281407,5.55132512562814,0.450175746332308,"Mean"
44.1364552763819,5.55132512562814,0.44973723198883,"Mean"
44.2210542713568,5.55132512562814,0.448562864012721,"Mean"
44.3056532663317,5.55132512562814,0.462446872064893,"Mean"
44.3902522613065,5.55132512562814,0.452268050289289,"Mean"
44.4748512562814,5.55132512562814,0.448357606604464,"Mean"
44.5594502512563,5.55132512562814,0.465600638643606,"Mean"
44.6440492462312,5.55132512562814,0.452769787602574,"Mean"
44.728648241206,5.55132512562814,0.454211711609548,"Mean"
44.8132472361809,5.55132512562814,0.459246184479944,"Mean"
44.8978462311558,5.55132512562814,0.457782571857618,"Mean"
44.9824452261307,5.55132512562814,0.456512277538859,"Mean"
45.0670442211055,5.55132512562814,0.45432047311893,"Mean"
45.1516432160804,5.55132512562814,0.453347255272668,"Mean"
45.2362422110553,5.55132512562814,0.452724221574489,"Mean"
45.3208412060302,5.55132512562814,0.452043389822878,"Mean"
45.405440201005,5.55132512562814,0.451526340609666,"Mean"
35.2535608040201,5.61935175879397,0.927724108065448,"Mean"
35.338159798995,5.61935175879397,0.882359398107357,"Mean"
35.4227587939698,5.61935175879397,0.843717177022318,"Mean"
35.5073577889447,5.61935175879397,0.809994819944597,"Mean"
35.5919567839196,5.61935175879397,0.734471753749121,"Mean"
35.6765557788945,5.61935175879397,0.705668436614026,"Mean"
35.7611547738694,5.61935175879397,0.657482406549939,"Mean"
35.8457537688442,5.61935175879397,0.516741771068166,"Mean"
35.9303527638191,5.61935175879397,0.413994351455949,"Mean"
36.014951758794,5.61935175879397,0.404146269547938,"Mean"
36.0995507537688,5.61935175879397,0.334597311498987,"Mean"
36.1841497487437,5.61935175879397,0.323932527386453,"Mean"
36.2687487437186,5.61935175879397,0.342520057330482,"Mean"
36.3533477386935,5.61935175879397,0.346864958192665,"Mean"
36.4379467336683,5.61935175879397,0.347372616769979,"Mean"
36.5225457286432,5.61935175879397,0.341261916007993,"Mean"
36.6071447236181,5.61935175879397,0.331083079169855,"Mean"
36.691743718593,5.61935175879397,0.326509737184278,"Mean"
36.7763427135678,5.61935175879397,0.340532945460524,"Mean"
36.8609417085427,5.61935175879397,0.353325300406804,"Mean"
36.9455407035176,5.61935175879397,0.354714743172719,"Mean"
37.0301396984925,5.61935175879397,0.348720354398232,"Mean"
37.1147386934673,5.61935175879397,0.329355728497838,"Mean"
37.1993376884422,5.61935175879397,0.302264336096009,"Mean"
37.2839366834171,5.61935175879397,0.279680373774865,"Mean"
37.368535678392,5.61935175879397,0.277951442831786,"Mean"
37.4531346733668,5.61935175879397,0.29493112703986,"Mean"
37.5377336683417,5.61935175879397,0.2744690273654,"Mean"
37.6223326633166,5.61935175879397,0.287348090085718,"Mean"
37.7069316582915,5.61935175879397,0.290029125414268,"Mean"
37.7915306532663,5.61935175879397,0.282271973475976,"Mean"
37.8761296482412,5.61935175879397,0.275150420587104,"Mean"
37.9607286432161,5.61935175879397,0.262270758720505,"Mean"
38.045327638191,5.61935175879397,0.234129102114658,"Mean"
38.1299266331658,5.61935175879397,0.233802165895725,"Mean"
38.2145256281407,5.61935175879397,0.226732151514496,"Mean"
38.2991246231156,5.61935175879397,0.273167673568068,"Mean"
38.3837236180904,5.61935175879397,0.30539101225208,"Mean"
38.4683226130653,5.61935175879397,0.34957211069221,"Mean"
38.5529216080402,5.61935175879397,0.374988676577547,"Mean"
38.6375206030151,5.61935175879397,0.40757511613271,"Mean"
38.72211959799,5.61935175879397,0.440242114072823,"Mean"
38.8067185929648,5.61935175879397,0.459163742111019,"Mean"
38.8913175879397,5.61935175879397,0.480730364674994,"Mean"
38.9759165829146,5.61935175879397,0.507591315416786,"Mean"
39.0605155778894,5.61935175879397,0.5372434532238,"Mean"
39.1451145728643,5.61935175879397,0.558034503281509,"Mean"
39.2297135678392,5.61935175879397,0.579259092232305,"Mean"
39.3143125628141,5.61935175879397,0.602913614299904,"Mean"
39.3989115577889,5.61935175879397,0.61429129644983,"Mean"
39.4835105527638,5.61935175879397,0.642825689980399,"Mean"
39.5681095477387,5.61935175879397,0.664506915101971,"Mean"
39.6527085427136,5.61935175879397,0.693937482601248,"Mean"
39.7373075376884,5.61935175879397,0.705065358515475,"Mean"
39.8219065326633,5.61935175879397,0.73035344829965,"Mean"
39.9065055276382,5.61935175879397,0.742554964305546,"Mean"
39.9911045226131,5.61935175879397,0.770288001109084,"Mean"
40.0757035175879,5.61935175879397,0.802380865912495,"Mean"
40.1603025125628,5.61935175879397,0.799640160137639,"Mean"
40.2449015075377,5.61935175879397,0.816027178094209,"Mean"
40.3295005025126,5.61935175879397,0.8116369779539,"Mean"
40.4140994974874,5.61935175879397,0.793207523249791,"Mean"
40.4986984924623,5.61935175879397,0.77158917470844,"Mean"
40.5832974874372,5.61935175879397,0.749652487506736,"Mean"
40.6678964824121,5.61935175879397,0.724117128343238,"Mean"
40.7524954773869,5.61935175879397,0.698876873591245,"Mean"
40.8370944723618,5.61935175879397,0.671895287686464,"Mean"
40.9216934673367,5.61935175879397,0.645366691639681,"Mean"
41.0062924623116,5.61935175879397,0.618761231391217,"Mean"
41.0908914572864,5.61935175879397,0.594282334265453,"Mean"
41.1754904522613,5.61935175879397,0.574930772380707,"Mean"
41.2600894472362,5.61935175879397,0.567807227435007,"Mean"
41.344688442211,5.61935175879397,0.548062692513958,"Mean"
41.4292874371859,5.61935175879397,0.530207002539406,"Mean"
41.5138864321608,5.61935175879397,0.512084003671279,"Mean"
41.5984854271357,5.61935175879397,0.491000343919085,"Mean"
41.6830844221106,5.61935175879397,0.473875504712483,"Mean"
41.7676834170854,5.61935175879397,0.47274866473099,"Mean"
41.8522824120603,5.61935175879397,0.447666750527256,"Mean"
41.9368814070352,5.61935175879397,0.4367269659448,"Mean"
42.02148040201,5.61935175879397,0.431636123145221,"Mean"
42.1060793969849,5.61935175879397,0.420887107354213,"Mean"
42.1906783919598,5.61935175879397,0.414026670324247,"Mean"
42.2752773869347,5.61935175879397,0.404555871199194,"Mean"
42.3598763819095,5.61935175879397,0.398008601430507,"Mean"
42.4444753768844,5.61935175879397,0.402378077195494,"Mean"
42.5290743718593,5.61935175879397,0.404272254417894,"Mean"
42.6136733668342,5.61935175879397,0.407307367366201,"Mean"
42.698272361809,5.61935175879397,0.409362633179438,"Mean"
42.7828713567839,5.61935175879397,0.421259981727605,"Mean"
42.8674703517588,5.61935175879397,0.417908179829769,"Mean"
42.9520693467337,5.61935175879397,0.426769932754401,"Mean"
43.0366683417085,5.61935175879397,0.421698678190175,"Mean"
43.1212673366834,5.61935175879397,0.432276723425276,"Mean"
43.2058663316583,5.61935175879397,0.439440529910447,"Mean"
43.2904653266332,5.61935175879397,0.428344249301364,"Mean"
43.375064321608,5.61935175879397,0.428621286068223,"Mean"
43.4596633165829,5.61935175879397,0.435256119885214,"Mean"
43.5442623115578,5.61935175879397,0.44760246955466,"Mean"
43.6288613065327,5.61935175879397,0.439309821506223,"Mean"
43.7134603015075,5.61935175879397,0.435522001210139,"Mean"
43.7980592964824,5.61935175879397,0.437244541155932,"Mean"
43.8826582914573,5.61935175879397,0.444367017732832,"Mean"
43.9672572864322,5.61935175879397,0.457753559392156,"Mean"
44.051856281407,5.61935175879397,0.443182855924173,"Mean"
44.1364552763819,5.61935175879397,0.453999742125473,"Mean"
44.2210542713568,5.61935175879397,0.462296839658412,"Mean"
44.3056532663317,5.61935175879397,0.443744795953582,"Mean"
44.3902522613065,5.61935175879397,0.447418620305169,"Mean"
44.4748512562814,5.61935175879397,0.448497152982263,"Mean"
44.5594502512563,5.61935175879397,0.469722360744803,"Mean"
44.6440492462312,5.61935175879397,0.470573464610439,"Mean"
44.728648241206,5.61935175879397,0.454349443256023,"Mean"
44.8132472361809,5.61935175879397,0.456979786546902,"Mean"
44.8978462311558,5.61935175879397,0.45429058746185,"Mean"
44.9824452261307,5.61935175879397,0.453094975683402,"Mean"
45.0670442211055,5.61935175879397,0.452331519457331,"Mean"
45.1516432160804,5.61935175879397,0.451574468242556,"Mean"
45.2362422110553,5.61935175879397,0.450895902998805,"Mean"
45.3208412060302,5.61935175879397,0.450338985882968,"Mean"
45.405440201005,5.61935175879397,0.449977434625505,"Mean"
45.4900391959799,5.61935175879397,0.450126681802576,"Mean"
35.2535608040201,5.6873783919598,0.91376010344003,"Mean"
35.338159798995,5.6873783919598,0.860245897804278,"Mean"
35.4227587939698,5.6873783919598,0.820212260381972,"Mean"
35.5073577889447,5.6873783919598,0.769674652168985,"Mean"
35.5919567839196,5.6873783919598,0.700658218436619,"Mean"
35.6765557788945,5.6873783919598,0.686624938015263,"Mean"
35.7611547738694,5.6873783919598,0.535398613666769,"Mean"
35.8457537688442,5.6873783919598,0.460191234043992,"Mean"
35.9303527638191,5.6873783919598,0.371904332791677,"Mean"
36.014951758794,5.6873783919598,0.31639074993399,"Mean"
36.0995507537688,5.6873783919598,0.348190293307556,"Mean"
36.1841497487437,5.6873783919598,0.330104842767925,"Mean"
36.2687487437186,5.6873783919598,0.344755861186388,"Mean"
36.3533477386935,5.6873783919598,0.34308657170588,"Mean"
36.4379467336683,5.6873783919598,0.331588918713584,"Mean"
36.5225457286432,5.6873783919598,0.314146773858565,"Mean"
36.6071447236181,5.6873783919598,0.287465450102988,"Mean"
36.691743718593,5.6873783919598,0.32648468305228,"Mean"
36.7763427135678,5.6873783919598,0.313886016820593,"Mean"
36.8609417085427,5.6873783919598,0.325084624398978,"Mean"
36.9455407035176,5.6873783919598,0.399421149579218,"Mean"
37.0301396984925,5.6873783919598,0.343476118644077,"Mean"
37.1147386934673,5.6873783919598,0.341441399142244,"Mean"
37.1993376884422,5.6873783919598,0.336885181643247,"Mean"
37.2839366834171,5.6873783919598,0.296323798612684,"Mean"
37.368535678392,5.6873783919598,0.309341182566053,"Mean"
37.4531346733668,5.6873783919598,0.301777468710027,"Mean"
37.5377336683417,5.6873783919598,0.292060675637429,"Mean"
37.6223326633166,5.6873783919598,0.286340899859779,"Mean"
37.7069316582915,5.6873783919598,0.300044301814414,"Mean"
37.7915306532663,5.6873783919598,0.271258392114931,"Mean"
37.8761296482412,5.6873783919598,0.26933971533573,"Mean"
37.9607286432161,5.6873783919598,0.257361852659198,"Mean"
38.045327638191,5.6873783919598,0.25812215001654,"Mean"
38.1299266331658,5.6873783919598,0.24098710018973,"Mean"
38.2145256281407,5.6873783919598,0.232267476993849,"Mean"
38.2991246231156,5.6873783919598,0.219280224393171,"Mean"
38.3837236180904,5.6873783919598,0.261659862805964,"Mean"
38.4683226130653,5.6873783919598,0.284812979962495,"Mean"
38.5529216080402,5.6873783919598,0.317133787641282,"Mean"
38.6375206030151,5.6873783919598,0.35076929638147,"Mean"
38.72211959799,5.6873783919598,0.378229785287629,"Mean"
38.8067185929648,5.6873783919598,0.408860056980642,"Mean"
38.8913175879397,5.6873783919598,0.426404200225666,"Mean"
38.9759165829146,5.6873783919598,0.451493754797798,"Mean"
39.0605155778894,5.6873783919598,0.482499384130855,"Mean"
39.1451145728643,5.6873783919598,0.502970455973147,"Mean"
39.2297135678392,5.6873783919598,0.520826575536016,"Mean"
39.3143125628141,5.6873783919598,0.54482266342409,"Mean"
39.3989115577889,5.6873783919598,0.565799727855098,"Mean"
39.4835105527638,5.6873783919598,0.598538957578982,"Mean"
39.5681095477387,5.6873783919598,0.615585835601853,"Mean"
39.6527085427136,5.6873783919598,0.68317793972391,"Mean"
39.7373075376884,5.6873783919598,0.6928824821352,"Mean"
39.8219065326633,5.6873783919598,0.699742206102771,"Mean"
39.9065055276382,5.6873783919598,0.702216911370411,"Mean"
39.9911045226131,5.6873783919598,0.71856102501768,"Mean"
40.0757035175879,5.6873783919598,0.737524758241774,"Mean"
40.1603025125628,5.6873783919598,0.760130423396961,"Mean"
40.2449015075377,5.6873783919598,0.779924600271528,"Mean"
40.3295005025126,5.6873783919598,0.789457467905016,"Mean"
40.4140994974874,5.6873783919598,0.766503420161444,"Mean"
40.4986984924623,5.6873783919598,0.744987844086065,"Mean"
40.5832974874372,5.6873783919598,0.72319110421078,"Mean"
40.6678964824121,5.6873783919598,0.702164878626036,"Mean"
40.7524954773869,5.6873783919598,0.670360145547768,"Mean"
40.8370944723618,5.6873783919598,0.642109952073914,"Mean"
40.9216934673367,5.6873783919598,0.625467809855055,"Mean"
41.0062924623116,5.6873783919598,0.590008384768845,"Mean"
41.0908914572864,5.6873783919598,0.566408630883491,"Mean"
41.1754904522613,5.6873783919598,0.545574908975951,"Mean"
41.2600894472362,5.6873783919598,0.525123027920318,"Mean"
41.344688442211,5.6873783919598,0.522577393563382,"Mean"
41.4292874371859,5.6873783919598,0.50541519046734,"Mean"
41.5138864321608,5.6873783919598,0.487680567775709,"Mean"
41.5984854271357,5.6873783919598,0.472826758088426,"Mean"
41.6830844221106,5.6873783919598,0.448801581697417,"Mean"
41.7676834170854,5.6873783919598,0.44170452995467,"Mean"
41.8522824120603,5.6873783919598,0.42717765939295,"Mean"
41.9368814070352,5.6873783919598,0.421515767580899,"Mean"
42.02148040201,5.6873783919598,0.411130290435273,"Mean"
42.1060793969849,5.6873783919598,0.405079675247228,"Mean"
42.1906783919598,5.6873783919598,0.393433259253839,"Mean"
42.2752773869347,5.6873783919598,0.391514281805222,"Mean"
42.3598763819095,5.6873783919598,0.393362214175059,"Mean"
42.4444753768844,5.6873783919598,0.397308407391543,"Mean"
42.5290743718593,5.6873783919598,0.39964702920322,"Mean"
42.6136733668342,5.6873783919598,0.406458732928956,"Mean"
42.698272361809,5.6873783919598,0.406685249990556,"Mean"
42.7828713567839,5.6873783919598,0.421028695703227,"Mean"
42.8674703517588,5.6873783919598,0.434273162684622,"Mean"
42.9520693467337,5.6873783919598,0.435583182215499,"Mean"
43.0366683417085,5.6873783919598,0.429913357690107,"Mean"
43.1212673366834,5.6873783919598,0.433331362869721,"Mean"
43.2058663316583,5.6873783919598,0.42796918166142,"Mean"
43.2904653266332,5.6873783919598,0.430074966979824,"Mean"
43.375064321608,5.6873783919598,0.440589778761887,"Mean"
43.4596633165829,5.6873783919598,0.442722941520699,"Mean"
43.5442623115578,5.6873783919598,0.450080017561934,"Mean"
43.6288613065327,5.6873783919598,0.451028026993827,"Mean"
43.7134603015075,5.6873783919598,0.448528990422421,"Mean"
43.7980592964824,5.6873783919598,0.450697259976481,"Mean"
43.8826582914573,5.6873783919598,0.456609286668043,"Mean"
43.9672572864322,5.6873783919598,0.458775651283807,"Mean"
44.051856281407,5.6873783919598,0.459515363091137,"Mean"
44.1364552763819,5.6873783919598,0.446491694631328,"Mean"
44.2210542713568,5.6873783919598,0.446775480659178,"Mean"
44.3056532663317,5.6873783919598,0.443549337000218,"Mean"
44.3902522613065,5.6873783919598,0.444955636676652,"Mean"
44.4748512562814,5.6873783919598,0.450071211712482,"Mean"
44.5594502512563,5.6873783919598,0.461112618101769,"Mean"
44.6440492462312,5.6873783919598,0.458687353731103,"Mean"
44.728648241206,5.6873783919598,0.458426660432587,"Mean"
44.8132472361809,5.6873783919598,0.453720954971385,"Mean"
44.8978462311558,5.6873783919598,0.455129235883455,"Mean"
44.9824452261307,5.6873783919598,0.453271907138452,"Mean"
45.0670442211055,5.6873783919598,0.451486770963908,"Mean"
45.1516432160804,5.6873783919598,0.450017810699758,"Mean"
45.2362422110553,5.6873783919598,0.449656812307367,"Mean"
45.3208412060302,5.6873783919598,0.449036203538916,"Mean"
45.405440201005,5.6873783919598,0.448202347423711,"Mean"
45.4900391959799,5.6873783919598,0.447745436531278,"Mean"
45.5746381909548,5.6873783919598,0.44734688739425,"Mean"
35.1689618090452,5.75540502512563,0.92657139266011,"Mean"
35.2535608040201,5.75540502512563,0.892119386765187,"Mean"
35.338159798995,5.75540502512563,0.83928453368948,"Mean"
35.4227587939698,5.75540502512563,0.788860594500085,"Mean"
35.5073577889447,5.75540502512563,0.778222032457936,"Mean"
35.5919567839196,5.75540502512563,0.722440278083298,"Mean"
35.6765557788945,5.75540502512563,0.653391638806494,"Mean"
35.7611547738694,5.75540502512563,0.542237242167024,"Mean"
35.8457537688442,5.75540502512563,0.476451710571524,"Mean"
35.9303527638191,5.75540502512563,0.327067394265933,"Mean"
36.014951758794,5.75540502512563,0.311347731891702,"Mean"
36.0995507537688,5.75540502512563,0.314182153619875,"Mean"
36.1841497487437,5.75540502512563,0.317674036393657,"Mean"
36.2687487437186,5.75540502512563,0.331164183008432,"Mean"
36.3533477386935,5.75540502512563,0.32186194276447,"Mean"
36.4379467336683,5.75540502512563,0.369571229682209,"Mean"
36.5225457286432,5.75540502512563,0.275734329561725,"Mean"
36.6071447236181,5.75540502512563,0.282195225281404,"Mean"
36.691743718593,5.75540502512563,0.293545518068652,"Mean"
36.7763427135678,5.75540502512563,0.314028840575993,"Mean"
36.8609417085427,5.75540502512563,0.298451944363719,"Mean"
36.9455407035176,5.75540502512563,0.342767050448867,"Mean"
37.0301396984925,5.75540502512563,0.335275578696059,"Mean"
37.1147386934673,5.75540502512563,0.362360590700847,"Mean"
37.1993376884422,5.75540502512563,0.328131946049974,"Mean"
37.2839366834171,5.75540502512563,0.282229046749172,"Mean"
37.368535678392,5.75540502512563,0.296184613658108,"Mean"
37.4531346733668,5.75540502512563,0.298062327424806,"Mean"
37.5377336683417,5.75540502512563,0.461758476940198,"Mean"
37.6223326633166,5.75540502512563,0.294474333621689,"Mean"
37.7069316582915,5.75540502512563,0.296387211822734,"Mean"
37.7915306532663,5.75540502512563,0.281612481311943,"Mean"
37.8761296482412,5.75540502512563,0.263533974870621,"Mean"
37.9607286432161,5.75540502512563,0.264808104297656,"Mean"
38.045327638191,5.75540502512563,0.26209950644586,"Mean"
38.1299266331658,5.75540502512563,0.267532366840761,"Mean"
38.2145256281407,5.75540502512563,0.235509299452171,"Mean"
38.2991246231156,5.75540502512563,0.202931425534016,"Mean"
38.3837236180904,5.75540502512563,0.219763691016404,"Mean"
38.4683226130653,5.75540502512563,0.24665176501925,"Mean"
38.5529216080402,5.75540502512563,0.273147976702823,"Mean"
38.6375206030151,5.75540502512563,0.29884546695989,"Mean"
38.72211959799,5.75540502512563,0.327745698976566,"Mean"
38.8067185929648,5.75540502512563,0.350575948414257,"Mean"
38.8913175879397,5.75540502512563,0.374814538396269,"Mean"
38.9759165829146,5.75540502512563,0.379290927722343,"Mean"
39.0605155778894,5.75540502512563,0.393500388740159,"Mean"
39.1451145728643,5.75540502512563,0.435813318973227,"Mean"
39.2297135678392,5.75540502512563,0.457645280629749,"Mean"
39.3143125628141,5.75540502512563,0.46236473397878,"Mean"
39.3989115577889,5.75540502512563,0.510967609626076,"Mean"
39.4835105527638,5.75540502512563,0.553203842183747,"Mean"
39.5681095477387,5.75540502512563,0.573278835372354,"Mean"
39.6527085427136,5.75540502512563,0.647684703091612,"Mean"
39.7373075376884,5.75540502512563,0.61944062051034,"Mean"
39.8219065326633,5.75540502512563,0.634506796141731,"Mean"
39.9065055276382,5.75540502512563,0.657899054119659,"Mean"
39.9911045226131,5.75540502512563,0.675749828892057,"Mean"
40.0757035175879,5.75540502512563,0.694536064628207,"Mean"
40.1603025125628,5.75540502512563,0.722799039621722,"Mean"
40.2449015075377,5.75540502512563,0.734983655519395,"Mean"
40.3295005025126,5.75540502512563,0.75385073913389,"Mean"
40.4140994974874,5.75540502512563,0.738473275475614,"Mean"
40.4986984924623,5.75540502512563,0.714986879772227,"Mean"
40.5832974874372,5.75540502512563,0.69354604000531,"Mean"
40.6678964824121,5.75540502512563,0.663416783765902,"Mean"
40.7524954773869,5.75540502512563,0.64034190228664,"Mean"
40.8370944723618,5.75540502512563,0.612766850374058,"Mean"
40.9216934673367,5.75540502512563,0.58441545831844,"Mean"
41.0062924623116,5.75540502512563,0.560273533130064,"Mean"
41.0908914572864,5.75540502512563,0.538256649652566,"Mean"
41.1754904522613,5.75540502512563,0.516899007351895,"Mean"
41.2600894472362,5.75540502512563,0.500861502707616,"Mean"
41.344688442211,5.75540502512563,0.494209181311966,"Mean"
41.4292874371859,5.75540502512563,0.476982315527995,"Mean"
41.5138864321608,5.75540502512563,0.463506282427537,"Mean"
41.5984854271357,5.75540502512563,0.449065369976174,"Mean"
41.6830844221106,5.75540502512563,0.427781658414966,"Mean"
41.7676834170854,5.75540502512563,0.416978041839408,"Mean"
41.8522824120603,5.75540502512563,0.413593476096462,"Mean"
41.9368814070352,5.75540502512563,0.399711749974197,"Mean"
42.02148040201,5.75540502512563,0.389731399221817,"Mean"
42.1060793969849,5.75540502512563,0.38063844410594,"Mean"
42.1906783919598,5.75540502512563,0.385978570986842,"Mean"
42.2752773869347,5.75540502512563,0.389151454024647,"Mean"
42.3598763819095,5.75540502512563,0.392298658510012,"Mean"
42.4444753768844,5.75540502512563,0.392552866753571,"Mean"
42.5290743718593,5.75540502512563,0.396794057076211,"Mean"
42.6136733668342,5.75540502512563,0.405992480407562,"Mean"
42.698272361809,5.75540502512563,0.42271562199705,"Mean"
42.7828713567839,5.75540502512563,0.405345379778231,"Mean"
42.8674703517588,5.75540502512563,0.410580541876889,"Mean"
42.9520693467337,5.75540502512563,0.421388624058297,"Mean"
43.0366683417085,5.75540502512563,0.430413255674741,"Mean"
43.1212673366834,5.75540502512563,0.41770389672033,"Mean"
43.2058663316583,5.75540502512563,0.420350993338098,"Mean"
43.2904653266332,5.75540502512563,0.434647668261437,"Mean"
43.375064321608,5.75540502512563,0.445646481718406,"Mean"
43.4596633165829,5.75540502512563,0.43868321906728,"Mean"
43.5442623115578,5.75540502512563,0.449754224240226,"Mean"
43.6288613065327,5.75540502512563,0.443822762899024,"Mean"
43.7134603015075,5.75540502512563,0.436846226258367,"Mean"
43.7980592964824,5.75540502512563,0.455570869425312,"Mean"
43.8826582914573,5.75540502512563,0.457317529903991,"Mean"
43.9672572864322,5.75540502512563,0.458085366245118,"Mean"
44.051856281407,5.75540502512563,0.455964843556199,"Mean"
44.1364552763819,5.75540502512563,0.440049159552787,"Mean"
44.2210542713568,5.75540502512563,0.448314924326063,"Mean"
44.3056532663317,5.75540502512563,0.46259638084872,"Mean"
44.3902522613065,5.75540502512563,0.443606296952927,"Mean"
44.4748512562814,5.75540502512563,0.44594044780169,"Mean"
44.5594502512563,5.75540502512563,0.466643251447613,"Mean"
44.6440492462312,5.75540502512563,0.457077464352013,"Mean"
44.728648241206,5.75540502512563,0.451872322619907,"Mean"
44.8132472361809,5.75540502512563,0.469058836965342,"Mean"
44.8978462311558,5.75540502512563,0.466037060028609,"Mean"
44.9824452261307,5.75540502512563,0.451168620376276,"Mean"
45.0670442211055,5.75540502512563,0.452492772162257,"Mean"
45.1516432160804,5.75540502512563,0.448940298440847,"Mean"
45.2362422110553,5.75540502512563,0.448695467644381,"Mean"
45.3208412060302,5.75540502512563,0.447963015491342,"Mean"
45.405440201005,5.75540502512563,0.446873682541371,"Mean"
45.4900391959799,5.75540502512563,0.448134385769305,"Mean"
45.5746381909548,5.75540502512563,0.451867646936012,"Mean"
45.6592371859296,5.75540502512563,0.448950489817145,"Mean"
35.1689618090452,5.82343165829146,0.908299158132584,"Mean"
35.2535608040201,5.82343165829146,0.877617330694625,"Mean"
35.338159798995,5.82343165829146,0.812427939521293,"Mean"
35.4227587939698,5.82343165829146,0.77408329653885,"Mean"
35.5073577889447,5.82343165829146,0.748259190304425,"Mean"
35.5919567839196,5.82343165829146,0.680877146822904,"Mean"
35.6765557788945,5.82343165829146,0.604398740818587,"Mean"
35.7611547738694,5.82343165829146,0.500199919961693,"Mean"
35.8457537688442,5.82343165829146,0.450703195139542,"Mean"
35.9303527638191,5.82343165829146,0.305371713625099,"Mean"
36.014951758794,5.82343165829146,0.317517683465822,"Mean"
36.0995507537688,5.82343165829146,0.314895602555573,"Mean"
36.1841497487437,5.82343165829146,0.362112109940435,"Mean"
36.2687487437186,5.82343165829146,0.332257622998753,"Mean"
36.3533477386935,5.82343165829146,0.331835896582176,"Mean"
36.4379467336683,5.82343165829146,0.327488559697375,"Mean"
36.5225457286432,5.82343165829146,0.288018034440817,"Mean"
36.6071447236181,5.82343165829146,0.271665335329179,"Mean"
36.691743718593,5.82343165829146,0.289213746468352,"Mean"
36.7763427135678,5.82343165829146,0.324879189553592,"Mean"
36.8609417085427,5.82343165829146,0.306074445094305,"Mean"
36.9455407035176,5.82343165829146,0.332292764252339,"Mean"
37.0301396984925,5.82343165829146,0.347203550304289,"Mean"
37.1147386934673,5.82343165829146,0.336750043510666,"Mean"
37.1993376884422,5.82343165829146,0.319666559683644,"Mean"
37.2839366834171,5.82343165829146,0.29444814642707,"Mean"
37.368535678392,5.82343165829146,0.29380838906357,"Mean"
37.4531346733668,5.82343165829146,0.309438838585284,"Mean"
37.5377336683417,5.82343165829146,0.464928826393018,"Mean"
37.6223326633166,5.82343165829146,0.442661448721454,"Mean"
37.7069316582915,5.82343165829146,0.280917810731226,"Mean"
37.7915306532663,5.82343165829146,0.31601016086874,"Mean"
37.8761296482412,5.82343165829146,0.270207509807987,"Mean"
37.9607286432161,5.82343165829146,0.263695730462292,"Mean"
38.045327638191,5.82343165829146,0.269968724819436,"Mean"
38.1299266331658,5.82343165829146,0.263716237732652,"Mean"
38.2145256281407,5.82343165829146,0.232646705374187,"Mean"
38.2991246231156,5.82343165829146,0.22201322921689,"Mean"
38.3837236180904,5.82343165829146,0.225991697037116,"Mean"
38.4683226130653,5.82343165829146,0.232894962847224,"Mean"
38.5529216080402,5.82343165829146,0.237520647549405,"Mean"
38.6375206030151,5.82343165829146,0.253013125374712,"Mean"
38.72211959799,5.82343165829146,0.278642316602105,"Mean"
38.8067185929648,5.82343165829146,0.30529194128741,"Mean"
38.8913175879397,5.82343165829146,0.320933875490504,"Mean"
38.9759165829146,5.82343165829146,0.325568161121749,"Mean"
39.0605155778894,5.82343165829146,0.348021503233338,"Mean"
39.1451145728643,5.82343165829146,0.386522032123431,"Mean"
39.2297135678392,5.82343165829146,0.406278423915603,"Mean"
39.3143125628141,5.82343165829146,0.402295167983117,"Mean"
39.3989115577889,5.82343165829146,0.462081818170883,"Mean"
39.4835105527638,5.82343165829146,0.50221072639713,"Mean"
39.5681095477387,5.82343165829146,0.52531515589677,"Mean"
39.6527085427136,5.82343165829146,0.555538529420508,"Mean"
39.7373075376884,5.82343165829146,0.566156911095101,"Mean"
39.8219065326633,5.82343165829146,0.580812148386439,"Mean"
39.9065055276382,5.82343165829146,0.618721968074329,"Mean"
39.9911045226131,5.82343165829146,0.620316092479404,"Mean"
40.0757035175879,5.82343165829146,0.646446933446857,"Mean"
40.1603025125628,5.82343165829146,0.671043790372933,"Mean"
40.2449015075377,5.82343165829146,0.692269591617826,"Mean"
40.3295005025126,5.82343165829146,0.710899107335756,"Mean"
40.4140994974874,5.82343165829146,0.70956777550267,"Mean"
40.4986984924623,5.82343165829146,0.683921920335336,"Mean"
40.5832974874372,5.82343165829146,0.658736551002511,"Mean"
40.6678964824121,5.82343165829146,0.637202593269988,"Mean"
40.7524954773869,5.82343165829146,0.606242909413124,"Mean"
40.8370944723618,5.82343165829146,0.577630268902932,"Mean"
40.9216934673367,5.82343165829146,0.552291179360996,"Mean"
41.0062924623116,5.82343165829146,0.529185425933118,"Mean"
41.0908914572864,5.82343165829146,0.507091075586112,"Mean"
41.1754904522613,5.82343165829146,0.487889681434988,"Mean"
41.2600894472362,5.82343165829146,0.476182605456816,"Mean"
41.344688442211,5.82343165829146,0.46957623524458,"Mean"
41.4292874371859,5.82343165829146,0.453186460434818,"Mean"
41.5138864321608,5.82343165829146,0.43938129066312,"Mean"
41.5984854271357,5.82343165829146,0.41618117536344,"Mean"
41.6830844221106,5.82343165829146,0.403158014389699,"Mean"
41.7676834170854,5.82343165829146,0.392927759474135,"Mean"
41.8522824120603,5.82343165829146,0.392710781748157,"Mean"
41.9368814070352,5.82343165829146,0.394967557307927,"Mean"
42.02148040201,5.82343165829146,0.370177987096757,"Mean"
42.1060793969849,5.82343165829146,0.376331401490652,"Mean"
42.1906783919598,5.82343165829146,0.383575921079521,"Mean"
42.2752773869347,5.82343165829146,0.382487742450808,"Mean"
42.3598763819095,5.82343165829146,0.386744561667089,"Mean"
42.4444753768844,5.82343165829146,0.389975837643468,"Mean"
42.5290743718593,5.82343165829146,0.392227651910769,"Mean"
42.6136733668342,5.82343165829146,0.397710346525504,"Mean"
42.698272361809,5.82343165829146,0.415807781229608,"Mean"
42.7828713567839,5.82343165829146,0.418433001084068,"Mean"
42.8674703517588,5.82343165829146,0.426312496721917,"Mean"
42.9520693467337,5.82343165829146,0.412235430068502,"Mean"
43.0366683417085,5.82343165829146,0.4254753991148,"Mean"
43.1212673366834,5.82343165829146,0.416627344317461,"Mean"
43.2058663316583,5.82343165829146,0.423138207160549,"Mean"
43.2904653266332,5.82343165829146,0.432667470427205,"Mean"
43.375064321608,5.82343165829146,0.423392327663791,"Mean"
43.4596633165829,5.82343165829146,0.434398220786272,"Mean"
43.5442623115578,5.82343165829146,0.440857508725886,"Mean"
43.6288613065327,5.82343165829146,0.451633585581493,"Mean"
43.7134603015075,5.82343165829146,0.450131609748713,"Mean"
43.7980592964824,5.82343165829146,0.451048623911696,"Mean"
43.8826582914573,5.82343165829146,0.43201119487099,"Mean"
43.9672572864322,5.82343165829146,0.433963333920125,"Mean"
44.051856281407,5.82343165829146,0.442026869427916,"Mean"
44.1364552763819,5.82343165829146,0.448090249982111,"Mean"
44.2210542713568,5.82343165829146,0.45082257038084,"Mean"
44.3056532663317,5.82343165829146,0.442558894201794,"Mean"
44.3902522613065,5.82343165829146,0.457962453569034,"Mean"
44.4748512562814,5.82343165829146,0.443840815390533,"Mean"
44.5594502512563,5.82343165829146,0.451928938626428,"Mean"
44.6440492462312,5.82343165829146,0.456698917182575,"Mean"
44.728648241206,5.82343165829146,0.451474501892597,"Mean"
44.8132472361809,5.82343165829146,0.453434169416907,"Mean"
44.8978462311558,5.82343165829146,0.453563741597703,"Mean"
44.9824452261307,5.82343165829146,0.45182065458195,"Mean"
45.0670442211055,5.82343165829146,0.447535526877277,"Mean"
45.1516432160804,5.82343165829146,0.447061571801257,"Mean"
45.2362422110553,5.82343165829146,0.446641968143811,"Mean"
45.3208412060302,5.82343165829146,0.445622713509081,"Mean"
45.405440201005,5.82343165829146,0.445058392038967,"Mean"
45.4900391959799,5.82343165829146,0.444558023500367,"Mean"
45.5746381909548,5.82343165829146,0.447055614847338,"Mean"
45.6592371859296,5.82343165829146,0.445582950194477,"Mean"
35.1689618090452,5.89145829145729,0.893258306755781,"Mean"
35.2535608040201,5.89145829145729,0.854102963976474,"Mean"
35.338159798995,5.89145829145729,0.797489778619338,"Mean"
35.4227587939698,5.89145829145729,0.753812466162866,"Mean"
35.5073577889447,5.89145829145729,0.667860300730341,"Mean"
35.5919567839196,5.89145829145729,0.638206423322928,"Mean"
35.6765557788945,5.89145829145729,0.530065459775375,"Mean"
35.7611547738694,5.89145829145729,0.481736671087517,"Mean"
35.8457537688442,5.89145829145729,0.329268743150904,"Mean"
35.9303527638191,5.89145829145729,0.299945704771046,"Mean"
36.014951758794,5.89145829145729,0.327763605226174,"Mean"
36.0995507537688,5.89145829145729,0.306897168787673,"Mean"
36.1841497487437,5.89145829145729,0.348101218693122,"Mean"
36.2687487437186,5.89145829145729,0.379917272221685,"Mean"
36.3533477386935,5.89145829145729,0.341312476596344,"Mean"
36.4379467336683,5.89145829145729,0.32475178684422,"Mean"
36.5225457286432,5.89145829145729,0.293186197952974,"Mean"
36.6071447236181,5.89145829145729,0.292076549185922,"Mean"
36.691743718593,5.89145829145729,0.313102183779126,"Mean"
36.7763427135678,5.89145829145729,0.32418547572829,"Mean"
36.8609417085427,5.89145829145729,0.330930450677742,"Mean"
36.9455407035176,5.89145829145729,0.341481597164558,"Mean"
37.0301396984925,5.89145829145729,0.351215223361004,"Mean"
37.1147386934673,5.89145829145729,0.300129903255892,"Mean"
37.1993376884422,5.89145829145729,0.28843166207825,"Mean"
37.2839366834171,5.89145829145729,0.281938958444917,"Mean"
37.368535678392,5.89145829145729,0.283826858332314,"Mean"
37.4531346733668,5.89145829145729,0.285824229985089,"Mean"
37.5377336683417,5.89145829145729,0.468102064173608,"Mean"
37.6223326633166,5.89145829145729,0.462375197523473,"Mean"
37.7069316582915,5.89145829145729,0.311380677046341,"Mean"
37.7915306532663,5.89145829145729,0.30250740442494,"Mean"
37.8761296482412,5.89145829145729,0.293075020029199,"Mean"
37.9607286432161,5.89145829145729,0.273885791476925,"Mean"
38.045327638191,5.89145829145729,0.268940151110135,"Mean"
38.1299266331658,5.89145829145729,0.261083399967064,"Mean"
38.2145256281407,5.89145829145729,0.233946612625453,"Mean"
38.2991246231156,5.89145829145729,0.229178826203081,"Mean"
38.3837236180904,5.89145829145729,0.234826497157937,"Mean"
38.4683226130653,5.89145829145729,0.231497198422268,"Mean"
38.5529216080402,5.89145829145729,0.22917935858175,"Mean"
38.6375206030151,5.89145829145729,0.235438477284237,"Mean"
38.72211959799,5.89145829145729,0.247136195198097,"Mean"
38.8067185929648,5.89145829145729,0.251713863899049,"Mean"
38.8913175879397,5.89145829145729,0.257352179316925,"Mean"
38.9759165829146,5.89145829145729,0.252636906362036,"Mean"
39.0605155778894,5.89145829145729,0.274571727022097,"Mean"
39.1451145728643,5.89145829145729,0.322762703943143,"Mean"
39.2297135678392,5.89145829145729,0.344626951262546,"Mean"
39.3143125628141,5.89145829145729,0.367562333932994,"Mean"
39.3989115577889,5.89145829145729,0.411024291917327,"Mean"
39.4835105527638,5.89145829145729,0.447092509609477,"Mean"
39.5681095477387,5.89145829145729,0.462430604322354,"Mean"
39.6527085427136,5.89145829145729,0.479904493672576,"Mean"
39.7373075376884,5.89145829145729,0.510152321839352,"Mean"
39.8219065326633,5.89145829145729,0.521503705652937,"Mean"
39.9065055276382,5.89145829145729,0.544831444485325,"Mean"
39.9911045226131,5.89145829145729,0.571843852355696,"Mean"
40.0757035175879,5.89145829145729,0.597090461091376,"Mean"
40.1603025125628,5.89145829145729,0.623395541756741,"Mean"
40.2449015075377,5.89145829145729,0.64452140031921,"Mean"
40.3295005025126,5.89145829145729,0.666109858599177,"Mean"
40.4140994974874,5.89145829145729,0.680939326394665,"Mean"
40.4986984924623,5.89145829145729,0.650186233523641,"Mean"
40.5832974874372,5.89145829145729,0.634290262517223,"Mean"
40.6678964824121,5.89145829145729,0.60110339286645,"Mean"
40.7524954773869,5.89145829145729,0.570325966403225,"Mean"
40.8370944723618,5.89145829145729,0.543952778726089,"Mean"
40.9216934673367,5.89145829145729,0.51932373053683,"Mean"
41.0062924623116,5.89145829145729,0.501515177454378,"Mean"
41.0908914572864,5.89145829145729,0.487090931460878,"Mean"
41.1754904522613,5.89145829145729,0.473333121198033,"Mean"
41.2600894472362,5.89145829145729,0.448768528109503,"Mean"
41.344688442211,5.89145829145729,0.43172203915572,"Mean"
41.4292874371859,5.89145829145729,0.423640377861094,"Mean"
41.5138864321608,5.89145829145729,0.412013778390627,"Mean"
41.5984854271357,5.89145829145729,0.389060586132227,"Mean"
41.6830844221106,5.89145829145729,0.380717617434642,"Mean"
41.7676834170854,5.89145829145729,0.374579905115365,"Mean"
41.8522824120603,5.89145829145729,0.369646019866649,"Mean"
41.9368814070352,5.89145829145729,0.359190848141741,"Mean"
42.02148040201,5.89145829145729,0.374578180090337,"Mean"
42.1060793969849,5.89145829145729,0.377156901103759,"Mean"
42.1906783919598,5.89145829145729,0.38201014585814,"Mean"
42.2752773869347,5.89145829145729,0.385827225196296,"Mean"
42.3598763819095,5.89145829145729,0.384684761748469,"Mean"
42.4444753768844,5.89145829145729,0.38667295630743,"Mean"
42.5290743718593,5.89145829145729,0.389821719082694,"Mean"
42.6136733668342,5.89145829145729,0.391994199001996,"Mean"
42.698272361809,5.89145829145729,0.401188911085408,"Mean"
42.7828713567839,5.89145829145729,0.401607130674672,"Mean"
42.8674703517588,5.89145829145729,0.410226217312159,"Mean"
42.9520693467337,5.89145829145729,0.420272880267241,"Mean"
43.0366683417085,5.89145829145729,0.423302525114689,"Mean"
43.1212673366834,5.89145829145729,0.423544158425463,"Mean"
43.2058663316583,5.89145829145729,0.42284245842176,"Mean"
43.2904653266332,5.89145829145729,0.434718223207452,"Mean"
43.375064321608,5.89145829145729,0.445177746071428,"Mean"
43.4596633165829,5.89145829145729,0.446498928040306,"Mean"
43.5442623115578,5.89145829145729,0.447389864882478,"Mean"
43.6288613065327,5.89145829145729,0.447253694738019,"Mean"
43.7134603015075,5.89145829145729,0.450618134647036,"Mean"
43.7980592964824,5.89145829145729,0.442864096506575,"Mean"
43.8826582914573,5.89145829145729,0.430843361536193,"Mean"
43.9672572864322,5.89145829145729,0.442348271189803,"Mean"
44.051856281407,5.89145829145729,0.435656687573958,"Mean"
44.1364552763819,5.89145829145729,0.436254329222614,"Mean"
44.2210542713568,5.89145829145729,0.440722179999561,"Mean"
44.3056532663317,5.89145829145729,0.459494756547714,"Mean"
44.3902522613065,5.89145829145729,0.442569897010584,"Mean"
44.4748512562814,5.89145829145729,0.444104527383067,"Mean"
44.5594502512563,5.89145829145729,0.444576392791144,"Mean"
44.6440492462312,5.89145829145729,0.448130588038013,"Mean"
44.728648241206,5.89145829145729,0.451314770563812,"Mean"
44.8132472361809,5.89145829145729,0.448343611997805,"Mean"
44.8978462311558,5.89145829145729,0.453930295915606,"Mean"
44.9824452261307,5.89145829145729,0.447225610539351,"Mean"
45.0670442211055,5.89145829145729,0.446244638037926,"Mean"
45.1516432160804,5.89145829145729,0.448514427576474,"Mean"
45.2362422110553,5.89145829145729,0.444644306403307,"Mean"
45.3208412060302,5.89145829145729,0.443920640491878,"Mean"
45.405440201005,5.89145829145729,0.446766746257298,"Mean"
45.4900391959799,5.89145829145729,0.44677779480891,"Mean"
45.5746381909548,5.89145829145729,0.445254961427875,"Mean"
45.6592371859296,5.89145829145729,0.442207650260401,"Mean"
45.7438361809045,5.89145829145729,0.44651474978301,"Mean"
35.0843628140704,5.95948492462312,0.899702582599615,"Mean"
35.1689618090452,5.95948492462312,0.870196706028379,"Mean"
35.2535608040201,5.95948492462312,0.837305735752838,"Mean"
35.338159798995,5.95948492462312,0.790632352867951,"Mean"
35.4227587939698,5.95948492462312,0.708382096138131,"Mean"
35.5073577889447,5.95948492462312,0.601396968106066,"Mean"
35.5919567839196,5.95948492462312,0.52530173775476,"Mean"
35.6765557788945,5.95948492462312,0.459218166623335,"Mean"
35.7611547738694,5.95948492462312,0.383174737882385,"Mean"
35.8457537688442,5.95948492462312,0.383729230721852,"Mean"
35.9303527638191,5.95948492462312,0.381531973971534,"Mean"
36.014951758794,5.95948492462312,0.325688033290761,"Mean"
36.0995507537688,5.95948492462312,0.386377521221683,"Mean"
36.1841497487437,5.95948492462312,0.39246583373579,"Mean"
36.2687487437186,5.95948492462312,0.387665908977689,"Mean"
36.3533477386935,5.95948492462312,0.368730877664561,"Mean"
36.4379467336683,5.95948492462312,0.33066101659511,"Mean"
36.5225457286432,5.95948492462312,0.29720071487512,"Mean"
36.6071447236181,5.95948492462312,0.29488820900087,"Mean"
36.691743718593,5.95948492462312,0.303745427451316,"Mean"
36.7763427135678,5.95948492462312,0.316503880899464,"Mean"
36.8609417085427,5.95948492462312,0.335397206033882,"Mean"
36.9455407035176,5.95948492462312,0.34845089186762,"Mean"
37.0301396984925,5.95948492462312,0.335657266817273,"Mean"
37.1147386934673,5.95948492462312,0.295498475080928,"Mean"
37.1993376884422,5.95948492462312,0.268596145501101,"Mean"
37.2839366834171,5.95948492462312,0.240045403766691,"Mean"
37.368535678392,5.95948492462312,0.257122081450283,"Mean"
37.4531346733668,5.95948492462312,0.285952374653179,"Mean"
37.5377336683417,5.95948492462312,0.295648500429887,"Mean"
37.6223326633166,5.95948492462312,0.296408540080729,"Mean"
37.7069316582915,5.95948492462312,0.299564535726703,"Mean"
37.7915306532663,5.95948492462312,0.301004417729711,"Mean"
37.8761296482412,5.95948492462312,0.300994540769529,"Mean"
37.9607286432161,5.95948492462312,0.286482065382628,"Mean"
38.045327638191,5.95948492462312,0.274518038136157,"Mean"
38.1299266331658,5.95948492462312,0.272575769490636,"Mean"
38.2145256281407,5.95948492462312,0.247063597364652,"Mean"
38.2991246231156,5.95948492462312,0.238531357883329,"Mean"
38.3837236180904,5.95948492462312,0.228142316456682,"Mean"
38.4683226130653,5.95948492462312,0.220397071929108,"Mean"
38.5529216080402,5.95948492462312,0.2328890664191,"Mean"
38.6375206030151,5.95948492462312,0.223501855837095,"Mean"
38.72211959799,5.95948492462312,0.232075131166024,"Mean"
38.8067185929648,5.95948492462312,0.242500192270712,"Mean"
38.8913175879397,5.95948492462312,0.231163325544392,"Mean"
38.9759165829146,5.95948492462312,0.23286864035404,"Mean"
39.0605155778894,5.95948492462312,0.24875481955137,"Mean"
39.1451145728643,5.95948492462312,0.280165910039835,"Mean"
39.2297135678392,5.95948492462312,0.30783934052807,"Mean"
39.3143125628141,5.95948492462312,0.340005494613999,"Mean"
39.3989115577889,5.95948492462312,0.354681234603603,"Mean"
39.4835105527638,5.95948492462312,0.405303192663235,"Mean"
39.5681095477387,5.95948492462312,0.399285060780744,"Mean"
39.6527085427136,5.95948492462312,0.418380138411848,"Mean"
39.7373075376884,5.95948492462312,0.445293509948828,"Mean"
39.8219065326633,5.95948492462312,0.472113501762694,"Mean"
39.9065055276382,5.95948492462312,0.515089237528837,"Mean"
39.9911045226131,5.95948492462312,0.519589870562319,"Mean"
40.0757035175879,5.95948492462312,0.577479573041308,"Mean"
40.1603025125628,5.95948492462312,0.574279608082231,"Mean"
40.2449015075377,5.95948492462312,0.592666924147925,"Mean"
40.3295005025126,5.95948492462312,0.616731257448439,"Mean"
40.4140994974874,5.95948492462312,0.637854752321339,"Mean"
40.4986984924623,5.95948492462312,0.613958951571775,"Mean"
40.5832974874372,5.95948492462312,0.592114714225682,"Mean"
40.6678964824121,5.95948492462312,0.562288285303537,"Mean"
40.7524954773869,5.95948492462312,0.53712774400883,"Mean"
40.8370944723618,5.95948492462312,0.508920144361823,"Mean"
40.9216934673367,5.95948492462312,0.485802268384386,"Mean"
41.0062924623116,5.95948492462312,0.467619249380658,"Mean"
41.0908914572864,5.95948492462312,0.451663871683336,"Mean"
41.1754904522613,5.95948492462312,0.436571021319744,"Mean"
41.2600894472362,5.95948492462312,0.422370695716506,"Mean"
41.344688442211,5.95948492462312,0.413861586328538,"Mean"
41.4292874371859,5.95948492462312,0.399804453412076,"Mean"
41.5138864321608,5.95948492462312,0.382064742997754,"Mean"
41.5984854271357,5.95948492462312,0.3707040673555,"Mean"
41.6830844221106,5.95948492462312,0.366962999357323,"Mean"
41.7676834170854,5.95948492462312,0.352398933865075,"Mean"
41.8522824120603,5.95948492462312,0.377623761648199,"Mean"
41.9368814070352,5.95948492462312,0.356965389063795,"Mean"
42.02148040201,5.95948492462312,0.366911333430427,"Mean"
42.1060793969849,5.95948492462312,0.368042074958539,"Mean"
42.1906783919598,5.95948492462312,0.377530860645571,"Mean"
42.2752773869347,5.95948492462312,0.376369771773052,"Mean"
42.3598763819095,5.95948492462312,0.383149357549441,"Mean"
42.4444753768844,5.95948492462312,0.381671958223195,"Mean"
42.5290743718593,5.95948492462312,0.38825715693226,"Mean"
42.6136733668342,5.95948492462312,0.394458502792706,"Mean"
42.698272361809,5.95948492462312,0.403061982122834,"Mean"
42.7828713567839,5.95948492462312,0.41144279050307,"Mean"
42.8674703517588,5.95948492462312,0.426367950971581,"Mean"
42.9520693467337,5.95948492462312,0.431474678348727,"Mean"
43.0366683417085,5.95948492462312,0.42790497982348,"Mean"
43.1212673366834,5.95948492462312,0.425756134203368,"Mean"
43.2058663316583,5.95948492462312,0.419480304175953,"Mean"
43.2904653266332,5.95948492462312,0.44111215885108,"Mean"
43.375064321608,5.95948492462312,0.439746404238334,"Mean"
43.4596633165829,5.95948492462312,0.443103388724891,"Mean"
43.5442623115578,5.95948492462312,0.436256924565247,"Mean"
43.6288613065327,5.95948492462312,0.447375921479745,"Mean"
43.7134603015075,5.95948492462312,0.446413641465887,"Mean"
43.7980592964824,5.95948492462312,0.428038594333699,"Mean"
43.8826582914573,5.95948492462312,0.429226998030413,"Mean"
43.9672572864322,5.95948492462312,0.443092452234297,"Mean"
44.051856281407,5.95948492462312,0.43377310546009,"Mean"
44.1364552763819,5.95948492462312,0.43473942055502,"Mean"
44.2210542713568,5.95948492462312,0.443745379359111,"Mean"
44.3056532663317,5.95948492462312,0.449207104118948,"Mean"
44.3902522613065,5.95948492462312,0.444594675019315,"Mean"
44.4748512562814,5.95948492462312,0.451919944846206,"Mean"
44.5594502512563,5.95948492462312,0.445828895467822,"Mean"
44.6440492462312,5.95948492462312,0.447756412842523,"Mean"
44.728648241206,5.95948492462312,0.445667096989024,"Mean"
44.8132472361809,5.95948492462312,0.446599228983966,"Mean"
44.8978462311558,5.95948492462312,0.445952040101597,"Mean"
44.9824452261307,5.95948492462312,0.444930140499324,"Mean"
45.0670442211055,5.95948492462312,0.445010944192805,"Mean"
45.1516432160804,5.95948492462312,0.443711023524896,"Mean"
45.2362422110553,5.95948492462312,0.442855769974154,"Mean"
45.3208412060302,5.95948492462312,0.454437189102102,"Mean"
45.405440201005,5.95948492462312,0.442325990625826,"Mean"
45.4900391959799,5.95948492462312,0.446915062527776,"Mean"
45.5746381909548,5.95948492462312,0.448738021354584,"Mean"
45.6592371859296,5.95948492462312,0.445227771289585,"Mean"
45.7438361809045,5.95948492462312,0.440254203566358,"Mean"
45.8284351758794,5.95948492462312,0.445953624571072,"Mean"
35.0843628140704,6.02751155778894,0.878986306564308,"Mean"
35.1689618090452,6.02751155778894,0.830084859828133,"Mean"
35.2535608040201,6.02751155778894,0.792375227450229,"Mean"
35.338159798995,6.02751155778894,0.710316327401047,"Mean"
35.4227587939698,6.02751155778894,0.633330573334775,"Mean"
35.5073577889447,6.02751155778894,0.542075428625347,"Mean"
35.5919567839196,6.02751155778894,0.475894102410631,"Mean"
35.6765557788945,6.02751155778894,0.414078240177396,"Mean"
35.7611547738694,6.02751155778894,0.383370100715731,"Mean"
35.8457537688442,6.02751155778894,0.383393890136466,"Mean"
35.9303527638191,6.02751155778894,0.382313891743735,"Mean"
36.014951758794,6.02751155778894,0.320341706707386,"Mean"
36.0995507537688,6.02751155778894,0.330859059279753,"Mean"
36.1841497487437,6.02751155778894,0.393735300359008,"Mean"
36.2687487437186,6.02751155778894,0.331227253325825,"Mean"
36.3533477386935,6.02751155778894,0.334772811127608,"Mean"
36.4379467336683,6.02751155778894,0.35254514783234,"Mean"
36.5225457286432,6.02751155778894,0.324161439904418,"Mean"
36.6071447236181,6.02751155778894,0.327869916191327,"Mean"
36.691743718593,6.02751155778894,0.318620743740394,"Mean"
36.7763427135678,6.02751155778894,0.300569663484436,"Mean"
36.8609417085427,6.02751155778894,0.321662579281405,"Mean"
36.9455407035176,6.02751155778894,0.344535267948487,"Mean"
37.0301396984925,6.02751155778894,0.349402593206177,"Mean"
37.1147386934673,6.02751155778894,0.285888522290035,"Mean"
37.1993376884422,6.02751155778894,0.247212894797482,"Mean"
37.2839366834171,6.02751155778894,0.249944425616353,"Mean"
37.368535678392,6.02751155778894,0.255564302927245,"Mean"
37.4531346733668,6.02751155778894,0.275847914011736,"Mean"
37.5377336683417,6.02751155778894,0.310837462524568,"Mean"
37.6223326633166,6.02751155778894,0.468720026613137,"Mean"
37.7069316582915,6.02751155778894,0.375219868075164,"Mean"
37.7915306532663,6.02751155778894,0.303596092559572,"Mean"
37.8761296482412,6.02751155778894,0.294184350554098,"Mean"
37.9607286432161,6.02751155778894,0.303390548935984,"Mean"
38.045327638191,6.02751155778894,0.289439884282883,"Mean"
38.1299266331658,6.02751155778894,0.26440472488855,"Mean"
38.2145256281407,6.02751155778894,0.245899881273254,"Mean"
38.2991246231156,6.02751155778894,0.229993287407773,"Mean"
38.3837236180904,6.02751155778894,0.220711140124617,"Mean"
38.4683226130653,6.02751155778894,0.23061580446893,"Mean"
38.5529216080402,6.02751155778894,0.230109973147404,"Mean"
38.6375206030151,6.02751155778894,0.221677627131218,"Mean"
38.72211959799,6.02751155778894,0.234472688860654,"Mean"
38.8067185929648,6.02751155778894,0.221072090271491,"Mean"
38.8913175879397,6.02751155778894,0.23345885889965,"Mean"
38.9759165829146,6.02751155778894,0.221756017378357,"Mean"
39.0605155778894,6.02751155778894,0.212989748200583,"Mean"
39.1451145728643,6.02751155778894,0.241082110770863,"Mean"
39.2297135678392,6.02751155778894,0.268032855716699,"Mean"
39.3143125628141,6.02751155778894,0.285389019950776,"Mean"
39.3989115577889,6.02751155778894,0.314999755490202,"Mean"
39.4835105527638,6.02751155778894,0.352960352331567,"Mean"
39.5681095477387,6.02751155778894,0.355780348969307,"Mean"
39.6527085427136,6.02751155778894,0.38302881260332,"Mean"
39.7373075376884,6.02751155778894,0.397413848907823,"Mean"
39.8219065326633,6.02751155778894,0.422305595375965,"Mean"
39.9065055276382,6.02751155778894,0.439943234520877,"Mean"
39.9911045226131,6.02751155778894,0.463272242662418,"Mean"
40.0757035175879,6.02751155778894,0.547830515346246,"Mean"
40.1603025125628,6.02751155778894,0.525757175608308,"Mean"
40.2449015075377,6.02751155778894,0.537242804034171,"Mean"
40.3295005025126,6.02751155778894,0.565524330098733,"Mean"
40.4140994974874,6.02751155778894,0.58750070295832,"Mean"
40.4986984924623,6.02751155778894,0.57549709914372,"Mean"
40.5832974874372,6.02751155778894,0.550287453731166,"Mean"
40.6678964824121,6.02751155778894,0.521737514183146,"Mean"
40.7524954773869,6.02751155778894,0.496702859963238,"Mean"
40.8370944723618,6.02751155778894,0.472248174042177,"Mean"
40.9216934673367,6.02751155778894,0.453122830990895,"Mean"
41.0062924623116,6.02751155778894,0.432444218850393,"Mean"
41.0908914572864,6.02751155778894,0.41246755862979,"Mean"
41.1754904522613,6.02751155778894,0.403372660756815,"Mean"
41.2600894472362,6.02751155778894,0.387286312263821,"Mean"
41.344688442211,6.02751155778894,0.3832242322617,"Mean"
41.4292874371859,6.02751155778894,0.36193211371539,"Mean"
41.5138864321608,6.02751155778894,0.352725776547412,"Mean"
41.5984854271357,6.02751155778894,0.341147450708615,"Mean"
41.6830844221106,6.02751155778894,0.34112397974083,"Mean"
41.7676834170854,6.02751155778894,0.348783951744713,"Mean"
41.8522824120603,6.02751155778894,0.343684127593628,"Mean"
41.9368814070352,6.02751155778894,0.357119822477883,"Mean"
42.02148040201,6.02751155778894,0.355922035850801,"Mean"
42.1060793969849,6.02751155778894,0.36589866678693,"Mean"
42.1906783919598,6.02751155778894,0.366599347129727,"Mean"
42.2752773869347,6.02751155778894,0.368348712229843,"Mean"
42.3598763819095,6.02751155778894,0.373040389299907,"Mean"
42.4444753768844,6.02751155778894,0.377044145285349,"Mean"
42.5290743718593,6.02751155778894,0.381742101836252,"Mean"
42.6136733668342,6.02751155778894,0.385136765831212,"Mean"
42.698272361809,6.02751155778894,0.397671971994665,"Mean"
42.7828713567839,6.02751155778894,0.406743723778133,"Mean"
42.8674703517588,6.02751155778894,0.413390605540319,"Mean"
42.9520693467337,6.02751155778894,0.420703441253675,"Mean"
43.0366683417085,6.02751155778894,0.406584493661723,"Mean"
43.1212673366834,6.02751155778894,0.43358242608708,"Mean"
43.2058663316583,6.02751155778894,0.411695919434051,"Mean"
43.2904653266332,6.02751155778894,0.435537084257033,"Mean"
43.375064321608,6.02751155778894,0.430361927848635,"Mean"
43.4596633165829,6.02751155778894,0.436575369849043,"Mean"
43.5442623115578,6.02751155778894,0.437672660092271,"Mean"
43.6288613065327,6.02751155778894,0.445583939997808,"Mean"
43.7134603015075,6.02751155778894,0.446858707833971,"Mean"
43.7980592964824,6.02751155778894,0.426733496679593,"Mean"
43.8826582914573,6.02751155778894,0.427561759570648,"Mean"
43.9672572864322,6.02751155778894,0.435643357328956,"Mean"
44.051856281407,6.02751155778894,0.437818001822194,"Mean"
44.1364552763819,6.02751155778894,0.45285315421982,"Mean"
44.2210542713568,6.02751155778894,0.436776144846804,"Mean"
44.3056532663317,6.02751155778894,0.440424444707554,"Mean"
44.3902522613065,6.02751155778894,0.459031678113875,"Mean"
44.4748512562814,6.02751155778894,0.449840827821591,"Mean"
44.5594502512563,6.02751155778894,0.447923719299464,"Mean"
44.6440492462312,6.02751155778894,0.444696462994104,"Mean"
44.728648241206,6.02751155778894,0.444556814057602,"Mean"
44.8132472361809,6.02751155778894,0.444980902812147,"Mean"
44.8978462311558,6.02751155778894,0.444363105817118,"Mean"
44.9824452261307,6.02751155778894,0.443223941294802,"Mean"
45.0670442211055,6.02751155778894,0.442712853747365,"Mean"
45.1516432160804,6.02751155778894,0.442389413669885,"Mean"
45.2362422110553,6.02751155778894,0.458829054341092,"Mean"
45.3208412060302,6.02751155778894,0.458445391269893,"Mean"
45.405440201005,6.02751155778894,0.456565415719833,"Mean"
45.4900391959799,6.02751155778894,0.453661188973906,"Mean"
45.5746381909548,6.02751155778894,0.43906834508021,"Mean"
45.6592371859296,6.02751155778894,0.438913060388078,"Mean"
45.7438361809045,6.02751155778894,0.438491567166214,"Mean"
45.8284351758794,6.02751155778894,0.438538470820731,"Mean"
45.9130341708543,6.02751155778894,0.453987797552733,"Mean"
34.9997638190955,6.09553819095477,0.902947921147261,"Mean"
35.0843628140704,6.09553819095477,0.848843008363491,"Mean"
35.1689618090452,6.09553819095477,0.796858341857645,"Mean"
35.2535608040201,6.09553819095477,0.729945442543101,"Mean"
35.338159798995,6.09553819095477,0.651359395954738,"Mean"
35.4227587939698,6.09553819095477,0.588253244686503,"Mean"
35.5073577889447,6.09553819095477,0.501389403244958,"Mean"
35.5919567839196,6.09553819095477,0.418334412059203,"Mean"
35.6765557788945,6.09553819095477,0.356365384916838,"Mean"
35.7611547738694,6.09553819095477,0.373365187931188,"Mean"
35.8457537688442,6.09553819095477,0.342240761624702,"Mean"
35.9303527638191,6.09553819095477,0.318820579615363,"Mean"
36.014951758794,6.09553819095477,0.354609765335013,"Mean"
36.0995507537688,6.09553819095477,0.313286519794185,"Mean"
36.1841497487437,6.09553819095477,0.324616512222227,"Mean"
36.2687487437186,6.09553819095477,0.334396344748364,"Mean"
36.3533477386935,6.09553819095477,0.352454757884765,"Mean"
36.4379467336683,6.09553819095477,0.387520967775941,"Mean"
36.5225457286432,6.09553819095477,0.339789065199999,"Mean"
36.6071447236181,6.09553819095477,0.327031419828496,"Mean"
36.691743718593,6.09553819095477,0.347403151430501,"Mean"
36.7763427135678,6.09553819095477,0.309612762604517,"Mean"
36.8609417085427,6.09553819095477,0.314449493624184,"Mean"
36.9455407035176,6.09553819095477,0.321651197240524,"Mean"
37.0301396984925,6.09553819095477,0.329129767634463,"Mean"
37.1147386934673,6.09553819095477,0.301213138535386,"Mean"
37.1993376884422,6.09553819095477,0.260357454314189,"Mean"
37.2839366834171,6.09553819095477,0.258473594825973,"Mean"
37.368535678392,6.09553819095477,0.294966440054249,"Mean"
37.4531346733668,6.09553819095477,0.278600484725926,"Mean"
37.5377336683417,6.09553819095477,0.27475112618859,"Mean"
37.6223326633166,6.09553819095477,0.431309860881574,"Mean"
37.7069316582915,6.09553819095477,0.466163792425714,"Mean"
37.7915306532663,6.09553819095477,0.378587419476791,"Mean"
37.8761296482412,6.09553819095477,0.292124564732612,"Mean"
37.9607286432161,6.09553819095477,0.305469275690041,"Mean"
38.045327638191,6.09553819095477,0.311671646792846,"Mean"
38.1299266331658,6.09553819095477,0.272529946251973,"Mean"
38.2145256281407,6.09553819095477,0.269189667146574,"Mean"
38.2991246231156,6.09553819095477,0.264405944858105,"Mean"
38.3837236180904,6.09553819095477,0.232335661123803,"Mean"
38.4683226130653,6.09553819095477,0.231579722125455,"Mean"
38.5529216080402,6.09553819095477,0.227615837096043,"Mean"
38.6375206030151,6.09553819095477,0.233580486832548,"Mean"
38.72211959799,6.09553819095477,0.210156087118926,"Mean"
38.8067185929648,6.09553819095477,0.239081590802901,"Mean"
38.8913175879397,6.09553819095477,0.235758760247109,"Mean"
38.9759165829146,6.09553819095477,0.219224513002063,"Mean"
39.0605155778894,6.09553819095477,0.222130507212548,"Mean"
39.1451145728643,6.09553819095477,0.218882790850098,"Mean"
39.2297135678392,6.09553819095477,0.225453469463375,"Mean"
39.3143125628141,6.09553819095477,0.239811225806623,"Mean"
39.3989115577889,6.09553819095477,0.271047867620722,"Mean"
39.4835105527638,6.09553819095477,0.28961427129316,"Mean"
39.5681095477387,6.09553819095477,0.30706995001832,"Mean"
39.6527085427136,6.09553819095477,0.335516476567111,"Mean"
39.7373075376884,6.09553819095477,0.364154185757086,"Mean"
39.8219065326633,6.09553819095477,0.37088735866609,"Mean"
39.9065055276382,6.09553819095477,0.40143836778614,"Mean"
39.9911045226131,6.09553819095477,0.425466095707194,"Mean"
40.0757035175879,6.09553819095477,0.453034728909108,"Mean"
40.1603025125628,6.09553819095477,0.525875719339619,"Mean"
40.2449015075377,6.09553819095477,0.482901508681067,"Mean"
40.3295005025126,6.09553819095477,0.508528572628253,"Mean"
40.4140994974874,6.09553819095477,0.533953265201926,"Mean"
40.4986984924623,6.09553819095477,0.536485396001814,"Mean"
40.5832974874372,6.09553819095477,0.514897086834823,"Mean"
40.6678964824121,6.09553819095477,0.483483833253847,"Mean"
40.7524954773869,6.09553819095477,0.458894313683892,"Mean"
40.8370944723618,6.09553819095477,0.436794610255907,"Mean"
40.9216934673367,6.09553819095477,0.415190768800334,"Mean"
41.0062924623116,6.09553819095477,0.398511516305821,"Mean"
41.0908914572864,6.09553819095477,0.387776909258383,"Mean"
41.1754904522613,6.09553819095477,0.391830655256885,"Mean"
41.2600894472362,6.09553819095477,0.391313295238798,"Mean"
41.344688442211,6.09553819095477,0.345145686905237,"Mean"
41.4292874371859,6.09553819095477,0.336597904350405,"Mean"
41.5138864321608,6.09553819095477,0.324156869803472,"Mean"
41.5984854271357,6.09553819095477,0.318858718997816,"Mean"
41.6830844221106,6.09553819095477,0.331546389193825,"Mean"
41.7676834170854,6.09553819095477,0.33753094374248,"Mean"
41.8522824120603,6.09553819095477,0.34786188828764,"Mean"
41.9368814070352,6.09553819095477,0.34186847946893,"Mean"
42.02148040201,6.09553819095477,0.362842216119758,"Mean"
42.1060793969849,6.09553819095477,0.354087849503767,"Mean"
42.1906783919598,6.09553819095477,0.358427374379105,"Mean"
42.2752773869347,6.09553819095477,0.364950300846945,"Mean"
42.3598763819095,6.09553819095477,0.368993716549604,"Mean"
42.4444753768844,6.09553819095477,0.374415720062117,"Mean"
42.5290743718593,6.09553819095477,0.380444926251958,"Mean"
42.6136733668342,6.09553819095477,0.383958172552777,"Mean"
42.698272361809,6.09553819095477,0.387802543145245,"Mean"
42.7828713567839,6.09553819095477,0.40236565730979,"Mean"
42.8674703517588,6.09553819095477,0.405859811573206,"Mean"
42.9520693467337,6.09553819095477,0.425072882276141,"Mean"
43.0366683417085,6.09553819095477,0.429269459084868,"Mean"
43.1212673366834,6.09553819095477,0.405486762168476,"Mean"
43.2058663316583,6.09553819095477,0.425980121987718,"Mean"
43.2904653266332,6.09553819095477,0.432431458444143,"Mean"
43.375064321608,6.09553819095477,0.428656130501736,"Mean"
43.4596633165829,6.09553819095477,0.439327898928224,"Mean"
43.5442623115578,6.09553819095477,0.436295624202119,"Mean"
43.6288613065327,6.09553819095477,0.444422677754448,"Mean"
43.7134603015075,6.09553819095477,0.445847502084853,"Mean"
43.7980592964824,6.09553819095477,0.423898729066033,"Mean"
43.8826582914573,6.09553819095477,0.436320699077229,"Mean"
43.9672572864322,6.09553819095477,0.432965376287581,"Mean"
44.051856281407,6.09553819095477,0.431616598822112,"Mean"
44.1364552763819,6.09553819095477,0.432948906452541,"Mean"
44.2210542713568,6.09553819095477,0.438281379603636,"Mean"
44.3056532663317,6.09553819095477,0.439442797800694,"Mean"
44.3902522613065,6.09553819095477,0.439928700271643,"Mean"
44.4748512562814,6.09553819095477,0.439445247347616,"Mean"
44.5594502512563,6.09553819095477,0.446815535832376,"Mean"
44.6440492462312,6.09553819095477,0.444241864056032,"Mean"
44.728648241206,6.09553819095477,0.442925585502704,"Mean"
44.8132472361809,6.09553819095477,0.443288443527981,"Mean"
44.8978462311558,6.09553819095477,0.442323329822384,"Mean"
44.9824452261307,6.09553819095477,0.441506698202406,"Mean"
45.0670442211055,6.09553819095477,0.441912733578012,"Mean"
45.1516432160804,6.09553819095477,0.446627302205935,"Mean"
45.2362422110553,6.09553819095477,0.453714170983441,"Mean"
45.3208412060302,6.09553819095477,0.458101921113845,"Mean"
45.405440201005,6.09553819095477,0.45221896766809,"Mean"
45.4900391959799,6.09553819095477,0.443369529183316,"Mean"
45.5746381909548,6.09553819095477,0.441750714389948,"Mean"
45.6592371859296,6.09553819095477,0.437407091464356,"Mean"
45.7438361809045,6.09553819095477,0.45352630786848,"Mean"
45.8284351758794,6.09553819095477,0.439296718086593,"Mean"
45.9130341708543,6.09553819095477,0.446403387339414,"Mean"
34.9997638190955,6.1635648241206,0.869345383700404,"Mean"
35.0843628140704,6.1635648241206,0.812915539017194,"Mean"
35.1689618090452,6.1635648241206,0.780119324170745,"Mean"
35.2535608040201,6.1635648241206,0.689539624702329,"Mean"
35.338159798995,6.1635648241206,0.601796731958098,"Mean"
35.4227587939698,6.1635648241206,0.53366811022908,"Mean"
35.5073577889447,6.1635648241206,0.462085000589467,"Mean"
35.5919567839196,6.1635648241206,0.376063198719297,"Mean"
35.6765557788945,6.1635648241206,0.325517533325939,"Mean"
35.7611547738694,6.1635648241206,0.314883510255716,"Mean"
35.8457537688442,6.1635648241206,0.376619409304495,"Mean"
35.9303527638191,6.1635648241206,0.341605853434469,"Mean"
36.014951758794,6.1635648241206,0.321902755815386,"Mean"
36.0995507537688,6.1635648241206,0.368385891220963,"Mean"
36.1841497487437,6.1635648241206,0.360708902219319,"Mean"
36.2687487437186,6.1635648241206,0.338628892516566,"Mean"
36.3533477386935,6.1635648241206,0.339657240567729,"Mean"
36.4379467336683,6.1635648241206,0.349341570654467,"Mean"
36.5225457286432,6.1635648241206,0.338339263066142,"Mean"
36.6071447236181,6.1635648241206,0.332057310939247,"Mean"
36.691743718593,6.1635648241206,0.327816759961363,"Mean"
36.7763427135678,6.1635648241206,0.34360559958495,"Mean"
36.8609417085427,6.1635648241206,0.324689010584649,"Mean"
36.9455407035176,6.1635648241206,0.339384927843878,"Mean"
37.0301396984925,6.1635648241206,0.333863195198294,"Mean"
37.1147386934673,6.1635648241206,0.319106143222858,"Mean"
37.1993376884422,6.1635648241206,0.261725590886354,"Mean"
37.2839366834171,6.1635648241206,0.248898491805715,"Mean"
37.368535678392,6.1635648241206,0.27156803522464,"Mean"
37.4531346733668,6.1635648241206,0.285642896154233,"Mean"
37.5377336683417,6.1635648241206,0.27289278958163,"Mean"
37.6223326633166,6.1635648241206,0.286464912713832,"Mean"
37.7069316582915,6.1635648241206,0.432698618026375,"Mean"
37.7915306532663,6.1635648241206,0.463609377853886,"Mean"
37.8761296482412,6.1635648241206,0.312115482536841,"Mean"
37.9607286432161,6.1635648241206,0.299855145659991,"Mean"
38.045327638191,6.1635648241206,0.298511459426577,"Mean"
38.1299266331658,6.1635648241206,0.26946016718879,"Mean"
38.2145256281407,6.1635648241206,0.27741505516072,"Mean"
38.2991246231156,6.1635648241206,0.255265212539613,"Mean"
38.3837236180904,6.1635648241206,0.234568964253383,"Mean"
38.4683226130653,6.1635648241206,0.235230896435563,"Mean"
38.5529216080402,6.1635648241206,0.228566630209772,"Mean"
38.6375206030151,6.1635648241206,0.244263335481562,"Mean"
38.72211959799,6.1635648241206,0.220474703049343,"Mean"
38.8067185929648,6.1635648241206,0.21302890892159,"Mean"
38.8913175879397,6.1635648241206,0.2404660648873,"Mean"
38.9759165829146,6.1635648241206,0.223017505117257,"Mean"
39.0605155778894,6.1635648241206,0.22736349865576,"Mean"
39.1451145728643,6.1635648241206,0.21595050664722,"Mean"
39.2297135678392,6.1635648241206,0.227396459207423,"Mean"
39.3143125628141,6.1635648241206,0.219089506857494,"Mean"
39.3989115577889,6.1635648241206,0.228111713547761,"Mean"
39.4835105527638,6.1635648241206,0.250670699086971,"Mean"
39.5681095477387,6.1635648241206,0.260161101299115,"Mean"
39.6527085427136,6.1635648241206,0.289681075507187,"Mean"
39.7373075376884,6.1635648241206,0.305424495692627,"Mean"
39.8219065326633,6.1635648241206,0.316199909219003,"Mean"
39.9065055276382,6.1635648241206,0.353456619456983,"Mean"
39.9911045226131,6.1635648241206,0.364103745066591,"Mean"
40.0757035175879,6.1635648241206,0.432101750942037,"Mean"
40.1603025125628,6.1635648241206,0.404686236293015,"Mean"
40.2449015075377,6.1635648241206,0.43268734562918,"Mean"
40.3295005025126,6.1635648241206,0.454697755505007,"Mean"
40.4140994974874,6.1635648241206,0.481137807520166,"Mean"
40.4986984924623,6.1635648241206,0.495635443507303,"Mean"
40.5832974874372,6.1635648241206,0.468303416093067,"Mean"
40.6678964824121,6.1635648241206,0.443609455155148,"Mean"
40.7524954773869,6.1635648241206,0.421799052537151,"Mean"
40.8370944723618,6.1635648241206,0.40256840053848,"Mean"
40.9216934673367,6.1635648241206,0.381769562057129,"Mean"
41.0062924623116,6.1635648241206,0.362849220980387,"Mean"
41.0908914572864,6.1635648241206,0.415086304737893,"Mean"
41.1754904522613,6.1635648241206,0.347894848607199,"Mean"
41.2600894472362,6.1635648241206,0.335546737779728,"Mean"
41.344688442211,6.1635648241206,0.320093585832496,"Mean"
41.4292874371859,6.1635648241206,0.305837356140207,"Mean"
41.5138864321608,6.1635648241206,0.305781908017428,"Mean"
41.5984854271357,6.1635648241206,0.32065825522183,"Mean"
41.6830844221106,6.1635648241206,0.316552217584877,"Mean"
41.7676834170854,6.1635648241206,0.325007486465952,"Mean"
41.8522824120603,6.1635648241206,0.329990134609895,"Mean"
41.9368814070352,6.1635648241206,0.339068662606317,"Mean"
42.02148040201,6.1635648241206,0.357834028881923,"Mean"
42.1060793969849,6.1635648241206,0.351152143258962,"Mean"
42.1906783919598,6.1635648241206,0.353960600684934,"Mean"
42.2752773869347,6.1635648241206,0.359293212103249,"Mean"
42.3598763819095,6.1635648241206,0.366815484851701,"Mean"
42.4444753768844,6.1635648241206,0.372961948418019,"Mean"
42.5290743718593,6.1635648241206,0.378539582859377,"Mean"
42.6136733668342,6.1635648241206,0.39201773229217,"Mean"
42.698272361809,6.1635648241206,0.394553090248699,"Mean"
42.7828713567839,6.1635648241206,0.405994774781082,"Mean"
42.8674703517588,6.1635648241206,0.403802543681268,"Mean"
42.9520693467337,6.1635648241206,0.417335653033404,"Mean"
43.0366683417085,6.1635648241206,0.415400051873855,"Mean"
43.1212673366834,6.1635648241206,0.408725943743728,"Mean"
43.2058663316583,6.1635648241206,0.416329208490979,"Mean"
43.2904653266332,6.1635648241206,0.418195627238855,"Mean"
43.375064321608,6.1635648241206,0.426085770251352,"Mean"
43.4596633165829,6.1635648241206,0.435274799150747,"Mean"
43.5442623115578,6.1635648241206,0.438524569050329,"Mean"
43.6288613065327,6.1635648241206,0.442323960836962,"Mean"
43.7134603015075,6.1635648241206,0.444328164203908,"Mean"
43.7980592964824,6.1635648241206,0.436858148936338,"Mean"
43.8826582914573,6.1635648241206,0.42417818784548,"Mean"
43.9672572864322,6.1635648241206,0.430762154006869,"Mean"
44.051856281407,6.1635648241206,0.43077876354468,"Mean"
44.1364552763819,6.1635648241206,0.44492401009048,"Mean"
44.2210542713568,6.1635648241206,0.432494263403115,"Mean"
44.3056532663317,6.1635648241206,0.445125236519988,"Mean"
44.3902522613065,6.1635648241206,0.451391752304909,"Mean"
44.4748512562814,6.1635648241206,0.438080164420739,"Mean"
44.5594502512563,6.1635648241206,0.443085268887366,"Mean"
44.6440492462312,6.1635648241206,0.440969554035658,"Mean"
44.728648241206,6.1635648241206,0.443872421553737,"Mean"
44.8132472361809,6.1635648241206,0.441438704088133,"Mean"
44.8978462311558,6.1635648241206,0.440618177390876,"Mean"
44.9824452261307,6.1635648241206,0.439797113761939,"Mean"
45.0670442211055,6.1635648241206,0.441197000980315,"Mean"
45.1516432160804,6.1635648241206,0.438697228807317,"Mean"
45.2362422110553,6.1635648241206,0.455754188217631,"Mean"
45.3208412060302,6.1635648241206,0.456328030477733,"Mean"
45.405440201005,6.1635648241206,0.452299893557495,"Mean"
45.4900391959799,6.1635648241206,0.437266427488994,"Mean"
45.5746381909548,6.1635648241206,0.43576225791285,"Mean"
45.6592371859296,6.1635648241206,0.436680403835714,"Mean"
45.7438361809045,6.1635648241206,0.453569286264308,"Mean"
45.8284351758794,6.1635648241206,0.439437983217153,"Mean"
45.9130341708543,6.1635648241206,0.44351727765911,"Mean"
45.9976331658291,6.1635648241206,0.442589240733988,"Mean"
34.9151648241206,6.23159145728643,0.898532751114267,"Mean"
34.9997638190955,6.23159145728643,0.835431696132922,"Mean"
35.0843628140704,6.23159145728643,0.791225967507703,"Mean"
35.1689618090452,6.23159145728643,0.730356744782398,"Mean"
35.2535608040201,6.23159145728643,0.65602293407243,"Mean"
35.338159798995,6.23159145728643,0.612177306828611,"Mean"
35.4227587939698,6.23159145728643,0.491585353930752,"Mean"
35.5073577889447,6.23159145728643,0.414007803716511,"Mean"
35.5919567839196,6.23159145728643,0.329629515659254,"Mean"
35.6765557788945,6.23159145728643,0.314749952600393,"Mean"
35.7611547738694,6.23159145728643,0.329778590297354,"Mean"
35.8457537688442,6.23159145728643,0.340154739026367,"Mean"
35.9303527638191,6.23159145728643,0.305269721826683,"Mean"
36.014951758794,6.23159145728643,0.336988201201705,"Mean"
36.0995507537688,6.23159145728643,0.31936025078993,"Mean"
36.1841497487437,6.23159145728643,0.3456032443806,"Mean"
36.2687487437186,6.23159145728643,0.336252081510156,"Mean"
36.3533477386935,6.23159145728643,0.33322259592492,"Mean"
36.4379467336683,6.23159145728643,0.355064600778223,"Mean"
36.5225457286432,6.23159145728643,0.326163786625681,"Mean"
36.6071447236181,6.23159145728643,0.315224514809579,"Mean"
36.691743718593,6.23159145728643,0.315245560364687,"Mean"
36.7763427135678,6.23159145728643,0.310776353307153,"Mean"
36.8609417085427,6.23159145728643,0.313378014757372,"Mean"
36.9455407035176,6.23159145728643,0.336991946021188,"Mean"
37.0301396984925,6.23159145728643,0.321029356989877,"Mean"
37.1147386934673,6.23159145728643,0.320243142707167,"Mean"
37.1993376884422,6.23159145728643,0.314338150313874,"Mean"
37.2839366834171,6.23159145728643,0.284774821717314,"Mean"
37.368535678392,6.23159145728643,0.276666396038872,"Mean"
37.4531346733668,6.23159145728643,0.321252561920305,"Mean"
37.5377336683417,6.23159145728643,0.259347956477182,"Mean"
37.6223326633166,6.23159145728643,0.267822005530523,"Mean"
37.7069316582915,6.23159145728643,0.289125127599537,"Mean"
37.7915306532663,6.23159145728643,0.307999928660054,"Mean"
37.8761296482412,6.23159145728643,0.453060328146632,"Mean"
37.9607286432161,6.23159145728643,0.294494689721368,"Mean"
38.045327638191,6.23159145728643,0.289098752049614,"Mean"
38.1299266331658,6.23159145728643,0.27473597799373,"Mean"
38.2145256281407,6.23159145728643,0.280830988981821,"Mean"
38.2991246231156,6.23159145728643,0.266938286976798,"Mean"
38.3837236180904,6.23159145728643,0.244040862845942,"Mean"
38.4683226130653,6.23159145728643,0.236891357227212,"Mean"
38.5529216080402,6.23159145728643,0.230489897683812,"Mean"
38.6375206030151,6.23159145728643,0.2432552461438,"Mean"
38.72211959799,6.23159145728643,0.201290187498699,"Mean"
38.8067185929648,6.23159145728643,0.218312355925365,"Mean"
38.8913175879397,6.23159145728643,0.221827915033656,"Mean"
38.9759165829146,6.23159145728643,0.206335999209957,"Mean"
39.0605155778894,6.23159145728643,0.203966351836714,"Mean"
39.1451145728643,6.23159145728643,0.218321926100766,"Mean"
39.2297135678392,6.23159145728643,0.236228609205653,"Mean"
39.3143125628141,6.23159145728643,0.232677394217857,"Mean"
39.3989115577889,6.23159145728643,0.241982623517297,"Mean"
39.4835105527638,6.23159145728643,0.235392028683152,"Mean"
39.5681095477387,6.23159145728643,0.223077723522922,"Mean"
39.6527085427136,6.23159145728643,0.238127436885449,"Mean"
39.7373075376884,6.23159145728643,0.262775021241196,"Mean"
39.8219065326633,6.23159145728643,0.270924396496976,"Mean"
39.9065055276382,6.23159145728643,0.295337274070444,"Mean"
39.9911045226131,6.23159145728643,0.308669665277224,"Mean"
40.0757035175879,6.23159145728643,0.339304614213,"Mean"
40.1603025125628,6.23159145728643,0.354353661518144,"Mean"
40.2449015075377,6.23159145728643,0.384096979674935,"Mean"
40.3295005025126,6.23159145728643,0.406088192701873,"Mean"
40.4140994974874,6.23159145728643,0.424721033179511,"Mean"
40.4986984924623,6.23159145728643,0.45481537118354,"Mean"
40.5832974874372,6.23159145728643,0.4326002541539,"Mean"
40.6678964824121,6.23159145728643,0.405165669889721,"Mean"
40.7524954773869,6.23159145728643,0.384191013386525,"Mean"
40.8370944723618,6.23159145728643,0.363516838718819,"Mean"
40.9216934673367,6.23159145728643,0.345993894287979,"Mean"
41.0062924623116,6.23159145728643,0.327258163852398,"Mean"
41.0908914572864,6.23159145728643,0.315308435157683,"Mean"
41.1754904522613,6.23159145728643,0.308415137189086,"Mean"
41.2600894472362,6.23159145728643,0.311371487125358,"Mean"
41.344688442211,6.23159145728643,0.289741897964423,"Mean"
41.4292874371859,6.23159145728643,0.298797556801124,"Mean"
41.5138864321608,6.23159145728643,0.295043200655937,"Mean"
41.5984854271357,6.23159145728643,0.301330218897408,"Mean"
41.6830844221106,6.23159145728643,0.31375929361053,"Mean"
41.7676834170854,6.23159145728643,0.317757018171776,"Mean"
41.8522824120603,6.23159145728643,0.32762758982298,"Mean"
41.9368814070352,6.23159145728643,0.338574022555503,"Mean"
42.02148040201,6.23159145728643,0.337992009708935,"Mean"
42.1060793969849,6.23159145728643,0.378405834202167,"Mean"
42.1906783919598,6.23159145728643,0.360523008045907,"Mean"
42.2752773869347,6.23159145728643,0.373373499210727,"Mean"
42.3598763819095,6.23159145728643,0.363190864972306,"Mean"
42.4444753768844,6.23159145728643,0.370076995106735,"Mean"
42.5290743718593,6.23159145728643,0.388411265315682,"Mean"
42.6136733668342,6.23159145728643,0.38184501235987,"Mean"
42.698272361809,6.23159145728643,0.382749047603923,"Mean"
42.7828713567839,6.23159145728643,0.404266436535445,"Mean"
42.8674703517588,6.23159145728643,0.415262891226633,"Mean"
42.9520693467337,6.23159145728643,0.401577338548774,"Mean"
43.0366683417085,6.23159145728643,0.408898769744499,"Mean"
43.1212673366834,6.23159145728643,0.412691886542516,"Mean"
43.2058663316583,6.23159145728643,0.428185907033732,"Mean"
43.2904653266332,6.23159145728643,0.415140645578282,"Mean"
43.375064321608,6.23159145728643,0.423749116831934,"Mean"
43.4596633165829,6.23159145728643,0.429466492317392,"Mean"
43.5442623115578,6.23159145728643,0.436451264474596,"Mean"
43.6288613065327,6.23159145728643,0.440332599323215,"Mean"
43.7134603015075,6.23159145728643,0.442554801395571,"Mean"
43.7980592964824,6.23159145728643,0.440154110998018,"Mean"
43.8826582914573,6.23159145728643,0.422296921242662,"Mean"
43.9672572864322,6.23159145728643,0.425768470679696,"Mean"
44.051856281407,6.23159145728643,0.431796993299035,"Mean"
44.1364552763819,6.23159145728643,0.428494075694053,"Mean"
44.2210542713568,6.23159145728643,0.432160357457868,"Mean"
44.3056532663317,6.23159145728643,0.432096470540771,"Mean"
44.3902522613065,6.23159145728643,0.447951486613815,"Mean"
44.4748512562814,6.23159145728643,0.438313110697822,"Mean"
44.5594502512563,6.23159145728643,0.437705815087176,"Mean"
44.6440492462312,6.23159145728643,0.438547810315472,"Mean"
44.728648241206,6.23159145728643,0.440643258600338,"Mean"
44.8132472361809,6.23159145728643,0.439896651572545,"Mean"
44.8978462311558,6.23159145728643,0.438879509810598,"Mean"
44.9824452261307,6.23159145728643,0.448239256868858,"Mean"
45.0670442211055,6.23159145728643,0.437446312017895,"Mean"
45.1516432160804,6.23159145728643,0.438026693244269,"Mean"
45.2362422110553,6.23159145728643,0.447778415322047,"Mean"
45.3208412060302,6.23159145728643,0.440808732493278,"Mean"
45.405440201005,6.23159145728643,0.443822856770176,"Mean"
45.4900391959799,6.23159145728643,0.435742385576908,"Mean"
45.5746381909548,6.23159145728643,0.434192281574884,"Mean"
45.6592371859296,6.23159145728643,0.444120804041174,"Mean"
45.7438361809045,6.23159145728643,0.433699946870562,"Mean"
45.8284351758794,6.23159145728643,0.434245932687074,"Mean"
45.9130341708543,6.23159145728643,0.43760984508681,"Mean"
45.9976331658291,6.23159145728643,0.436593824004894,"Mean"
46.082232160804,6.23159145728643,0.445523941832481,"Mean"
34.9151648241206,6.29961809045226,0.883358438734005,"Mean"
34.9997638190955,6.29961809045226,0.83545952364659,"Mean"
35.0843628140704,6.29961809045226,0.758666867584841,"Mean"
35.1689618090452,6.29961809045226,0.692896596450421,"Mean"
35.2535608040201,6.29961809045226,0.619644542771113,"Mean"
35.338159798995,6.29961809045226,0.591705902791565,"Mean"
35.4227587939698,6.29961809045226,0.443286734880513,"Mean"
35.5073577889447,6.29961809045226,0.371178549021767,"Mean"
35.5919567839196,6.29961809045226,0.287303579148795,"Mean"
35.6765557788945,6.29961809045226,0.314257169478638,"Mean"
35.7611547738694,6.29961809045226,0.325643404235058,"Mean"
35.8457537688442,6.29961809045226,0.356126047087968,"Mean"
35.9303527638191,6.29961809045226,0.305649475154413,"Mean"
36.014951758794,6.29961809045226,0.305784192482664,"Mean"
36.0995507537688,6.29961809045226,0.379855768627435,"Mean"
36.1841497487437,6.29961809045226,0.346313150788295,"Mean"
36.2687487437186,6.29961809045226,0.33487877464848,"Mean"
36.3533477386935,6.29961809045226,0.323644043468851,"Mean"
36.4379467336683,6.29961809045226,0.364612470756648,"Mean"
36.5225457286432,6.29961809045226,0.334367461065928,"Mean"
36.6071447236181,6.29961809045226,0.30587695726536,"Mean"
36.691743718593,6.29961809045226,0.319076337535377,"Mean"
36.7763427135678,6.29961809045226,0.30021361674168,"Mean"
36.8609417085427,6.29961809045226,0.28397884878762,"Mean"
36.9455407035176,6.29961809045226,0.312176917194389,"Mean"
37.0301396984925,6.29961809045226,0.316310769903707,"Mean"
37.1147386934673,6.29961809045226,0.317916385376105,"Mean"
37.1993376884422,6.29961809045226,0.33976428877333,"Mean"
37.2839366834171,6.29961809045226,0.30345613623774,"Mean"
37.368535678392,6.29961809045226,0.293254041737608,"Mean"
37.4531346733668,6.29961809045226,0.305913194542452,"Mean"
37.5377336683417,6.29961809045226,0.266297873919947,"Mean"
37.6223326633166,6.29961809045226,0.268433148632278,"Mean"
37.7069316582915,6.29961809045226,0.300244672359864,"Mean"
37.7915306532663,6.29961809045226,0.294172972385979,"Mean"
37.8761296482412,6.29961809045226,0.464226822426614,"Mean"
37.9607286432161,6.29961809045226,0.293083239352871,"Mean"
38.045327638191,6.29961809045226,0.291297801231988,"Mean"
38.1299266331658,6.29961809045226,0.301113050092174,"Mean"
38.2145256281407,6.29961809045226,0.275368153270218,"Mean"
38.2991246231156,6.29961809045226,0.274174593539507,"Mean"
38.3837236180904,6.29961809045226,0.239119978437791,"Mean"
38.4683226130653,6.29961809045226,0.246128205371359,"Mean"
38.5529216080402,6.29961809045226,0.220239860585215,"Mean"
38.6375206030151,6.29961809045226,0.197465322736457,"Mean"
38.72211959799,6.29961809045226,0.202257970519708,"Mean"
38.8067185929648,6.29961809045226,0.219925945665822,"Mean"
38.8913175879397,6.29961809045226,0.218133626542436,"Mean"
38.9759165829146,6.29961809045226,0.186267936476985,"Mean"
39.0605155778894,6.29961809045226,0.196684455443044,"Mean"
39.1451145728643,6.29961809045226,0.223892105343169,"Mean"
39.2297135678392,6.29961809045226,0.240778560036557,"Mean"
39.3143125628141,6.29961809045226,0.244960810255238,"Mean"
39.3989115577889,6.29961809045226,0.241212046454655,"Mean"
39.4835105527638,6.29961809045226,0.237889466188124,"Mean"
39.5681095477387,6.29961809045226,0.224622589260585,"Mean"
39.6527085427136,6.29961809045226,0.215668019560705,"Mean"
39.7373075376884,6.29961809045226,0.216347258104325,"Mean"
39.8219065326633,6.29961809045226,0.233351252445185,"Mean"
39.9065055276382,6.29961809045226,0.250782263669796,"Mean"
39.9911045226131,6.29961809045226,0.264917826918293,"Mean"
40.0757035175879,6.29961809045226,0.283394623702743,"Mean"
40.1603025125628,6.29961809045226,0.303831880216828,"Mean"
40.2449015075377,6.29961809045226,0.324875822693424,"Mean"
40.3295005025126,6.29961809045226,0.34844480819473,"Mean"
40.4140994974874,6.29961809045226,0.371863875923683,"Mean"
40.4986984924623,6.29961809045226,0.4220020606921,"Mean"
40.5832974874372,6.29961809045226,0.39586352151792,"Mean"
40.6678964824121,6.29961809045226,0.368901212611098,"Mean"
40.7524954773869,6.29961809045226,0.344747287458119,"Mean"
40.8370944723618,6.29961809045226,0.32957379744988,"Mean"
40.9216934673367,6.29961809045226,0.309049094089596,"Mean"
41.0062924623116,6.29961809045226,0.295560164598169,"Mean"
41.0908914572864,6.29961809045226,0.285548505925834,"Mean"
41.1754904522613,6.29961809045226,0.286144399401082,"Mean"
41.2600894472362,6.29961809045226,0.274952855094124,"Mean"
41.344688442211,6.29961809045226,0.274342820059005,"Mean"
41.4292874371859,6.29961809045226,0.280033810591504,"Mean"
41.5138864321608,6.29961809045226,0.29105365802985,"Mean"
41.5984854271357,6.29961809045226,0.295512483457092,"Mean"
41.6830844221106,6.29961809045226,0.304577086100559,"Mean"
41.7676834170854,6.29961809045226,0.34427145085026,"Mean"
41.8522824120603,6.29961809045226,0.354390764157989,"Mean"
41.9368814070352,6.29961809045226,0.359864958599067,"Mean"
42.02148040201,6.29961809045226,0.33318907003133,"Mean"
42.1060793969849,6.29961809045226,0.376357479579536,"Mean"
42.1906783919598,6.29961809045226,0.37675452948994,"Mean"
42.2752773869347,6.29961809045226,0.360737178511956,"Mean"
42.3598763819095,6.29961809045226,0.394838918361035,"Mean"
42.4444753768844,6.29961809045226,0.373733031384,"Mean"
42.5290743718593,6.29961809045226,0.390028502674358,"Mean"
42.6136733668342,6.29961809045226,0.406547532241504,"Mean"
42.698272361809,6.29961809045226,0.389428837455614,"Mean"
42.7828713567839,6.29961809045226,0.403607402669128,"Mean"
42.8674703517588,6.29961809045226,0.407970621098353,"Mean"
42.9520693467337,6.29961809045226,0.410381775750749,"Mean"
43.0366683417085,6.29961809045226,0.416784008655925,"Mean"
43.1212673366834,6.29961809045226,0.415693910236254,"Mean"
43.2058663316583,6.29961809045226,0.414861988961186,"Mean"
43.2904653266332,6.29961809045226,0.426183259023513,"Mean"
43.375064321608,6.29961809045226,0.429640845189933,"Mean"
43.4596633165829,6.29961809045226,0.432941816044946,"Mean"
43.5442623115578,6.29961809045226,0.430367452448367,"Mean"
43.6288613065327,6.29961809045226,0.438761495826761,"Mean"
43.7134603015075,6.29961809045226,0.426982122005627,"Mean"
43.7980592964824,6.29961809045226,0.431930620756817,"Mean"
43.8826582914573,6.29961809045226,0.42589067659221,"Mean"
43.9672572864322,6.29961809045226,0.425892484186561,"Mean"
44.051856281407,6.29961809045226,0.427587895191155,"Mean"
44.1364552763819,6.29961809045226,0.426923891255353,"Mean"
44.2210542713568,6.29961809045226,0.428965985822261,"Mean"
44.3056532663317,6.29961809045226,0.430593822185151,"Mean"
44.3902522613065,6.29961809045226,0.441414909328448,"Mean"
44.4748512562814,6.29961809045226,0.439502379192715,"Mean"
44.5594502512563,6.29961809045226,0.439155914695227,"Mean"
44.6440492462312,6.29961809045226,0.437158737418136,"Mean"
44.728648241206,6.29961809045226,0.439392693840709,"Mean"
44.8132472361809,6.29961809045226,0.439056955819335,"Mean"
44.8978462311558,6.29961809045226,0.437542475276777,"Mean"
44.9824452261307,6.29961809045226,0.438174782445627,"Mean"
45.0670442211055,6.29961809045226,0.435908493752727,"Mean"
45.1516432160804,6.29961809045226,0.454455196479089,"Mean"
45.2362422110553,6.29961809045226,0.453793416600259,"Mean"
45.3208412060302,6.29961809045226,0.434826248534172,"Mean"
45.405440201005,6.29961809045226,0.433271731444604,"Mean"
45.4900391959799,6.29961809045226,0.433094787673746,"Mean"
45.5746381909548,6.29961809045226,0.436120443866788,"Mean"
45.6592371859296,6.29961809045226,0.432867571681139,"Mean"
45.7438361809045,6.29961809045226,0.432326462040598,"Mean"
45.8284351758794,6.29961809045226,0.431735786267031,"Mean"
45.9130341708543,6.29961809045226,0.431783872430949,"Mean"
45.9976331658291,6.29961809045226,0.431605363540598,"Mean"
46.082232160804,6.29961809045226,0.447678819465379,"Mean"
46.1668311557789,6.29961809045226,0.44068520217703,"Mean"
34.8305658291457,6.36764472361809,0.89694646829321,"Mean"
34.9151648241206,6.36764472361809,0.863243665995403,"Mean"
34.9997638190955,6.36764472361809,0.812551495604382,"Mean"
35.0843628140704,6.36764472361809,0.740925837486221,"Mean"
35.1689618090452,6.36764472361809,0.692391032203181,"Mean"
35.2535608040201,6.36764472361809,0.615971088264087,"Mean"
35.338159798995,6.36764472361809,0.546398313779735,"Mean"
35.4227587939698,6.36764472361809,0.462022115034734,"Mean"
35.5073577889447,6.36764472361809,0.334772225289339,"Mean"
35.5919567839196,6.36764472361809,0.284189409079597,"Mean"
35.6765557788945,6.36764472361809,0.29774959916847,"Mean"
35.7611547738694,6.36764472361809,0.326207002973394,"Mean"
35.8457537688442,6.36764472361809,0.321063892600892,"Mean"
35.9303527638191,6.36764472361809,0.338598347906138,"Mean"
36.014951758794,6.36764472361809,0.317333308511199,"Mean"
36.0995507537688,6.36764472361809,0.336816507929326,"Mean"
36.1841497487437,6.36764472361809,0.385432562433841,"Mean"
36.2687487437186,6.36764472361809,0.380813085748083,"Mean"
36.3533477386935,6.36764472361809,0.339751104516215,"Mean"
36.4379467336683,6.36764472361809,0.326825304880121,"Mean"
36.5225457286432,6.36764472361809,0.322277669370337,"Mean"
36.6071447236181,6.36764472361809,0.306150181972239,"Mean"
36.691743718593,6.36764472361809,0.326691501122497,"Mean"
36.7763427135678,6.36764472361809,0.322420323287167,"Mean"
36.8609417085427,6.36764472361809,0.302396760882739,"Mean"
36.9455407035176,6.36764472361809,0.314317402519313,"Mean"
37.0301396984925,6.36764472361809,0.314499246048224,"Mean"
37.1147386934673,6.36764472361809,0.321998781137243,"Mean"
37.1993376884422,6.36764472361809,0.34259645887264,"Mean"
37.2839366834171,6.36764472361809,0.310248745745649,"Mean"
37.368535678392,6.36764472361809,0.297561169657726,"Mean"
37.4531346733668,6.36764472361809,0.296795303031718,"Mean"
37.5377336683417,6.36764472361809,0.257418248569344,"Mean"
37.6223326633166,6.36764472361809,0.277062076820097,"Mean"
37.7069316582915,6.36764472361809,0.297569896762875,"Mean"
37.7915306532663,6.36764472361809,0.322460419125596,"Mean"
37.8761296482412,6.36764472361809,0.467399642265507,"Mean"
37.9607286432161,6.36764472361809,0.33922380397206,"Mean"
38.045327638191,6.36764472361809,0.297500406836237,"Mean"
38.1299266331658,6.36764472361809,0.328549786677946,"Mean"
38.2145256281407,6.36764472361809,0.298335582381411,"Mean"
38.2991246231156,6.36764472361809,0.258297949565843,"Mean"
38.3837236180904,6.36764472361809,0.254390311830411,"Mean"
38.4683226130653,6.36764472361809,0.202874031216231,"Mean"
38.5529216080402,6.36764472361809,0.215001417830285,"Mean"
38.6375206030151,6.36764472361809,0.183273505730241,"Mean"
38.72211959799,6.36764472361809,0.192163186198208,"Mean"
38.8067185929648,6.36764472361809,0.214481990913499,"Mean"
38.8913175879397,6.36764472361809,0.203723737041771,"Mean"
38.9759165829146,6.36764472361809,0.16066474571235,"Mean"
39.0605155778894,6.36764472361809,0.196794806960181,"Mean"
39.1451145728643,6.36764472361809,0.206626128506952,"Mean"
39.2297135678392,6.36764472361809,0.243900565577591,"Mean"
39.3143125628141,6.36764472361809,0.242816732258393,"Mean"
39.3989115577889,6.36764472361809,0.243662730682936,"Mean"
39.4835105527638,6.36764472361809,0.238226563294833,"Mean"
39.5681095477387,6.36764472361809,0.224306926331168,"Mean"
39.6527085427136,6.36764472361809,0.213174038226066,"Mean"
39.7373075376884,6.36764472361809,0.205405097455857,"Mean"
39.8219065326633,6.36764472361809,0.185787218688558,"Mean"
39.9065055276382,6.36764472361809,0.203061955335037,"Mean"
39.9911045226131,6.36764472361809,0.22217395958636,"Mean"
40.0757035175879,6.36764472361809,0.240988082727424,"Mean"
40.1603025125628,6.36764472361809,0.258906390162465,"Mean"
40.2449015075377,6.36764472361809,0.2785155724147,"Mean"
40.3295005025126,6.36764472361809,0.300189400231202,"Mean"
40.4140994974874,6.36764472361809,0.32201207772531,"Mean"
40.4986984924623,6.36764472361809,0.347854680416366,"Mean"
40.5832974874372,6.36764472361809,0.353073787712925,"Mean"
40.6678964824121,6.36764472361809,0.340811926982237,"Mean"
40.7524954773869,6.36764472361809,0.309493476202521,"Mean"
40.8370944723618,6.36764472361809,0.289972929004305,"Mean"
40.9216934673367,6.36764472361809,0.279338474666618,"Mean"
41.0062924623116,6.36764472361809,0.269699597260863,"Mean"
41.0908914572864,6.36764472361809,0.265208098122298,"Mean"
41.1754904522613,6.36764472361809,0.251702790801932,"Mean"
41.2600894472362,6.36764472361809,0.265839062224268,"Mean"
41.344688442211,6.36764472361809,0.265527395734857,"Mean"
41.4292874371859,6.36764472361809,0.274586808559764,"Mean"
41.5138864321608,6.36764472361809,0.283144673798244,"Mean"
41.5984854271357,6.36764472361809,0.291212126648182,"Mean"
41.6830844221106,6.36764472361809,0.301093623937341,"Mean"
41.7676834170854,6.36764472361809,0.345264014758004,"Mean"
41.8522824120603,6.36764472361809,0.34437412527454,"Mean"
41.9368814070352,6.36764472361809,0.363256751134144,"Mean"
42.02148040201,6.36764472361809,0.369366016335299,"Mean"
42.1060793969849,6.36764472361809,0.361568351880353,"Mean"
42.1906783919598,6.36764472361809,0.380213754055983,"Mean"
42.2752773869347,6.36764472361809,0.379081845523958,"Mean"
42.3598763819095,6.36764472361809,0.387602732823003,"Mean"
42.4444753768844,6.36764472361809,0.393253677659726,"Mean"
42.5290743718593,6.36764472361809,0.388714872445532,"Mean"
42.6136733668342,6.36764472361809,0.387008422759845,"Mean"
42.698272361809,6.36764472361809,0.393974298238236,"Mean"
42.7828713567839,6.36764472361809,0.383603709688832,"Mean"
42.8674703517588,6.36764472361809,0.396001958926593,"Mean"
42.9520693467337,6.36764472361809,0.394186182316872,"Mean"
43.0366683417085,6.36764472361809,0.415860946846861,"Mean"
43.1212673366834,6.36764472361809,0.420290700805526,"Mean"
43.2058663316583,6.36764472361809,0.421111743892019,"Mean"
43.2904653266332,6.36764472361809,0.425557099170346,"Mean"
43.375064321608,6.36764472361809,0.421984713248817,"Mean"
43.4596633165829,6.36764472361809,0.42841546397159,"Mean"
43.5442623115578,6.36764472361809,0.430817631373229,"Mean"
43.6288613065327,6.36764472361809,0.432126994726661,"Mean"
43.7134603015075,6.36764472361809,0.420340266691017,"Mean"
43.7980592964824,6.36764472361809,0.419066769646702,"Mean"
43.8826582914573,6.36764472361809,0.42752285177969,"Mean"
43.9672572864322,6.36764472361809,0.427370828690245,"Mean"
44.051856281407,6.36764472361809,0.424588165061926,"Mean"
44.1364552763819,6.36764472361809,0.426613332996762,"Mean"
44.2210542713568,6.36764472361809,0.428097716219427,"Mean"
44.3056532663317,6.36764472361809,0.429278944411102,"Mean"
44.3902522613065,6.36764472361809,0.448734196430244,"Mean"
44.4748512562814,6.36764472361809,0.432889979343587,"Mean"
44.5594502512563,6.36764472361809,0.435551317551888,"Mean"
44.6440492462312,6.36764472361809,0.435891407885354,"Mean"
44.728648241206,6.36764472361809,0.437281282817484,"Mean"
44.8132472361809,6.36764472361809,0.438058630313093,"Mean"
44.8978462311558,6.36764472361809,0.435526092487316,"Mean"
44.9824452261307,6.36764472361809,0.434664797166396,"Mean"
45.0670442211055,6.36764472361809,0.434122904364795,"Mean"
45.1516432160804,6.36764472361809,0.433882911079905,"Mean"
45.2362422110553,6.36764472361809,0.433446515445657,"Mean"
45.3208412060302,6.36764472361809,0.433584113808096,"Mean"
45.405440201005,6.36764472361809,0.431596262875041,"Mean"
45.4900391959799,6.36764472361809,0.432662628512382,"Mean"
45.5746381909548,6.36764472361809,0.434427855936363,"Mean"
45.6592371859296,6.36764472361809,0.432916827004648,"Mean"
45.7438361809045,6.36764472361809,0.431288860742191,"Mean"
45.8284351758794,6.36764472361809,0.431558705016378,"Mean"
45.9130341708543,6.36764472361809,0.430107103236998,"Mean"
45.9976331658291,6.36764472361809,0.430210930845279,"Mean"
46.082232160804,6.36764472361809,0.43238871164732,"Mean"
46.1668311557789,6.36764472361809,0.443315873674657,"Mean"
34.8305658291457,6.43567135678392,0.864940343309978,"Mean"
34.9151648241206,6.43567135678392,0.840711782324045,"Mean"
34.9997638190955,6.43567135678392,0.787615747203609,"Mean"
35.0843628140704,6.43567135678392,0.73264109473913,"Mean"
35.1689618090452,6.43567135678392,0.664244893040541,"Mean"
35.2535608040201,6.43567135678392,0.579134346314097,"Mean"
35.338159798995,6.43567135678392,0.499194635522723,"Mean"
35.4227587939698,6.43567135678392,0.420745111786341,"Mean"
35.5073577889447,6.43567135678392,0.355455852153259,"Mean"
35.5919567839196,6.43567135678392,0.289281504408195,"Mean"
35.6765557788945,6.43567135678392,0.316021396693562,"Mean"
35.7611547738694,6.43567135678392,0.296186069996645,"Mean"
35.8457537688442,6.43567135678392,0.310934205094717,"Mean"
35.9303527638191,6.43567135678392,0.322106642989122,"Mean"
36.014951758794,6.43567135678392,0.3295605712146,"Mean"
36.0995507537688,6.43567135678392,0.390309693822798,"Mean"
36.1841497487437,6.43567135678392,0.348536694099171,"Mean"
36.2687487437186,6.43567135678392,0.339665788975448,"Mean"
36.3533477386935,6.43567135678392,0.354555021170287,"Mean"
36.4379467336683,6.43567135678392,0.367529582602911,"Mean"
36.5225457286432,6.43567135678392,0.327773235736328,"Mean"
36.6071447236181,6.43567135678392,0.331322706959513,"Mean"
36.691743718593,6.43567135678392,0.330215100716101,"Mean"
36.7763427135678,6.43567135678392,0.351194814304102,"Mean"
36.8609417085427,6.43567135678392,0.340170167134134,"Mean"
36.9455407035176,6.43567135678392,0.318491228069519,"Mean"
37.0301396984925,6.43567135678392,0.303002497706763,"Mean"
37.1147386934673,6.43567135678392,0.338473776302526,"Mean"
37.1993376884422,6.43567135678392,0.362154454369194,"Mean"
37.2839366834171,6.43567135678392,0.332731527089317,"Mean"
37.368535678392,6.43567135678392,0.294194255127272,"Mean"
37.4531346733668,6.43567135678392,0.287899577397567,"Mean"
37.5377336683417,6.43567135678392,0.304367628017358,"Mean"
37.6223326633166,6.43567135678392,0.287388551877774,"Mean"
37.7069316582915,6.43567135678392,0.289209156138406,"Mean"
37.7915306532663,6.43567135678392,0.476313621841315,"Mean"
37.8761296482412,6.43567135678392,0.47057513218171,"Mean"
37.9607286432161,6.43567135678392,0.464844493129787,"Mean"
38.045327638191,6.43567135678392,0.302840218801149,"Mean"
38.1299266331658,6.43567135678392,0.328050744497934,"Mean"
38.2145256281407,6.43567135678392,0.311849980977254,"Mean"
38.2991246231156,6.43567135678392,0.227110744065994,"Mean"
38.3837236180904,6.43567135678392,0.214115833745462,"Mean"
38.4683226130653,6.43567135678392,0.206972324927575,"Mean"
38.5529216080402,6.43567135678392,0.164639705088364,"Mean"
38.6375206030151,6.43567135678392,0.171139419942971,"Mean"
38.72211959799,6.43567135678392,0.170672922718632,"Mean"
38.8067185929648,6.43567135678392,0.177374634715118,"Mean"
38.8913175879397,6.43567135678392,0.196061020410245,"Mean"
38.9759165829146,6.43567135678392,0.186497119612495,"Mean"
39.0605155778894,6.43567135678392,0.204495052581471,"Mean"
39.1451145728643,6.43567135678392,0.207249438200726,"Mean"
39.2297135678392,6.43567135678392,0.225590213021594,"Mean"
39.3143125628141,6.43567135678392,0.244908659952852,"Mean"
39.3989115577889,6.43567135678392,0.24506305530381,"Mean"
39.4835105527638,6.43567135678392,0.238182242106592,"Mean"
39.5681095477387,6.43567135678392,0.23481564227432,"Mean"
39.6527085427136,6.43567135678392,0.225728117848921,"Mean"
39.7373075376884,6.43567135678392,0.221904593090676,"Mean"
39.8219065326633,6.43567135678392,0.204301725647564,"Mean"
39.9065055276382,6.43567135678392,0.188500581311221,"Mean"
39.9911045226131,6.43567135678392,0.198189327422129,"Mean"
40.0757035175879,6.43567135678392,0.207693431603856,"Mean"
40.1603025125628,6.43567135678392,0.2196213792109,"Mean"
40.2449015075377,6.43567135678392,0.23762468742277,"Mean"
40.3295005025126,6.43567135678392,0.27145667633189,"Mean"
40.4140994974874,6.43567135678392,0.275365255545376,"Mean"
40.4986984924623,6.43567135678392,0.296440443210217,"Mean"
40.5832974874372,6.43567135678392,0.316852723867923,"Mean"
40.6678964824121,6.43567135678392,0.293088443556485,"Mean"
40.7524954773869,6.43567135678392,0.276389482251592,"Mean"
40.8370944723618,6.43567135678392,0.261144038025893,"Mean"
40.9216934673367,6.43567135678392,0.247227317613267,"Mean"
41.0062924623116,6.43567135678392,0.233444972943755,"Mean"
41.0908914572864,6.43567135678392,0.235354965724909,"Mean"
41.1754904522613,6.43567135678392,0.2403356302464,"Mean"
41.2600894472362,6.43567135678392,0.25206345986134,"Mean"
41.344688442211,6.43567135678392,0.256724653793046,"Mean"
41.4292874371859,6.43567135678392,0.267173009458385,"Mean"
41.5138864321608,6.43567135678392,0.274744752712729,"Mean"
41.5984854271357,6.43567135678392,0.286452860546462,"Mean"
41.6830844221106,6.43567135678392,0.29510463853198,"Mean"
41.7676834170854,6.43567135678392,0.337879315194627,"Mean"
41.8522824120603,6.43567135678392,0.352896454745164,"Mean"
41.9368814070352,6.43567135678392,0.359479310215223,"Mean"
42.02148040201,6.43567135678392,0.364610585921518,"Mean"
42.1060793969849,6.43567135678392,0.36858248775538,"Mean"
42.1906783919598,6.43567135678392,0.358462396355812,"Mean"
42.2752773869347,6.43567135678392,0.381618274168455,"Mean"
42.3598763819095,6.43567135678392,0.386077769670999,"Mean"
42.4444753768844,6.43567135678392,0.393588783891536,"Mean"
42.5290743718593,6.43567135678392,0.391444274911518,"Mean"
42.6136733668342,6.43567135678392,0.371087573670947,"Mean"
42.698272361809,6.43567135678392,0.386197917318532,"Mean"
42.7828713567839,6.43567135678392,0.392895599736969,"Mean"
42.8674703517588,6.43567135678392,0.390135629704986,"Mean"
42.9520693467337,6.43567135678392,0.397650901229989,"Mean"
43.0366683417085,6.43567135678392,0.396738481851958,"Mean"
43.1212673366834,6.43567135678392,0.41125372011128,"Mean"
43.2058663316583,6.43567135678392,0.417358610216055,"Mean"
43.2904653266332,6.43567135678392,0.409863684055756,"Mean"
43.375064321608,6.43567135678392,0.418923913384167,"Mean"
43.4596633165829,6.43567135678392,0.430481152753193,"Mean"
43.5442623115578,6.43567135678392,0.420380071826126,"Mean"
43.6288613065327,6.43567135678392,0.426527925745204,"Mean"
43.7134603015075,6.43567135678392,0.424838807238995,"Mean"
43.7980592964824,6.43567135678392,0.419903760167281,"Mean"
43.8826582914573,6.43567135678392,0.422646472764418,"Mean"
43.9672572864322,6.43567135678392,0.435590046767651,"Mean"
44.051856281407,6.43567135678392,0.423775586188449,"Mean"
44.1364552763819,6.43567135678392,0.423896002183241,"Mean"
44.2210542713568,6.43567135678392,0.425911310306911,"Mean"
44.3056532663317,6.43567135678392,0.42788554847116,"Mean"
44.3902522613065,6.43567135678392,0.431535811517195,"Mean"
44.4748512562814,6.43567135678392,0.432179069650734,"Mean"
44.5594502512563,6.43567135678392,0.439550976887791,"Mean"
44.6440492462312,6.43567135678392,0.434958495954548,"Mean"
44.728648241206,6.43567135678392,0.43562123655604,"Mean"
44.8132472361809,6.43567135678392,0.436345634450291,"Mean"
44.8978462311558,6.43567135678392,0.43410205510433,"Mean"
44.9824452261307,6.43567135678392,0.433109249119765,"Mean"
45.0670442211055,6.43567135678392,0.432233775029691,"Mean"
45.1516432160804,6.43567135678392,0.43748473361509,"Mean"
45.2362422110553,6.43567135678392,0.43291107869616,"Mean"
45.3208412060302,6.43567135678392,0.430489109076339,"Mean"
45.405440201005,6.43567135678392,0.429992209294444,"Mean"
45.4900391959799,6.43567135678392,0.430128682918976,"Mean"
45.5746381909548,6.43567135678392,0.429308972273454,"Mean"
45.6592371859296,6.43567135678392,0.42892939650057,"Mean"
45.7438361809045,6.43567135678392,0.428735033377563,"Mean"
45.8284351758794,6.43567135678392,0.433858726177495,"Mean"
45.9130341708543,6.43567135678392,0.428580111420647,"Mean"
45.9976331658291,6.43567135678392,0.432094885460004,"Mean"
46.082232160804,6.43567135678392,0.42913619200383,"Mean"
46.1668311557789,6.43567135678392,0.431440311572743,"Mean"
46.2514301507538,6.43567135678392,0.446466638112699,"Mean"
34.8305658291457,6.50369798994975,0.856062645144164,"Mean"
34.9151648241206,6.50369798994975,0.811791311524838,"Mean"
34.9997638190955,6.50369798994975,0.747002612744641,"Mean"
35.0843628140704,6.50369798994975,0.676762228849389,"Mean"
35.1689618090452,6.50369798994975,0.624462259009801,"Mean"
35.2535608040201,6.50369798994975,0.513854576465383,"Mean"
35.338159798995,6.50369798994975,0.46007947546827,"Mean"
35.4227587939698,6.50369798994975,0.326399131628157,"Mean"
35.5073577889447,6.50369798994975,0.298835197383933,"Mean"
35.5919567839196,6.50369798994975,0.289148153256825,"Mean"
35.6765557788945,6.50369798994975,0.336645041685423,"Mean"
35.7611547738694,6.50369798994975,0.293236379549688,"Mean"
35.8457537688442,6.50369798994975,0.306815908598875,"Mean"
35.9303527638191,6.50369798994975,0.31870322818903,"Mean"
36.014951758794,6.50369798994975,0.354246913327505,"Mean"
36.0995507537688,6.50369798994975,0.37157508908303,"Mean"
36.1841497487437,6.50369798994975,0.327790368711311,"Mean"
36.2687487437186,6.50369798994975,0.3312775369819,"Mean"
36.3533477386935,6.50369798994975,0.330805322421845,"Mean"
36.4379467336683,6.50369798994975,0.352313297318741,"Mean"
36.5225457286432,6.50369798994975,0.360346301683686,"Mean"
36.6071447236181,6.50369798994975,0.329185345695127,"Mean"
36.691743718593,6.50369798994975,0.33858636019954,"Mean"
36.7763427135678,6.50369798994975,0.328603579511262,"Mean"
36.8609417085427,6.50369798994975,0.377283408594284,"Mean"
36.9455407035176,6.50369798994975,0.363146944661818,"Mean"
37.0301396984925,6.50369798994975,0.332627441439848,"Mean"
37.1147386934673,6.50369798994975,0.342673307464281,"Mean"
37.1993376884422,6.50369798994975,0.334254263534481,"Mean"
37.2839366834171,6.50369798994975,0.367888727166845,"Mean"
37.368535678392,6.50369798994975,0.30588455732472,"Mean"
37.4531346733668,6.50369798994975,0.296480233275079,"Mean"
37.5377336683417,6.50369798994975,0.309905534835371,"Mean"
37.6223326633166,6.50369798994975,0.303223533806098,"Mean"
37.7069316582915,6.50369798994975,0.294715564935373,"Mean"
37.7915306532663,6.50369798994975,0.443261126728701,"Mean"
37.8761296482412,6.50369798994975,0.473753033223106,"Mean"
37.9607286432161,6.50369798994975,0.468017879539104,"Mean"
38.045327638191,6.50369798994975,0.462291268791786,"Mean"
38.1299266331658,6.50369798994975,0.321093993639828,"Mean"
38.2145256281407,6.50369798994975,0.315032835477504,"Mean"
38.2991246231156,6.50369798994975,0.186843734313051,"Mean"
38.3837236180904,6.50369798994975,0.180762043143089,"Mean"
38.4683226130653,6.50369798994975,0.161195485946073,"Mean"
38.5529216080402,6.50369798994975,0.131687200684897,"Mean"
38.6375206030151,6.50369798994975,0.145487517162255,"Mean"
38.72211959799,6.50369798994975,0.115339970361681,"Mean"
38.8067185929648,6.50369798994975,0.160088644439212,"Mean"
38.8913175879397,6.50369798994975,0.183127079217584,"Mean"
38.9759165829146,6.50369798994975,0.199438707974073,"Mean"
39.0605155778894,6.50369798994975,0.188165899561025,"Mean"
39.1451145728643,6.50369798994975,0.221462299957251,"Mean"
39.2297135678392,6.50369798994975,0.257342645805393,"Mean"
39.3143125628141,6.50369798994975,0.24199288752123,"Mean"
39.3989115577889,6.50369798994975,0.259123851134896,"Mean"
39.4835105527638,6.50369798994975,0.242371404564958,"Mean"
39.5681095477387,6.50369798994975,0.237903813084194,"Mean"
39.6527085427136,6.50369798994975,0.233602310755847,"Mean"
39.7373075376884,6.50369798994975,0.228389406196772,"Mean"
39.8219065326633,6.50369798994975,0.225277342344963,"Mean"
39.9065055276382,6.50369798994975,0.219956574201172,"Mean"
39.9911045226131,6.50369798994975,0.187332207427313,"Mean"
40.0757035175879,6.50369798994975,0.205726514560753,"Mean"
40.1603025125628,6.50369798994975,0.191754585929371,"Mean"
40.2449015075377,6.50369798994975,0.20353605339215,"Mean"
40.3295005025126,6.50369798994975,0.21533680816635,"Mean"
40.4140994974874,6.50369798994975,0.234429390493713,"Mean"
40.4986984924623,6.50369798994975,0.25670998612639,"Mean"
40.5832974874372,6.50369798994975,0.269330094749091,"Mean"
40.6678964824121,6.50369798994975,0.263439006399647,"Mean"
40.7524954773869,6.50369798994975,0.240832129197376,"Mean"
40.8370944723618,6.50369798994975,0.22604437338022,"Mean"
40.9216934673367,6.50369798994975,0.213417685474058,"Mean"
41.0062924623116,6.50369798994975,0.212298539617645,"Mean"
41.0908914572864,6.50369798994975,0.222625094676977,"Mean"
41.1754904522613,6.50369798994975,0.243706976527337,"Mean"
41.2600894472362,6.50369798994975,0.250412414827862,"Mean"
41.344688442211,6.50369798994975,0.261809365166082,"Mean"
41.4292874371859,6.50369798994975,0.262156538641865,"Mean"
41.5138864321608,6.50369798994975,0.271566419767702,"Mean"
41.5984854271357,6.50369798994975,0.291820976615377,"Mean"
41.6830844221106,6.50369798994975,0.333310338568582,"Mean"
41.7676834170854,6.50369798994975,0.325066078413837,"Mean"
41.8522824120603,6.50369798994975,0.344907442968748,"Mean"
41.9368814070352,6.50369798994975,0.35495907437868,"Mean"
42.02148040201,6.50369798994975,0.361048686990213,"Mean"
42.1060793969849,6.50369798994975,0.364988250675059,"Mean"
42.1906783919598,6.50369798994975,0.372407540506854,"Mean"
42.2752773869347,6.50369798994975,0.376077367924746,"Mean"
42.3598763819095,6.50369798994975,0.385772973599229,"Mean"
42.4444753768844,6.50369798994975,0.389049365101468,"Mean"
42.5290743718593,6.50369798994975,0.384257633054969,"Mean"
42.6136733668342,6.50369798994975,0.386926015324173,"Mean"
42.698272361809,6.50369798994975,0.391114448132653,"Mean"
42.7828713567839,6.50369798994975,0.377293450733772,"Mean"
42.8674703517588,6.50369798994975,0.39626555701539,"Mean"
42.9520693467337,6.50369798994975,0.381824964487033,"Mean"
43.0366683417085,6.50369798994975,0.399602002375565,"Mean"
43.1212673366834,6.50369798994975,0.407350867501712,"Mean"
43.2058663316583,6.50369798994975,0.412196998219262,"Mean"
43.2904653266332,6.50369798994975,0.414667559431589,"Mean"
43.375064321608,6.50369798994975,0.422080260918621,"Mean"
43.4596633165829,6.50369798994975,0.426550369343625,"Mean"
43.5442623115578,6.50369798994975,0.429744102817542,"Mean"
43.6288613065327,6.50369798994975,0.426868716271235,"Mean"
43.7134603015075,6.50369798994975,0.428329577879569,"Mean"
43.7980592964824,6.50369798994975,0.426512400117259,"Mean"
43.8826582914573,6.50369798994975,0.427650734002252,"Mean"
43.9672572864322,6.50369798994975,0.425240319674326,"Mean"
44.051856281407,6.50369798994975,0.430107684399001,"Mean"
44.1364552763819,6.50369798994975,0.424813085096721,"Mean"
44.2210542713568,6.50369798994975,0.431470206268888,"Mean"
44.3056532663317,6.50369798994975,0.42904009795602,"Mean"
44.3902522613065,6.50369798994975,0.43924173385605,"Mean"
44.4748512562814,6.50369798994975,0.437560574671261,"Mean"
44.5594502512563,6.50369798994975,0.431550914195801,"Mean"
44.6440492462312,6.50369798994975,0.437102403918946,"Mean"
44.728648241206,6.50369798994975,0.434083228693021,"Mean"
44.8132472361809,6.50369798994975,0.4331269357401,"Mean"
44.8978462311558,6.50369798994975,0.432238317893689,"Mean"
44.9824452261307,6.50369798994975,0.431385744713635,"Mean"
45.0670442211055,6.50369798994975,0.430614711954561,"Mean"
45.1516432160804,6.50369798994975,0.429915011192741,"Mean"
45.2362422110553,6.50369798994975,0.429366780173738,"Mean"
45.3208412060302,6.50369798994975,0.428811134883456,"Mean"
45.405440201005,6.50369798994975,0.428367494045651,"Mean"
45.4900391959799,6.50369798994975,0.429277197934413,"Mean"
45.5746381909548,6.50369798994975,0.427611090881075,"Mean"
45.6592371859296,6.50369798994975,0.427356186619605,"Mean"
45.7438361809045,6.50369798994975,0.428354155940804,"Mean"
45.8284351758794,6.50369798994975,0.433246275785403,"Mean"
45.9130341708543,6.50369798994975,0.427386202828761,"Mean"
45.9976331658291,6.50369798994975,0.432144182001665,"Mean"
46.082232160804,6.50369798994975,0.427941996786103,"Mean"
46.1668311557789,6.50369798994975,0.442402857559293,"Mean"
46.2514301507538,6.50369798994975,0.427535591474349,"Mean"
46.3360291457286,6.50369798994975,0.427761575503712,"Mean"
34.7459668341709,6.57172462311558,0.874271443278116,"Mean"
34.8305658291457,6.57172462311558,0.834313221289552,"Mean"
34.9151648241206,6.57172462311558,0.776581230847299,"Mean"
34.9997638190955,6.57172462311558,0.719959946055697,"Mean"
35.0843628140704,6.57172462311558,0.658471869308349,"Mean"
35.1689618090452,6.57172462311558,0.58249064819216,"Mean"
35.2535608040201,6.57172462311558,0.492285416176441,"Mean"
35.338159798995,6.57172462311558,0.384657162895717,"Mean"
35.4227587939698,6.57172462311558,0.302111533382212,"Mean"
35.5073577889447,6.57172462311558,0.296285965280959,"Mean"
35.5919567839196,6.57172462311558,0.283909164785984,"Mean"
35.6765557788945,6.57172462311558,0.331374870690419,"Mean"
35.7611547738694,6.57172462311558,0.297616006343587,"Mean"
35.8457537688442,6.57172462311558,0.312381707375166,"Mean"
35.9303527638191,6.57172462311558,0.342921249924811,"Mean"
36.014951758794,6.57172462311558,0.357875093300971,"Mean"
36.0995507537688,6.57172462311558,0.345418974896254,"Mean"
36.1841497487437,6.57172462311558,0.344762784730459,"Mean"
36.2687487437186,6.57172462311558,0.316483712882793,"Mean"
36.3533477386935,6.57172462311558,0.340022008380241,"Mean"
36.4379467336683,6.57172462311558,0.347868435566025,"Mean"
36.5225457286432,6.57172462311558,0.370369364384716,"Mean"
36.6071447236181,6.57172462311558,0.3297935157917,"Mean"
36.691743718593,6.57172462311558,0.345590415014412,"Mean"
36.7763427135678,6.57172462311558,0.334860539677398,"Mean"
36.8609417085427,6.57172462311558,0.348702128839423,"Mean"
36.9455407035176,6.57172462311558,0.356008925230547,"Mean"
37.0301396984925,6.57172462311558,0.337898171040094,"Mean"
37.1147386934673,6.57172462311558,0.354377241364895,"Mean"
37.1993376884422,6.57172462311558,0.336591402820705,"Mean"
37.2839366834171,6.57172462311558,0.324422258315032,"Mean"
37.368535678392,6.57172462311558,0.309426441895742,"Mean"
37.4531346733668,6.57172462311558,0.317672715047722,"Mean"
37.5377336683417,6.57172462311558,0.300598542187231,"Mean"
37.6223326633166,6.57172462311558,0.298462837311253,"Mean"
37.7069316582915,6.57172462311558,0.288018043777116,"Mean"
37.7915306532663,6.57172462311558,0.315775162673445,"Mean"
37.8761296482412,6.57172462311558,0.47693308563375,"Mean"
37.9607286432161,6.57172462311558,0.322264220450733,"Mean"
38.045327638191,6.57172462311558,0.361654504199684,"Mean"
38.1299266331658,6.57172462311558,0.341248664202433,"Mean"
38.2145256281407,6.57172462311558,0.298965836152847,"Mean"
38.2991246231156,6.57172462311558,0.189184880678748,"Mean"
38.3837236180904,6.57172462311558,0.176639949352244,"Mean"
38.4683226130653,6.57172462311558,0.159146148286063,"Mean"
38.5529216080402,6.57172462311558,0.132485946693278,"Mean"
38.6375206030151,6.57172462311558,0.148186806783579,"Mean"
38.72211959799,6.57172462311558,0.119488801582094,"Mean"
38.8067185929648,6.57172462311558,0.16902667349342,"Mean"
38.8913175879397,6.57172462311558,0.180653272257702,"Mean"
38.9759165829146,6.57172462311558,0.201225686096845,"Mean"
39.0605155778894,6.57172462311558,0.191032437303342,"Mean"
39.1451145728643,6.57172462311558,0.2237773728528,"Mean"
39.2297135678392,6.57172462311558,0.229803248671241,"Mean"
39.3143125628141,6.57172462311558,0.243011542688779,"Mean"
39.3989115577889,6.57172462311558,0.246805882988292,"Mean"
39.4835105527638,6.57172462311558,0.244536598516832,"Mean"
39.5681095477387,6.57172462311558,0.239822092190369,"Mean"
39.6527085427136,6.57172462311558,0.234004155267642,"Mean"
39.7373075376884,6.57172462311558,0.230648064395103,"Mean"
39.8219065326633,6.57172462311558,0.227514170966877,"Mean"
39.9065055276382,6.57172462311558,0.222136277809225,"Mean"
39.9911045226131,6.57172462311558,0.196061425181945,"Mean"
40.0757035175879,6.57172462311558,0.198167732821708,"Mean"
40.1603025125628,6.57172462311558,0.198674863584543,"Mean"
40.2449015075377,6.57172462311558,0.192862307948701,"Mean"
40.3295005025126,6.57172462311558,0.198004410551979,"Mean"
40.4140994974874,6.57172462311558,0.200985005628273,"Mean"
40.4986984924623,6.57172462311558,0.218381086441132,"Mean"
40.5832974874372,6.57172462311558,0.228474812894732,"Mean"
40.6678964824121,6.57172462311558,0.228037984724724,"Mean"
40.7524954773869,6.57172462311558,0.211972896811639,"Mean"
40.8370944723618,6.57172462311558,0.197286697431082,"Mean"
40.9216934673367,6.57172462311558,0.208778043474183,"Mean"
41.0062924623116,6.57172462311558,0.216555678677661,"Mean"
41.0908914572864,6.57172462311558,0.227108294893572,"Mean"
41.1754904522613,6.57172462311558,0.23487685802141,"Mean"
41.2600894472362,6.57172462311558,0.238433969936859,"Mean"
41.344688442211,6.57172462311558,0.249799760333885,"Mean"
41.4292874371859,6.57172462311558,0.266110523077628,"Mean"
41.5138864321608,6.57172462311558,0.265871382780263,"Mean"
41.5984854271357,6.57172462311558,0.299339434422438,"Mean"
41.6830844221106,6.57172462311558,0.32991448733132,"Mean"
41.7676834170854,6.57172462311558,0.317975912004609,"Mean"
41.8522824120603,6.57172462311558,0.336331679857628,"Mean"
41.9368814070352,6.57172462311558,0.324925604099647,"Mean"
42.02148040201,6.57172462311558,0.34325616224288,"Mean"
42.1060793969849,6.57172462311558,0.3646064847122,"Mean"
42.1906783919598,6.57172462311558,0.366448713545978,"Mean"
42.2752773869347,6.57172462311558,0.376386210559649,"Mean"
42.3598763819095,6.57172462311558,0.379457145344856,"Mean"
42.4444753768844,6.57172462311558,0.384340098846484,"Mean"
42.5290743718593,6.57172462311558,0.389948145159614,"Mean"
42.6136733668342,6.57172462311558,0.370307452368262,"Mean"
42.698272361809,6.57172462311558,0.377896708748734,"Mean"
42.7828713567839,6.57172462311558,0.381663155625764,"Mean"
42.8674703517588,6.57172462311558,0.375665498853136,"Mean"
42.9520693467337,6.57172462311558,0.37965812520641,"Mean"
43.0366683417085,6.57172462311558,0.411090747305244,"Mean"
43.1212673366834,6.57172462311558,0.407533111991466,"Mean"
43.2058663316583,6.57172462311558,0.404307980158629,"Mean"
43.2904653266332,6.57172462311558,0.403404646895041,"Mean"
43.375064321608,6.57172462311558,0.415671469569111,"Mean"
43.4596633165829,6.57172462311558,0.424169652343115,"Mean"
43.5442623115578,6.57172462311558,0.407057194190053,"Mean"
43.6288613065327,6.57172462311558,0.420064191815657,"Mean"
43.7134603015075,6.57172462311558,0.412138492020093,"Mean"
43.7980592964824,6.57172462311558,0.41446567499748,"Mean"
43.8826582914573,6.57172462311558,0.429702765056116,"Mean"
43.9672572864322,6.57172462311558,0.429559975022023,"Mean"
44.051856281407,6.57172462311558,0.429802079887945,"Mean"
44.1364552763819,6.57172462311558,0.435890213791991,"Mean"
44.2210542713568,6.57172462311558,0.430125642207129,"Mean"
44.3056532663317,6.57172462311558,0.443193832518175,"Mean"
44.3902522613065,6.57172462311558,0.429063333916308,"Mean"
44.4748512562814,6.57172462311558,0.438339484417193,"Mean"
44.5594502512563,6.57172462311558,0.432299350063118,"Mean"
44.6440492462312,6.57172462311558,0.432159294131242,"Mean"
44.728648241206,6.57172462311558,0.432413837781672,"Mean"
44.8132472361809,6.57172462311558,0.431547079701488,"Mean"
44.8978462311558,6.57172462311558,0.430610313907359,"Mean"
44.9824452261307,6.57172462311558,0.429755625011444,"Mean"
45.0670442211055,6.57172462311558,0.4289952060208,"Mean"
45.1516432160804,6.57172462311558,0.428300553273504,"Mean"
45.2362422110553,6.57172462311558,0.429688341389179,"Mean"
45.3208412060302,6.57172462311558,0.427198562640892,"Mean"
45.405440201005,6.57172462311558,0.426748470284229,"Mean"
45.4900391959799,6.57172462311558,0.427404121658194,"Mean"
45.5746381909548,6.57172462311558,0.426985749369953,"Mean"
45.6592371859296,6.57172462311558,0.425807010498255,"Mean"
45.7438361809045,6.57172462311558,0.426349151993679,"Mean"
45.8284351758794,6.57172462311558,0.425535993666333,"Mean"
45.9130341708543,6.57172462311558,0.425595524054116,"Mean"
45.9976331658291,6.57172462311558,0.426195294071966,"Mean"
46.082232160804,6.57172462311558,0.426056296549988,"Mean"
46.1668311557789,6.57172462311558,0.440714574221198,"Mean"
46.2514301507538,6.57172462311558,0.426096691788498,"Mean"
46.3360291457286,6.57172462311558,0.426537353177601,"Mean"
46.4206281407035,6.57172462311558,0.426560983894592,"Mean"
34.661367839196,6.63975125628141,0.881777749443603,"Mean"
34.7459668341709,6.63975125628141,0.840892414392663,"Mean"
34.8305658291457,6.63975125628141,0.80390329681015,"Mean"
34.9151648241206,6.63975125628141,0.740433938775892,"Mean"
34.9997638190955,6.63975125628141,0.663593499842077,"Mean"
35.0843628140704,6.63975125628141,0.55784427110912,"Mean"
35.1689618090452,6.63975125628141,0.489446170213046,"Mean"
35.2535608040201,6.63975125628141,0.413934262620728,"Mean"
35.338159798995,6.63975125628141,0.323043810244409,"Mean"
35.4227587939698,6.63975125628141,0.302547094124305,"Mean"
35.5073577889447,6.63975125628141,0.288486097428536,"Mean"
35.5919567839196,6.63975125628141,0.308480568484201,"Mean"
35.6765557788945,6.63975125628141,0.318007675659219,"Mean"
35.7611547738694,6.63975125628141,0.294589836217626,"Mean"
35.8457537688442,6.63975125628141,0.302402032042132,"Mean"
35.9303527638191,6.63975125628141,0.31634494811766,"Mean"
36.014951758794,6.63975125628141,0.336052693526223,"Mean"
36.0995507537688,6.63975125628141,0.38029617092871,"Mean"
36.1841497487437,6.63975125628141,0.345694981778844,"Mean"
36.2687487437186,6.63975125628141,0.335546041447087,"Mean"
36.3533477386935,6.63975125628141,0.347415640495986,"Mean"
36.4379467336683,6.63975125628141,0.350558361598803,"Mean"
36.5225457286432,6.63975125628141,0.348755914686019,"Mean"
36.6071447236181,6.63975125628141,0.345548131148475,"Mean"
36.691743718593,6.63975125628141,0.341993189795766,"Mean"
36.7763427135678,6.63975125628141,0.337362626741871,"Mean"
36.8609417085427,6.63975125628141,0.337905250786727,"Mean"
36.9455407035176,6.63975125628141,0.357797546388943,"Mean"
37.0301396984925,6.63975125628141,0.35980677981764,"Mean"
37.1147386934673,6.63975125628141,0.355585699006753,"Mean"
37.1993376884422,6.63975125628141,0.35298991902781,"Mean"
37.2839366834171,6.63975125628141,0.335351715432773,"Mean"
37.368535678392,6.63975125628141,0.318812523849837,"Mean"
37.4531346733668,6.63975125628141,0.307493338043015,"Mean"
37.5377336683417,6.63975125628141,0.332418361347225,"Mean"
37.6223326633166,6.63975125628141,0.316349454878373,"Mean"
37.7069316582915,6.63975125628141,0.302426820713462,"Mean"
37.7915306532663,6.63975125628141,0.305548085891121,"Mean"
37.8761296482412,6.63975125628141,0.30656813615198,"Mean"
37.9607286432161,6.63975125628141,0.333568181520161,"Mean"
38.045327638191,6.63975125628141,0.2952109252223,"Mean"
38.1299266331658,6.63975125628141,0.316661343033774,"Mean"
38.2145256281407,6.63975125628141,0.295278621490664,"Mean"
38.2991246231156,6.63975125628141,0.191748620138852,"Mean"
38.3837236180904,6.63975125628141,0.171072417314472,"Mean"
38.4683226130653,6.63975125628141,0.190215957872144,"Mean"
38.5529216080402,6.63975125628141,0.154352355132804,"Mean"
38.6375206030151,6.63975125628141,0.128989092392876,"Mean"
38.72211959799,6.63975125628141,0.124454528952014,"Mean"
38.8067185929648,6.63975125628141,0.17640859252051,"Mean"
38.8913175879397,6.63975125628141,0.199206618615266,"Mean"
38.9759165829146,6.63975125628141,0.220117972637636,"Mean"
39.0605155778894,6.63975125628141,0.222087508383002,"Mean"
39.1451145728643,6.63975125628141,0.228574343826708,"Mean"
39.2297135678392,6.63975125628141,0.245931963568715,"Mean"
39.3143125628141,6.63975125628141,0.248736928249326,"Mean"
39.3989115577889,6.63975125628141,0.286921140329899,"Mean"
39.4835105527638,6.63975125628141,0.244908450980162,"Mean"
39.5681095477387,6.63975125628141,0.242870145750877,"Mean"
39.6527085427136,6.63975125628141,0.238295239953016,"Mean"
39.7373075376884,6.63975125628141,0.234695547354275,"Mean"
39.8219065326633,6.63975125628141,0.22994327634169,"Mean"
39.9065055276382,6.63975125628141,0.226240294868625,"Mean"
39.9911045226131,6.63975125628141,0.21311246911992,"Mean"
40.0757035175879,6.63975125628141,0.200160399482068,"Mean"
40.1603025125628,6.63975125628141,0.199801670614789,"Mean"
40.2449015075377,6.63975125628141,0.20299455515184,"Mean"
40.3295005025126,6.63975125628141,0.208239973149846,"Mean"
40.4140994974874,6.63975125628141,0.191356586344489,"Mean"
40.4986984924623,6.63975125628141,0.186806491774676,"Mean"
40.5832974874372,6.63975125628141,0.190294036448799,"Mean"
40.6678964824121,6.63975125628141,0.198586127336924,"Mean"
40.7524954773869,6.63975125628141,0.187712278169358,"Mean"
40.8370944723618,6.63975125628141,0.184866635055738,"Mean"
40.9216934673367,6.63975125628141,0.192573488113037,"Mean"
41.0062924623116,6.63975125628141,0.198971881519678,"Mean"
41.0908914572864,6.63975125628141,0.213598573129791,"Mean"
41.1754904522613,6.63975125628141,0.22034443913929,"Mean"
41.2600894472362,6.63975125628141,0.240827027885272,"Mean"
41.344688442211,6.63975125628141,0.246302511737275,"Mean"
41.4292874371859,6.63975125628141,0.26066507398658,"Mean"
41.5138864321608,6.63975125628141,0.263216240797919,"Mean"
41.5984854271357,6.63975125628141,0.271676721046685,"Mean"
41.6830844221106,6.63975125628141,0.292658336884443,"Mean"
41.7676834170854,6.63975125628141,0.294755846616853,"Mean"
41.8522824120603,6.63975125628141,0.318753095487161,"Mean"
41.9368814070352,6.63975125628141,0.346654430865254,"Mean"
42.02148040201,6.63975125628141,0.350344908388865,"Mean"
42.1060793969849,6.63975125628141,0.357130430611705,"Mean"
42.1906783919598,6.63975125628141,0.340330260045189,"Mean"
42.2752773869347,6.63975125628141,0.364393154637678,"Mean"
42.3598763819095,6.63975125628141,0.369404054459085,"Mean"
42.4444753768844,6.63975125628141,0.364826755216435,"Mean"
42.5290743718593,6.63975125628141,0.357478769133645,"Mean"
42.6136733668342,6.63975125628141,0.359422519313541,"Mean"
42.698272361809,6.63975125628141,0.36551083540454,"Mean"
42.7828713567839,6.63975125628141,0.370951027590259,"Mean"
42.8674703517588,6.63975125628141,0.383430200562109,"Mean"
42.9520693467337,6.63975125628141,0.377975438219385,"Mean"
43.0366683417085,6.63975125628141,0.394735688141647,"Mean"
43.1212673366834,6.63975125628141,0.395048576008153,"Mean"
43.2058663316583,6.63975125628141,0.393749531337148,"Mean"
43.2904653266332,6.63975125628141,0.405624763676656,"Mean"
43.375064321608,6.63975125628141,0.409913583246786,"Mean"
43.4596633165829,6.63975125628141,0.413355522309536,"Mean"
43.5442623115578,6.63975125628141,0.427420402362239,"Mean"
43.6288613065327,6.63975125628141,0.412515618117156,"Mean"
43.7134603015075,6.63975125628141,0.41042921186136,"Mean"
43.7980592964824,6.63975125628141,0.412181300846864,"Mean"
43.8826582914573,6.63975125628141,0.417779724471441,"Mean"
43.9672572864322,6.63975125628141,0.420436709726969,"Mean"
44.051856281407,6.63975125628141,0.426580406018177,"Mean"
44.1364552763819,6.63975125628141,0.427395616580743,"Mean"
44.2210542713568,6.63975125628141,0.426455140131611,"Mean"
44.3056532663317,6.63975125628141,0.444783879518651,"Mean"
44.3902522613065,6.63975125628141,0.446324517088517,"Mean"
44.4748512562814,6.63975125628141,0.427258830103873,"Mean"
44.5594502512563,6.63975125628141,0.43042392367182,"Mean"
44.6440492462312,6.63975125628141,0.432941412553305,"Mean"
44.728648241206,6.63975125628141,0.430869614626485,"Mean"
44.8132472361809,6.63975125628141,0.429898428530986,"Mean"
44.8978462311558,6.63975125628141,0.429013425169358,"Mean"
44.9824452261307,6.63975125628141,0.428179630224856,"Mean"
45.0670442211055,6.63975125628141,0.427394285131302,"Mean"
45.1516432160804,6.63975125628141,0.426700562367816,"Mean"
45.2362422110553,6.63975125628141,0.426124965889103,"Mean"
45.3208412060302,6.63975125628141,0.425607322474171,"Mean"
45.405440201005,6.63975125628141,0.425167192951563,"Mean"
45.4900391959799,6.63975125628141,0.424802716115894,"Mean"
45.5746381909548,6.63975125628141,0.424728288417822,"Mean"
45.6592371859296,6.63975125628141,0.424275345411684,"Mean"
45.7438361809045,6.63975125628141,0.424161932070983,"Mean"
45.8284351758794,6.63975125628141,0.428113418929883,"Mean"
45.9130341708543,6.63975125628141,0.424095853192108,"Mean"
45.9976331658291,6.63975125628141,0.424311080501104,"Mean"
46.082232160804,6.63975125628141,0.424200712897673,"Mean"
46.1668311557789,6.63975125628141,0.426229816660661,"Mean"
46.2514301507538,6.63975125628141,0.425827584071175,"Mean"
46.3360291457286,6.63975125628141,0.439817097280164,"Mean"
46.4206281407035,6.63975125628141,0.425946538893109,"Mean"
46.5052271356784,6.63975125628141,0.430869394564308,"Mean"
34.4921698492462,6.70777788944724,0.917084237147222,"Mean"
34.5767688442211,6.70777788944724,0.894789803565229,"Mean"
34.661367839196,6.70777788944724,0.864185050850377,"Mean"
34.7459668341709,6.70777788944724,0.803087434209309,"Mean"
34.8305658291457,6.70777788944724,0.736534635305997,"Mean"
34.9151648241206,6.70777788944724,0.665980088249984,"Mean"
34.9997638190955,6.70777788944724,0.590448394962999,"Mean"
35.0843628140704,6.70777788944724,0.510129824697699,"Mean"
35.1689618090452,6.70777788944724,0.446129328922106,"Mean"
35.2535608040201,6.70777788944724,0.348821017299066,"Mean"
35.338159798995,6.70777788944724,0.309896301967452,"Mean"
35.4227587939698,6.70777788944724,0.297995280029874,"Mean"
35.5073577889447,6.70777788944724,0.289836565724271,"Mean"
35.5919567839196,6.70777788944724,0.289045182989164,"Mean"
35.6765557788945,6.70777788944724,0.305598757420714,"Mean"
35.7611547738694,6.70777788944724,0.307458631138298,"Mean"
35.8457537688442,6.70777788944724,0.304396389390104,"Mean"
35.9303527638191,6.70777788944724,0.305261800630104,"Mean"
36.014951758794,6.70777788944724,0.329393837594126,"Mean"
36.0995507537688,6.70777788944724,0.38828061109791,"Mean"
36.1841497487437,6.70777788944724,0.374089939226799,"Mean"
36.2687487437186,6.70777788944724,0.327174451966961,"Mean"
36.3533477386935,6.70777788944724,0.332321981670843,"Mean"
36.4379467336683,6.70777788944724,0.346265888482152,"Mean"
36.5225457286432,6.70777788944724,0.337651593899822,"Mean"
36.6071447236181,6.70777788944724,0.344424324670543,"Mean"
36.691743718593,6.70777788944724,0.38082343193841,"Mean"
36.7763427135678,6.70777788944724,0.372147547830388,"Mean"
36.8609417085427,6.70777788944724,0.361483999998937,"Mean"
36.9455407035176,6.70777788944724,0.372829326168051,"Mean"
37.0301396984925,6.70777788944724,0.361572893061383,"Mean"
37.1147386934673,6.70777788944724,0.361720095028055,"Mean"
37.1993376884422,6.70777788944724,0.358447840238944,"Mean"
37.2839366834171,6.70777788944724,0.336795750676855,"Mean"
37.368535678392,6.70777788944724,0.312668774513322,"Mean"
37.4531346733668,6.70777788944724,0.277713606349691,"Mean"
37.5377336683417,6.70777788944724,0.253360989363163,"Mean"
37.6223326633166,6.70777788944724,0.260822672258498,"Mean"
37.7069316582915,6.70777788944724,0.28003103165812,"Mean"
37.7915306532663,6.70777788944724,0.289413596933959,"Mean"
37.8761296482412,6.70777788944724,0.283533310500109,"Mean"
37.9607286432161,6.70777788944724,0.30332528162758,"Mean"
38.045327638191,6.70777788944724,0.29676440945538,"Mean"
38.1299266331658,6.70777788944724,0.29546561778191,"Mean"
38.2145256281407,6.70777788944724,0.249436890463154,"Mean"
38.2991246231156,6.70777788944724,0.214294164849817,"Mean"
38.3837236180904,6.70777788944724,0.207714646814476,"Mean"
38.4683226130653,6.70777788944724,0.2165486158643,"Mean"
38.5529216080402,6.70777788944724,0.191018081302005,"Mean"
38.6375206030151,6.70777788944724,0.162851164751541,"Mean"
38.72211959799,6.70777788944724,0.166779369467142,"Mean"
38.8067185929648,6.70777788944724,0.201005249712107,"Mean"
38.8913175879397,6.70777788944724,0.189473414152218,"Mean"
38.9759165829146,6.70777788944724,0.210982116569206,"Mean"
39.0605155778894,6.70777788944724,0.259426527473401,"Mean"
39.1451145728643,6.70777788944724,0.25457482764393,"Mean"
39.2297135678392,6.70777788944724,0.247867360755928,"Mean"
39.3143125628141,6.70777788944724,0.240733576476822,"Mean"
39.3989115577889,6.70777788944724,0.235585750681755,"Mean"
39.4835105527638,6.70777788944724,0.240728965621225,"Mean"
39.5681095477387,6.70777788944724,0.244795593128885,"Mean"
39.6527085427136,6.70777788944724,0.240658894237506,"Mean"
39.7373075376884,6.70777788944724,0.232512822121999,"Mean"
39.8219065326633,6.70777788944724,0.227433590743183,"Mean"
39.9065055276382,6.70777788944724,0.222893643279558,"Mean"
39.9911045226131,6.70777788944724,0.221557318823644,"Mean"
40.0757035175879,6.70777788944724,0.202756252746507,"Mean"
40.1603025125628,6.70777788944724,0.207984800318691,"Mean"
40.2449015075377,6.70777788944724,0.20413638584472,"Mean"
40.3295005025126,6.70777788944724,0.202140490716802,"Mean"
40.4140994974874,6.70777788944724,0.196171572401439,"Mean"
40.4986984924623,6.70777788944724,0.185430302503465,"Mean"
40.5832974874372,6.70777788944724,0.182566231747664,"Mean"
40.6678964824121,6.70777788944724,0.176044082200507,"Mean"
40.7524954773869,6.70777788944724,0.176022227008832,"Mean"
40.8370944723618,6.70777788944724,0.180659874801393,"Mean"
40.9216934673367,6.70777788944724,0.19583670653368,"Mean"
41.0062924623116,6.70777788944724,0.19705124860952,"Mean"
41.0908914572864,6.70777788944724,0.209144763998477,"Mean"
41.1754904522613,6.70777788944724,0.226521445766861,"Mean"
41.2600894472362,6.70777788944724,0.236803019215111,"Mean"
41.344688442211,6.70777788944724,0.236609523900826,"Mean"
41.4292874371859,6.70777788944724,0.249186043081558,"Mean"
41.5138864321608,6.70777788944724,0.25970538829209,"Mean"
41.5984854271357,6.70777788944724,0.280882877255668,"Mean"
41.6830844221106,6.70777788944724,0.307481037847921,"Mean"
41.7676834170854,6.70777788944724,0.32312434798724,"Mean"
41.8522824120603,6.70777788944724,0.311969132691955,"Mean"
41.9368814070352,6.70777788944724,0.3347591610898,"Mean"
42.02148040201,6.70777788944724,0.34780854604638,"Mean"
42.1060793969849,6.70777788944724,0.345926648912729,"Mean"
42.1906783919598,6.70777788944724,0.32704300214967,"Mean"
42.2752773869347,6.70777788944724,0.333896424737183,"Mean"
42.3598763819095,6.70777788944724,0.376795277529101,"Mean"
42.4444753768844,6.70777788944724,0.360634034763298,"Mean"
42.5290743718593,6.70777788944724,0.352160820182575,"Mean"
42.6136733668342,6.70777788944724,0.357316497091177,"Mean"
42.698272361809,6.70777788944724,0.371928588601201,"Mean"
42.7828713567839,6.70777788944724,0.380599036397404,"Mean"
42.8674703517588,6.70777788944724,0.385233257763552,"Mean"
42.9520693467337,6.70777788944724,0.37636762605975,"Mean"
43.0366683417085,6.70777788944724,0.388167569162282,"Mean"
43.1212673366834,6.70777788944724,0.389687280220562,"Mean"
43.2058663316583,6.70777788944724,0.398403840219975,"Mean"
43.2904653266332,6.70777788944724,0.40741032356944,"Mean"
43.375064321608,6.70777788944724,0.398842499404473,"Mean"
43.4596633165829,6.70777788944724,0.423883699824859,"Mean"
43.5442623115578,6.70777788944724,0.413928940312247,"Mean"
43.6288613065327,6.70777788944724,0.404298271718108,"Mean"
43.7134603015075,6.70777788944724,0.408135169466995,"Mean"
43.7980592964824,6.70777788944724,0.410201479423287,"Mean"
43.8826582914573,6.70777788944724,0.411561053849903,"Mean"
43.9672572864322,6.70777788944724,0.42409953628825,"Mean"
44.051856281407,6.70777788944724,0.425500530722541,"Mean"
44.1364552763819,6.70777788944724,0.419294075769917,"Mean"
44.2210542713568,6.70777788944724,0.420676232487433,"Mean"
44.3056532663317,6.70777788944724,0.44322404524145,"Mean"
44.3902522613065,6.70777788944724,0.430810144443192,"Mean"
44.4748512562814,6.70777788944724,0.426151500082535,"Mean"
44.5594502512563,6.70777788944724,0.428315533328401,"Mean"
44.6440492462312,6.70777788944724,0.433005096675594,"Mean"
44.728648241206,6.70777788944724,0.432361482393784,"Mean"
44.8132472361809,6.70777788944724,0.428327074984787,"Mean"
44.8978462311558,6.70777788944724,0.427372660474679,"Mean"
44.9824452261307,6.70777788944724,0.4265571485263,"Mean"
45.0670442211055,6.70777788944724,0.425823508741943,"Mean"
45.1516432160804,6.70777788944724,0.425148682604362,"Mean"
45.2362422110553,6.70777788944724,0.425223814751914,"Mean"
45.3208412060302,6.70777788944724,0.424046062630946,"Mean"
45.405440201005,6.70777788944724,0.423653322807125,"Mean"
45.4900391959799,6.70777788944724,0.424642943674832,"Mean"
45.5746381909548,6.70777788944724,0.423027536328909,"Mean"
45.6592371859296,6.70777788944724,0.423338541350991,"Mean"
45.7438361809045,6.70777788944724,0.422642281113835,"Mean"
45.8284351758794,6.70777788944724,0.422606110387901,"Mean"
45.9130341708543,6.70777788944724,0.422962029161761,"Mean"
45.9976331658291,6.70777788944724,0.422650946588404,"Mean"
46.082232160804,6.70777788944724,0.424047538345049,"Mean"
46.1668311557789,6.70777788944724,0.438838480663626,"Mean"
46.2514301507538,6.70777788944724,0.436543102138924,"Mean"
46.3360291457286,6.70777788944724,0.429618219420956,"Mean"
46.4206281407035,6.70777788944724,0.424348815362149,"Mean"
46.5052271356784,6.70777788944724,0.42421170267287,"Mean"
34.4075708542714,6.77580452261306,0.934732876684916,"Mean"
34.4921698492462,6.77580452261306,0.904478833275967,"Mean"
34.5767688442211,6.77580452261306,0.883477875583894,"Mean"
34.661367839196,6.77580452261306,0.812285708145104,"Mean"
34.7459668341709,6.77580452261306,0.792676095261255,"Mean"
34.8305658291457,6.77580452261306,0.69555677531286,"Mean"
34.9151648241206,6.77580452261306,0.623770386092047,"Mean"
34.9997638190955,6.77580452261306,0.545379009053382,"Mean"
35.0843628140704,6.77580452261306,0.461545638260316,"Mean"
35.1689618090452,6.77580452261306,0.374756364328621,"Mean"
35.2535608040201,6.77580452261306,0.308465617118922,"Mean"
35.338159798995,6.77580452261306,0.289991523463803,"Mean"
35.4227587939698,6.77580452261306,0.266950452308807,"Mean"
35.5073577889447,6.77580452261306,0.254996048636245,"Mean"
35.5919567839196,6.77580452261306,0.272458034754158,"Mean"
35.6765557788945,6.77580452261306,0.279516274210637,"Mean"
35.7611547738694,6.77580452261306,0.279812752790897,"Mean"
35.8457537688442,6.77580452261306,0.28321914978169,"Mean"
35.9303527638191,6.77580452261306,0.309713649255979,"Mean"
36.014951758794,6.77580452261306,0.317211409619671,"Mean"
36.0995507537688,6.77580452261306,0.331822280711652,"Mean"
36.1841497487437,6.77580452261306,0.327529027269242,"Mean"
36.2687487437186,6.77580452261306,0.33060864928566,"Mean"
36.3533477386935,6.77580452261306,0.361479836676076,"Mean"
36.4379467336683,6.77580452261306,0.363924257091917,"Mean"
36.5225457286432,6.77580452261306,0.355263317964497,"Mean"
36.6071447236181,6.77580452261306,0.353207813254691,"Mean"
36.691743718593,6.77580452261306,0.369071067880451,"Mean"
36.7763427135678,6.77580452261306,0.36272879424978,"Mean"
36.8609417085427,6.77580452261306,0.362923020582429,"Mean"
36.9455407035176,6.77580452261306,0.36522207148987,"Mean"
37.0301396984925,6.77580452261306,0.355219724535767,"Mean"
37.1147386934673,6.77580452261306,0.339153089294049,"Mean"
37.1993376884422,6.77580452261306,0.351457274023932,"Mean"
37.2839366834171,6.77580452261306,0.342102375875329,"Mean"
37.368535678392,6.77580452261306,0.26997029012245,"Mean"
37.4531346733668,6.77580452261306,0.270686700991757,"Mean"
37.5377336683417,6.77580452261306,0.250590843116306,"Mean"
37.6223326633166,6.77580452261306,0.245828315238378,"Mean"
37.7069316582915,6.77580452261306,0.262171532366317,"Mean"
37.7915306532663,6.77580452261306,0.274579663258216,"Mean"
37.8761296482412,6.77580452261306,0.27971225995101,"Mean"
37.9607286432161,6.77580452261306,0.296029763419435,"Mean"
38.045327638191,6.77580452261306,0.284017503504744,"Mean"
38.1299266331658,6.77580452261306,0.291831981421389,"Mean"
38.2145256281407,6.77580452261306,0.252429924865594,"Mean"
38.2991246231156,6.77580452261306,0.196558259567873,"Mean"
38.3837236180904,6.77580452261306,0.206978583151076,"Mean"
38.4683226130653,6.77580452261306,0.211050404984132,"Mean"
38.5529216080402,6.77580452261306,0.192907809894829,"Mean"
38.6375206030151,6.77580452261306,0.202395046981425,"Mean"
38.72211959799,6.77580452261306,0.208037250005185,"Mean"
38.8067185929648,6.77580452261306,0.203851187378019,"Mean"
38.8913175879397,6.77580452261306,0.227386263266755,"Mean"
38.9759165829146,6.77580452261306,0.251587188820282,"Mean"
39.0605155778894,6.77580452261306,0.263329113913852,"Mean"
39.1451145728643,6.77580452261306,0.249806287454648,"Mean"
39.2297135678392,6.77580452261306,0.254622836004906,"Mean"
39.3143125628141,6.77580452261306,0.24609276270452,"Mean"
39.3989115577889,6.77580452261306,0.293655713041981,"Mean"
39.4835105527638,6.77580452261306,0.241258121095486,"Mean"
39.5681095477387,6.77580452261306,0.249352859629641,"Mean"
39.6527085427136,6.77580452261306,0.246842487004041,"Mean"
39.7373075376884,6.77580452261306,0.258815412791497,"Mean"
39.8219065326633,6.77580452261306,0.278605928850299,"Mean"
39.9065055276382,6.77580452261306,0.268043508740835,"Mean"
39.9911045226131,6.77580452261306,0.224128335821348,"Mean"
40.0757035175879,6.77580452261306,0.19761736213599,"Mean"
40.1603025125628,6.77580452261306,0.202912372358109,"Mean"
40.2449015075377,6.77580452261306,0.19513805376372,"Mean"
40.3295005025126,6.77580452261306,0.188067692691733,"Mean"
40.4140994974874,6.77580452261306,0.188435188228856,"Mean"
40.4986984924623,6.77580452261306,0.188298994658006,"Mean"
40.5832974874372,6.77580452261306,0.185292590821866,"Mean"
40.6678964824121,6.77580452261306,0.179386529669184,"Mean"
40.7524954773869,6.77580452261306,0.17967755929773,"Mean"
40.8370944723618,6.77580452261306,0.177287881496297,"Mean"
40.9216934673367,6.77580452261306,0.213294464988192,"Mean"
41.0062924623116,6.77580452261306,0.207747699412197,"Mean"
41.0908914572864,6.77580452261306,0.206532537037782,"Mean"
41.1754904522613,6.77580452261306,0.214230861630124,"Mean"
41.2600894472362,6.77580452261306,0.2247860447652,"Mean"
41.344688442211,6.77580452261306,0.23426596803723,"Mean"
41.4292874371859,6.77580452261306,0.252396942366802,"Mean"
41.5138864321608,6.77580452261306,0.257216844447208,"Mean"
41.5984854271357,6.77580452261306,0.268283665141113,"Mean"
41.6830844221106,6.77580452261306,0.297094478824562,"Mean"
41.7676834170854,6.77580452261306,0.296278641285381,"Mean"
41.8522824120603,6.77580452261306,0.314796329238343,"Mean"
41.9368814070352,6.77580452261306,0.312652603907688,"Mean"
42.02148040201,6.77580452261306,0.332233328300226,"Mean"
42.1060793969849,6.77580452261306,0.323063102233933,"Mean"
42.1906783919598,6.77580452261306,0.326571965753725,"Mean"
42.2752773869347,6.77580452261306,0.341628494277627,"Mean"
42.3598763819095,6.77580452261306,0.376631720780687,"Mean"
42.4444753768844,6.77580452261306,0.378072546160748,"Mean"
42.5290743718593,6.77580452261306,0.368800605131268,"Mean"
42.6136733668342,6.77580452261306,0.359048012440531,"Mean"
42.698272361809,6.77580452261306,0.381967634110689,"Mean"
42.7828713567839,6.77580452261306,0.38587904620053,"Mean"
42.8674703517588,6.77580452261306,0.389131360377315,"Mean"
42.9520693467337,6.77580452261306,0.381700661732994,"Mean"
43.0366683417085,6.77580452261306,0.384784469007323,"Mean"
43.1212673366834,6.77580452261306,0.383845688043562,"Mean"
43.2058663316583,6.77580452261306,0.394315319791101,"Mean"
43.2904653266332,6.77580452261306,0.392683023694925,"Mean"
43.375064321608,6.77580452261306,0.393403082637598,"Mean"
43.4596633165829,6.77580452261306,0.422486656519036,"Mean"
43.5442623115578,6.77580452261306,0.417920905805038,"Mean"
43.6288613065327,6.77580452261306,0.411034474330719,"Mean"
43.7134603015075,6.77580452261306,0.406212596981539,"Mean"
43.7980592964824,6.77580452261306,0.408001021741493,"Mean"
43.8826582914573,6.77580452261306,0.410200782395702,"Mean"
43.9672572864322,6.77580452261306,0.412538469454077,"Mean"
44.051856281407,6.77580452261306,0.417071604339529,"Mean"
44.1364552763819,6.77580452261306,0.417508018546965,"Mean"
44.2210542713568,6.77580452261306,0.420863532179218,"Mean"
44.3056532663317,6.77580452261306,0.431756617550709,"Mean"
44.3902522613065,6.77580452261306,0.42438729344742,"Mean"
44.4748512562814,6.77580452261306,0.42901888912081,"Mean"
44.5594502512563,6.77580452261306,0.437733761445014,"Mean"
44.6440492462312,6.77580452261306,0.4290400706383,"Mean"
44.728648241206,6.77580452261306,0.427903564653194,"Mean"
44.8132472361809,6.77580452261306,0.427544095069934,"Mean"
44.8978462311558,6.77580452261306,0.432039270511261,"Mean"
44.9824452261307,6.77580452261306,0.426795606440144,"Mean"
45.0670442211055,6.77580452261306,0.424268592727847,"Mean"
45.1516432160804,6.77580452261306,0.423581881881876,"Mean"
45.2362422110553,6.77580452261306,0.423002944792513,"Mean"
45.3208412060302,6.77580452261306,0.422508982545414,"Mean"
45.405440201005,6.77580452261306,0.422092618019233,"Mean"
45.4900391959799,6.77580452261306,0.421786012465597,"Mean"
45.5746381909548,6.77580452261306,0.421573477563958,"Mean"
45.6592371859296,6.77580452261306,0.421293519712201,"Mean"
45.7438361809045,6.77580452261306,0.421168335390398,"Mean"
45.8284351758794,6.77580452261306,0.4211234325517,"Mean"
45.9130341708543,6.77580452261306,0.421172337474115,"Mean"
45.9976331658291,6.77580452261306,0.423765753851678,"Mean"
46.082232160804,6.77580452261306,0.423971929897882,"Mean"
46.1668311557789,6.77580452261306,0.425290526921005,"Mean"
46.2514301507538,6.77580452261306,0.426982095615635,"Mean"
46.3360291457286,6.77580452261306,0.435103615941057,"Mean"
46.4206281407035,6.77580452261306,0.435400319766253,"Mean"
46.5052271356784,6.77580452261306,0.422888602925407,"Mean"
46.5898261306533,6.77580452261306,0.423484759968607,"Mean"
34.3229718592965,6.84383115577889,0.942819836947891,"Mean"
34.4075708542714,6.84383115577889,0.916961241501388,"Mean"
34.4921698492462,6.84383115577889,0.891987436086531,"Mean"
34.5767688442211,6.84383115577889,0.833982705662906,"Mean"
34.661367839196,6.84383115577889,0.80419103955524,"Mean"
34.7459668341709,6.84383115577889,0.725839527719972,"Mean"
34.8305658291457,6.84383115577889,0.655329338798858,"Mean"
34.9151648241206,6.84383115577889,0.579346110454549,"Mean"
34.9997638190955,6.84383115577889,0.499170235275318,"Mean"
35.0843628140704,6.84383115577889,0.416959678686867,"Mean"
35.1689618090452,6.84383115577889,0.342779217310206,"Mean"
35.2535608040201,6.84383115577889,0.299435865059959,"Mean"
35.338159798995,6.84383115577889,0.314069423542628,"Mean"
35.4227587939698,6.84383115577889,0.26160042893767,"Mean"
35.5073577889447,6.84383115577889,0.24067673104953,"Mean"
35.5919567839196,6.84383115577889,0.276654666898805,"Mean"
35.6765557788945,6.84383115577889,0.273852813867794,"Mean"
35.7611547738694,6.84383115577889,0.257011971944513,"Mean"
35.8457537688442,6.84383115577889,0.285305251201632,"Mean"
35.9303527638191,6.84383115577889,0.333122204440277,"Mean"
36.014951758794,6.84383115577889,0.331600489098872,"Mean"
36.0995507537688,6.84383115577889,0.315459876025522,"Mean"
36.1841497487437,6.84383115577889,0.320959773184457,"Mean"
36.2687487437186,6.84383115577889,0.311642026209564,"Mean"
36.3533477386935,6.84383115577889,0.293711826514133,"Mean"
36.4379467336683,6.84383115577889,0.339369657583115,"Mean"
36.5225457286432,6.84383115577889,0.335956099873859,"Mean"
36.6071447236181,6.84383115577889,0.338683582744328,"Mean"
36.691743718593,6.84383115577889,0.348474629482424,"Mean"
36.7763427135678,6.84383115577889,0.362949701538128,"Mean"
36.8609417085427,6.84383115577889,0.367625624215032,"Mean"
36.9455407035176,6.84383115577889,0.335441647010818,"Mean"
37.0301396984925,6.84383115577889,0.314383746451845,"Mean"
37.1147386934673,6.84383115577889,0.341722770524525,"Mean"
37.1993376884422,6.84383115577889,0.325077584349295,"Mean"
37.2839366834171,6.84383115577889,0.352279014114338,"Mean"
37.368535678392,6.84383115577889,0.34500760096975,"Mean"
37.4531346733668,6.84383115577889,0.320502797202073,"Mean"
37.5377336683417,6.84383115577889,0.290640953201368,"Mean"
37.6223326633166,6.84383115577889,0.256037531423687,"Mean"
37.7069316582915,6.84383115577889,0.235865626234895,"Mean"
37.7915306532663,6.84383115577889,0.229439454220912,"Mean"
37.8761296482412,6.84383115577889,0.229093482673258,"Mean"
37.9607286432161,6.84383115577889,0.255566008388947,"Mean"
38.045327638191,6.84383115577889,0.268402406392265,"Mean"
38.1299266331658,6.84383115577889,0.316046306218429,"Mean"
38.2145256281407,6.84383115577889,0.231469683048052,"Mean"
38.2991246231156,6.84383115577889,0.1493470266794,"Mean"
38.3837236180904,6.84383115577889,0.147663983995091,"Mean"
38.4683226130653,6.84383115577889,0.15116605149462,"Mean"
38.5529216080402,6.84383115577889,0.143175868001431,"Mean"
38.6375206030151,6.84383115577889,0.142225788809436,"Mean"
38.72211959799,6.84383115577889,0.164649210405606,"Mean"
38.8067185929648,6.84383115577889,0.138315494813358,"Mean"
38.8913175879397,6.84383115577889,0.187422823594303,"Mean"
38.9759165829146,6.84383115577889,0.236282283972085,"Mean"
39.0605155778894,6.84383115577889,0.221029395769312,"Mean"
39.1451145728643,6.84383115577889,0.290066773051354,"Mean"
39.2297135678392,6.84383115577889,0.257203837606564,"Mean"
39.3143125628141,6.84383115577889,0.275193412154716,"Mean"
39.3989115577889,6.84383115577889,0.286843979207656,"Mean"
39.4835105527638,6.84383115577889,0.296884333363141,"Mean"
39.5681095477387,6.84383115577889,0.2647826436647,"Mean"
39.6527085427136,6.84383115577889,0.300453285270609,"Mean"
39.7373075376884,6.84383115577889,0.296132779553543,"Mean"
39.8219065326633,6.84383115577889,0.288029850124865,"Mean"
39.9065055276382,6.84383115577889,0.27292292021163,"Mean"
39.9911045226131,6.84383115577889,0.223119091276373,"Mean"
40.0757035175879,6.84383115577889,0.21672248869803,"Mean"
40.1603025125628,6.84383115577889,0.215827186590282,"Mean"
40.2449015075377,6.84383115577889,0.193381895402167,"Mean"
40.3295005025126,6.84383115577889,0.195514590807146,"Mean"
40.4140994974874,6.84383115577889,0.19113852759962,"Mean"
40.4986984924623,6.84383115577889,0.191930550756403,"Mean"
40.5832974874372,6.84383115577889,0.18742426670911,"Mean"
40.6678964824121,6.84383115577889,0.184427853115803,"Mean"
40.7524954773869,6.84383115577889,0.178937119828633,"Mean"
40.8370944723618,6.84383115577889,0.174412774283451,"Mean"
40.9216934673367,6.84383115577889,0.179914172080908,"Mean"
41.0062924623116,6.84383115577889,0.200432069251177,"Mean"
41.0908914572864,6.84383115577889,0.204178384442042,"Mean"
41.1754904522613,6.84383115577889,0.218920582965102,"Mean"
41.2600894472362,6.84383115577889,0.22532112159353,"Mean"
41.344688442211,6.84383115577889,0.234912838318098,"Mean"
41.4292874371859,6.84383115577889,0.24735023223806,"Mean"
41.5138864321608,6.84383115577889,0.255121401020477,"Mean"
41.5984854271357,6.84383115577889,0.266078778108041,"Mean"
41.6830844221106,6.84383115577889,0.275312322575047,"Mean"
41.7676834170854,6.84383115577889,0.30280763695056,"Mean"
41.8522824120603,6.84383115577889,0.300818204855725,"Mean"
41.9368814070352,6.84383115577889,0.316015895248133,"Mean"
42.02148040201,6.84383115577889,0.328220618637527,"Mean"
42.1060793969849,6.84383115577889,0.339153119584294,"Mean"
42.1906783919598,6.84383115577889,0.330547986829692,"Mean"
42.2752773869347,6.84383115577889,0.350559744690747,"Mean"
42.3598763819095,6.84383115577889,0.356765035738255,"Mean"
42.4444753768844,6.84383115577889,0.363074638900268,"Mean"
42.5290743718593,6.84383115577889,0.348846996145297,"Mean"
42.6136733668342,6.84383115577889,0.354229383314468,"Mean"
42.698272361809,6.84383115577889,0.376816743282824,"Mean"
42.7828713567839,6.84383115577889,0.382384660718513,"Mean"
42.8674703517588,6.84383115577889,0.394571694329317,"Mean"
42.9520693467337,6.84383115577889,0.399300609327767,"Mean"
43.0366683417085,6.84383115577889,0.386624839294817,"Mean"
43.1212673366834,6.84383115577889,0.387919018528588,"Mean"
43.2058663316583,6.84383115577889,0.386559766369073,"Mean"
43.2904653266332,6.84383115577889,0.402471471550976,"Mean"
43.375064321608,6.84383115577889,0.403174977709616,"Mean"
43.4596633165829,6.84383115577889,0.41928899249199,"Mean"
43.5442623115578,6.84383115577889,0.399111050149767,"Mean"
43.6288613065327,6.84383115577889,0.401699627295535,"Mean"
43.7134603015075,6.84383115577889,0.404156825879212,"Mean"
43.7980592964824,6.84383115577889,0.406636467049978,"Mean"
43.8826582914573,6.84383115577889,0.408971292331614,"Mean"
43.9672572864322,6.84383115577889,0.41127002073536,"Mean"
44.051856281407,6.84383115577889,0.413556201338072,"Mean"
44.1364552763819,6.84383115577889,0.416946704950238,"Mean"
44.2210542713568,6.84383115577889,0.421763400047364,"Mean"
44.3056532663317,6.84383115577889,0.430702294618946,"Mean"
44.3902522613065,6.84383115577889,0.422543344132323,"Mean"
44.4748512562814,6.84383115577889,0.423679380230374,"Mean"
44.5594502512563,6.84383115577889,0.426828946034614,"Mean"
44.6440492462312,6.84383115577889,0.427116301807013,"Mean"
44.728648241206,6.84383115577889,0.432856655280569,"Mean"
44.8132472361809,6.84383115577889,0.425197549694067,"Mean"
44.8978462311558,6.84383115577889,0.426451544198155,"Mean"
44.9824452261307,6.84383115577889,0.428188290983079,"Mean"
45.0670442211055,6.84383115577889,0.422714635939507,"Mean"
45.1516432160804,6.84383115577889,0.422175783327066,"Mean"
45.2362422110553,6.84383115577889,0.421468376759046,"Mean"
45.3208412060302,6.84383115577889,0.420985013794188,"Mean"
45.405440201005,6.84383115577889,0.42058609864987,"Mean"
45.4900391959799,6.84383115577889,0.420251677164323,"Mean"
45.5746381909548,6.84383115577889,0.420001554809518,"Mean"
45.6592371859296,6.84383115577889,0.419871756668055,"Mean"
45.7438361809045,6.84383115577889,0.419760737662174,"Mean"
45.8284351758794,6.84383115577889,0.420015287620122,"Mean"
45.9130341708543,6.84383115577889,0.419731410875586,"Mean"
45.9976331658291,6.84383115577889,0.419950530272321,"Mean"
46.082232160804,6.84383115577889,0.421451151929231,"Mean"
46.1668311557789,6.84383115577889,0.420246556348343,"Mean"
46.2514301507538,6.84383115577889,0.420960212434782,"Mean"
46.3360291457286,6.84383115577889,0.420965739419756,"Mean"
46.4206281407035,6.84383115577889,0.423949560590315,"Mean"
46.5052271356784,6.84383115577889,0.421617134577316,"Mean"
46.5898261306533,6.84383115577889,0.422052851842449,"Mean"
46.6744251256281,6.84383115577889,0.422501992821317,"Mean"
34.2383728643216,6.91185778894472,0.937193689149811,"Mean"
34.3229718592965,6.91185778894472,0.932074386449371,"Mean"
34.4075708542714,6.91185778894472,0.886532386316232,"Mean"
34.4921698492462,6.91185778894472,0.852442754742486,"Mean"
34.5767688442211,6.91185778894472,0.802844122498626,"Mean"
34.661367839196,6.91185778894472,0.745301549591391,"Mean"
34.7459668341709,6.91185778894472,0.691664824483556,"Mean"
34.8305658291457,6.91185778894472,0.612438641939832,"Mean"
34.9151648241206,6.91185778894472,0.53373472502281,"Mean"
34.9997638190955,6.91185778894472,0.452961274335793,"Mean"
35.0843628140704,6.91185778894472,0.372219722817156,"Mean"
35.1689618090452,6.91185778894472,0.302084089899572,"Mean"
35.2535608040201,6.91185778894472,0.297860635950634,"Mean"
35.338159798995,6.91185778894472,0.289767250139604,"Mean"
35.4227587939698,6.91185778894472,0.256387550709359,"Mean"
35.5073577889447,6.91185778894472,0.23507477214673,"Mean"
35.5919567839196,6.91185778894472,0.266463095728179,"Mean"
35.6765557788945,6.91185778894472,0.264386855545704,"Mean"
35.7611547738694,6.91185778894472,0.259885657132553,"Mean"
35.8457537688442,6.91185778894472,0.269056185045431,"Mean"
35.9303527638191,6.91185778894472,0.322393185646747,"Mean"
36.014951758794,6.91185778894472,0.311201873337135,"Mean"
36.0995507537688,6.91185778894472,0.311841233692651,"Mean"
36.1841497487437,6.91185778894472,0.320122287329271,"Mean"
36.2687487437186,6.91185778894472,0.329407427647304,"Mean"
36.3533477386935,6.91185778894472,0.300996831024754,"Mean"
36.4379467336683,6.91185778894472,0.341855508821542,"Mean"
36.5225457286432,6.91185778894472,0.344096073892068,"Mean"
36.6071447236181,6.91185778894472,0.342440700807419,"Mean"
36.691743718593,6.91185778894472,0.348524459778057,"Mean"
36.7763427135678,6.91185778894472,0.356600200821815,"Mean"
36.8609417085427,6.91185778894472,0.365997648257416,"Mean"
36.9455407035176,6.91185778894472,0.345149555229398,"Mean"
37.0301396984925,6.91185778894472,0.318354515490308,"Mean"
37.1147386934673,6.91185778894472,0.348987702529189,"Mean"
37.1993376884422,6.91185778894472,0.320303867807279,"Mean"
37.2839366834171,6.91185778894472,0.3486284603806,"Mean"
37.368535678392,6.91185778894472,0.356527151804607,"Mean"
37.4531346733668,6.91185778894472,0.344957731272286,"Mean"
37.5377336683417,6.91185778894472,0.29042348768777,"Mean"
37.6223326633166,6.91185778894472,0.257825624770757,"Mean"
37.7069316582915,6.91185778894472,0.241857959595656,"Mean"
37.7915306532663,6.91185778894472,0.236772664534079,"Mean"
37.8761296482412,6.91185778894472,0.225068443194598,"Mean"
37.9607286432161,6.91185778894472,0.262613394139557,"Mean"
38.045327638191,6.91185778894472,0.281878769531708,"Mean"
38.1299266331658,6.91185778894472,0.285640124706252,"Mean"
38.2145256281407,6.91185778894472,0.253985795934891,"Mean"
38.2991246231156,6.91185778894472,0.145305107978266,"Mean"
38.3837236180904,6.91185778894472,0.144602632413228,"Mean"
38.4683226130653,6.91185778894472,0.150386552950834,"Mean"
38.5529216080402,6.91185778894472,0.145500635271312,"Mean"
38.6375206030151,6.91185778894472,0.141066975133815,"Mean"
38.72211959799,6.91185778894472,0.162014443750812,"Mean"
38.8067185929648,6.91185778894472,0.150481328707607,"Mean"
38.8913175879397,6.91185778894472,0.202580023936504,"Mean"
38.9759165829146,6.91185778894472,0.216432389010287,"Mean"
39.0605155778894,6.91185778894472,0.206917331249356,"Mean"
39.1451145728643,6.91185778894472,0.257005818273084,"Mean"
39.2297135678392,6.91185778894472,0.255297747742216,"Mean"
39.3143125628141,6.91185778894472,0.24884508801657,"Mean"
39.3989115577889,6.91185778894472,0.255539738000472,"Mean"
39.4835105527638,6.91185778894472,0.303090424119694,"Mean"
39.5681095477387,6.91185778894472,0.308471097624372,"Mean"
39.6527085427136,6.91185778894472,0.293404951498834,"Mean"
39.7373075376884,6.91185778894472,0.298573251901439,"Mean"
39.8219065326633,6.91185778894472,0.293833035577719,"Mean"
39.9065055276382,6.91185778894472,0.275530859500189,"Mean"
39.9911045226131,6.91185778894472,0.228540565748908,"Mean"
40.0757035175879,6.91185778894472,0.222222667407912,"Mean"
40.1603025125628,6.91185778894472,0.219260841922519,"Mean"
40.2449015075377,6.91185778894472,0.209440432424759,"Mean"
40.3295005025126,6.91185778894472,0.194440352707503,"Mean"
40.4140994974874,6.91185778894472,0.19272190631368,"Mean"
40.4986984924623,6.91185778894472,0.207681074825956,"Mean"
40.5832974874372,6.91185778894472,0.217813706243604,"Mean"
40.6678964824121,6.91185778894472,0.192861178919886,"Mean"
40.7524954773869,6.91185778894472,0.209280062912532,"Mean"
40.8370944723618,6.91185778894472,0.179703590401594,"Mean"
40.9216934673367,6.91185778894472,0.19056391391108,"Mean"
41.0062924623116,6.91185778894472,0.196973723933957,"Mean"
41.0908914572864,6.91185778894472,0.2037145495355,"Mean"
41.1754904522613,6.91185778894472,0.214429677806892,"Mean"
41.2600894472362,6.91185778894472,0.228604249063741,"Mean"
41.344688442211,6.91185778894472,0.234537476215774,"Mean"
41.4292874371859,6.91185778894472,0.245215079349266,"Mean"
41.5138864321608,6.91185778894472,0.255030155095218,"Mean"
41.5984854271357,6.91185778894472,0.265983672234238,"Mean"
41.6830844221106,6.91185778894472,0.281226828619131,"Mean"
41.7676834170854,6.91185778894472,0.298467834634931,"Mean"
41.8522824120603,6.91185778894472,0.30368565093301,"Mean"
41.9368814070352,6.91185778894472,0.302733399602163,"Mean"
42.02148040201,6.91185778894472,0.312355118040745,"Mean"
42.1060793969849,6.91185778894472,0.326830718988267,"Mean"
42.1906783919598,6.91185778894472,0.347647828728225,"Mean"
42.2752773869347,6.91185778894472,0.347914724909344,"Mean"
42.3598763819095,6.91185778894472,0.366797272726781,"Mean"
42.4444753768844,6.91185778894472,0.345090251256292,"Mean"
42.5290743718593,6.91185778894472,0.347707225756111,"Mean"
42.6136733668342,6.91185778894472,0.354673886268934,"Mean"
42.698272361809,6.91185778894472,0.37669492151449,"Mean"
42.7828713567839,6.91185778894472,0.375467661506451,"Mean"
42.8674703517588,6.91185778894472,0.378439469451222,"Mean"
42.9520693467337,6.91185778894472,0.394778539816077,"Mean"
43.0366683417085,6.91185778894472,0.402275230857053,"Mean"
43.1212673366834,6.91185778894472,0.394836377690471,"Mean"
43.2058663316583,6.91185778894472,0.400513499146997,"Mean"
43.2904653266332,6.91185778894472,0.387792162279341,"Mean"
43.375064321608,6.91185778894472,0.39102977345864,"Mean"
43.4596633165829,6.91185778894472,0.397623390811589,"Mean"
43.5442623115578,6.91185778894472,0.396915181147452,"Mean"
43.6288613065327,6.91185778894472,0.400399793918471,"Mean"
43.7134603015075,6.91185778894472,0.402696444214699,"Mean"
43.7980592964824,6.91185778894472,0.40524887031701,"Mean"
43.8826582914573,6.91185778894472,0.407979879577255,"Mean"
43.9672572864322,6.91185778894472,0.410041289267767,"Mean"
44.051856281407,6.91185778894472,0.412509366907334,"Mean"
44.1364552763819,6.91185778894472,0.414666589323998,"Mean"
44.2210542713568,6.91185778894472,0.429557045375864,"Mean"
44.3056532663317,6.91185778894472,0.421986343881889,"Mean"
44.3902522613065,6.91185778894472,0.422133271736244,"Mean"
44.4748512562814,6.91185778894472,0.422882660758167,"Mean"
44.5594502512563,6.91185778894472,0.424458281451937,"Mean"
44.6440492462312,6.91185778894472,0.42559238876909,"Mean"
44.728648241206,6.91185778894472,0.425493322091028,"Mean"
44.8132472361809,6.91185778894472,0.423780067411547,"Mean"
44.8978462311558,6.91185778894472,0.4227707066875,"Mean"
44.9824452261307,6.91185778894472,0.421960665365491,"Mean"
45.0670442211055,6.91185778894472,0.421207721893153,"Mean"
45.1516432160804,6.91185778894472,0.420551188834252,"Mean"
45.2362422110553,6.91185778894472,0.422798106833796,"Mean"
45.3208412060302,6.91185778894472,0.419507239929493,"Mean"
45.405440201005,6.91185778894472,0.419120801252346,"Mean"
45.4900391959799,6.91185778894472,0.41880202231239,"Mean"
45.5746381909548,6.91185778894472,0.418578271744223,"Mean"
45.6592371859296,6.91185778894472,0.418408476916208,"Mean"
45.7438361809045,6.91185778894472,0.418331555748951,"Mean"
45.8284351758794,6.91185778894472,0.418304722395156,"Mean"
45.9130341708543,6.91185778894472,0.418769058605646,"Mean"
45.9976331658291,6.91185778894472,0.418471889238439,"Mean"
46.082232160804,6.91185778894472,0.419029568537478,"Mean"
46.1668311557789,6.91185778894472,0.418934312995354,"Mean"
46.2514301507538,6.91185778894472,0.419239049074125,"Mean"
46.3360291457286,6.91185778894472,0.419575531530704,"Mean"
46.4206281407035,6.91185778894472,0.426110464285788,"Mean"
46.5052271356784,6.91185778894472,0.420764508638636,"Mean"
46.5898261306533,6.91185778894472,0.421312329194353,"Mean"
46.6744251256281,6.91185778894472,0.421480919820888,"Mean"
46.759024120603,6.91185778894472,0.423121158711779,"Mean"
34.2383728643216,6.97988442211055,0.92481853136705,"Mean"
34.3229718592965,6.97988442211055,0.919981591791445,"Mean"
34.4075708542714,6.97988442211055,0.890963521634134,"Mean"
34.4921698492462,6.97988442211055,0.843469516629633,"Mean"
34.5767688442211,6.97988442211055,0.805477605380532,"Mean"
34.661367839196,6.97988442211055,0.714292190479583,"Mean"
34.7459668341709,6.97988442211055,0.689251672699659,"Mean"
34.8305658291457,6.97988442211055,0.567680753258555,"Mean"
34.9151648241206,6.97988442211055,0.487245437734573,"Mean"
34.9997638190955,6.97988442211055,0.407216038327283,"Mean"
35.0843628140704,6.97988442211055,0.332311726092693,"Mean"
35.1689618090452,6.97988442211055,0.296251543543576,"Mean"
35.2535608040201,6.97988442211055,0.298395456129003,"Mean"
35.338159798995,6.97988442211055,0.293950411916297,"Mean"
35.4227587939698,6.97988442211055,0.278760144683496,"Mean"
35.5073577889447,6.97988442211055,0.26265724283883,"Mean"
35.5919567839196,6.97988442211055,0.277234176821603,"Mean"
35.6765557788945,6.97988442211055,0.279545431339089,"Mean"
35.7611547738694,6.97988442211055,0.240791857090925,"Mean"
35.8457537688442,6.97988442211055,0.296960107597847,"Mean"
35.9303527638191,6.97988442211055,0.317520263224113,"Mean"
36.014951758794,6.97988442211055,0.330065859896744,"Mean"
36.0995507537688,6.97988442211055,0.301351144630612,"Mean"
36.1841497487437,6.97988442211055,0.293462222038145,"Mean"
36.2687487437186,6.97988442211055,0.299107364718698,"Mean"
36.3533477386935,6.97988442211055,0.321633825046572,"Mean"
36.4379467336683,6.97988442211055,0.345426121937932,"Mean"
36.5225457286432,6.97988442211055,0.337828065422639,"Mean"
36.6071447236181,6.97988442211055,0.342509539040701,"Mean"
36.691743718593,6.97988442211055,0.349573472414821,"Mean"
36.7763427135678,6.97988442211055,0.357067025369918,"Mean"
36.8609417085427,6.97988442211055,0.352581947436547,"Mean"
36.9455407035176,6.97988442211055,0.323556586406228,"Mean"
37.0301396984925,6.97988442211055,0.300894069229577,"Mean"
37.1147386934673,6.97988442211055,0.311759729501809,"Mean"
37.1993376884422,6.97988442211055,0.318318562025622,"Mean"
37.2839366834171,6.97988442211055,0.336505339425575,"Mean"
37.368535678392,6.97988442211055,0.355402583196829,"Mean"
37.4531346733668,6.97988442211055,0.394786990314031,"Mean"
37.5377336683417,6.97988442211055,0.321638130962152,"Mean"
37.6223326633166,6.97988442211055,0.258356509550605,"Mean"
37.7069316582915,6.97988442211055,0.238059843187255,"Mean"
37.7915306532663,6.97988442211055,0.194223583417907,"Mean"
37.8761296482412,6.97988442211055,0.190662667535124,"Mean"
37.9607286432161,6.97988442211055,0.258055720270347,"Mean"
38.045327638191,6.97988442211055,0.248368532270488,"Mean"
38.1299266331658,6.97988442211055,0.273929220744229,"Mean"
38.2145256281407,6.97988442211055,0.20610554209454,"Mean"
38.2991246231156,6.97988442211055,0.148269983415058,"Mean"
38.3837236180904,6.97988442211055,0.155373423355189,"Mean"
38.4683226130653,6.97988442211055,0.151432616309804,"Mean"
38.5529216080402,6.97988442211055,0.146172156238433,"Mean"
38.6375206030151,6.97988442211055,0.159291077549888,"Mean"
38.72211959799,6.97988442211055,0.142048025496348,"Mean"
38.8067185929648,6.97988442211055,0.174809811201604,"Mean"
38.8913175879397,6.97988442211055,0.187103919732852,"Mean"
38.9759165829146,6.97988442211055,0.210427402299085,"Mean"
39.0605155778894,6.97988442211055,0.183549382972732,"Mean"
39.1451145728643,6.97988442211055,0.189309422613668,"Mean"
39.2297135678392,6.97988442211055,0.191198521975935,"Mean"
39.3143125628141,6.97988442211055,0.200207445003948,"Mean"
39.3989115577889,6.97988442211055,0.222494390033329,"Mean"
39.4835105527638,6.97988442211055,0.24378675965891,"Mean"
39.5681095477387,6.97988442211055,0.31125837932591,"Mean"
39.6527085427136,6.97988442211055,0.276858719275884,"Mean"
39.7373075376884,6.97988442211055,0.300923435162255,"Mean"
39.8219065326633,6.97988442211055,0.296617875598583,"Mean"
39.9065055276382,6.97988442211055,0.2538591564091,"Mean"
39.9911045226131,6.97988442211055,0.223400770093142,"Mean"
40.0757035175879,6.97988442211055,0.222589104640207,"Mean"
40.1603025125628,6.97988442211055,0.201534746138588,"Mean"
40.2449015075377,6.97988442211055,0.206990590603909,"Mean"
40.3295005025126,6.97988442211055,0.186325649627085,"Mean"
40.4140994974874,6.97988442211055,0.196103642020633,"Mean"
40.4986984924623,6.97988442211055,0.192372856291369,"Mean"
40.5832974874372,6.97988442211055,0.200322814545717,"Mean"
40.6678964824121,6.97988442211055,0.204159585232795,"Mean"
40.7524954773869,6.97988442211055,0.182770093754287,"Mean"
40.8370944723618,6.97988442211055,0.186362351808143,"Mean"
40.9216934673367,6.97988442211055,0.195642752900714,"Mean"
41.0062924623116,6.97988442211055,0.199064256684925,"Mean"
41.0908914572864,6.97988442211055,0.218975702427259,"Mean"
41.1754904522613,6.97988442211055,0.217238103032395,"Mean"
41.2600894472362,6.97988442211055,0.225494253761646,"Mean"
41.344688442211,6.97988442211055,0.235644862171788,"Mean"
41.4292874371859,6.97988442211055,0.246397139340551,"Mean"
41.5138864321608,6.97988442211055,0.256058396483829,"Mean"
41.5984854271357,6.97988442211055,0.2781522623256,"Mean"
41.6830844221106,6.97988442211055,0.296189964430278,"Mean"
41.7676834170854,6.97988442211055,0.299433440072721,"Mean"
41.8522824120603,6.97988442211055,0.317029725419848,"Mean"
41.9368814070352,6.97988442211055,0.316276627197085,"Mean"
42.02148040201,6.97988442211055,0.311353754651217,"Mean"
42.1060793969849,6.97988442211055,0.323831560545403,"Mean"
42.1906783919598,6.97988442211055,0.333052135184017,"Mean"
42.2752773869347,6.97988442211055,0.338980644912904,"Mean"
42.3598763819095,6.97988442211055,0.34314822904956,"Mean"
42.4444753768844,6.97988442211055,0.340987039489719,"Mean"
42.5290743718593,6.97988442211055,0.345840135140338,"Mean"
42.6136733668342,6.97988442211055,0.351627395780152,"Mean"
42.698272361809,6.97988442211055,0.368872054317085,"Mean"
42.7828713567839,6.97988442211055,0.382029573135532,"Mean"
42.8674703517588,6.97988442211055,0.379138617768598,"Mean"
42.9520693467337,6.97988442211055,0.396255014828132,"Mean"
43.0366683417085,6.97988442211055,0.393384764527452,"Mean"
43.1212673366834,6.97988442211055,0.392713244386792,"Mean"
43.2058663316583,6.97988442211055,0.38531918007594,"Mean"
43.2904653266332,6.97988442211055,0.399298413498419,"Mean"
43.375064321608,6.97988442211055,0.407467883039099,"Mean"
43.4596633165829,6.97988442211055,0.393045200843791,"Mean"
43.5442623115578,6.97988442211055,0.397435920429106,"Mean"
43.6288613065327,6.97988442211055,0.399047307312863,"Mean"
43.7134603015075,6.97988442211055,0.401731280275254,"Mean"
43.7980592964824,6.97988442211055,0.404120382378372,"Mean"
43.8826582914573,6.97988442211055,0.406499594304993,"Mean"
43.9672572864322,6.97988442211055,0.409766063496162,"Mean"
44.051856281407,6.97988442211055,0.411184613696877,"Mean"
44.1364552763819,6.97988442211055,0.413373308126936,"Mean"
44.2210542713568,6.97988442211055,0.417409871387693,"Mean"
44.3056532663317,6.97988442211055,0.417583016112715,"Mean"
44.3902522613065,6.97988442211055,0.41957306659218,"Mean"
44.4748512562814,6.97988442211055,0.421503417702775,"Mean"
44.5594502512563,6.97988442211055,0.423363057052156,"Mean"
44.6440492462312,6.97988442211055,0.424106655361075,"Mean"
44.728648241206,6.97988442211055,0.423141986047448,"Mean"
44.8132472361809,6.97988442211055,0.422216737773924,"Mean"
44.8978462311558,6.97988442211055,0.421275469222647,"Mean"
44.9824452261307,6.97988442211055,0.420462401924538,"Mean"
45.0670442211055,6.97988442211055,0.419736825297808,"Mean"
45.1516432160804,6.97988442211055,0.419103709956178,"Mean"
45.2362422110553,6.97988442211055,0.418530424391737,"Mean"
45.3208412060302,6.97988442211055,0.418047522116461,"Mean"
45.405440201005,6.97988442211055,0.417648541193866,"Mean"
45.4900391959799,6.97988442211055,0.417398450576326,"Mean"
45.5746381909548,6.97988442211055,0.417168851197034,"Mean"
45.6592371859296,6.97988442211055,0.417019293979248,"Mean"
45.7438361809045,6.97988442211055,0.419440517264411,"Mean"
45.8284351758794,6.97988442211055,0.42368037704085,"Mean"
45.9130341708543,6.97988442211055,0.417278931755079,"Mean"
45.9976331658291,6.97988442211055,0.417270287397217,"Mean"
46.082232160804,6.97988442211055,0.417349977327435,"Mean"
46.1668311557789,6.97988442211055,0.417627980992237,"Mean"
46.2514301507538,6.97988442211055,0.417927900155075,"Mean"
46.3360291457286,6.97988442211055,0.418220993204575,"Mean"
46.4206281407035,6.97988442211055,0.423807529675219,"Mean"
46.5052271356784,6.97988442211055,0.425044147186193,"Mean"
46.5898261306533,6.97988442211055,0.425227277290057,"Mean"
46.6744251256281,6.97988442211055,0.425260535299632,"Mean"
46.759024120603,6.97988442211055,0.430175480947536,"Mean"
34.1537738693467,7.04791105527638,0.93549373023777,"Mean"
34.2383728643216,7.04791105527638,0.928192633144091,"Mean"
34.3229718592965,7.04791105527638,0.905320060439698,"Mean"
34.4075708542714,7.04791105527638,0.869912925702748,"Mean"
34.4921698492462,7.04791105527638,0.82359150710376,"Mean"
34.5767688442211,7.04791105527638,0.754485783588311,"Mean"
34.661367839196,7.04791105527638,0.713674109581013,"Mean"
34.7459668341709,7.04791105527638,0.607113082843006,"Mean"
34.8305658291457,7.04791105527638,0.522742775076429,"Mean"
34.9151648241206,7.04791105527638,0.441468664287648,"Mean"
34.9997638190955,7.04791105527638,0.363597262220278,"Mean"
35.0843628140704,7.04791105527638,0.29281077876699,"Mean"
35.1689618090452,7.04791105527638,0.295717297848294,"Mean"
35.2535608040201,7.04791105527638,0.299112537818543,"Mean"
35.338159798995,7.04791105527638,0.302566012298949,"Mean"
35.4227587939698,7.04791105527638,0.300869573581834,"Mean"
35.5073577889447,7.04791105527638,0.274363643044534,"Mean"
35.5919567839196,7.04791105527638,0.2032087369455,"Mean"
35.6765557788945,7.04791105527638,0.22660167277238,"Mean"
35.7611547738694,7.04791105527638,0.280069991384015,"Mean"
35.8457537688442,7.04791105527638,0.293200718996506,"Mean"
35.9303527638191,7.04791105527638,0.327754516269123,"Mean"
36.014951758794,7.04791105527638,0.303916890160931,"Mean"
36.0995507537688,7.04791105527638,0.305859997167446,"Mean"
36.1841497487437,7.04791105527638,0.285776027152868,"Mean"
36.2687487437186,7.04791105527638,0.319851930970959,"Mean"
36.3533477386935,7.04791105527638,0.318086078216871,"Mean"
36.4379467336683,7.04791105527638,0.315961256050423,"Mean"
36.5225457286432,7.04791105527638,0.330306975635889,"Mean"
36.6071447236181,7.04791105527638,0.341007100703815,"Mean"
36.691743718593,7.04791105527638,0.339057029307606,"Mean"
36.7763427135678,7.04791105527638,0.357759097213894,"Mean"
36.8609417085427,7.04791105527638,0.356269759076026,"Mean"
36.9455407035176,7.04791105527638,0.345649659023873,"Mean"
37.0301396984925,7.04791105527638,0.318304838008885,"Mean"
37.1147386934673,7.04791105527638,0.2912053659562,"Mean"
37.1993376884422,7.04791105527638,0.273963622547043,"Mean"
37.2839366834171,7.04791105527638,0.321071927219822,"Mean"
37.368535678392,7.04791105527638,0.35137700612741,"Mean"
37.4531346733668,7.04791105527638,0.4849528537738,"Mean"
37.5377336683417,7.04791105527638,0.29215572403313,"Mean"
37.6223326633166,7.04791105527638,0.260251666300558,"Mean"
37.7069316582915,7.04791105527638,0.238549823567213,"Mean"
37.7915306532663,7.04791105527638,0.211962781344732,"Mean"
37.8761296482412,7.04791105527638,0.212278574992044,"Mean"
37.9607286432161,7.04791105527638,0.237824778648587,"Mean"
38.045327638191,7.04791105527638,0.259976215909597,"Mean"
38.1299266331658,7.04791105527638,0.261415404184814,"Mean"
38.2145256281407,7.04791105527638,0.242009699235148,"Mean"
38.2991246231156,7.04791105527638,0.187985183348345,"Mean"
38.3837236180904,7.04791105527638,0.200286360935026,"Mean"
38.4683226130653,7.04791105527638,0.314150713680844,"Mean"
38.5529216080402,7.04791105527638,0.189590727795374,"Mean"
38.6375206030151,7.04791105527638,0.183051456398508,"Mean"
38.72211959799,7.04791105527638,0.15024079650992,"Mean"
38.8067185929648,7.04791105527638,0.171856171986172,"Mean"
38.8913175879397,7.04791105527638,0.216133107768025,"Mean"
38.9759165829146,7.04791105527638,0.201091499076638,"Mean"
39.0605155778894,7.04791105527638,0.195782501668579,"Mean"
39.1451145728643,7.04791105527638,0.186445684337524,"Mean"
39.2297135678392,7.04791105527638,0.184313423860158,"Mean"
39.3143125628141,7.04791105527638,0.188270857232503,"Mean"
39.3989115577889,7.04791105527638,0.210224596514807,"Mean"
39.4835105527638,7.04791105527638,0.204505711194993,"Mean"
39.5681095477387,7.04791105527638,0.244254271518158,"Mean"
39.6527085427136,7.04791105527638,0.307163849010263,"Mean"
39.7373075376884,7.04791105527638,0.268906985109286,"Mean"
39.8219065326633,7.04791105527638,0.283957992575261,"Mean"
39.9065055276382,7.04791105527638,0.215872929890348,"Mean"
39.9911045226131,7.04791105527638,0.184730852060796,"Mean"
40.0757035175879,7.04791105527638,0.181305520904223,"Mean"
40.1603025125628,7.04791105527638,0.185384413882194,"Mean"
40.2449015075377,7.04791105527638,0.181783499696778,"Mean"
40.3295005025126,7.04791105527638,0.190326362001402,"Mean"
40.4140994974874,7.04791105527638,0.195108474343759,"Mean"
40.4986984924623,7.04791105527638,0.193817439707841,"Mean"
40.5832974874372,7.04791105527638,0.217131633699242,"Mean"
40.6678964824121,7.04791105527638,0.18704058065896,"Mean"
40.7524954773869,7.04791105527638,0.184546125518641,"Mean"
40.8370944723618,7.04791105527638,0.18942120925393,"Mean"
40.9216934673367,7.04791105527638,0.196482580615384,"Mean"
41.0062924623116,7.04791105527638,0.204920533547047,"Mean"
41.0908914572864,7.04791105527638,0.211875717828784,"Mean"
41.1754904522613,7.04791105527638,0.221159690878111,"Mean"
41.2600894472362,7.04791105527638,0.229807584015896,"Mean"
41.344688442211,7.04791105527638,0.237787465980986,"Mean"
41.4292874371859,7.04791105527638,0.24771619135088,"Mean"
41.5138864321608,7.04791105527638,0.260332587117926,"Mean"
41.5984854271357,7.04791105527638,0.270436580560303,"Mean"
41.6830844221106,7.04791105527638,0.276681125816161,"Mean"
41.7676834170854,7.04791105527638,0.287681161622751,"Mean"
41.8522824120603,7.04791105527638,0.295824679553706,"Mean"
41.9368814070352,7.04791105527638,0.325662486287423,"Mean"
42.02148040201,7.04791105527638,0.315823078456769,"Mean"
42.1060793969849,7.04791105527638,0.332302758256192,"Mean"
42.1906783919598,7.04791105527638,0.329208771111424,"Mean"
42.2752773869347,7.04791105527638,0.330562889308568,"Mean"
42.3598763819095,7.04791105527638,0.336217285864421,"Mean"
42.4444753768844,7.04791105527638,0.339851192550612,"Mean"
42.5290743718593,7.04791105527638,0.346107264911607,"Mean"
42.6136733668342,7.04791105527638,0.350361052594202,"Mean"
42.698272361809,7.04791105527638,0.363043927501291,"Mean"
42.7828713567839,7.04791105527638,0.374597704246456,"Mean"
42.8674703517588,7.04791105527638,0.371598593674838,"Mean"
42.9520693467337,7.04791105527638,0.389967731720828,"Mean"
43.0366683417085,7.04791105527638,0.38040456114956,"Mean"
43.1212673366834,7.04791105527638,0.385854225194238,"Mean"
43.2058663316583,7.04791105527638,0.389085795466961,"Mean"
43.2904653266332,7.04791105527638,0.38700763888265,"Mean"
43.375064321608,7.04791105527638,0.389044261292558,"Mean"
43.4596633165829,7.04791105527638,0.391671541446733,"Mean"
43.5442623115578,7.04791105527638,0.394789447106965,"Mean"
43.6288613065327,7.04791105527638,0.397557636558823,"Mean"
43.7134603015075,7.04791105527638,0.400522351845624,"Mean"
43.7980592964824,7.04791105527638,0.402786408027588,"Mean"
43.8826582914573,7.04791105527638,0.405323456386314,"Mean"
43.9672572864322,7.04791105527638,0.407771528847813,"Mean"
44.051856281407,7.04791105527638,0.410086936695295,"Mean"
44.1364552763819,7.04791105527638,0.429554099328276,"Mean"
44.2210542713568,7.04791105527638,0.41436401186447,"Mean"
44.3056532663317,7.04791105527638,0.416514649735294,"Mean"
44.3902522613065,7.04791105527638,0.418620264163945,"Mean"
44.4748512562814,7.04791105527638,0.420400920010374,"Mean"
44.5594502512563,7.04791105527638,0.423611161298546,"Mean"
44.6440492462312,7.04791105527638,0.42263103476129,"Mean"
44.728648241206,7.04791105527638,0.421621974127535,"Mean"
44.8132472361809,7.04791105527638,0.420669808250131,"Mean"
44.8978462311558,7.04791105527638,0.419787015551145,"Mean"
44.9824452261307,7.04791105527638,0.419017038803169,"Mean"
45.0670442211055,7.04791105527638,0.418269703449481,"Mean"
45.1516432160804,7.04791105527638,0.41764331604424,"Mean"
45.2362422110553,7.04791105527638,0.41711272965802,"Mean"
45.3208412060302,7.04791105527638,0.416642083744069,"Mean"
45.405440201005,7.04791105527638,0.416302911214068,"Mean"
45.4900391959799,7.04791105527638,0.415997805208083,"Mean"
45.5746381909548,7.04791105527638,0.416530167478685,"Mean"
45.6592371859296,7.04791105527638,0.415978959745452,"Mean"
45.7438361809045,7.04791105527638,0.415677750102317,"Mean"
45.8284351758794,7.04791105527638,0.417824066287128,"Mean"
45.9130341708543,7.04791105527638,0.415784472065781,"Mean"
45.9976331658291,7.04791105527638,0.415880485758756,"Mean"
46.082232160804,7.04791105527638,0.41609773384967,"Mean"
46.1668311557789,7.04791105527638,0.416377398441465,"Mean"
46.2514301507538,7.04791105527638,0.41672563047839,"Mean"
46.3360291457286,7.04791105527638,0.417345433809238,"Mean"
46.4206281407035,7.04791105527638,0.417674199664074,"Mean"
46.5052271356784,7.04791105527638,0.418232186690135,"Mean"
46.5898261306533,7.04791105527638,0.425375749454244,"Mean"
46.6744251256281,7.04791105527638,0.433028891294361,"Mean"
46.759024120603,7.04791105527638,0.435315139086618,"Mean"
46.8436231155779,7.04791105527638,0.419748794456298,"Mean"
34.1537738693467,7.11593768844221,0.92901954955514,"Mean"
34.2383728643216,7.11593768844221,0.91649029158903,"Mean"
34.3229718592965,7.11593768844221,0.87801578804531,"Mean"
34.4075708542714,7.11593768844221,0.834292530359313,"Mean"
34.4921698492462,7.11593768844221,0.761163131529125,"Mean"
34.5767688442211,7.11593768844221,0.693683340622485,"Mean"
34.661367839196,7.11593768844221,0.61775972777686,"Mean"
34.7459668341709,7.11593768844221,0.579191881886053,"Mean"
34.8305658291457,7.11593768844221,0.476726141077847,"Mean"
34.9151648241206,7.11593768844221,0.397030956138074,"Mean"
34.9997638190955,7.11593768844221,0.322476638252614,"Mean"
35.0843628140704,7.11593768844221,0.291624604131605,"Mean"
35.1689618090452,7.11593768844221,0.295106163843019,"Mean"
35.2535608040201,7.11593768844221,0.298227471463525,"Mean"
35.338159798995,7.11593768844221,0.29045432072491,"Mean"
35.4227587939698,7.11593768844221,0.301841415785871,"Mean"
35.5073577889447,7.11593768844221,0.306326801503883,"Mean"
35.5919567839196,7.11593768844221,0.257819044482532,"Mean"
35.6765557788945,7.11593768844221,0.255214697049034,"Mean"
35.7611547738694,7.11593768844221,0.250119433361066,"Mean"
35.8457537688442,7.11593768844221,0.326255407490915,"Mean"
35.9303527638191,7.11593768844221,0.323270124859386,"Mean"
36.014951758794,7.11593768844221,0.308889356713714,"Mean"
36.0995507537688,7.11593768844221,0.311397744300117,"Mean"
36.1841497487437,7.11593768844221,0.297671714518398,"Mean"
36.2687487437186,7.11593768844221,0.334524302919148,"Mean"
36.3533477386935,7.11593768844221,0.314274321753591,"Mean"
36.4379467336683,7.11593768844221,0.302327511852272,"Mean"
36.5225457286432,7.11593768844221,0.312292829547657,"Mean"
36.6071447236181,7.11593768844221,0.306344935645412,"Mean"
36.691743718593,7.11593768844221,0.30496546147988,"Mean"
36.7763427135678,7.11593768844221,0.320752409025937,"Mean"
36.8609417085427,7.11593768844221,0.330132593914926,"Mean"
36.9455407035176,7.11593768844221,0.336545481959729,"Mean"
37.0301396984925,7.11593768844221,0.309397724602818,"Mean"
37.1147386934673,7.11593768844221,0.311930738781681,"Mean"
37.1993376884422,7.11593768844221,0.299431210591791,"Mean"
37.2839366834171,7.11593768844221,0.32727600325971,"Mean"
37.368535678392,7.11593768844221,0.341109964506721,"Mean"
37.4531346733668,7.11593768844221,0.413014289503408,"Mean"
37.5377336683417,7.11593768844221,0.32764584037716,"Mean"
37.6223326633166,7.11593768844221,0.266201974253556,"Mean"
37.7069316582915,7.11593768844221,0.237404385566928,"Mean"
37.7915306532663,7.11593768844221,0.217279367074986,"Mean"
37.8761296482412,7.11593768844221,0.212702179829303,"Mean"
37.9607286432161,7.11593768844221,0.203138974020851,"Mean"
38.045327638191,7.11593768844221,0.243546524106436,"Mean"
38.1299266331658,7.11593768844221,0.252917844489574,"Mean"
38.2145256281407,7.11593768844221,0.256371554226841,"Mean"
38.2991246231156,7.11593768844221,0.204099730692591,"Mean"
38.3837236180904,7.11593768844221,0.190914193229202,"Mean"
38.4683226130653,7.11593768844221,0.287107099989509,"Mean"
38.5529216080402,7.11593768844221,0.222191404127303,"Mean"
38.6375206030151,7.11593768844221,0.211196936391093,"Mean"
38.72211959799,7.11593768844221,0.187152176666639,"Mean"
38.8067185929648,7.11593768844221,0.162146458201016,"Mean"
38.8913175879397,7.11593768844221,0.170983721724327,"Mean"
38.9759165829146,7.11593768844221,0.234769605552911,"Mean"
39.0605155778894,7.11593768844221,0.210662660851748,"Mean"
39.1451145728643,7.11593768844221,0.194596897140928,"Mean"
39.2297135678392,7.11593768844221,0.189755505950346,"Mean"
39.3143125628141,7.11593768844221,0.243724861973214,"Mean"
39.3989115577889,7.11593768844221,0.240853202923405,"Mean"
39.4835105527638,7.11593768844221,0.204687486208782,"Mean"
39.5681095477387,7.11593768844221,0.215453624083449,"Mean"
39.6527085427136,7.11593768844221,0.250519526588487,"Mean"
39.7373075376884,7.11593768844221,0.292060367435413,"Mean"
39.8219065326633,7.11593768844221,0.254958726267245,"Mean"
39.9065055276382,7.11593768844221,0.203817117151726,"Mean"
39.9911045226131,7.11593768844221,0.179247226270507,"Mean"
40.0757035175879,7.11593768844221,0.173622248868186,"Mean"
40.1603025125628,7.11593768844221,0.180184474497621,"Mean"
40.2449015075377,7.11593768844221,0.189081965228832,"Mean"
40.3295005025126,7.11593768844221,0.191607177664859,"Mean"
40.4140994974874,7.11593768844221,0.189724091541272,"Mean"
40.4986984924623,7.11593768844221,0.197195119938512,"Mean"
40.5832974874372,7.11593768844221,0.199869553819811,"Mean"
40.6678964824121,7.11593768844221,0.187808445264638,"Mean"
40.7524954773869,7.11593768844221,0.196878005162154,"Mean"
40.8370944723618,7.11593768844221,0.196440880567981,"Mean"
40.9216934673367,7.11593768844221,0.203554338751594,"Mean"
41.0062924623116,7.11593768844221,0.212790120094867,"Mean"
41.0908914572864,7.11593768844221,0.217060819362795,"Mean"
41.1754904522613,7.11593768844221,0.223361365712777,"Mean"
41.2600894472362,7.11593768844221,0.23173374669777,"Mean"
41.344688442211,7.11593768844221,0.239938889850775,"Mean"
41.4292874371859,7.11593768844221,0.24951615867035,"Mean"
41.5138864321608,7.11593768844221,0.258647567601062,"Mean"
41.5984854271357,7.11593768844221,0.269201509017688,"Mean"
41.6830844221106,7.11593768844221,0.278763310570189,"Mean"
41.7676834170854,7.11593768844221,0.28427537847806,"Mean"
41.8522824120603,7.11593768844221,0.295128351022804,"Mean"
41.9368814070352,7.11593768844221,0.306708086671643,"Mean"
42.02148040201,7.11593768844221,0.3326649370585,"Mean"
42.1060793969849,7.11593768844221,0.3328349335241,"Mean"
42.1906783919598,7.11593768844221,0.327239943306507,"Mean"
42.2752773869347,7.11593768844221,0.33867673099049,"Mean"
42.3598763819095,7.11593768844221,0.333340305985824,"Mean"
42.4444753768844,7.11593768844221,0.339299518855031,"Mean"
42.5290743718593,7.11593768844221,0.345273338600501,"Mean"
42.6136733668342,7.11593768844221,0.353370164431188,"Mean"
42.698272361809,7.11593768844221,0.360531621739008,"Mean"
42.7828713567839,7.11593768844221,0.388600878960538,"Mean"
42.8674703517588,7.11593768844221,0.384123572533606,"Mean"
42.9520693467337,7.11593768844221,0.380066210565718,"Mean"
43.0366683417085,7.11593768844221,0.381745724658725,"Mean"
43.1212673366834,7.11593768844221,0.399778806931476,"Mean"
43.2058663316583,7.11593768844221,0.388304945099362,"Mean"
43.2904653266332,7.11593768844221,0.385381190857157,"Mean"
43.375064321608,7.11593768844221,0.387188885803247,"Mean"
43.4596633165829,7.11593768844221,0.390373225405899,"Mean"
43.5442623115578,7.11593768844221,0.393528000355908,"Mean"
43.6288613065327,7.11593768844221,0.396491736692616,"Mean"
43.7134603015075,7.11593768844221,0.399160157876061,"Mean"
43.7980592964824,7.11593768844221,0.401771825949415,"Mean"
43.8826582914573,7.11593768844221,0.404799356821705,"Mean"
43.9672572864322,7.11593768844221,0.406700946582952,"Mean"
44.051856281407,7.11593768844221,0.421948109917613,"Mean"
44.1364552763819,7.11593768844221,0.42638178655452,"Mean"
44.2210542713568,7.11593768844221,0.418422534298141,"Mean"
44.3056532663317,7.11593768844221,0.415505494854795,"Mean"
44.3902522613065,7.11593768844221,0.417478921132167,"Mean"
44.4748512562814,7.11593768844221,0.419447824863562,"Mean"
44.5594502512563,7.11593768844221,0.421205800414439,"Mean"
44.6440492462312,7.11593768844221,0.421199351895226,"Mean"
44.728648241206,7.11593768844221,0.42017793776723,"Mean"
44.8132472361809,7.11593768844221,0.419244723137273,"Mean"
44.8978462311558,7.11593768844221,0.418366312001299,"Mean"
44.9824452261307,7.11593768844221,0.417567002536983,"Mean"
45.0670442211055,7.11593768844221,0.416859462576291,"Mean"
45.1516432160804,7.11593768844221,0.416242963208799,"Mean"
45.2362422110553,7.11593768844221,0.415730283256482,"Mean"
45.3208412060302,7.11593768844221,0.41527756675376,"Mean"
45.405440201005,7.11593768844221,0.414910452634799,"Mean"
45.4900391959799,7.11593768844221,0.414759790233291,"Mean"
45.5746381909548,7.11593768844221,0.414448310921152,"Mean"
45.6592371859296,7.11593768844221,0.414441309079064,"Mean"
45.7438361809045,7.11593768844221,0.414948124354632,"Mean"
45.8284351758794,7.11593768844221,0.416734162560439,"Mean"
45.9130341708543,7.11593768844221,0.425767056416965,"Mean"
45.9976331658291,7.11593768844221,0.414848451360303,"Mean"
46.082232160804,7.11593768844221,0.415094397753423,"Mean"
46.1668311557789,7.11593768844221,0.41526822851412,"Mean"
46.2514301507538,7.11593768844221,0.415511633962262,"Mean"
46.3360291457286,7.11593768844221,0.415887157204419,"Mean"
46.4206281407035,7.11593768844221,0.417168230154573,"Mean"
46.5052271356784,7.11593768844221,0.417304793307146,"Mean"
46.5898261306533,7.11593768844221,0.421050052920799,"Mean"
46.6744251256281,7.11593768844221,0.417142180430093,"Mean"
46.759024120603,7.11593768844221,0.41806666286618,"Mean"
46.8436231155779,7.11593768844221,0.429909985827034,"Mean"
46.9282221105528,7.11593768844221,0.43241673430531,"Mean"
34.1537738693467,7.18396432160804,0.921536515072676,"Mean"
34.2383728643216,7.18396432160804,0.897516549665367,"Mean"
34.3229718592965,7.18396432160804,0.869000884069553,"Mean"
34.4075708542714,7.18396432160804,0.814423681539291,"Mean"
34.4921698492462,7.18396432160804,0.777696656634986,"Mean"
34.5767688442211,7.18396432160804,0.678293248941389,"Mean"
34.661367839196,7.18396432160804,0.59365445986903,"Mean"
34.7459668341709,7.18396432160804,0.529694616921298,"Mean"
34.8305658291457,7.18396432160804,0.428316164089806,"Mean"
34.9151648241206,7.18396432160804,0.353546555973669,"Mean"
34.9997638190955,7.18396432160804,0.288633204587129,"Mean"
35.0843628140704,7.18396432160804,0.288378249177944,"Mean"
35.1689618090452,7.18396432160804,0.293331369248358,"Mean"
35.2535608040201,7.18396432160804,0.289314116657877,"Mean"
35.338159798995,7.18396432160804,0.279341817871761,"Mean"
35.4227587939698,7.18396432160804,0.271177933239637,"Mean"
35.5073577889447,7.18396432160804,0.292213658216471,"Mean"
35.5919567839196,7.18396432160804,0.269175252301692,"Mean"
35.6765557788945,7.18396432160804,0.27847956731293,"Mean"
35.7611547738694,7.18396432160804,0.279244075587899,"Mean"
35.8457537688442,7.18396432160804,0.26339223879385,"Mean"
35.9303527638191,7.18396432160804,0.29770507730185,"Mean"
36.014951758794,7.18396432160804,0.305101680973008,"Mean"
36.0995507537688,7.18396432160804,0.311059653070386,"Mean"
36.1841497487437,7.18396432160804,0.311097140115465,"Mean"
36.2687487437186,7.18396432160804,0.318496075985896,"Mean"
36.3533477386935,7.18396432160804,0.313404691683973,"Mean"
36.4379467336683,7.18396432160804,0.33235196568284,"Mean"
36.5225457286432,7.18396432160804,0.335365956259156,"Mean"
36.6071447236181,7.18396432160804,0.311919328430904,"Mean"
36.691743718593,7.18396432160804,0.316565747711423,"Mean"
36.7763427135678,7.18396432160804,0.325141991089525,"Mean"
36.8609417085427,7.18396432160804,0.344008213124389,"Mean"
36.9455407035176,7.18396432160804,0.337501961149668,"Mean"
37.0301396984925,7.18396432160804,0.343048271654285,"Mean"
37.1147386934673,7.18396432160804,0.344016432589115,"Mean"
37.1993376884422,7.18396432160804,0.327447440849282,"Mean"
37.2839366834171,7.18396432160804,0.247269425827695,"Mean"
37.368535678392,7.18396432160804,0.336278379283126,"Mean"
37.4531346733668,7.18396432160804,0.322195401450357,"Mean"
37.5377336683417,7.18396432160804,0.451457382222718,"Mean"
37.6223326633166,7.18396432160804,0.248332541710166,"Mean"
37.7069316582915,7.18396432160804,0.234264202785175,"Mean"
37.7915306532663,7.18396432160804,0.218172221221449,"Mean"
37.8761296482412,7.18396432160804,0.216741094525186,"Mean"
37.9607286432161,7.18396432160804,0.225325065514982,"Mean"
38.045327638191,7.18396432160804,0.230724278871516,"Mean"
38.1299266331658,7.18396432160804,0.257424253158684,"Mean"
38.2145256281407,7.18396432160804,0.243057098558722,"Mean"
38.2991246231156,7.18396432160804,0.321768334246647,"Mean"
38.3837236180904,7.18396432160804,0.284456192416945,"Mean"
38.4683226130653,7.18396432160804,0.23223552334138,"Mean"
38.5529216080402,7.18396432160804,0.222374305509977,"Mean"
38.6375206030151,7.18396432160804,0.21927910643359,"Mean"
38.72211959799,7.18396432160804,0.196719437049907,"Mean"
38.8067185929648,7.18396432160804,0.210756528995973,"Mean"
38.8913175879397,7.18396432160804,0.179608154239084,"Mean"
38.9759165829146,7.18396432160804,0.161344128167969,"Mean"
39.0605155778894,7.18396432160804,0.190875910718562,"Mean"
39.1451145728643,7.18396432160804,0.185910170969729,"Mean"
39.2297135678392,7.18396432160804,0.182623927719685,"Mean"
39.3143125628141,7.18396432160804,0.184297455986273,"Mean"
39.3989115577889,7.18396432160804,0.183757590508876,"Mean"
39.4835105527638,7.18396432160804,0.193112634229096,"Mean"
39.5681095477387,7.18396432160804,0.22681563109693,"Mean"
39.6527085427136,7.18396432160804,0.254591107206417,"Mean"
39.7373075376884,7.18396432160804,0.279122338818924,"Mean"
39.8219065326633,7.18396432160804,0.220131291759436,"Mean"
39.9065055276382,7.18396432160804,0.190874125153654,"Mean"
39.9911045226131,7.18396432160804,0.191498953490211,"Mean"
40.0757035175879,7.18396432160804,0.187769727021498,"Mean"
40.1603025125628,7.18396432160804,0.196906468829409,"Mean"
40.2449015075377,7.18396432160804,0.197781614459624,"Mean"
40.3295005025126,7.18396432160804,0.19879745163945,"Mean"
40.4140994974874,7.18396432160804,0.196144988026019,"Mean"
40.4986984924623,7.18396432160804,0.197576974569409,"Mean"
40.5832974874372,7.18396432160804,0.191818572712962,"Mean"
40.6678964824121,7.18396432160804,0.197112083818058,"Mean"
40.7524954773869,7.18396432160804,0.205216978183307,"Mean"
40.8370944723618,7.18396432160804,0.20479917597587,"Mean"
40.9216934673367,7.18396432160804,0.211243620679366,"Mean"
41.0062924623116,7.18396432160804,0.217147489053012,"Mean"
41.0908914572864,7.18396432160804,0.223238685842075,"Mean"
41.1754904522613,7.18396432160804,0.239689495426902,"Mean"
41.2600894472362,7.18396432160804,0.235435310182927,"Mean"
41.344688442211,7.18396432160804,0.244279157194941,"Mean"
41.4292874371859,7.18396432160804,0.25223607408794,"Mean"
41.5138864321608,7.18396432160804,0.260614637386406,"Mean"
41.5984854271357,7.18396432160804,0.269590608174798,"Mean"
41.6830844221106,7.18396432160804,0.278834254860185,"Mean"
41.7676834170854,7.18396432160804,0.28702645799616,"Mean"
41.8522824120603,7.18396432160804,0.300619273404571,"Mean"
41.9368814070352,7.18396432160804,0.305036405453134,"Mean"
42.02148040201,7.18396432160804,0.327031780858346,"Mean"
42.1060793969849,7.18396432160804,0.332429092802118,"Mean"
42.1906783919598,7.18396432160804,0.32931376760775,"Mean"
42.2752773869347,7.18396432160804,0.345489512310389,"Mean"
42.3598763819095,7.18396432160804,0.335456073380802,"Mean"
42.4444753768844,7.18396432160804,0.341093598989266,"Mean"
42.5290743718593,7.18396432160804,0.344686548564548,"Mean"
42.6136733668342,7.18396432160804,0.35056891003672,"Mean"
42.698272361809,7.18396432160804,0.355870971152721,"Mean"
42.7828713567839,7.18396432160804,0.385907581637054,"Mean"
42.8674703517588,7.18396432160804,0.390327575520952,"Mean"
42.9520693467337,7.18396432160804,0.382107423926679,"Mean"
43.0366683417085,7.18396432160804,0.392039391457462,"Mean"
43.1212673366834,7.18396432160804,0.403270137523497,"Mean"
43.2058663316583,7.18396432160804,0.406249497925274,"Mean"
43.2904653266332,7.18396432160804,0.39060480716993,"Mean"
43.375064321608,7.18396432160804,0.386566018851778,"Mean"
43.4596633165829,7.18396432160804,0.390890506533006,"Mean"
43.5442623115578,7.18396432160804,0.3924035209509,"Mean"
43.6288613065327,7.18396432160804,0.395310200399816,"Mean"
43.7134603015075,7.18396432160804,0.398064619076147,"Mean"
43.7980592964824,7.18396432160804,0.400894808453149,"Mean"
43.8826582914573,7.18396432160804,0.40323735147895,"Mean"
43.9672572864322,7.18396432160804,0.405837810120603,"Mean"
44.051856281407,7.18396432160804,0.407990680713873,"Mean"
44.1364552763819,7.18396432160804,0.424401513176934,"Mean"
44.2210542713568,7.18396432160804,0.424919944928647,"Mean"
44.3056532663317,7.18396432160804,0.416335944749611,"Mean"
44.3902522613065,7.18396432160804,0.416500312121233,"Mean"
44.4748512562814,7.18396432160804,0.418403936647735,"Mean"
44.5594502512563,7.18396432160804,0.420237545708214,"Mean"
44.6440492462312,7.18396432160804,0.419785585594789,"Mean"
44.728648241206,7.18396432160804,0.418776364784436,"Mean"
44.8132472361809,7.18396432160804,0.417828822311792,"Mean"
44.8978462311558,7.18396432160804,0.416981629747836,"Mean"
44.9824452261307,7.18396432160804,0.416186610581679,"Mean"
45.0670442211055,7.18396432160804,0.415488356650472,"Mean"
45.1516432160804,7.18396432160804,0.414874560148661,"Mean"
45.2362422110553,7.18396432160804,0.414344900726097,"Mean"
45.3208412060302,7.18396432160804,0.413903500296539,"Mean"
45.405440201005,7.18396432160804,0.413570109943017,"Mean"
45.4900391959799,7.18396432160804,0.413655951827203,"Mean"
45.5746381909548,7.18396432160804,0.413135866573332,"Mean"
45.6592371859296,7.18396432160804,0.413155686242207,"Mean"
45.7438361809045,7.18396432160804,0.413016715137061,"Mean"
45.8284351758794,7.18396432160804,0.427170018976841,"Mean"
45.9130341708543,7.18396432160804,0.420508573837701,"Mean"
45.9976331658291,7.18396432160804,0.430165140637555,"Mean"
46.082232160804,7.18396432160804,0.414257764017777,"Mean"
46.1668311557789,7.18396432160804,0.417520391499106,"Mean"
46.2514301507538,7.18396432160804,0.414340223905521,"Mean"
46.3360291457286,7.18396432160804,0.415273991713923,"Mean"
46.4206281407035,7.18396432160804,0.415373421179505,"Mean"
46.5052271356784,7.18396432160804,0.415611900271654,"Mean"
46.5898261306533,7.18396432160804,0.42379018953813,"Mean"
46.6744251256281,7.18396432160804,0.42183114226182,"Mean"
46.759024120603,7.18396432160804,0.415723682830031,"Mean"
46.8436231155779,7.18396432160804,0.418758049895798,"Mean"
46.9282221105528,7.18396432160804,0.425650914527283,"Mean"
47.0128211055276,7.18396432160804,0.427156110655665,"Mean"
34.0691748743719,7.25199095477387,0.89930818552561,"Mean"
34.1537738693467,7.25199095477387,0.902634182060615,"Mean"
34.2383728643216,7.25199095477387,0.883404559432124,"Mean"
34.3229718592965,7.25199095477387,0.841708806734868,"Mean"
34.4075708542714,7.25199095477387,0.790283374723838,"Mean"
34.4921698492462,7.25199095477387,0.697163416991218,"Mean"
34.5767688442211,7.25199095477387,0.635143829733031,"Mean"
34.661367839196,7.25199095477387,0.562988162379118,"Mean"
34.7459668341709,7.25199095477387,0.464237614226594,"Mean"
34.8305658291457,7.25199095477387,0.396554975792016,"Mean"
34.9151648241206,7.25199095477387,0.311155511804962,"Mean"
34.9997638190955,7.25199095477387,0.287780227934342,"Mean"
35.0843628140704,7.25199095477387,0.292459140456193,"Mean"
35.1689618090452,7.25199095477387,0.291384103238484,"Mean"
35.2535608040201,7.25199095477387,0.287738447975681,"Mean"
35.338159798995,7.25199095477387,0.270190995601465,"Mean"
35.4227587939698,7.25199095477387,0.28271740683298,"Mean"
35.5073577889447,7.25199095477387,0.298676400098795,"Mean"
35.5919567839196,7.25199095477387,0.309405120918078,"Mean"
35.6765557788945,7.25199095477387,0.309920347825892,"Mean"
35.7611547738694,7.25199095477387,0.308903155228211,"Mean"
35.8457537688442,7.25199095477387,0.276041124407831,"Mean"
35.9303527638191,7.25199095477387,0.288644929880058,"Mean"
36.014951758794,7.25199095477387,0.31475607556364,"Mean"
36.0995507537688,7.25199095477387,0.327321514332273,"Mean"
36.1841497487437,7.25199095477387,0.313719935701729,"Mean"
36.2687487437186,7.25199095477387,0.317987520487481,"Mean"
36.3533477386935,7.25199095477387,0.31130651939451,"Mean"
36.4379467336683,7.25199095477387,0.308992001535988,"Mean"
36.5225457286432,7.25199095477387,0.296691374921086,"Mean"
36.6071447236181,7.25199095477387,0.325202320760305,"Mean"
36.691743718593,7.25199095477387,0.322561389562985,"Mean"
36.7763427135678,7.25199095477387,0.327834746483954,"Mean"
36.8609417085427,7.25199095477387,0.331418082931428,"Mean"
36.9455407035176,7.25199095477387,0.355091457992567,"Mean"
37.0301396984925,7.25199095477387,0.340839441021518,"Mean"
37.1147386934673,7.25199095477387,0.354659261203934,"Mean"
37.1993376884422,7.25199095477387,0.364460347537133,"Mean"
37.2839366834171,7.25199095477387,0.318950548809806,"Mean"
37.368535678392,7.25199095477387,0.431717671425886,"Mean"
37.4531346733668,7.25199095477387,0.290899885248109,"Mean"
37.5377336683417,7.25199095477387,0.250060116095668,"Mean"
37.6223326633166,7.25199095477387,0.265072762522191,"Mean"
37.7069316582915,7.25199095477387,0.265758825163612,"Mean"
37.7915306532663,7.25199095477387,0.260995666692529,"Mean"
37.8761296482412,7.25199095477387,0.243512189269744,"Mean"
37.9607286432161,7.25199095477387,0.227716532101591,"Mean"
38.045327638191,7.25199095477387,0.233165585209971,"Mean"
38.1299266331658,7.25199095477387,0.240296328412843,"Mean"
38.2145256281407,7.25199095477387,0.236524963030981,"Mean"
38.2991246231156,7.25199095477387,0.231913002458955,"Mean"
38.3837236180904,7.25199095477387,0.240125766585899,"Mean"
38.4683226130653,7.25199095477387,0.229177259286141,"Mean"
38.5529216080402,7.25199095477387,0.218028703606287,"Mean"
38.6375206030151,7.25199095477387,0.224984997971252,"Mean"
38.72211959799,7.25199095477387,0.198677511568123,"Mean"
38.8067185929648,7.25199095477387,0.210203352415351,"Mean"
38.8913175879397,7.25199095477387,0.176881318010787,"Mean"
38.9759165829146,7.25199095477387,0.168421616571042,"Mean"
39.0605155778894,7.25199095477387,0.172079291868928,"Mean"
39.1451145728643,7.25199095477387,0.195689416155854,"Mean"
39.2297135678392,7.25199095477387,0.181862631067816,"Mean"
39.3143125628141,7.25199095477387,0.175742405771809,"Mean"
39.3989115577889,7.25199095477387,0.187289281544514,"Mean"
39.4835105527638,7.25199095477387,0.207513118848779,"Mean"
39.5681095477387,7.25199095477387,0.221662691526495,"Mean"
39.6527085427136,7.25199095477387,0.260936644437925,"Mean"
39.7373075376884,7.25199095477387,0.243927128827793,"Mean"
39.8219065326633,7.25199095477387,0.203751798222123,"Mean"
39.9065055276382,7.25199095477387,0.183467400935815,"Mean"
39.9911045226131,7.25199095477387,0.189400702792431,"Mean"
40.0757035175879,7.25199095477387,0.202940913166299,"Mean"
40.1603025125628,7.25199095477387,0.214698549005468,"Mean"
40.2449015075377,7.25199095477387,0.206591543860234,"Mean"
40.3295005025126,7.25199095477387,0.191511883621057,"Mean"
40.4140994974874,7.25199095477387,0.204375797653128,"Mean"
40.4986984924623,7.25199095477387,0.18701683274701,"Mean"
40.5832974874372,7.25199095477387,0.182777707631186,"Mean"
40.6678964824121,7.25199095477387,0.197491655669733,"Mean"
40.7524954773869,7.25199095477387,0.209873628667985,"Mean"
40.8370944723618,7.25199095477387,0.218379361472661,"Mean"
40.9216934673367,7.25199095477387,0.222906417695978,"Mean"
41.0062924623116,7.25199095477387,0.223595063793518,"Mean"
41.0908914572864,7.25199095477387,0.226759838297507,"Mean"
41.1754904522613,7.25199095477387,0.234441875993606,"Mean"
41.2600894472362,7.25199095477387,0.265656875428459,"Mean"
41.344688442211,7.25199095477387,0.252702000145176,"Mean"
41.4292874371859,7.25199095477387,0.255429920380907,"Mean"
41.5138864321608,7.25199095477387,0.263886703202778,"Mean"
41.5984854271357,7.25199095477387,0.271318678610491,"Mean"
41.6830844221106,7.25199095477387,0.2801480038357,"Mean"
41.7676834170854,7.25199095477387,0.286647978983203,"Mean"
41.8522824120603,7.25199095477387,0.293976824358035,"Mean"
41.9368814070352,7.25199095477387,0.307964337015564,"Mean"
42.02148040201,7.25199095477387,0.313918380514054,"Mean"
42.1060793969849,7.25199095477387,0.320239227119789,"Mean"
42.1906783919598,7.25199095477387,0.334595227067685,"Mean"
42.2752773869347,7.25199095477387,0.334004056461601,"Mean"
42.3598763819095,7.25199095477387,0.34520466569364,"Mean"
42.4444753768844,7.25199095477387,0.338852791133396,"Mean"
42.5290743718593,7.25199095477387,0.34432319498984,"Mean"
42.6136733668342,7.25199095477387,0.350745514710396,"Mean"
42.698272361809,7.25199095477387,0.355011449850216,"Mean"
42.7828713567839,7.25199095477387,0.377778262491723,"Mean"
42.8674703517588,7.25199095477387,0.384056192577714,"Mean"
42.9520693467337,7.25199095477387,0.381604022931315,"Mean"
43.0366683417085,7.25199095477387,0.380929605834682,"Mean"
43.1212673366834,7.25199095477387,0.402735885474043,"Mean"
43.2058663316583,7.25199095477387,0.39363365512036,"Mean"
43.2904653266332,7.25199095477387,0.395790775480486,"Mean"
43.375064321608,7.25199095477387,0.387372379352352,"Mean"
43.4596633165829,7.25199095477387,0.389019517523304,"Mean"
43.5442623115578,7.25199095477387,0.392972827800041,"Mean"
43.6288613065327,7.25199095477387,0.394677235957361,"Mean"
43.7134603015075,7.25199095477387,0.397376503240225,"Mean"
43.7980592964824,7.25199095477387,0.400926696097285,"Mean"
43.8826582914573,7.25199095477387,0.402450649347101,"Mean"
43.9672572864322,7.25199095477387,0.404665598919756,"Mean"
44.051856281407,7.25199095477387,0.428265605408679,"Mean"
44.1364552763819,7.25199095477387,0.409658584494791,"Mean"
44.2210542713568,7.25199095477387,0.411497295864616,"Mean"
44.3056532663317,7.25199095477387,0.414081725576686,"Mean"
44.3902522613065,7.25199095477387,0.415556622365786,"Mean"
44.4748512562814,7.25199095477387,0.417451457127386,"Mean"
44.5594502512563,7.25199095477387,0.419304169482631,"Mean"
44.6440492462312,7.25199095477387,0.418405126049723,"Mean"
44.728648241206,7.25199095477387,0.417414489868464,"Mean"
44.8132472361809,7.25199095477387,0.416461826378057,"Mean"
44.8978462311558,7.25199095477387,0.415624162741122,"Mean"
44.9824452261307,7.25199095477387,0.414846912824758,"Mean"
45.0670442211055,7.25199095477387,0.414147044759652,"Mean"
45.1516432160804,7.25199095477387,0.413563093404396,"Mean"
45.2362422110553,7.25199095477387,0.413019792788388,"Mean"
45.3208412060302,7.25199095477387,0.4126526484826,"Mean"
45.405440201005,7.25199095477387,0.412299875532952,"Mean"
45.4900391959799,7.25199095477387,0.412048492601293,"Mean"
45.5746381909548,7.25199095477387,0.41193739432552,"Mean"
45.6592371859296,7.25199095477387,0.415430196978575,"Mean"
45.7438361809045,7.25199095477387,0.41835414338047,"Mean"
45.8284351758794,7.25199095477387,0.412901980388586,"Mean"
45.9130341708543,7.25199095477387,0.413668420846288,"Mean"
45.9976331658291,7.25199095477387,0.425951018944048,"Mean"
46.082232160804,7.25199095477387,0.413113528030339,"Mean"
46.1668311557789,7.25199095477387,0.412800615080434,"Mean"
46.2514301507538,7.25199095477387,0.414389857535933,"Mean"
46.3360291457286,7.25199095477387,0.413681087850818,"Mean"
46.4206281407035,7.25199095477387,0.418198232207606,"Mean"
46.5052271356784,7.25199095477387,0.415045287333009,"Mean"
46.5898261306533,7.25199095477387,0.415350747746726,"Mean"
46.6744251256281,7.25199095477387,0.413611153982624,"Mean"
46.759024120603,7.25199095477387,0.414752245442181,"Mean"
46.8436231155779,7.25199095477387,0.413839030369619,"Mean"
46.9282221105528,7.25199095477387,0.420274137080258,"Mean"
47.0128211055276,7.25199095477387,0.417586864687122,"Mean"
33.984575879397,7.3200175879397,0.685187403746468,"Mean"
34.0691748743719,7.3200175879397,0.798574854438297,"Mean"
34.1537738693467,7.3200175879397,0.884590297980356,"Mean"
34.2383728643216,7.3200175879397,0.858315668807143,"Mean"
34.3229718592965,7.3200175879397,0.822470386172899,"Mean"
34.4075708542714,7.3200175879397,0.762198936776701,"Mean"
34.4921698492462,7.3200175879397,0.651867053220269,"Mean"
34.5767688442211,7.3200175879397,0.572911296127435,"Mean"
34.661367839196,7.3200175879397,0.489791515968388,"Mean"
34.7459668341709,7.3200175879397,0.418320870814086,"Mean"
34.8305658291457,7.3200175879397,0.342800573474338,"Mean"
34.9151648241206,7.3200175879397,0.285642881767943,"Mean"
34.9997638190955,7.3200175879397,0.288402797764203,"Mean"
35.0843628140704,7.3200175879397,0.291052918980766,"Mean"
35.1689618090452,7.3200175879397,0.291507688913358,"Mean"
35.2535608040201,7.3200175879397,0.287814967075694,"Mean"
35.338159798995,7.3200175879397,0.269226083675001,"Mean"
35.4227587939698,7.3200175879397,0.27896324686832,"Mean"
35.5073577889447,7.3200175879397,0.292391915121091,"Mean"
35.5919567839196,7.3200175879397,0.299608489232676,"Mean"
35.6765557788945,7.3200175879397,0.287570595758052,"Mean"
35.7611547738694,7.3200175879397,0.285990404486753,"Mean"
35.8457537688442,7.3200175879397,0.272816940527338,"Mean"
35.9303527638191,7.3200175879397,0.290037485494625,"Mean"
36.014951758794,7.3200175879397,0.313432208343695,"Mean"
36.0995507537688,7.3200175879397,0.306119815922081,"Mean"
36.1841497487437,7.3200175879397,0.30999436986572,"Mean"
36.2687487437186,7.3200175879397,0.316499424970125,"Mean"
36.3533477386935,7.3200175879397,0.316281786357692,"Mean"
36.4379467336683,7.3200175879397,0.320694791450863,"Mean"
36.5225457286432,7.3200175879397,0.308066288136915,"Mean"
36.6071447236181,7.3200175879397,0.324348113400346,"Mean"
36.691743718593,7.3200175879397,0.322143588587314,"Mean"
36.7763427135678,7.3200175879397,0.34103915974112,"Mean"
36.8609417085427,7.3200175879397,0.323941520277083,"Mean"
36.9455407035176,7.3200175879397,0.335025597383163,"Mean"
37.0301396984925,7.3200175879397,0.354089609793234,"Mean"
37.1147386934673,7.3200175879397,0.355874535131484,"Mean"
37.1993376884422,7.3200175879397,0.353417521865529,"Mean"
37.2839366834171,7.3200175879397,0.311006422471425,"Mean"
37.368535678392,7.3200175879397,0.37921277383398,"Mean"
37.4531346733668,7.3200175879397,0.288915632553805,"Mean"
37.5377336683417,7.3200175879397,0.253954121341963,"Mean"
37.6223326633166,7.3200175879397,0.270858963245427,"Mean"
37.7069316582915,7.3200175879397,0.26863751392637,"Mean"
37.7915306532663,7.3200175879397,0.266336182478989,"Mean"
37.8761296482412,7.3200175879397,0.244333775969997,"Mean"
37.9607286432161,7.3200175879397,0.22341853315739,"Mean"
38.045327638191,7.3200175879397,0.23553208856995,"Mean"
38.1299266331658,7.3200175879397,0.240849866763296,"Mean"
38.2145256281407,7.3200175879397,0.237193246930501,"Mean"
38.2991246231156,7.3200175879397,0.232836356172029,"Mean"
38.3837236180904,7.3200175879397,0.238444178882061,"Mean"
38.4683226130653,7.3200175879397,0.231195722888407,"Mean"
38.5529216080402,7.3200175879397,0.219896416053624,"Mean"
38.6375206030151,7.3200175879397,0.227207689940537,"Mean"
38.72211959799,7.3200175879397,0.199662725884328,"Mean"
38.8067185929648,7.3200175879397,0.199368937771153,"Mean"
38.8913175879397,7.3200175879397,0.176453844390167,"Mean"
38.9759165829146,7.3200175879397,0.171179047596811,"Mean"
39.0605155778894,7.3200175879397,0.183496488307419,"Mean"
39.1451145728643,7.3200175879397,0.205885625527874,"Mean"
39.2297135678392,7.3200175879397,0.186788127067478,"Mean"
39.3143125628141,7.3200175879397,0.180527472385469,"Mean"
39.3989115577889,7.3200175879397,0.191929643974293,"Mean"
39.4835105527638,7.3200175879397,0.199860459649023,"Mean"
39.5681095477387,7.3200175879397,0.224306531797892,"Mean"
39.6527085427136,7.3200175879397,0.239241368398092,"Mean"
39.7373075376884,7.3200175879397,0.245133872156827,"Mean"
39.8219065326633,7.3200175879397,0.200751922164403,"Mean"
39.9065055276382,7.3200175879397,0.187442286453938,"Mean"
39.9911045226131,7.3200175879397,0.195042214803112,"Mean"
40.0757035175879,7.3200175879397,0.23004115787795,"Mean"
40.1603025125628,7.3200175879397,0.217016082284785,"Mean"
40.2449015075377,7.3200175879397,0.217296969070076,"Mean"
40.3295005025126,7.3200175879397,0.196195774573976,"Mean"
40.4140994974874,7.3200175879397,0.21154914362171,"Mean"
40.4986984924623,7.3200175879397,0.189294862867464,"Mean"
40.5832974874372,7.3200175879397,0.187623355921519,"Mean"
40.6678964824121,7.3200175879397,0.201300548091963,"Mean"
40.7524954773869,7.3200175879397,0.212772959449282,"Mean"
40.8370944723618,7.3200175879397,0.219045023506802,"Mean"
40.9216934673367,7.3200175879397,0.221178038258603,"Mean"
41.0062924623116,7.3200175879397,0.239203379468733,"Mean"
41.0908914572864,7.3200175879397,0.243215648566133,"Mean"
41.1754904522613,7.3200175879397,0.245511121429553,"Mean"
41.2600894472362,7.3200175879397,0.25248773872372,"Mean"
41.344688442211,7.3200175879397,0.252629797190658,"Mean"
41.4292874371859,7.3200175879397,0.261857962938385,"Mean"
41.5138864321608,7.3200175879397,0.269319420204222,"Mean"
41.5984854271357,7.3200175879397,0.273160246239934,"Mean"
41.6830844221106,7.3200175879397,0.281616644065997,"Mean"
41.7676834170854,7.3200175879397,0.288253054933601,"Mean"
41.8522824120603,7.3200175879397,0.299912266342373,"Mean"
41.9368814070352,7.3200175879397,0.302323705673901,"Mean"
42.02148040201,7.3200175879397,0.311230093345462,"Mean"
42.1060793969849,7.3200175879397,0.316614187895804,"Mean"
42.1906783919598,7.3200175879397,0.33287236925734,"Mean"
42.2752773869347,7.3200175879397,0.334769404406682,"Mean"
42.3598763819095,7.3200175879397,0.352361731009534,"Mean"
42.4444753768844,7.3200175879397,0.359159555334458,"Mean"
42.5290743718593,7.3200175879397,0.363682045416799,"Mean"
42.6136733668342,7.3200175879397,0.35230202093104,"Mean"
42.698272361809,7.3200175879397,0.367288058410191,"Mean"
42.7828713567839,7.3200175879397,0.359623711397041,"Mean"
42.8674703517588,7.3200175879397,0.383363370184751,"Mean"
42.9520693467337,7.3200175879397,0.386285622174288,"Mean"
43.0366683417085,7.3200175879397,0.379738701444913,"Mean"
43.1212673366834,7.3200175879397,0.39832895363718,"Mean"
43.2058663316583,7.3200175879397,0.387629426457237,"Mean"
43.2904653266332,7.3200175879397,0.407197892843813,"Mean"
43.375064321608,7.3200175879397,0.385236234792132,"Mean"
43.4596633165829,7.3200175879397,0.387651310571664,"Mean"
43.5442623115578,7.3200175879397,0.39135538200038,"Mean"
43.6288613065327,7.3200175879397,0.397190372761284,"Mean"
43.7134603015075,7.3200175879397,0.398356694034427,"Mean"
43.7980592964824,7.3200175879397,0.400095028617331,"Mean"
43.8826582914573,7.3200175879397,0.401360399939192,"Mean"
43.9672572864322,7.3200175879397,0.425743536186209,"Mean"
44.051856281407,7.3200175879397,0.406427336641684,"Mean"
44.1364552763819,7.3200175879397,0.410546981304657,"Mean"
44.2210542713568,7.3200175879397,0.416988679237066,"Mean"
44.3056532663317,7.3200175879397,0.413467327267678,"Mean"
44.3902522613065,7.3200175879397,0.415922600113599,"Mean"
44.4748512562814,7.3200175879397,0.416540877124345,"Mean"
44.5594502512563,7.3200175879397,0.41813037201273,"Mean"
44.6440492462312,7.3200175879397,0.41706223750225,"Mean"
44.728648241206,7.3200175879397,0.416053313542835,"Mean"
44.8132472361809,7.3200175879397,0.415204163474588,"Mean"
44.8978462311558,7.3200175879397,0.414461695522143,"Mean"
44.9824452261307,7.3200175879397,0.413531350848855,"Mean"
45.0670442211055,7.3200175879397,0.412841126371764,"Mean"
45.1516432160804,7.3200175879397,0.412242549158178,"Mean"
45.2362422110553,7.3200175879397,0.411764086706018,"Mean"
45.3208412060302,7.3200175879397,0.412387299081275,"Mean"
45.405440201005,7.3200175879397,0.41102903028467,"Mean"
45.4900391959799,7.3200175879397,0.410802907698972,"Mean"
45.5746381909548,7.3200175879397,0.410872871923298,"Mean"
45.6592371859296,7.3200175879397,0.410978712628294,"Mean"
45.7438361809045,7.3200175879397,0.410628635614724,"Mean"
45.8284351758794,7.3200175879397,0.420255765570239,"Mean"
45.9130341708543,7.3200175879397,0.417249034799826,"Mean"
45.9976331658291,7.3200175879397,0.411349354192621,"Mean"
46.082232160804,7.3200175879397,0.414790348808045,"Mean"
46.1668311557789,7.3200175879397,0.41171240840135,"Mean"
46.2514301507538,7.3200175879397,0.412099261270769,"Mean"
46.3360291457286,7.3200175879397,0.412857322157015,"Mean"
46.4206281407035,7.3200175879397,0.425641687271557,"Mean"
46.5052271356784,7.3200175879397,0.419544726986886,"Mean"
46.5898261306533,7.3200175879397,0.412201462907838,"Mean"
46.6744251256281,7.3200175879397,0.41811959097995,"Mean"
46.759024120603,7.3200175879397,0.415325386649268,"Mean"
46.8436231155779,7.3200175879397,0.412564586595833,"Mean"
46.9282221105528,7.3200175879397,0.414554440453445,"Mean"
47.0128211055276,7.3200175879397,0.412832440316637,"Mean"
47.0974201005025,7.3200175879397,0.413852569655364,"Mean"
33.984575879397,7.38804422110553,0.506096990871217,"Mean"
34.0691748743719,7.38804422110553,0.66821849328958,"Mean"
34.1537738693467,7.38804422110553,0.804410036928522,"Mean"
34.2383728643216,7.38804422110553,0.837563270935957,"Mean"
34.3229718592965,7.38804422110553,0.793516839242902,"Mean"
34.4075708542714,7.38804422110553,0.716547945958133,"Mean"
34.4921698492462,7.38804422110553,0.655656179996369,"Mean"
34.5767688442211,7.38804422110553,0.528550064400116,"Mean"
34.661367839196,7.38804422110553,0.444452379733373,"Mean"
34.7459668341709,7.38804422110553,0.372322606403032,"Mean"
34.8305658291457,7.38804422110553,0.302161281542747,"Mean"
34.9151648241206,7.38804422110553,0.28575683023865,"Mean"
34.9997638190955,7.38804422110553,0.2887842056832,"Mean"
35.0843628140704,7.38804422110553,0.291896938125386,"Mean"
35.1689618090452,7.38804422110553,0.293877565139056,"Mean"
35.2535608040201,7.38804422110553,0.294228117413407,"Mean"
35.338159798995,7.38804422110553,0.290930943134606,"Mean"
35.4227587939698,7.38804422110553,0.298944498811107,"Mean"
35.5073577889447,7.38804422110553,0.299927213676513,"Mean"
35.5919567839196,7.38804422110553,0.299887291933926,"Mean"
35.6765557788945,7.38804422110553,0.303477857751172,"Mean"
35.7611547738694,7.38804422110553,0.302913404690435,"Mean"
35.8457537688442,7.38804422110553,0.294196465870532,"Mean"
35.9303527638191,7.38804422110553,0.298290178446739,"Mean"
36.014951758794,7.38804422110553,0.301519477800457,"Mean"
36.0995507537688,7.38804422110553,0.31227236404157,"Mean"
36.1841497487437,7.38804422110553,0.28748146292025,"Mean"
36.2687487437186,7.38804422110553,0.275684330997943,"Mean"
36.3533477386935,7.38804422110553,0.306541844158591,"Mean"
36.4379467336683,7.38804422110553,0.313041969398716,"Mean"
36.5225457286432,7.38804422110553,0.335656921588482,"Mean"
36.6071447236181,7.38804422110553,0.346224194899679,"Mean"
36.691743718593,7.38804422110553,0.344386243674846,"Mean"
36.7763427135678,7.38804422110553,0.303300658086123,"Mean"
36.8609417085427,7.38804422110553,0.269978247621825,"Mean"
36.9455407035176,7.38804422110553,0.29616808317367,"Mean"
37.0301396984925,7.38804422110553,0.271058072422136,"Mean"
37.1147386934673,7.38804422110553,0.321136476377157,"Mean"
37.1993376884422,7.38804422110553,0.356918861016955,"Mean"
37.2839366834171,7.38804422110553,0.37144479671249,"Mean"
37.368535678392,7.38804422110553,0.392005531410002,"Mean"
37.4531346733668,7.38804422110553,0.341635495949209,"Mean"
37.5377336683417,7.38804422110553,0.28784481609281,"Mean"
37.6223326633166,7.38804422110553,0.270313471324336,"Mean"
37.7069316582915,7.38804422110553,0.26565471499366,"Mean"
37.7915306532663,7.38804422110553,0.255505424289806,"Mean"
37.8761296482412,7.38804422110553,0.206572552124002,"Mean"
37.9607286432161,7.38804422110553,0.237321766301014,"Mean"
38.045327638191,7.38804422110553,0.238692002317016,"Mean"
38.1299266331658,7.38804422110553,0.256708625851129,"Mean"
38.2145256281407,7.38804422110553,0.247225745215266,"Mean"
38.2991246231156,7.38804422110553,0.242979466299367,"Mean"
38.3837236180904,7.38804422110553,0.279720302827818,"Mean"
38.4683226130653,7.38804422110553,0.293167649900023,"Mean"
38.5529216080402,7.38804422110553,0.341454370864836,"Mean"
38.6375206030151,7.38804422110553,0.320420917433906,"Mean"
38.72211959799,7.38804422110553,0.242105176053073,"Mean"
38.8067185929648,7.38804422110553,0.195057048638311,"Mean"
38.8913175879397,7.38804422110553,0.239703587252295,"Mean"
38.9759165829146,7.38804422110553,0.248817013476664,"Mean"
39.0605155778894,7.38804422110553,0.205369244933622,"Mean"
39.1451145728643,7.38804422110553,0.302234168463842,"Mean"
39.2297135678392,7.38804422110553,0.213385735127695,"Mean"
39.3143125628141,7.38804422110553,0.212396604201048,"Mean"
39.3989115577889,7.38804422110553,0.207166912598959,"Mean"
39.4835105527638,7.38804422110553,0.200251256532726,"Mean"
39.5681095477387,7.38804422110553,0.23183867790271,"Mean"
39.6527085427136,7.38804422110553,0.2641760588539,"Mean"
39.7373075376884,7.38804422110553,0.255264100941521,"Mean"
39.8219065326633,7.38804422110553,0.239211950961861,"Mean"
39.9065055276382,7.38804422110553,0.218038048674724,"Mean"
39.9911045226131,7.38804422110553,0.213807942290334,"Mean"
40.0757035175879,7.38804422110553,0.216120814257976,"Mean"
40.1603025125628,7.38804422110553,0.215789493842135,"Mean"
40.2449015075377,7.38804422110553,0.20007843281367,"Mean"
40.3295005025126,7.38804422110553,0.22036423992723,"Mean"
40.4140994974874,7.38804422110553,0.221676149343163,"Mean"
40.4986984924623,7.38804422110553,0.192762398126951,"Mean"
40.5832974874372,7.38804422110553,0.18513353517427,"Mean"
40.6678964824121,7.38804422110553,0.212576332881469,"Mean"
40.7524954773869,7.38804422110553,0.222089157416088,"Mean"
40.8370944723618,7.38804422110553,0.222986147213387,"Mean"
40.9216934673367,7.38804422110553,0.255733506143439,"Mean"
41.0062924623116,7.38804422110553,0.23138216020646,"Mean"
41.0908914572864,7.38804422110553,0.267534389918031,"Mean"
41.1754904522613,7.38804422110553,0.245778458496611,"Mean"
41.2600894472362,7.38804422110553,0.250983960269719,"Mean"
41.344688442211,7.38804422110553,0.259308127319234,"Mean"
41.4292874371859,7.38804422110553,0.265006585566747,"Mean"
41.5138864321608,7.38804422110553,0.271280763016293,"Mean"
41.5984854271357,7.38804422110553,0.276623547314348,"Mean"
41.6830844221106,7.38804422110553,0.283326055651674,"Mean"
41.7676834170854,7.38804422110553,0.315912920855336,"Mean"
41.8522824120603,7.38804422110553,0.296750750760782,"Mean"
41.9368814070352,7.38804422110553,0.303298719819102,"Mean"
42.02148040201,7.38804422110553,0.312429023823021,"Mean"
42.1060793969849,7.38804422110553,0.322207402050676,"Mean"
42.1906783919598,7.38804422110553,0.323080980321907,"Mean"
42.2752773869347,7.38804422110553,0.334377556199412,"Mean"
42.3598763819095,7.38804422110553,0.335795067744077,"Mean"
42.4444753768844,7.38804422110553,0.358836609424272,"Mean"
42.5290743718593,7.38804422110553,0.363547310717016,"Mean"
42.6136733668342,7.38804422110553,0.380121609067664,"Mean"
42.698272361809,7.38804422110553,0.38228368030793,"Mean"
42.7828713567839,7.38804422110553,0.361031598894129,"Mean"
42.8674703517588,7.38804422110553,0.370083400734421,"Mean"
42.9520693467337,7.38804422110553,0.368804425792916,"Mean"
43.0366683417085,7.38804422110553,0.375708146441643,"Mean"
43.1212673366834,7.38804422110553,0.398713735966122,"Mean"
43.2058663316583,7.38804422110553,0.378344277385114,"Mean"
43.2904653266332,7.38804422110553,0.390187929839273,"Mean"
43.375064321608,7.38804422110553,0.384819766360002,"Mean"
43.4596633165829,7.38804422110553,0.387398727487259,"Mean"
43.5442623115578,7.38804422110553,0.390805081064472,"Mean"
43.6288613065327,7.38804422110553,0.397769170881573,"Mean"
43.7134603015075,7.38804422110553,0.395712500061606,"Mean"
43.7980592964824,7.38804422110553,0.398530241267745,"Mean"
43.8826582914573,7.38804422110553,0.42033640133578,"Mean"
43.9672572864322,7.38804422110553,0.411253708691161,"Mean"
44.051856281407,7.38804422110553,0.413090347816002,"Mean"
44.1364552763819,7.38804422110553,0.413625062416716,"Mean"
44.2210542713568,7.38804422110553,0.416358424198676,"Mean"
44.3056532663317,7.38804422110553,0.415035278124889,"Mean"
44.3902522613065,7.38804422110553,0.420501825670052,"Mean"
44.4748512562814,7.38804422110553,0.415789493104975,"Mean"
44.5594502512563,7.38804422110553,0.416817327913386,"Mean"
44.6440492462312,7.38804422110553,0.415746081261512,"Mean"
44.728648241206,7.38804422110553,0.414740097098921,"Mean"
44.8132472361809,7.38804422110553,0.413862090011536,"Mean"
44.8978462311558,7.38804422110553,0.413414646841132,"Mean"
44.9824452261307,7.38804422110553,0.41262414853861,"Mean"
45.0670442211055,7.38804422110553,0.411596868695663,"Mean"
45.1516432160804,7.38804422110553,0.411154286504326,"Mean"
45.2362422110553,7.38804422110553,0.410531247211349,"Mean"
45.3208412060302,7.38804422110553,0.410099679519932,"Mean"
45.405440201005,7.38804422110553,0.409832410095593,"Mean"
45.4900391959799,7.38804422110553,0.40963023329868,"Mean"
45.5746381909548,7.38804422110553,0.409529701762398,"Mean"
45.6592371859296,7.38804422110553,0.410668890195343,"Mean"
45.7438361809045,7.38804422110553,0.412597500449503,"Mean"
45.8284351758794,7.38804422110553,0.41978349705693,"Mean"
45.9130341708543,7.38804422110553,0.424954616190384,"Mean"
45.9976331658291,7.38804422110553,0.41060051116046,"Mean"
46.082232160804,7.38804422110553,0.410231053690352,"Mean"
46.1668311557789,7.38804422110553,0.410675821050447,"Mean"
46.2514301507538,7.38804422110553,0.410875825700995,"Mean"
46.3360291457286,7.38804422110553,0.411165866315931,"Mean"
46.4206281407035,7.38804422110553,0.411732098847422,"Mean"
46.5052271356784,7.38804422110553,0.412426452724788,"Mean"
46.5898261306533,7.38804422110553,0.412220989964137,"Mean"
46.6744251256281,7.38804422110553,0.410373489185278,"Mean"
46.759024120603,7.38804422110553,0.410495727093434,"Mean"
46.8436231155779,7.38804422110553,0.411211265157065,"Mean"
46.9282221105528,7.38804422110553,0.411328700429403,"Mean"
47.0128211055276,7.38804422110553,0.413041912322012,"Mean"
47.0974201005025,7.38804422110553,0.412363108452412,"Mean"
47.1820190954774,7.38804422110553,0.413150258179004,"Mean"
33.8999768844221,7.45607085427136,0.189566577701349,"Mean"
33.984575879397,7.45607085427136,0.311996043936154,"Mean"
34.0691748743719,7.45607085427136,0.496442677227274,"Mean"
34.1537738693467,7.45607085427136,0.656550369445236,"Mean"
34.2383728643216,7.45607085427136,0.793925350306157,"Mean"
34.3229718592965,7.45607085427136,0.748848296839493,"Mean"
34.4075708542714,7.45607085427136,0.695754274672667,"Mean"
34.4921698492462,7.45607085427136,0.623725761686986,"Mean"
34.5767688442211,7.45607085427136,0.493104902083199,"Mean"
34.661367839196,7.45607085427136,0.409812070992155,"Mean"
34.7459668341709,7.45607085427136,0.332134559835649,"Mean"
34.8305658291457,7.45607085427136,0.28308166630658,"Mean"
34.9151648241206,7.45607085427136,0.285834616450965,"Mean"
34.9997638190955,7.45607085427136,0.288891200974137,"Mean"
35.0843628140704,7.45607085427136,0.291754254104285,"Mean"
35.1689618090452,7.45607085427136,0.296963554396988,"Mean"
35.2535608040201,7.45607085427136,0.296088726125896,"Mean"
35.338159798995,7.45607085427136,0.290332344653493,"Mean"
35.4227587939698,7.45607085427136,0.297720554019669,"Mean"
35.5073577889447,7.45607085427136,0.295532936762239,"Mean"
35.5919567839196,7.45607085427136,0.298781159687986,"Mean"
35.6765557788945,7.45607085427136,0.303315841647383,"Mean"
35.7611547738694,7.45607085427136,0.313300230554184,"Mean"
35.8457537688442,7.45607085427136,0.309211499216035,"Mean"
35.9303527638191,7.45607085427136,0.316770892542155,"Mean"
36.014951758794,7.45607085427136,0.313294820930973,"Mean"
36.0995507537688,7.45607085427136,0.309323955393386,"Mean"
36.1841497487437,7.45607085427136,0.30748140781664,"Mean"
36.2687487437186,7.45607085427136,0.284382508278043,"Mean"
36.3533477386935,7.45607085427136,0.330887644744349,"Mean"
36.4379467336683,7.45607085427136,0.296093661338186,"Mean"
36.5225457286432,7.45607085427136,0.319112742232347,"Mean"
36.6071447236181,7.45607085427136,0.327104112664907,"Mean"
36.691743718593,7.45607085427136,0.300673114561902,"Mean"
36.7763427135678,7.45607085427136,0.288126792668776,"Mean"
36.8609417085427,7.45607085427136,0.254703456653172,"Mean"
36.9455407035176,7.45607085427136,0.252150064710277,"Mean"
37.0301396984925,7.45607085427136,0.25913593041548,"Mean"
37.1147386934673,7.45607085427136,0.309748489872194,"Mean"
37.1993376884422,7.45607085427136,0.344543143663822,"Mean"
37.2839366834171,7.45607085427136,0.334543037489041,"Mean"
37.368535678392,7.45607085427136,0.354095571841694,"Mean"
37.4531346733668,7.45607085427136,0.386404748699805,"Mean"
37.5377336683417,7.45607085427136,0.327385737238483,"Mean"
37.6223326633166,7.45607085427136,0.268765751495615,"Mean"
37.7069316582915,7.45607085427136,0.2475170853052,"Mean"
37.7915306532663,7.45607085427136,0.242026108419449,"Mean"
37.8761296482412,7.45607085427136,0.239813933646232,"Mean"
37.9607286432161,7.45607085427136,0.249277772751608,"Mean"
38.045327638191,7.45607085427136,0.267634987313153,"Mean"
38.1299266331658,7.45607085427136,0.274762630307924,"Mean"
38.2145256281407,7.45607085427136,0.24468875987854,"Mean"
38.2991246231156,7.45607085427136,0.26471545224581,"Mean"
38.3837236180904,7.45607085427136,0.368783418467016,"Mean"
38.4683226130653,7.45607085427136,0.478090499509497,"Mean"
38.5529216080402,7.45607085427136,0.472350655464437,"Mean"
38.6375206030151,7.45607085427136,0.356707256974241,"Mean"
38.72211959799,7.45607085427136,0.255346725315557,"Mean"
38.8067185929648,7.45607085427136,0.227828585612863,"Mean"
38.8913175879397,7.45607085427136,0.259934782617737,"Mean"
38.9759165829146,7.45607085427136,0.228769217003216,"Mean"
39.0605155778894,7.45607085427136,0.244898829794227,"Mean"
39.1451145728643,7.45607085427136,0.234751100922035,"Mean"
39.2297135678392,7.45607085427136,0.223844194426982,"Mean"
39.3143125628141,7.45607085427136,0.248487103938245,"Mean"
39.3989115577889,7.45607085427136,0.213738471560137,"Mean"
39.4835105527638,7.45607085427136,0.196164713887099,"Mean"
39.5681095477387,7.45607085427136,0.245069286668238,"Mean"
39.6527085427136,7.45607085427136,0.249738544098478,"Mean"
39.7373075376884,7.45607085427136,0.252080788079705,"Mean"
39.8219065326633,7.45607085427136,0.250568333866635,"Mean"
39.9065055276382,7.45607085427136,0.247255076926859,"Mean"
39.9911045226131,7.45607085427136,0.256707003877294,"Mean"
40.0757035175879,7.45607085427136,0.259234243602065,"Mean"
40.1603025125628,7.45607085427136,0.241432834722959,"Mean"
40.2449015075377,7.45607085427136,0.231803004276164,"Mean"
40.3295005025126,7.45607085427136,0.240351762713192,"Mean"
40.4140994974874,7.45607085427136,0.23489600399024,"Mean"
40.4986984924623,7.45607085427136,0.217404901453197,"Mean"
40.5832974874372,7.45607085427136,0.200738592373356,"Mean"
40.6678964824121,7.45607085427136,0.217855841466879,"Mean"
40.7524954773869,7.45607085427136,0.225944768864986,"Mean"
40.8370944723618,7.45607085427136,0.230743912196817,"Mean"
40.9216934673367,7.45607085427136,0.238841725814415,"Mean"
41.0062924623116,7.45607085427136,0.251695870343066,"Mean"
41.0908914572864,7.45607085427136,0.243010224680096,"Mean"
41.1754904522613,7.45607085427136,0.251334535290114,"Mean"
41.2600894472362,7.45607085427136,0.257042974321018,"Mean"
41.344688442211,7.45607085427136,0.26188250026485,"Mean"
41.4292874371859,7.45607085427136,0.268753420094278,"Mean"
41.5138864321608,7.45607085427136,0.277426221201792,"Mean"
41.5984854271357,7.45607085427136,0.280668932916376,"Mean"
41.6830844221106,7.45607085427136,0.285630898449086,"Mean"
41.7676834170854,7.45607085427136,0.291729545471578,"Mean"
41.8522824120603,7.45607085427136,0.30000298348374,"Mean"
41.9368814070352,7.45607085427136,0.306863760136925,"Mean"
42.02148040201,7.45607085427136,0.317955521020404,"Mean"
42.1060793969849,7.45607085427136,0.319512589725696,"Mean"
42.1906783919598,7.45607085427136,0.330239094871278,"Mean"
42.2752773869347,7.45607085427136,0.335332584336704,"Mean"
42.3598763819095,7.45607085427136,0.334581888731679,"Mean"
42.4444753768844,7.45607085427136,0.357658085399189,"Mean"
42.5290743718593,7.45607085427136,0.352474491104197,"Mean"
42.6136733668342,7.45607085427136,0.354563117471038,"Mean"
42.698272361809,7.45607085427136,0.372440398502686,"Mean"
42.7828713567839,7.45607085427136,0.375946256526262,"Mean"
42.8674703517588,7.45607085427136,0.370667631918086,"Mean"
42.9520693467337,7.45607085427136,0.369324261887239,"Mean"
43.0366683417085,7.45607085427136,0.375021717971931,"Mean"
43.1212673366834,7.45607085427136,0.375045440612629,"Mean"
43.2058663316583,7.45607085427136,0.383641610098683,"Mean"
43.2904653266332,7.45607085427136,0.384276913592489,"Mean"
43.375064321608,7.45607085427136,0.384816166311649,"Mean"
43.4596633165829,7.45607085427136,0.386295300830232,"Mean"
43.5442623115578,7.45607085427136,0.390177727699454,"Mean"
43.6288613065327,7.45607085427136,0.392781773066618,"Mean"
43.7134603015075,7.45607085427136,0.397875842996717,"Mean"
43.7980592964824,7.45607085427136,0.419781435907821,"Mean"
43.8826582914573,7.45607085427136,0.408204109086473,"Mean"
43.9672572864322,7.45607085427136,0.41887161944378,"Mean"
44.051856281407,7.45607085427136,0.416446951579616,"Mean"
44.1364552763819,7.45607085427136,0.408536640594623,"Mean"
44.2210542713568,7.45607085427136,0.412220923044804,"Mean"
44.3056532663317,7.45607085427136,0.418838284882556,"Mean"
44.3902522613065,7.45607085427136,0.412937317337039,"Mean"
44.4748512562814,7.45607085427136,0.414858912976745,"Mean"
44.5594502512563,7.45607085427136,0.415741874965893,"Mean"
44.6440492462312,7.45607085427136,0.414482052139042,"Mean"
44.728648241206,7.45607085427136,0.413483330694565,"Mean"
44.8132472361809,7.45607085427136,0.412592159734069,"Mean"
44.8978462311558,7.45607085427136,0.41176115645934,"Mean"
44.9824452261307,7.45607085427136,0.412380670175101,"Mean"
45.0670442211055,7.45607085427136,0.410641407966969,"Mean"
45.1516432160804,7.45607085427136,0.409809123921419,"Mean"
45.2362422110553,7.45607085427136,0.4093252290482,"Mean"
45.3208412060302,7.45607085427136,0.40892989765271,"Mean"
45.405440201005,7.45607085427136,0.408649976450801,"Mean"
45.4900391959799,7.45607085427136,0.409515791986571,"Mean"
45.5746381909548,7.45607085427136,0.408358725282174,"Mean"
45.6592371859296,7.45607085427136,0.409570058009019,"Mean"
45.7438361809045,7.45607085427136,0.408305898239203,"Mean"
45.8284351758794,7.45607085427136,0.409051963842381,"Mean"
45.9130341708543,7.45607085427136,0.408777833933012,"Mean"
45.9976331658291,7.45607085427136,0.413892096044822,"Mean"
46.082232160804,7.45607085427136,0.409850389295178,"Mean"
46.1668311557789,7.45607085427136,0.416184724670181,"Mean"
46.2514301507538,7.45607085427136,0.409122244361939,"Mean"
46.3360291457286,7.45607085427136,0.408933966297433,"Mean"
46.4206281407035,7.45607085427136,0.408783039201557,"Mean"
46.5052271356784,7.45607085427136,0.408767649811869,"Mean"
46.5898261306533,7.45607085427136,0.41176492647202,"Mean"
46.6744251256281,7.45607085427136,0.413778013152972,"Mean"
46.759024120603,7.45607085427136,0.409446007246218,"Mean"
46.8436231155779,7.45607085427136,0.409002418657598,"Mean"
46.9282221105528,7.45607085427136,0.409427841533565,"Mean"
47.0128211055276,7.45607085427136,0.410972785494636,"Mean"
47.0974201005025,7.45607085427136,0.409873007204384,"Mean"
47.1820190954774,7.45607085427136,0.4105686009907,"Mean"
47.2666180904523,7.45607085427136,0.410831021020281,"Mean"
33.8153778894472,7.52409748743719,0.060088533692912,"Mean"
33.8999768844221,7.52409748743719,0.0890404232984423,"Mean"
33.984575879397,7.52409748743719,0.192163399339314,"Mean"
34.0691748743719,7.52409748743719,0.2657902098631,"Mean"
34.1537738693467,7.52409748743719,0.471067535690159,"Mean"
34.2383728643216,7.52409748743719,0.611322639404739,"Mean"
34.3229718592965,7.52409748743719,0.702475306055745,"Mean"
34.4075708542714,7.52409748743719,0.652793932523164,"Mean"
34.4921698492462,7.52409748743719,0.582590012110508,"Mean"
34.5767688442211,7.52409748743719,0.44125866834478,"Mean"
34.661367839196,7.52409748743719,0.363192821752227,"Mean"
34.7459668341709,7.52409748743719,0.292171523898689,"Mean"
34.8305658291457,7.52409748743719,0.282220862581648,"Mean"
34.9151648241206,7.52409748743719,0.285548065811174,"Mean"
34.9997638190955,7.52409748743719,0.288969180647477,"Mean"
35.0843628140704,7.52409748743719,0.292836100339188,"Mean"
35.1689618090452,7.52409748743719,0.296115930518239,"Mean"
35.2535608040201,7.52409748743719,0.296012859505573,"Mean"
35.338159798995,7.52409748743719,0.290169594574368,"Mean"
35.4227587939698,7.52409748743719,0.289924900682324,"Mean"
35.5073577889447,7.52409748743719,0.29963520254591,"Mean"
35.5919567839196,7.52409748743719,0.270034470500236,"Mean"
35.6765557788945,7.52409748743719,0.25416342407076,"Mean"
35.7611547738694,7.52409748743719,0.28630452400542,"Mean"
35.8457537688442,7.52409748743719,0.301205868840545,"Mean"
35.9303527638191,7.52409748743719,0.309122037241372,"Mean"
36.014951758794,7.52409748743719,0.300501574226623,"Mean"
36.0995507537688,7.52409748743719,0.318538616637687,"Mean"
36.1841497487437,7.52409748743719,0.320516572414321,"Mean"
36.2687487437186,7.52409748743719,0.310470215996345,"Mean"
36.3533477386935,7.52409748743719,0.298802460923466,"Mean"
36.4379467336683,7.52409748743719,0.307291706663116,"Mean"
36.5225457286432,7.52409748743719,0.325607461582245,"Mean"
36.6071447236181,7.52409748743719,0.289392174059014,"Mean"
36.691743718593,7.52409748743719,0.280417616287046,"Mean"
36.7763427135678,7.52409748743719,0.275107821847599,"Mean"
36.8609417085427,7.52409748743719,0.250651256686408,"Mean"
36.9455407035176,7.52409748743719,0.284734913686251,"Mean"
37.0301396984925,7.52409748743719,0.300764269427858,"Mean"
37.1147386934673,7.52409748743719,0.303851589471044,"Mean"
37.1993376884422,7.52409748743719,0.302738278412525,"Mean"
37.2839366834171,7.52409748743719,0.282752381583371,"Mean"
37.368535678392,7.52409748743719,0.306792891386289,"Mean"
37.4531346733668,7.52409748743719,0.358188030170656,"Mean"
37.5377336683417,7.52409748743719,0.314282090017985,"Mean"
37.6223326633166,7.52409748743719,0.269360144363976,"Mean"
37.7069316582915,7.52409748743719,0.265373124579112,"Mean"
37.7915306532663,7.52409748743719,0.263536320518265,"Mean"
37.8761296482412,7.52409748743719,0.240873067783979,"Mean"
37.9607286432161,7.52409748743719,0.265779444538099,"Mean"
38.045327638191,7.52409748743719,0.264500429678881,"Mean"
38.1299266331658,7.52409748743719,0.256068106601818,"Mean"
38.2145256281407,7.52409748743719,0.253648434476164,"Mean"
38.2991246231156,7.52409748743719,0.270414065566685,"Mean"
38.3837236180904,7.52409748743719,0.342099540046833,"Mean"
38.4683226130653,7.52409748743719,0.385337681442118,"Mean"
38.5529216080402,7.52409748743719,0.444294846381018,"Mean"
38.6375206030151,7.52409748743719,0.334318346144283,"Mean"
38.72211959799,7.52409748743719,0.471647699645688,"Mean"
38.8067185929648,7.52409748743719,0.307464070153352,"Mean"
38.8913175879397,7.52409748743719,0.230802670243973,"Mean"
38.9759165829146,7.52409748743719,0.212581738506048,"Mean"
39.0605155778894,7.52409748743719,0.229055754857662,"Mean"
39.1451145728643,7.52409748743719,0.237369547768216,"Mean"
39.2297135678392,7.52409748743719,0.225000253776431,"Mean"
39.3143125628141,7.52409748743719,0.239750571391247,"Mean"
39.3989115577889,7.52409748743719,0.213396760042408,"Mean"
39.4835105527638,7.52409748743719,0.193045915994463,"Mean"
39.5681095477387,7.52409748743719,0.210973618752919,"Mean"
39.6527085427136,7.52409748743719,0.220773265799686,"Mean"
39.7373075376884,7.52409748743719,0.247611279104245,"Mean"
39.8219065326633,7.52409748743719,0.249116940570347,"Mean"
39.9065055276382,7.52409748743719,0.224600868196254,"Mean"
39.9911045226131,7.52409748743719,0.213491725491364,"Mean"
40.0757035175879,7.52409748743719,0.243892316508397,"Mean"
40.1603025125628,7.52409748743719,0.243324653524635,"Mean"
40.2449015075377,7.52409748743719,0.257361010481036,"Mean"
40.3295005025126,7.52409748743719,0.245297027022268,"Mean"
40.4140994974874,7.52409748743719,0.241386955196098,"Mean"
40.4986984924623,7.52409748743719,0.240241471262588,"Mean"
40.5832974874372,7.52409748743719,0.228932773260445,"Mean"
40.6678964824121,7.52409748743719,0.230296491819326,"Mean"
40.7524954773869,7.52409748743719,0.226486052218897,"Mean"
40.8370944723618,7.52409748743719,0.231292458923622,"Mean"
40.9216934673367,7.52409748743719,0.249360505897561,"Mean"
41.0062924623116,7.52409748743719,0.247592993264328,"Mean"
41.0908914572864,7.52409748743719,0.248609906177175,"Mean"
41.1754904522613,7.52409748743719,0.254608235686343,"Mean"
41.2600894472362,7.52409748743719,0.260410997337041,"Mean"
41.344688442211,7.52409748743719,0.269108550783537,"Mean"
41.4292874371859,7.52409748743719,0.27256588077054,"Mean"
41.5138864321608,7.52409748743719,0.278472448245888,"Mean"
41.5984854271357,7.52409748743719,0.284348241232702,"Mean"
41.6830844221106,7.52409748743719,0.289441232054331,"Mean"
41.7676834170854,7.52409748743719,0.294775053626893,"Mean"
41.8522824120603,7.52409748743719,0.299975289291308,"Mean"
41.9368814070352,7.52409748743719,0.307276595439332,"Mean"
42.02148040201,7.52409748743719,0.312355822664117,"Mean"
42.1060793969849,7.52409748743719,0.318147270796909,"Mean"
42.1906783919598,7.52409748743719,0.3260620669682,"Mean"
42.2752773869347,7.52409748743719,0.338098392457042,"Mean"
42.3598763819095,7.52409748743719,0.341852772923519,"Mean"
42.4444753768844,7.52409748743719,0.346364657032736,"Mean"
42.5290743718593,7.52409748743719,0.356184809812971,"Mean"
42.6136733668342,7.52409748743719,0.362380056637996,"Mean"
42.698272361809,7.52409748743719,0.366616984393172,"Mean"
42.7828713567839,7.52409748743719,0.369889221378355,"Mean"
42.8674703517588,7.52409748743719,0.381201440744055,"Mean"
42.9520693467337,7.52409748743719,0.374359981349585,"Mean"
43.0366683417085,7.52409748743719,0.387141839471352,"Mean"
43.1212673366834,7.52409748743719,0.373991497738668,"Mean"
43.2058663316583,7.52409748743719,0.378849521315611,"Mean"
43.2904653266332,7.52409748743719,0.379391510304644,"Mean"
43.375064321608,7.52409748743719,0.382669546565188,"Mean"
43.4596633165829,7.52409748743719,0.385659137845021,"Mean"
43.5442623115578,7.52409748743719,0.388488570760954,"Mean"
43.6288613065327,7.52409748743719,0.391245610709842,"Mean"
43.7134603015075,7.52409748743719,0.404584734740218,"Mean"
43.7980592964824,7.52409748743719,0.405274966822149,"Mean"
43.8826582914573,7.52409748743719,0.399544001930752,"Mean"
43.9672572864322,7.52409748743719,0.410857429952261,"Mean"
44.051856281407,7.52409748743719,0.412967241658442,"Mean"
44.1364552763819,7.52409748743719,0.40679905291116,"Mean"
44.2210542713568,7.52409748743719,0.411603433114544,"Mean"
44.3056532663317,7.52409748743719,0.413438522233174,"Mean"
44.3902522613065,7.52409748743719,0.41288759047591,"Mean"
44.4748512562814,7.52409748743719,0.41405695319319,"Mean"
44.5594502512563,7.52409748743719,0.414325862387109,"Mean"
44.6440492462312,7.52409748743719,0.420224982006016,"Mean"
44.728648241206,7.52409748743719,0.412284997285397,"Mean"
44.8132472361809,7.52409748743719,0.411681392973699,"Mean"
44.8978462311558,7.52409748743719,0.410553391007328,"Mean"
44.9824452261307,7.52409748743719,0.41013891311899,"Mean"
45.0670442211055,7.52409748743719,0.414285255884955,"Mean"
45.1516432160804,7.52409748743719,0.408814491514295,"Mean"
45.2362422110553,7.52409748743719,0.408540637738039,"Mean"
45.3208412060302,7.52409748743719,0.408021667242015,"Mean"
45.405440201005,7.52409748743719,0.407535915337978,"Mean"
45.4900391959799,7.52409748743719,0.407319331731134,"Mean"
45.5746381909548,7.52409748743719,0.407347446803538,"Mean"
45.6592371859296,7.52409748743719,0.407614871824046,"Mean"
45.7438361809045,7.52409748743719,0.409348293873802,"Mean"
45.8284351758794,7.52409748743719,0.407319199017363,"Mean"
45.9130341708543,7.52409748743719,0.409185884251391,"Mean"
45.9976331658291,7.52409748743719,0.40786082851794,"Mean"
46.082232160804,7.52409748743719,0.409498362578267,"Mean"
46.1668311557789,7.52409748743719,0.407905712963152,"Mean"
46.2514301507538,7.52409748743719,0.407483082923176,"Mean"
46.3360291457286,7.52409748743719,0.407282579378165,"Mean"
46.4206281407035,7.52409748743719,0.407229271006855,"Mean"
46.5052271356784,7.52409748743719,0.407315184971748,"Mean"
46.5898261306533,7.52409748743719,0.407211507273482,"Mean"
46.6744251256281,7.52409748743719,0.407173695007156,"Mean"
46.759024120603,7.52409748743719,0.407260306654482,"Mean"
46.8436231155779,7.52409748743719,0.407598308246216,"Mean"
46.9282221105528,7.52409748743719,0.412994872537235,"Mean"
47.0128211055276,7.52409748743719,0.408100281064336,"Mean"
47.0974201005025,7.52409748743719,0.411890831823519,"Mean"
47.1820190954774,7.52409748743719,0.413958744872723,"Mean"
47.2666180904523,7.52409748743719,0.409801520300158,"Mean"
33.7307788944724,7.59212412060302,0.0122909447788661,"Mean"
33.8153778894472,7.59212412060302,0.023406070422221,"Mean"
33.8999768844221,7.59212412060302,0.0526414635884551,"Mean"
33.984575879397,7.59212412060302,0.079172456332251,"Mean"
34.0691748743719,7.59212412060302,0.173043060685195,"Mean"
34.1537738693467,7.59212412060302,0.286932799516865,"Mean"
34.2383728643216,7.59212412060302,0.442661766210745,"Mean"
34.3229718592965,7.59212412060302,0.614297986831944,"Mean"
34.4075708542714,7.59212412060302,0.581707956285155,"Mean"
34.4921698492462,7.59212412060302,0.519415947863097,"Mean"
34.5767688442211,7.59212412060302,0.395586290516466,"Mean"
34.661367839196,7.59212412060302,0.321431415361757,"Mean"
34.7459668341709,7.59212412060302,0.290351875808999,"Mean"
34.8305658291457,7.59212412060302,0.282317572946106,"Mean"
34.9151648241206,7.59212412060302,0.286074303432345,"Mean"
34.9997638190955,7.59212412060302,0.289722856491887,"Mean"
35.0843628140704,7.59212412060302,0.292236849955489,"Mean"
35.1689618090452,7.59212412060302,0.295823451295472,"Mean"
35.2535608040201,7.59212412060302,0.296060834525609,"Mean"
35.338159798995,7.59212412060302,0.294979159445305,"Mean"
35.4227587939698,7.59212412060302,0.294544924934814,"Mean"
35.5073577889447,7.59212412060302,0.286670485565755,"Mean"
35.5919567839196,7.59212412060302,0.258645465000189,"Mean"
35.6765557788945,7.59212412060302,0.259488593427618,"Mean"
35.7611547738694,7.59212412060302,0.262555306121641,"Mean"
35.8457537688442,7.59212412060302,0.303045072632325,"Mean"
35.9303527638191,7.59212412060302,0.306712896341026,"Mean"
36.014951758794,7.59212412060302,0.313746899669601,"Mean"
36.0995507537688,7.59212412060302,0.322024533794562,"Mean"
36.1841497487437,7.59212412060302,0.327442628388085,"Mean"
36.2687487437186,7.59212412060302,0.341084688723396,"Mean"
36.3533477386935,7.59212412060302,0.338001036289355,"Mean"
36.4379467336683,7.59212412060302,0.321040496592543,"Mean"
36.5225457286432,7.59212412060302,0.273633614896668,"Mean"
36.6071447236181,7.59212412060302,0.263678891984021,"Mean"
36.691743718593,7.59212412060302,0.278662070390357,"Mean"
36.7763427135678,7.59212412060302,0.277487617899303,"Mean"
36.8609417085427,7.59212412060302,0.269289546009942,"Mean"
36.9455407035176,7.59212412060302,0.301031452756568,"Mean"
37.0301396984925,7.59212412060302,0.315235081383815,"Mean"
37.1147386934673,7.59212412060302,0.305717540112799,"Mean"
37.1993376884422,7.59212412060302,0.263479316916967,"Mean"
37.2839366834171,7.59212412060302,0.262745046409822,"Mean"
37.368535678392,7.59212412060302,0.313744731695137,"Mean"
37.4531346733668,7.59212412060302,0.395346562956882,"Mean"
37.5377336683417,7.59212412060302,0.353436117739374,"Mean"
37.6223326633166,7.59212412060302,0.297941955745175,"Mean"
37.7069316582915,7.59212412060302,0.266457559133085,"Mean"
37.7915306532663,7.59212412060302,0.260267731977556,"Mean"
37.8761296482412,7.59212412060302,0.258419688635584,"Mean"
37.9607286432161,7.59212412060302,0.23057994358487,"Mean"
38.045327638191,7.59212412060302,0.241219787704137,"Mean"
38.1299266331658,7.59212412060302,0.255393391671858,"Mean"
38.2145256281407,7.59212412060302,0.254927795253574,"Mean"
38.2991246231156,7.59212412060302,0.247167185553753,"Mean"
38.3837236180904,7.59212412060302,0.313328227722106,"Mean"
38.4683226130653,7.59212412060302,0.373630666331173,"Mean"
38.5529216080402,7.59212412060302,0.350266955656837,"Mean"
38.6375206030151,7.59212412060302,0.459946260760062,"Mean"
38.72211959799,7.59212412060302,0.479699913086075,"Mean"
38.8067185929648,7.59212412060302,0.47601737095678,"Mean"
38.8913175879397,7.59212412060302,0.263247613300737,"Mean"
38.9759165829146,7.59212412060302,0.232696032305238,"Mean"
39.0605155778894,7.59212412060302,0.23662268077041,"Mean"
39.1451145728643,7.59212412060302,0.246816066679754,"Mean"
39.2297135678392,7.59212412060302,0.250913607970169,"Mean"
39.3143125628141,7.59212412060302,0.283082980386579,"Mean"
39.3989115577889,7.59212412060302,0.255472763296757,"Mean"
39.4835105527638,7.59212412060302,0.221315717326697,"Mean"
39.5681095477387,7.59212412060302,0.201560514316764,"Mean"
39.6527085427136,7.59212412060302,0.242304240787092,"Mean"
39.7373075376884,7.59212412060302,0.266295214855678,"Mean"
39.8219065326633,7.59212412060302,0.221550992535374,"Mean"
39.9065055276382,7.59212412060302,0.236218719735964,"Mean"
39.9911045226131,7.59212412060302,0.254590616288244,"Mean"
40.0757035175879,7.59212412060302,0.223899827332704,"Mean"
40.1603025125628,7.59212412060302,0.240098586822973,"Mean"
40.2449015075377,7.59212412060302,0.247234375703431,"Mean"
40.3295005025126,7.59212412060302,0.249044775701295,"Mean"
40.4140994974874,7.59212412060302,0.252106981030191,"Mean"
40.4986984924623,7.59212412060302,0.241241879635554,"Mean"
40.5832974874372,7.59212412060302,0.237139796798212,"Mean"
40.6678964824121,7.59212412060302,0.22985399607797,"Mean"
40.7524954773869,7.59212412060302,0.236906692781989,"Mean"
40.8370944723618,7.59212412060302,0.240888652073545,"Mean"
40.9216934673367,7.59212412060302,0.250493137113861,"Mean"
41.0062924623116,7.59212412060302,0.248802868071596,"Mean"
41.0908914572864,7.59212412060302,0.254582754707636,"Mean"
41.1754904522613,7.59212412060302,0.261888804405206,"Mean"
41.2600894472362,7.59212412060302,0.266429114231078,"Mean"
41.344688442211,7.59212412060302,0.271035984835891,"Mean"
41.4292874371859,7.59212412060302,0.276877771740539,"Mean"
41.5138864321608,7.59212412060302,0.283309048316693,"Mean"
41.5984854271357,7.59212412060302,0.28891316420648,"Mean"
41.6830844221106,7.59212412060302,0.294107874377882,"Mean"
41.7676834170854,7.59212412060302,0.30485438269176,"Mean"
41.8522824120603,7.59212412060302,0.302939472420662,"Mean"
41.9368814070352,7.59212412060302,0.309511577823531,"Mean"
42.02148040201,7.59212412060302,0.313878533840076,"Mean"
42.1060793969849,7.59212412060302,0.320143866961222,"Mean"
42.1906783919598,7.59212412060302,0.347086369148661,"Mean"
42.2752773869347,7.59212412060302,0.332292277686357,"Mean"
42.3598763819095,7.59212412060302,0.34616319028989,"Mean"
42.4444753768844,7.59212412060302,0.340640497296466,"Mean"
42.5290743718593,7.59212412060302,0.348265773686314,"Mean"
42.6136733668342,7.59212412060302,0.350917318037132,"Mean"
42.698272361809,7.59212412060302,0.367189952946185,"Mean"
42.7828713567839,7.59212412060302,0.373298528364845,"Mean"
42.8674703517588,7.59212412060302,0.386844667133623,"Mean"
42.9520693467337,7.59212412060302,0.37448872283937,"Mean"
43.0366683417085,7.59212412060302,0.374700256001655,"Mean"
43.1212673366834,7.59212412060302,0.374971260005276,"Mean"
43.2058663316583,7.59212412060302,0.376370703394637,"Mean"
43.2904653266332,7.59212412060302,0.378858268316929,"Mean"
43.375064321608,7.59212412060302,0.38215872261504,"Mean"
43.4596633165829,7.59212412060302,0.38877189042452,"Mean"
43.5442623115578,7.59212412060302,0.389162716548491,"Mean"
43.6288613065327,7.59212412060302,0.39365570892817,"Mean"
43.7134603015075,7.59212412060302,0.413272538692704,"Mean"
43.7980592964824,7.59212412060302,0.415504090791995,"Mean"
43.8826582914573,7.59212412060302,0.408319118864753,"Mean"
43.9672572864322,7.59212412060302,0.402712748541059,"Mean"
44.051856281407,7.59212412060302,0.404849009019503,"Mean"
44.1364552763819,7.59212412060302,0.406425800553592,"Mean"
44.2210542713568,7.59212412060302,0.407884343372643,"Mean"
44.3056532663317,7.59212412060302,0.409933406354218,"Mean"
44.3902522613065,7.59212412060302,0.411706313535682,"Mean"
44.4748512562814,7.59212412060302,0.413728861023418,"Mean"
44.5594502512563,7.59212412060302,0.41896789759109,"Mean"
44.6440492462312,7.59212412060302,0.424484601730325,"Mean"
44.728648241206,7.59212412060302,0.412792153998474,"Mean"
44.8132472361809,7.59212412060302,0.415741547439324,"Mean"
44.8978462311558,7.59212412060302,0.409370388895821,"Mean"
44.9824452261307,7.59212412060302,0.408771606842073,"Mean"
45.0670442211055,7.59212412060302,0.409426413248293,"Mean"
45.1516432160804,7.59212412060302,0.409009351246631,"Mean"
45.2362422110553,7.59212412060302,0.410081387140099,"Mean"
45.3208412060302,7.59212412060302,0.407161462365363,"Mean"
45.405440201005,7.59212412060302,0.406394537018847,"Mean"
45.4900391959799,7.59212412060302,0.406322729635192,"Mean"
45.5746381909548,7.59212412060302,0.406097399350049,"Mean"
45.6592371859296,7.59212412060302,0.40623606790702,"Mean"
45.7438361809045,7.59212412060302,0.406817168520232,"Mean"
45.8284351758794,7.59212412060302,0.406325972617003,"Mean"
45.9130341708543,7.59212412060302,0.406706179451085,"Mean"
45.9976331658291,7.59212412060302,0.40690848458469,"Mean"
46.082232160804,7.59212412060302,0.406398910759543,"Mean"
46.1668311557789,7.59212412060302,0.406137870299217,"Mean"
46.2514301507538,7.59212412060302,0.40589574132764,"Mean"
46.3360291457286,7.59212412060302,0.405682206056836,"Mean"
46.4206281407035,7.59212412060302,0.405804766677963,"Mean"
46.5052271356784,7.59212412060302,0.405644565638393,"Mean"
46.5898261306533,7.59212412060302,0.405691217335198,"Mean"
46.6744251256281,7.59212412060302,0.405675624831449,"Mean"
46.759024120603,7.59212412060302,0.405745244081626,"Mean"
46.8436231155779,7.59212412060302,0.406007432032673,"Mean"
46.9282221105528,7.59212412060302,0.407922991591615,"Mean"
47.0128211055276,7.59212412060302,0.419826685307912,"Mean"
47.0974201005025,7.59212412060302,0.409295414886454,"Mean"
47.1820190954774,7.59212412060302,0.411396501914697,"Mean"
47.2666180904523,7.59212412060302,0.407512579530405,"Mean"
47.3512170854271,7.59212412060302,0.408046771333698,"Mean"
33.6461798994975,7.66015075376884,0.00331509028615575,"Mean"
33.7307788944724,7.66015075376884,0.00762066578792028,"Mean"
33.8153778894472,7.66015075376884,0.0141259536591279,"Mean"
33.8999768844221,7.66015075376884,0.0285883064931755,"Mean"
33.984575879397,7.66015075376884,0.0544475269914304,"Mean"
34.0691748743719,7.66015075376884,0.084437827946651,"Mean"
34.1537738693467,7.66015075376884,0.137100914198725,"Mean"
34.2383728643216,7.66015075376884,0.291743386071764,"Mean"
34.3229718592965,7.66015075376884,0.432216087273119,"Mean"
34.4075708542714,7.66015075376884,0.559343702752784,"Mean"
34.4921698492462,7.66015075376884,0.429345792352843,"Mean"
34.5767688442211,7.66015075376884,0.352193533497694,"Mean"
34.661367839196,7.66015075376884,0.28237431361237,"Mean"
34.7459668341709,7.66015075376884,0.278645578320322,"Mean"
34.8305658291457,7.66015075376884,0.282439285517697,"Mean"
34.9151648241206,7.66015075376884,0.28619698590004,"Mean"
34.9997638190955,7.66015075376884,0.289846464532703,"Mean"
35.0843628140704,7.66015075376884,0.29236108577088,"Mean"
35.1689618090452,7.66015075376884,0.295948570334196,"Mean"
35.2535608040201,7.66015075376884,0.295056142512141,"Mean"
35.338159798995,7.66015075376884,0.295171134181284,"Mean"
35.4227587939698,7.66015075376884,0.298501722587414,"Mean"
35.5073577889447,7.66015075376884,0.28322858706026,"Mean"
35.5919567839196,7.66015075376884,0.254195804686395,"Mean"
35.6765557788945,7.66015075376884,0.253041744204182,"Mean"
35.7611547738694,7.66015075376884,0.262162709338079,"Mean"
35.8457537688442,7.66015075376884,0.294029944205303,"Mean"
35.9303527638191,7.66015075376884,0.299597116002338,"Mean"
36.014951758794,7.66015075376884,0.307058903080573,"Mean"
36.0995507537688,7.66015075376884,0.32216790707147,"Mean"
36.1841497487437,7.66015075376884,0.329415626060023,"Mean"
36.2687487437186,7.66015075376884,0.340393748509998,"Mean"
36.3533477386935,7.66015075376884,0.338150302001587,"Mean"
36.4379467336683,7.66015075376884,0.312637590604311,"Mean"
36.5225457286432,7.66015075376884,0.274096567955084,"Mean"
36.6071447236181,7.66015075376884,0.276296376239492,"Mean"
36.691743718593,7.66015075376884,0.284147574526677,"Mean"
36.7763427135678,7.66015075376884,0.279976846933471,"Mean"
36.8609417085427,7.66015075376884,0.275924166572433,"Mean"
36.9455407035176,7.66015075376884,0.299286912394591,"Mean"
37.0301396984925,7.66015075376884,0.329204416140164,"Mean"
37.1147386934673,7.66015075376884,0.305096699335408,"Mean"
37.1993376884422,7.66015075376884,0.265535306331291,"Mean"
37.2839366834171,7.66015075376884,0.262110549832452,"Mean"
37.368535678392,7.66015075376884,0.31481786935547,"Mean"
37.4531346733668,7.66015075376884,0.377460719652335,"Mean"
37.5377336683417,7.66015075376884,0.364795965626735,"Mean"
37.6223326633166,7.66015075376884,0.303567892643733,"Mean"
37.7069316582915,7.66015075376884,0.278897095103636,"Mean"
37.7915306532663,7.66015075376884,0.266232781852142,"Mean"
37.8761296482412,7.66015075376884,0.256985716570381,"Mean"
37.9607286432161,7.66015075376884,0.233136828641632,"Mean"
38.045327638191,7.66015075376884,0.241579663159022,"Mean"
38.1299266331658,7.66015075376884,0.262377317279452,"Mean"
38.2145256281407,7.66015075376884,0.258671287483563,"Mean"
38.2991246231156,7.66015075376884,0.253350368971923,"Mean"
38.3837236180904,7.66015075376884,0.330289909491722,"Mean"
38.4683226130653,7.66015075376884,0.343441939700973,"Mean"
38.5529216080402,7.66015075376884,0.402404723735036,"Mean"
38.6375206030151,7.66015075376884,0.360887555868591,"Mean"
38.72211959799,7.66015075376884,0.487455086116341,"Mean"
38.8067185929648,7.66015075376884,0.345602242680223,"Mean"
38.8913175879397,7.66015075376884,0.274355023564816,"Mean"
38.9759165829146,7.66015075376884,0.239472037042994,"Mean"
39.0605155778894,7.66015075376884,0.243061385295127,"Mean"
39.1451145728643,7.66015075376884,0.261082127174511,"Mean"
39.2297135678392,7.66015075376884,0.247565801743057,"Mean"
39.3143125628141,7.66015075376884,0.248855934546014,"Mean"
39.3989115577889,7.66015075376884,0.286925725442458,"Mean"
39.4835105527638,7.66015075376884,0.216170133675096,"Mean"
39.5681095477387,7.66015075376884,0.210529254789629,"Mean"
39.6527085427136,7.66015075376884,0.248712185866126,"Mean"
39.7373075376884,7.66015075376884,0.265293707841465,"Mean"
39.8219065326633,7.66015075376884,0.226774885350925,"Mean"
39.9065055276382,7.66015075376884,0.233610011110245,"Mean"
39.9911045226131,7.66015075376884,0.242563988487426,"Mean"
40.0757035175879,7.66015075376884,0.231932220067361,"Mean"
40.1603025125628,7.66015075376884,0.238755000031621,"Mean"
40.2449015075377,7.66015075376884,0.248800119396194,"Mean"
40.3295005025126,7.66015075376884,0.257762376199137,"Mean"
40.4140994974874,7.66015075376884,0.25832270519089,"Mean"
40.4986984924623,7.66015075376884,0.252814340236729,"Mean"
40.5832974874372,7.66015075376884,0.242596003616102,"Mean"
40.6678964824121,7.66015075376884,0.228981674213259,"Mean"
40.7524954773869,7.66015075376884,0.23869513050105,"Mean"
40.8370944723618,7.66015075376884,0.244717232169028,"Mean"
40.9216934673367,7.66015075376884,0.256825763686946,"Mean"
41.0062924623116,7.66015075376884,0.255325587528416,"Mean"
41.0908914572864,7.66015075376884,0.259164445792301,"Mean"
41.1754904522613,7.66015075376884,0.264204838321186,"Mean"
41.2600894472362,7.66015075376884,0.270212920459557,"Mean"
41.344688442211,7.66015075376884,0.276076359280969,"Mean"
41.4292874371859,7.66015075376884,0.281252080632582,"Mean"
41.5138864321608,7.66015075376884,0.291018547385334,"Mean"
41.5984854271357,7.66015075376884,0.292944809439518,"Mean"
41.6830844221106,7.66015075376884,0.298203863973972,"Mean"
41.7676834170854,7.66015075376884,0.302052490464958,"Mean"
41.8522824120603,7.66015075376884,0.308645163936992,"Mean"
41.9368814070352,7.66015075376884,0.312087163989037,"Mean"
42.02148040201,7.66015075376884,0.315665831871006,"Mean"
42.1060793969849,7.66015075376884,0.325667422078676,"Mean"
42.1906783919598,7.66015075376884,0.345237480975784,"Mean"
42.2752773869347,7.66015075376884,0.341581938032252,"Mean"
42.3598763819095,7.66015075376884,0.340906526793649,"Mean"
42.4444753768844,7.66015075376884,0.346277673786546,"Mean"
42.5290743718593,7.66015075376884,0.352910052094699,"Mean"
42.6136733668342,7.66015075376884,0.364967780421917,"Mean"
42.698272361809,7.66015075376884,0.36669843289887,"Mean"
42.7828713567839,7.66015075376884,0.358844685202346,"Mean"
42.8674703517588,7.66015075376884,0.367001916452982,"Mean"
42.9520693467337,7.66015075376884,0.379177867278764,"Mean"
43.0366683417085,7.66015075376884,0.371580242116878,"Mean"
43.1212673366834,7.66015075376884,0.374848056122652,"Mean"
43.2058663316583,7.66015075376884,0.376330536240281,"Mean"
43.2904653266332,7.66015075376884,0.37848432002613,"Mean"
43.375064321608,7.66015075376884,0.382451816948396,"Mean"
43.4596633165829,7.66015075376884,0.388936632797312,"Mean"
43.5442623115578,7.66015075376884,0.404995736029877,"Mean"
43.6288613065327,7.66015075376884,0.412627060863546,"Mean"
43.7134603015075,7.66015075376884,0.398763372438641,"Mean"
43.7980592964824,7.66015075376884,0.413875743205291,"Mean"
43.8826582914573,7.66015075376884,0.398599590085204,"Mean"
43.9672572864322,7.66015075376884,0.403336328638316,"Mean"
44.051856281407,7.66015075376884,0.404976342217968,"Mean"
44.1364552763819,7.66015075376884,0.405960407950207,"Mean"
44.2210542713568,7.66015075376884,0.408678738410504,"Mean"
44.3056532663317,7.66015075376884,0.410589464275417,"Mean"
44.3902522613065,7.66015075376884,0.410677539732992,"Mean"
44.4748512562814,7.66015075376884,0.41270262687629,"Mean"
44.5594502512563,7.66015075376884,0.412097632114935,"Mean"
44.6440492462312,7.66015075376884,0.413211196230382,"Mean"
44.728648241206,7.66015075376884,0.419424296158762,"Mean"
44.8132472361809,7.66015075376884,0.419918507787909,"Mean"
44.8978462311558,7.66015075376884,0.409275637595299,"Mean"
44.9824452261307,7.66015075376884,0.411502825724159,"Mean"
45.0670442211055,7.66015075376884,0.411664226375082,"Mean"
45.1516432160804,7.66015075376884,0.406461189817099,"Mean"
45.2362422110553,7.66015075376884,0.40629372014344,"Mean"
45.3208412060302,7.66015075376884,0.407854038497703,"Mean"
45.405440201005,7.66015075376884,0.405374901782673,"Mean"
45.4900391959799,7.66015075376884,0.40515466002948,"Mean"
45.5746381909548,7.66015075376884,0.405486525394982,"Mean"
45.6592371859296,7.66015075376884,0.405577930526011,"Mean"
45.7438361809045,7.66015075376884,0.405152516713817,"Mean"
45.8284351758794,7.66015075376884,0.409842726864694,"Mean"
45.9130341708543,7.66015075376884,0.405574267272026,"Mean"
45.9976331658291,7.66015075376884,0.406710081791574,"Mean"
46.082232160804,7.66015075376884,0.404795314739958,"Mean"
46.1668311557789,7.66015075376884,0.404498716919994,"Mean"
46.2514301507538,7.66015075376884,0.404579533248126,"Mean"
46.3360291457286,7.66015075376884,0.404167398765062,"Mean"
46.4206281407035,7.66015075376884,0.404694894808118,"Mean"
46.5052271356784,7.66015075376884,0.404249205710623,"Mean"
46.5898261306533,7.66015075376884,0.404046491355348,"Mean"
46.6744251256281,7.66015075376884,0.404098239944047,"Mean"
46.759024120603,7.66015075376884,0.406456621363648,"Mean"
46.8436231155779,7.66015075376884,0.404516624543393,"Mean"
46.9282221105528,7.66015075376884,0.404945740296406,"Mean"
47.0128211055276,7.66015075376884,0.407907288003646,"Mean"
47.0974201005025,7.66015075376884,0.408790823538146,"Mean"
47.1820190954774,7.66015075376884,0.405821191719143,"Mean"
47.2666180904523,7.66015075376884,0.410236156779543,"Mean"
47.3512170854271,7.66015075376884,0.41083775385105,"Mean"
47.435816080402,7.66015075376884,0.4073657913911,"Mean"
33.4769819095477,7.72817738693467,0.000685975510322068,"Mean"
33.5615809045226,7.72817738693467,0.000877651615714467,"Mean"
33.6461798994975,7.72817738693467,0.0022697312754397,"Mean"
33.7307788944724,7.72817738693467,0.00305637278423009,"Mean"
33.8153778894472,7.72817738693467,0.00551096897298576,"Mean"
33.8999768844221,7.72817738693467,0.0116540908075996,"Mean"
33.984575879397,7.72817738693467,0.0221980621926778,"Mean"
34.0691748743719,7.72817738693467,0.0498977524390273,"Mean"
34.1537738693467,7.72817738693467,0.0919630542600141,"Mean"
34.2383728643216,7.72817738693467,0.164590248534583,"Mean"
34.3229718592965,7.72817738693467,0.246123239831318,"Mean"
34.4075708542714,7.72817738693467,0.371908142039732,"Mean"
34.4921698492462,7.72817738693467,0.384286461605563,"Mean"
34.5767688442211,7.72817738693467,0.311103988124936,"Mean"
34.661367839196,7.72817738693467,0.282788121992302,"Mean"
34.7459668341709,7.72817738693467,0.278796799684036,"Mean"
34.8305658291457,7.72817738693467,0.282585766784996,"Mean"
34.9151648241206,7.72817738693467,0.286120694355877,"Mean"
34.9997638190955,7.72817738693467,0.289515897245787,"Mean"
35.0843628140704,7.72817738693467,0.291943323264785,"Mean"
35.1689618090452,7.72817738693467,0.294778511934287,"Mean"
35.2535608040201,7.72817738693467,0.298014808663075,"Mean"
35.338159798995,7.72817738693467,0.2986182825538,"Mean"
35.4227587939698,7.72817738693467,0.286407628288836,"Mean"
35.5073577889447,7.72817738693467,0.290888606164722,"Mean"
35.5919567839196,7.72817738693467,0.283378897986555,"Mean"
35.6765557788945,7.72817738693467,0.285699625452986,"Mean"
35.7611547738694,7.72817738693467,0.286610107625211,"Mean"
35.8457537688442,7.72817738693467,0.297674950785699,"Mean"
35.9303527638191,7.72817738693467,0.336529531495332,"Mean"
36.014951758794,7.72817738693467,0.318550897407447,"Mean"
36.0995507537688,7.72817738693467,0.308600420699224,"Mean"
36.1841497487437,7.72817738693467,0.311406207404966,"Mean"
36.2687487437186,7.72817738693467,0.321592742979565,"Mean"
36.3533477386935,7.72817738693467,0.32122665573716,"Mean"
36.4379467336683,7.72817738693467,0.308552438061455,"Mean"
36.5225457286432,7.72817738693467,0.289433488153313,"Mean"
36.6071447236181,7.72817738693467,0.27201645501907,"Mean"
36.691743718593,7.72817738693467,0.270674587229165,"Mean"
36.7763427135678,7.72817738693467,0.285879817529069,"Mean"
36.8609417085427,7.72817738693467,0.25462552574803,"Mean"
36.9455407035176,7.72817738693467,0.295862824472238,"Mean"
37.0301396984925,7.72817738693467,0.310142784538293,"Mean"
37.1147386934673,7.72817738693467,0.306691720580679,"Mean"
37.1993376884422,7.72817738693467,0.291129453444148,"Mean"
37.2839366834171,7.72817738693467,0.280945046623401,"Mean"
37.368535678392,7.72817738693467,0.268944029782851,"Mean"
37.4531346733668,7.72817738693467,0.357629463044266,"Mean"
37.5377336683417,7.72817738693467,0.412001372324039,"Mean"
37.6223326633166,7.72817738693467,0.334571946472574,"Mean"
37.7069316582915,7.72817738693467,0.287337848637013,"Mean"
37.7915306532663,7.72817738693467,0.271186291097309,"Mean"
37.8761296482412,7.72817738693467,0.271366897046041,"Mean"
37.9607286432161,7.72817738693467,0.250726019231936,"Mean"
38.045327638191,7.72817738693467,0.250922620361034,"Mean"
38.1299266331658,7.72817738693467,0.268491582109539,"Mean"
38.2145256281407,7.72817738693467,0.32427544704242,"Mean"
38.2991246231156,7.72817738693467,0.262192127021263,"Mean"
38.3837236180904,7.72817738693467,0.268708628429732,"Mean"
38.4683226130653,7.72817738693467,0.340325171244569,"Mean"
38.5529216080402,7.72817738693467,0.339454120496614,"Mean"
38.6375206030151,7.72817738693467,0.334451481971212,"Mean"
38.72211959799,7.72817738693467,0.273491260159902,"Mean"
38.8067185929648,7.72817738693467,0.313282238865423,"Mean"
38.8913175879397,7.72817738693467,0.291044468221785,"Mean"
38.9759165829146,7.72817738693467,0.255399070963298,"Mean"
39.0605155778894,7.72817738693467,0.250507918824771,"Mean"
39.1451145728643,7.72817738693467,0.245453941745439,"Mean"
39.2297135678392,7.72817738693467,0.243891137315236,"Mean"
39.3143125628141,7.72817738693467,0.256214409352826,"Mean"
39.3989115577889,7.72817738693467,0.337547112053293,"Mean"
39.4835105527638,7.72817738693467,0.197372168184853,"Mean"
39.5681095477387,7.72817738693467,0.197389737518402,"Mean"
39.6527085427136,7.72817738693467,0.226503874892021,"Mean"
39.7373075376884,7.72817738693467,0.236330643837231,"Mean"
39.8219065326633,7.72817738693467,0.232384522358175,"Mean"
39.9065055276382,7.72817738693467,0.240903028718121,"Mean"
39.9911045226131,7.72817738693467,0.227723944010513,"Mean"
40.0757035175879,7.72817738693467,0.219420102174965,"Mean"
40.1603025125628,7.72817738693467,0.238869703160622,"Mean"
40.2449015075377,7.72817738693467,0.23327433124975,"Mean"
40.3295005025126,7.72817738693467,0.268480939521779,"Mean"
40.4140994974874,7.72817738693467,0.256573190375065,"Mean"
40.4986984924623,7.72817738693467,0.254512611702981,"Mean"
40.5832974874372,7.72817738693467,0.258790866074891,"Mean"
40.6678964824121,7.72817738693467,0.231169148099497,"Mean"
40.7524954773869,7.72817738693467,0.248483678760608,"Mean"
40.8370944723618,7.72817738693467,0.250214948014588,"Mean"
40.9216934673367,7.72817738693467,0.275338433518937,"Mean"
41.0062924623116,7.72817738693467,0.290092311582886,"Mean"
41.0908914572864,7.72817738693467,0.263345860377759,"Mean"
41.1754904522613,7.72817738693467,0.272164485112666,"Mean"
41.2600894472362,7.72817738693467,0.274887002106734,"Mean"
41.344688442211,7.72817738693467,0.280204066765677,"Mean"
41.4292874371859,7.72817738693467,0.29061117078239,"Mean"
41.5138864321608,7.72817738693467,0.292571667328641,"Mean"
41.5984854271357,7.72817738693467,0.296471827493391,"Mean"
41.6830844221106,7.72817738693467,0.301332394600899,"Mean"
41.7676834170854,7.72817738693467,0.306391139760035,"Mean"
41.8522824120603,7.72817738693467,0.310266566372208,"Mean"
41.9368814070352,7.72817738693467,0.314622331082717,"Mean"
42.02148040201,7.72817738693467,0.318523857856434,"Mean"
42.1060793969849,7.72817738693467,0.32187051478664,"Mean"
42.1906783919598,7.72817738693467,0.354517477538984,"Mean"
42.2752773869347,7.72817738693467,0.334346581218478,"Mean"
42.3598763819095,7.72817738693467,0.345058952845881,"Mean"
42.4444753768844,7.72817738693467,0.343374080837658,"Mean"
42.5290743718593,7.72817738693467,0.351590604413692,"Mean"
42.6136733668342,7.72817738693467,0.37505099089051,"Mean"
42.698272361809,7.72817738693467,0.355597338163734,"Mean"
42.7828713567839,7.72817738693467,0.357860376601858,"Mean"
42.8674703517588,7.72817738693467,0.370103167763769,"Mean"
42.9520693467337,7.72817738693467,0.366889786509485,"Mean"
43.0366683417085,7.72817738693467,0.373578415387085,"Mean"
43.1212673366834,7.72817738693467,0.376834049655778,"Mean"
43.2058663316583,7.72817738693467,0.375267859884505,"Mean"
43.2904653266332,7.72817738693467,0.379209982652187,"Mean"
43.375064321608,7.72817738693467,0.384274037340728,"Mean"
43.4596633165829,7.72817738693467,0.397449693223861,"Mean"
43.5442623115578,7.72817738693467,0.389348660727416,"Mean"
43.6288613065327,7.72817738693467,0.396008144757582,"Mean"
43.7134603015075,7.72817738693467,0.413761103168276,"Mean"
43.7980592964824,7.72817738693467,0.402684187630914,"Mean"
43.8826582914573,7.72817738693467,0.405097906310063,"Mean"
43.9672572864322,7.72817738693467,0.416061378481269,"Mean"
44.051856281407,7.72817738693467,0.415700317371911,"Mean"
44.1364552763819,7.72817738693467,0.409553252969692,"Mean"
44.2210542713568,7.72817738693467,0.406265698262489,"Mean"
44.3056532663317,7.72817738693467,0.409576868058917,"Mean"
44.3902522613065,7.72817738693467,0.411206973533474,"Mean"
44.4748512562814,7.72817738693467,0.411852223540868,"Mean"
44.5594502512563,7.72817738693467,0.419197535557892,"Mean"
44.6440492462312,7.72817738693467,0.41033141676523,"Mean"
44.728648241206,7.72817738693467,0.411823584125003,"Mean"
44.8132472361809,7.72817738693467,0.421903489685957,"Mean"
44.8978462311558,7.72817738693467,0.420387784653934,"Mean"
44.9824452261307,7.72817738693467,0.407949478483657,"Mean"
45.0670442211055,7.72817738693467,0.407454458823854,"Mean"
45.1516432160804,7.72817738693467,0.4055625883373,"Mean"
45.2362422110553,7.72817738693467,0.406155354758636,"Mean"
45.3208412060302,7.72817738693467,0.404735738438246,"Mean"
45.405440201005,7.72817738693467,0.404541161400347,"Mean"
45.4900391959799,7.72817738693467,0.404216371871491,"Mean"
45.5746381909548,7.72817738693467,0.40412340635085,"Mean"
45.6592371859296,7.72817738693467,0.40408192477095,"Mean"
45.7438361809045,7.72817738693467,0.405646660632165,"Mean"
45.8284351758794,7.72817738693467,0.40592424748064,"Mean"
45.9130341708543,7.72817738693467,0.40400631804835,"Mean"
45.9976331658291,7.72817738693467,0.403726377633722,"Mean"
46.082232160804,7.72817738693467,0.406319377272189,"Mean"
46.1668311557789,7.72817738693467,0.403002494751789,"Mean"
46.2514301507538,7.72817738693467,0.402884099370884,"Mean"
46.3360291457286,7.72817738693467,0.403604859900094,"Mean"
46.4206281407035,7.72817738693467,0.402494957925065,"Mean"
46.5052271356784,7.72817738693467,0.402417266454392,"Mean"
46.5898261306533,7.72817738693467,0.403045653052163,"Mean"
46.6744251256281,7.72817738693467,0.404478449421332,"Mean"
46.759024120603,7.72817738693467,0.40283051859888,"Mean"
46.8436231155779,7.72817738693467,0.403118471612845,"Mean"
46.9282221105528,7.72817738693467,0.405112458524294,"Mean"
47.0128211055276,7.72817738693467,0.405805534560124,"Mean"
47.0974201005025,7.72817738693467,0.405122429196054,"Mean"
47.1820190954774,7.72817738693467,0.404696140903829,"Mean"
47.2666180904523,7.72817738693467,0.40689190858118,"Mean"
47.3512170854271,7.72817738693467,0.405682726610975,"Mean"
47.435816080402,7.72817738693467,0.407142816403165,"Mean"
47.5204150753769,7.72817738693467,0.409170008844471,"Mean"
32.9693879396985,7.7962040201005,5.33350920832619e-05,"Mean"
33.0539869346734,7.7962040201005,7.71903799703504e-05,"Mean"
33.1385859296482,7.7962040201005,0.000113023048028211,"Mean"
33.2231849246231,7.7962040201005,0.00018244232907373,"Mean"
33.307783919598,7.7962040201005,0.000270110085555213,"Mean"
33.3923829145729,7.7962040201005,0.00046315394846047,"Mean"
33.4769819095477,7.7962040201005,0.000590051140220592,"Mean"
33.5615809045226,7.7962040201005,0.000908022622536003,"Mean"
33.6461798994975,7.7962040201005,0.00142185146382379,"Mean"
33.7307788944724,7.7962040201005,0.00222255781952566,"Mean"
33.8153778894472,7.7962040201005,0.00350503887861303,"Mean"
33.8999768844221,7.7962040201005,0.0057300473361067,"Mean"
33.984575879397,7.7962040201005,0.0134101532299223,"Mean"
34.0691748743719,7.7962040201005,0.0230608098230842,"Mean"
34.1537738693467,7.7962040201005,0.0468646956408979,"Mean"
34.2383728643216,7.7962040201005,0.0859039562351559,"Mean"
34.3229718592965,7.7962040201005,0.145081186161167,"Mean"
34.4075708542714,7.7962040201005,0.218698727772256,"Mean"
34.4921698492462,7.7962040201005,0.341513018801666,"Mean"
34.5767688442211,7.7962040201005,0.303384070243124,"Mean"
34.661367839196,7.7962040201005,0.27510712577797,"Mean"
34.7459668341709,7.7962040201005,0.278898201587345,"Mean"
34.8305658291457,7.7962040201005,0.287316836996185,"Mean"
34.9151648241206,7.7962040201005,0.28590215627773,"Mean"
34.9997638190955,7.7962040201005,0.288498953681919,"Mean"
35.0843628140704,7.7962040201005,0.292336840006708,"Mean"
35.1689618090452,7.7962040201005,0.295102302239541,"Mean"
35.2535608040201,7.7962040201005,0.298857331812108,"Mean"
35.338159798995,7.7962040201005,0.291633180963296,"Mean"
35.4227587939698,7.7962040201005,0.282329046998427,"Mean"
35.5073577889447,7.7962040201005,0.305258982171451,"Mean"
35.5919567839196,7.7962040201005,0.3059574978365,"Mean"
35.6765557788945,7.7962040201005,0.303031474694778,"Mean"
35.7611547738694,7.7962040201005,0.300748152672862,"Mean"
35.8457537688442,7.7962040201005,0.294085417611547,"Mean"
35.9303527638191,7.7962040201005,0.319313422049348,"Mean"
36.014951758794,7.7962040201005,0.310583044767098,"Mean"
36.0995507537688,7.7962040201005,0.299616614876391,"Mean"
36.1841497487437,7.7962040201005,0.293056909414206,"Mean"
36.2687487437186,7.7962040201005,0.314031067404167,"Mean"
36.3533477386935,7.7962040201005,0.297716279083675,"Mean"
36.4379467336683,7.7962040201005,0.291252778021458,"Mean"
36.5225457286432,7.7962040201005,0.311410434617916,"Mean"
36.6071447236181,7.7962040201005,0.309986660021354,"Mean"
36.691743718593,7.7962040201005,0.305188943772785,"Mean"
36.7763427135678,7.7962040201005,0.292663140901735,"Mean"
36.8609417085427,7.7962040201005,0.292423023688798,"Mean"
36.9455407035176,7.7962040201005,0.29164894249108,"Mean"
37.0301396984925,7.7962040201005,0.309419414675677,"Mean"
37.1147386934673,7.7962040201005,0.291797992941656,"Mean"
37.1993376884422,7.7962040201005,0.291739153039261,"Mean"
37.2839366834171,7.7962040201005,0.466361990695946,"Mean"
37.368535678392,7.7962040201005,0.251611470658497,"Mean"
37.4531346733668,7.7962040201005,0.343935703924774,"Mean"
37.5377336683417,7.7962040201005,0.36741438681347,"Mean"
37.6223326633166,7.7962040201005,0.34002873344658,"Mean"
37.7069316582915,7.7962040201005,0.310913734606957,"Mean"
37.7915306532663,7.7962040201005,0.289688739125789,"Mean"
37.8761296482412,7.7962040201005,0.174453081176756,"Mean"
37.9607286432161,7.7962040201005,0.234294220458427,"Mean"
38.045327638191,7.7962040201005,0.250998510329244,"Mean"
38.1299266331658,7.7962040201005,0.28815880009426,"Mean"
38.2145256281407,7.7962040201005,0.301894361667339,"Mean"
38.2991246231156,7.7962040201005,0.255773946663344,"Mean"
38.3837236180904,7.7962040201005,0.263725254930042,"Mean"
38.4683226130653,7.7962040201005,0.284951829095827,"Mean"
38.5529216080402,7.7962040201005,0.320264802761384,"Mean"
38.6375206030151,7.7962040201005,0.311582843296415,"Mean"
38.72211959799,7.7962040201005,0.278188777033648,"Mean"
38.8067185929648,7.7962040201005,0.314599152362302,"Mean"
38.8913175879397,7.7962040201005,0.299557868252727,"Mean"
38.9759165829146,7.7962040201005,0.283738142475376,"Mean"
39.0605155778894,7.7962040201005,0.258730472910451,"Mean"
39.1451145728643,7.7962040201005,0.246078271819125,"Mean"
39.2297135678392,7.7962040201005,0.256656601263531,"Mean"
39.3143125628141,7.7962040201005,0.264737730232677,"Mean"
39.3989115577889,7.7962040201005,0.356651586186759,"Mean"
39.4835105527638,7.7962040201005,0.20944659594484,"Mean"
39.5681095477387,7.7962040201005,0.156768003917451,"Mean"
39.6527085427136,7.7962040201005,0.231682214499051,"Mean"
39.7373075376884,7.7962040201005,0.249231099830148,"Mean"
39.8219065326633,7.7962040201005,0.23754868082296,"Mean"
39.9065055276382,7.7962040201005,0.240576073248678,"Mean"
39.9911045226131,7.7962040201005,0.231969858038486,"Mean"
40.0757035175879,7.7962040201005,0.248687288982222,"Mean"
40.1603025125628,7.7962040201005,0.24048606919593,"Mean"
40.2449015075377,7.7962040201005,0.280753074824173,"Mean"
40.3295005025126,7.7962040201005,0.277300438698107,"Mean"
40.4140994974874,7.7962040201005,0.307388903719339,"Mean"
40.4986984924623,7.7962040201005,0.260474888374665,"Mean"
40.5832974874372,7.7962040201005,0.250412849763299,"Mean"
40.6678964824121,7.7962040201005,0.253137352886893,"Mean"
40.7524954773869,7.7962040201005,0.258151592239987,"Mean"
40.8370944723618,7.7962040201005,0.255891171002805,"Mean"
40.9216934673367,7.7962040201005,0.261132619360681,"Mean"
41.0062924623116,7.7962040201005,0.281654143947176,"Mean"
41.0908914572864,7.7962040201005,0.277716976863125,"Mean"
41.1754904522613,7.7962040201005,0.280048216094646,"Mean"
41.2600894472362,7.7962040201005,0.28126386050221,"Mean"
41.344688442211,7.7962040201005,0.285351539682952,"Mean"
41.4292874371859,7.7962040201005,0.290138620032491,"Mean"
41.5138864321608,7.7962040201005,0.295409150340657,"Mean"
41.5984854271357,7.7962040201005,0.301948706704568,"Mean"
41.6830844221106,7.7962040201005,0.305715727302878,"Mean"
41.7676834170854,7.7962040201005,0.309829689360724,"Mean"
41.8522824120603,7.7962040201005,0.317247695999415,"Mean"
41.9368814070352,7.7962040201005,0.318246155277374,"Mean"
42.02148040201,7.7962040201005,0.322913828354246,"Mean"
42.1060793969849,7.7962040201005,0.325579698978604,"Mean"
42.1906783919598,7.7962040201005,0.337573875259114,"Mean"
42.2752773869347,7.7962040201005,0.33423676566361,"Mean"
42.3598763819095,7.7962040201005,0.349198692000124,"Mean"
42.4444753768844,7.7962040201005,0.3502918946316,"Mean"
42.5290743718593,7.7962040201005,0.347707238520151,"Mean"
42.6136733668342,7.7962040201005,0.370112850489935,"Mean"
42.698272361809,7.7962040201005,0.358787101482229,"Mean"
42.7828713567839,7.7962040201005,0.361841436148157,"Mean"
42.8674703517588,7.7962040201005,0.36635081437903,"Mean"
42.9520693467337,7.7962040201005,0.367473553623579,"Mean"
43.0366683417085,7.7962040201005,0.373548613619148,"Mean"
43.1212673366834,7.7962040201005,0.373154911710761,"Mean"
43.2058663316583,7.7962040201005,0.374948022202215,"Mean"
43.2904653266332,7.7962040201005,0.383310513711036,"Mean"
43.375064321608,7.7962040201005,0.385997609771943,"Mean"
43.4596633165829,7.7962040201005,0.389720771924343,"Mean"
43.5442623115578,7.7962040201005,0.386659595541535,"Mean"
43.6288613065327,7.7962040201005,0.410498102943882,"Mean"
43.7134603015075,7.7962040201005,0.408264893693858,"Mean"
43.7980592964824,7.7962040201005,0.394221933164403,"Mean"
43.8826582914573,7.7962040201005,0.415987729154111,"Mean"
43.9672572864322,7.7962040201005,0.416877410719657,"Mean"
44.051856281407,7.7962040201005,0.412522233926597,"Mean"
44.1364552763819,7.7962040201005,0.418692098555935,"Mean"
44.2210542713568,7.7962040201005,0.40591270161252,"Mean"
44.3056532663317,7.7962040201005,0.408110144138862,"Mean"
44.3902522613065,7.7962040201005,0.411273626558424,"Mean"
44.4748512562814,7.7962040201005,0.413076151840444,"Mean"
44.5594502512563,7.7962040201005,0.409888335890417,"Mean"
44.6440492462312,7.7962040201005,0.408884996279871,"Mean"
44.728648241206,7.7962040201005,0.4092084071193,"Mean"
44.8132472361809,7.7962040201005,0.417736508863729,"Mean"
44.8978462311558,7.7962040201005,0.412116742453797,"Mean"
44.9824452261307,7.7962040201005,0.407352053706691,"Mean"
45.0670442211055,7.7962040201005,0.418301759132319,"Mean"
45.1516432160804,7.7962040201005,0.418449617393446,"Mean"
45.2362422110553,7.7962040201005,0.422760789627817,"Mean"
45.3208412060302,7.7962040201005,0.406930347051806,"Mean"
45.405440201005,7.7962040201005,0.403439109873674,"Mean"
45.4900391959799,7.7962040201005,0.410478810801512,"Mean"
45.5746381909548,7.7962040201005,0.403223753382111,"Mean"
45.6592371859296,7.7962040201005,0.404841923475896,"Mean"
45.7438361809045,7.7962040201005,0.403422535494552,"Mean"
45.8284351758794,7.7962040201005,0.4030900112778,"Mean"
45.9130341708543,7.7962040201005,0.40417032857685,"Mean"
45.9976331658291,7.7962040201005,0.40280269067096,"Mean"
46.082232160804,7.7962040201005,0.41523857948347,"Mean"
46.1668311557789,7.7962040201005,0.401499694966087,"Mean"
46.2514301507538,7.7962040201005,0.401205612705242,"Mean"
46.3360291457286,7.7962040201005,0.402128522341851,"Mean"
46.4206281407035,7.7962040201005,0.405121980832578,"Mean"
46.5052271356784,7.7962040201005,0.400984222048105,"Mean"
46.5898261306533,7.7962040201005,0.401307267295699,"Mean"
46.6744251256281,7.7962040201005,0.401114471475112,"Mean"
46.759024120603,7.7962040201005,0.404446579213452,"Mean"
46.8436231155779,7.7962040201005,0.402507171848669,"Mean"
46.9282221105528,7.7962040201005,0.4026376918301,"Mean"
47.0128211055276,7.7962040201005,0.40616395561672,"Mean"
47.0974201005025,7.7962040201005,0.403075619008239,"Mean"
47.1820190954774,7.7962040201005,0.402983523047993,"Mean"
47.2666180904523,7.7962040201005,0.40355604430086,"Mean"
47.3512170854271,7.7962040201005,0.405344551284793,"Mean"
47.435816080402,7.7962040201005,0.404628297948205,"Mean"
47.5204150753769,7.7962040201005,0.409083420467225,"Mean"
33.0539869346734,7.86423065326633,0.000128678582623728,"Mean"
33.1385859296482,7.86423065326633,0.000156748037825934,"Mean"
33.2231849246231,7.86423065326633,0.000242875527909678,"Mean"
33.307783919598,7.86423065326633,0.000474359852928002,"Mean"
33.3923829145729,7.86423065326633,0.00064477065296981,"Mean"
33.4769819095477,7.86423065326633,0.000860547006340391,"Mean"
33.5615809045226,7.86423065326633,0.00139131194827806,"Mean"
33.6461798994975,7.86423065326633,0.0021428046708222,"Mean"
33.7307788944724,7.86423065326633,0.00344133832655528,"Mean"
33.8153778894472,7.86423065326633,0.0055009359096513,"Mean"
33.8999768844221,7.86423065326633,0.00844846150535902,"Mean"
33.984575879397,7.86423065326633,0.0146284703060321,"Mean"
34.0691748743719,7.86423065326633,0.0291438238615645,"Mean"
34.1537738693467,7.86423065326633,0.0467008873332451,"Mean"
34.2383728643216,7.86423065326633,0.076969107224722,"Mean"
34.3229718592965,7.86423065326633,0.120233338327548,"Mean"
34.4075708542714,7.86423065326633,0.159768376880332,"Mean"
34.4921698492462,7.86423065326633,0.308750168887556,"Mean"
34.5767688442211,7.86423065326633,0.309199960949785,"Mean"
34.661367839196,7.86423065326633,0.287572125016387,"Mean"
34.7459668341709,7.86423065326633,0.278931690115604,"Mean"
34.8305658291457,7.86423065326633,0.286634175823122,"Mean"
34.9151648241206,7.86423065326633,0.278839345771226,"Mean"
34.9997638190955,7.86423065326633,0.290608190702852,"Mean"
35.0843628140704,7.86423065326633,0.292199093746863,"Mean"
35.1689618090452,7.86423065326633,0.29547667331628,"Mean"
35.2535608040201,7.86423065326633,0.294681051033707,"Mean"
35.338159798995,7.86423065326633,0.296220969587675,"Mean"
35.4227587939698,7.86423065326633,0.291973669314355,"Mean"
35.5073577889447,7.86423065326633,0.299106654994157,"Mean"
35.5919567839196,7.86423065326633,0.300571220319532,"Mean"
35.6765557788945,7.86423065326633,0.300549667424829,"Mean"
35.7611547738694,7.86423065326633,0.288700122473088,"Mean"
35.8457537688442,7.86423065326633,0.298543764773737,"Mean"
35.9303527638191,7.86423065326633,0.30621854216453,"Mean"
36.014951758794,7.86423065326633,0.280119624701222,"Mean"
36.0995507537688,7.86423065326633,0.27342740643807,"Mean"
36.1841497487437,7.86423065326633,0.313722737604249,"Mean"
36.2687487437186,7.86423065326633,0.328595997500986,"Mean"
36.3533477386935,7.86423065326633,0.312034122553917,"Mean"
36.4379467336683,7.86423065326633,0.289298978661485,"Mean"
36.5225457286432,7.86423065326633,0.283759662827347,"Mean"
36.6071447236181,7.86423065326633,0.293659703280008,"Mean"
36.691743718593,7.86423065326633,0.308102673243994,"Mean"
36.7763427135678,7.86423065326633,0.316072379977707,"Mean"
36.8609417085427,7.86423065326633,0.352889523763198,"Mean"
36.9455407035176,7.86423065326633,0.35953535272794,"Mean"
37.0301396984925,7.86423065326633,0.314297078229074,"Mean"
37.1147386934673,7.86423065326633,0.294316330513624,"Mean"
37.1993376884422,7.86423065326633,0.299270126671457,"Mean"
37.2839366834171,7.86423065326633,0.318388238734923,"Mean"
37.368535678392,7.86423065326633,0.277625830641172,"Mean"
37.4531346733668,7.86423065326633,0.343122874546198,"Mean"
37.5377336683417,7.86423065326633,0.349672629316947,"Mean"
37.6223326633166,7.86423065326633,0.372664586233547,"Mean"
37.7069316582915,7.86423065326633,0.323415598684446,"Mean"
37.7915306532663,7.86423065326633,0.268228171612228,"Mean"
37.8761296482412,7.86423065326633,0.245373608245983,"Mean"
37.9607286432161,7.86423065326633,0.253382722736415,"Mean"
38.045327638191,7.86423065326633,0.234936453795641,"Mean"
38.1299266331658,7.86423065326633,0.219748166063251,"Mean"
38.2145256281407,7.86423065326633,0.298803854110148,"Mean"
38.2991246231156,7.86423065326633,0.278502451669778,"Mean"
38.3837236180904,7.86423065326633,0.274787730023154,"Mean"
38.4683226130653,7.86423065326633,0.256723606162105,"Mean"
38.5529216080402,7.86423065326633,0.29487514649475,"Mean"
38.6375206030151,7.86423065326633,0.280315766231417,"Mean"
38.72211959799,7.86423065326633,0.258004087924653,"Mean"
38.8067185929648,7.86423065326633,0.419181434808086,"Mean"
38.8913175879397,7.86423065326633,0.322358139364245,"Mean"
38.9759165829146,7.86423065326633,0.297919018101501,"Mean"
39.0605155778894,7.86423065326633,0.280784428343787,"Mean"
39.1451145728643,7.86423065326633,0.263858371193245,"Mean"
39.2297135678392,7.86423065326633,0.286768978514105,"Mean"
39.3143125628141,7.86423065326633,0.29648599071747,"Mean"
39.3989115577889,7.86423065326633,0.366673762346811,"Mean"
39.4835105527638,7.86423065326633,0.248486512524021,"Mean"
39.5681095477387,7.86423065326633,0.191941903621854,"Mean"
39.6527085427136,7.86423065326633,0.224193228166698,"Mean"
39.7373075376884,7.86423065326633,0.258066763280809,"Mean"
39.8219065326633,7.86423065326633,0.245169535276771,"Mean"
39.9065055276382,7.86423065326633,0.271717102660248,"Mean"
39.9911045226131,7.86423065326633,0.274076945719951,"Mean"
40.0757035175879,7.86423065326633,0.27325900045417,"Mean"
40.1603025125628,7.86423065326633,0.275029834818633,"Mean"
40.2449015075377,7.86423065326633,0.278380988649943,"Mean"
40.3295005025126,7.86423065326633,0.285826582012776,"Mean"
40.4140994974874,7.86423065326633,0.273530184782042,"Mean"
40.4986984924623,7.86423065326633,0.269070269745582,"Mean"
40.5832974874372,7.86423065326633,0.262650842638916,"Mean"
40.6678964824121,7.86423065326633,0.299672103213316,"Mean"
40.7524954773869,7.86423065326633,0.26492541681808,"Mean"
40.8370944723618,7.86423065326633,0.263805811073474,"Mean"
40.9216934673367,7.86423065326633,0.278250618171611,"Mean"
41.0062924623116,7.86423065326633,0.282262026170301,"Mean"
41.0908914572864,7.86423065326633,0.31749720768117,"Mean"
41.1754904522613,7.86423065326633,0.305516200218055,"Mean"
41.2600894472362,7.86423065326633,0.293997913173203,"Mean"
41.344688442211,7.86423065326633,0.289837387438249,"Mean"
41.4292874371859,7.86423065326633,0.295263471851124,"Mean"
41.5138864321608,7.86423065326633,0.30030238438643,"Mean"
41.5984854271357,7.86423065326633,0.309735993869164,"Mean"
41.6830844221106,7.86423065326633,0.30973298861906,"Mean"
41.7676834170854,7.86423065326633,0.313387007854189,"Mean"
41.8522824120603,7.86423065326633,0.335317804885166,"Mean"
41.9368814070352,7.86423065326633,0.322005186702014,"Mean"
42.02148040201,7.86423065326633,0.331355821437885,"Mean"
42.1060793969849,7.86423065326633,0.329124366358996,"Mean"
42.1906783919598,7.86423065326633,0.335945875812472,"Mean"
42.2752773869347,7.86423065326633,0.339669050047165,"Mean"
42.3598763819095,7.86423065326633,0.341495092318893,"Mean"
42.4444753768844,7.86423065326633,0.345569348327956,"Mean"
42.5290743718593,7.86423065326633,0.347400865084888,"Mean"
42.6136733668342,7.86423065326633,0.367458850371317,"Mean"
42.698272361809,7.86423065326633,0.357298526253992,"Mean"
42.7828713567839,7.86423065326633,0.35964883850115,"Mean"
42.8674703517588,7.86423065326633,0.36186752047924,"Mean"
42.9520693467337,7.86423065326633,0.374044111685209,"Mean"
43.0366683417085,7.86423065326633,0.373551406989334,"Mean"
43.1212673366834,7.86423065326633,0.378176275469902,"Mean"
43.2058663316583,7.86423065326633,0.375874684308756,"Mean"
43.2904653266332,7.86423065326633,0.382683044285503,"Mean"
43.375064321608,7.86423065326633,0.387722648704575,"Mean"
43.4596633165829,7.86423065326633,0.391658691730944,"Mean"
43.5442623115578,7.86423065326633,0.406882813311006,"Mean"
43.6288613065327,7.86423065326633,0.389777338075272,"Mean"
43.7134603015075,7.86423065326633,0.39808144929852,"Mean"
43.7980592964824,7.86423065326633,0.401623066015529,"Mean"
43.8826582914573,7.86423065326633,0.412930322146098,"Mean"
43.9672572864322,7.86423065326633,0.408971646973046,"Mean"
44.051856281407,7.86423065326633,0.405282579260587,"Mean"
44.1364552763819,7.86423065326633,0.403819817558367,"Mean"
44.2210542713568,7.86423065326633,0.405019609539045,"Mean"
44.3056532663317,7.86423065326633,0.406818573663441,"Mean"
44.3902522613065,7.86423065326633,0.419159372264195,"Mean"
44.4748512562814,7.86423065326633,0.409724731360721,"Mean"
44.5594502512563,7.86423065326633,0.41208141930285,"Mean"
44.6440492462312,7.86423065326633,0.411326914128798,"Mean"
44.728648241206,7.86423065326633,0.418274394255764,"Mean"
44.8132472361809,7.86423065326633,0.407762113743872,"Mean"
44.8978462311558,7.86423065326633,0.423876438956002,"Mean"
44.9824452261307,7.86423065326633,0.42170386609725,"Mean"
45.0670442211055,7.86423065326633,0.416282173852716,"Mean"
45.1516432160804,7.86423065326633,0.415094358765794,"Mean"
45.2362422110553,7.86423065326633,0.421754618902176,"Mean"
45.3208412060302,7.86423065326633,0.418750885345261,"Mean"
45.405440201005,7.86423065326633,0.420375389413097,"Mean"
45.4900391959799,7.86423065326633,0.417701579147376,"Mean"
45.5746381909548,7.86423065326633,0.415032197951341,"Mean"
45.6592371859296,7.86423065326633,0.402853126860264,"Mean"
45.7438361809045,7.86423065326633,0.407864691657831,"Mean"
45.8284351758794,7.86423065326633,0.404600836714268,"Mean"
45.9130341708543,7.86423065326633,0.403760434151695,"Mean"
45.9976331658291,7.86423065326633,0.403271727728426,"Mean"
46.082232160804,7.86423065326633,0.402338839663819,"Mean"
46.1668311557789,7.86423065326633,0.399969683695231,"Mean"
46.2514301507538,7.86423065326633,0.399711960904845,"Mean"
46.3360291457286,7.86423065326633,0.399664985286255,"Mean"
46.4206281407035,7.86423065326633,0.399682377837747,"Mean"
46.5052271356784,7.86423065326633,0.399565631138004,"Mean"
46.5898261306533,7.86423065326633,0.399723723424939,"Mean"
46.6744251256281,7.86423065326633,0.399646718240541,"Mean"
46.759024120603,7.86423065326633,0.400344018329395,"Mean"
46.8436231155779,7.86423065326633,0.408424766637728,"Mean"
46.9282221105528,7.86423065326633,0.40144979658563,"Mean"
47.0128211055276,7.86423065326633,0.401168610545456,"Mean"
47.0974201005025,7.86423065326633,0.408318788806377,"Mean"
47.1820190954774,7.86423065326633,0.402748283363776,"Mean"
47.2666180904523,7.86423065326633,0.40272753462149,"Mean"
47.3512170854271,7.86423065326633,0.402991854274604,"Mean"
47.435816080402,7.86423065326633,0.408186095947138,"Mean"
47.5204150753769,7.86423065326633,0.414093283486579,"Mean"
47.6050140703518,7.86423065326633,0.407094149039945,"Mean"
33.0539869346734,7.93225728643216,0.000161869605316043,"Mean"
33.1385859296482,7.93225728643216,0.000232908446552029,"Mean"
33.2231849246231,7.93225728643216,0.00036331321644852,"Mean"
33.307783919598,7.93225728643216,0.000716369233639874,"Mean"
33.3923829145729,7.93225728643216,0.000833648293123223,"Mean"
33.4769819095477,7.93225728643216,0.00150469132987163,"Mean"
33.5615809045226,7.93225728643216,0.00215432740243299,"Mean"
33.6461798994975,7.93225728643216,0.00396238625038088,"Mean"
33.7307788944724,7.93225728643216,0.00554392949362369,"Mean"
33.8153778894472,7.93225728643216,0.00816274770314975,"Mean"
33.8999768844221,7.93225728643216,0.012774179446532,"Mean"
33.984575879397,7.93225728643216,0.0277215791274658,"Mean"
34.0691748743719,7.93225728643216,0.0445748226191531,"Mean"
34.1537738693467,7.93225728643216,0.073039052395334,"Mean"
34.2383728643216,7.93225728643216,0.114283342974111,"Mean"
34.3229718592965,7.93225728643216,0.147024995492272,"Mean"
34.4075708542714,7.93225728643216,0.230211439488941,"Mean"
34.4921698492462,7.93225728643216,0.33863522950933,"Mean"
34.5767688442211,7.93225728643216,0.323193071238007,"Mean"
34.661367839196,7.93225728643216,0.277075966406953,"Mean"
34.7459668341709,7.93225728643216,0.278267974951482,"Mean"
34.8305658291457,7.93225728643216,0.278659934297698,"Mean"
34.9151648241206,7.93225728643216,0.270944332978463,"Mean"
34.9997638190955,7.93225728643216,0.286725391120916,"Mean"
35.0843628140704,7.93225728643216,0.291183230964508,"Mean"
35.1689618090452,7.93225728643216,0.292076567516375,"Mean"
35.2535608040201,7.93225728643216,0.296322230708361,"Mean"
35.338159798995,7.93225728643216,0.299370548946647,"Mean"
35.4227587939698,7.93225728643216,0.290324177700309,"Mean"
35.5073577889447,7.93225728643216,0.273437732410773,"Mean"
35.5919567839196,7.93225728643216,0.300688714171555,"Mean"
35.6765557788945,7.93225728643216,0.305218145587687,"Mean"
35.7611547738694,7.93225728643216,0.302141450161351,"Mean"
35.8457537688442,7.93225728643216,0.318941699716249,"Mean"
35.9303527638191,7.93225728643216,0.322117389254859,"Mean"
36.014951758794,7.93225728643216,0.289775956908845,"Mean"
36.0995507537688,7.93225728643216,0.266272635092727,"Mean"
36.1841497487437,7.93225728643216,0.290026220310394,"Mean"
36.2687487437186,7.93225728643216,0.330548482627268,"Mean"
36.3533477386935,7.93225728643216,0.342458469340259,"Mean"
36.4379467336683,7.93225728643216,0.294499964463247,"Mean"
36.5225457286432,7.93225728643216,0.298658259938526,"Mean"
36.6071447236181,7.93225728643216,0.309893233212247,"Mean"
36.691743718593,7.93225728643216,0.308987279517255,"Mean"
36.7763427135678,7.93225728643216,0.332804261490912,"Mean"
36.8609417085427,7.93225728643216,0.320718721196491,"Mean"
36.9455407035176,7.93225728643216,0.337388219334692,"Mean"
37.0301396984925,7.93225728643216,0.355805378985865,"Mean"
37.1147386934673,7.93225728643216,0.309328219070568,"Mean"
37.1993376884422,7.93225728643216,0.30171597859079,"Mean"
37.2839366834171,7.93225728643216,0.315582371451439,"Mean"
37.368535678392,7.93225728643216,0.304441564552091,"Mean"
37.4531346733668,7.93225728643216,0.330514604750872,"Mean"
37.5377336683417,7.93225728643216,0.330685941527548,"Mean"
37.6223326633166,7.93225728643216,0.379863926873951,"Mean"
37.7069316582915,7.93225728643216,0.335473306716529,"Mean"
37.7915306532663,7.93225728643216,0.303528124797525,"Mean"
37.8761296482412,7.93225728643216,0.263182548952849,"Mean"
37.9607286432161,7.93225728643216,0.252933714044159,"Mean"
38.045327638191,7.93225728643216,0.222576956296773,"Mean"
38.1299266331658,7.93225728643216,0.195811436020626,"Mean"
38.2145256281407,7.93225728643216,0.235665858744569,"Mean"
38.2991246231156,7.93225728643216,0.262481312350053,"Mean"
38.3837236180904,7.93225728643216,0.307545201777921,"Mean"
38.4683226130653,7.93225728643216,0.285685318113132,"Mean"
38.5529216080402,7.93225728643216,0.298268986979242,"Mean"
38.6375206030151,7.93225728643216,0.287491764861467,"Mean"
38.72211959799,7.93225728643216,0.296527396876596,"Mean"
38.8067185929648,7.93225728643216,0.514813504085351,"Mean"
38.8913175879397,7.93225728643216,0.361722464011532,"Mean"
38.9759165829146,7.93225728643216,0.304554602913275,"Mean"
39.0605155778894,7.93225728643216,0.289195324302179,"Mean"
39.1451145728643,7.93225728643216,0.26473129039632,"Mean"
39.2297135678392,7.93225728643216,0.324685659005231,"Mean"
39.3143125628141,7.93225728643216,0.35993414296827,"Mean"
39.3989115577889,7.93225728643216,0.35562731983321,"Mean"
39.4835105527638,7.93225728643216,0.271600238878888,"Mean"
39.5681095477387,7.93225728643216,0.166852857353466,"Mean"
39.6527085427136,7.93225728643216,0.25322403687049,"Mean"
39.7373075376884,7.93225728643216,0.250656312532495,"Mean"
39.8219065326633,7.93225728643216,0.270105814799384,"Mean"
39.9065055276382,7.93225728643216,0.278583061339856,"Mean"
39.9911045226131,7.93225728643216,0.282405648780459,"Mean"
40.0757035175879,7.93225728643216,0.272004583307053,"Mean"
40.1603025125628,7.93225728643216,0.27974432097402,"Mean"
40.2449015075377,7.93225728643216,0.292767906297648,"Mean"
40.3295005025126,7.93225728643216,0.283771636366235,"Mean"
40.4140994974874,7.93225728643216,0.278022944685523,"Mean"
40.4986984924623,7.93225728643216,0.271094437450501,"Mean"
40.5832974874372,7.93225728643216,0.269941559725994,"Mean"
40.6678964824121,7.93225728643216,0.27365143546113,"Mean"
40.7524954773869,7.93225728643216,0.284471023718457,"Mean"
40.8370944723618,7.93225728643216,0.28993130427557,"Mean"
40.9216934673367,7.93225728643216,0.285282790529948,"Mean"
41.0062924623116,7.93225728643216,0.276421647531874,"Mean"
41.0908914572864,7.93225728643216,0.324787298652445,"Mean"
41.1754904522613,7.93225728643216,0.311378766282074,"Mean"
41.2600894472362,7.93225728643216,0.296333221805957,"Mean"
41.344688442211,7.93225728643216,0.294846380414399,"Mean"
41.4292874371859,7.93225728643216,0.299371575601847,"Mean"
41.5138864321608,7.93225728643216,0.306295964919366,"Mean"
41.5984854271357,7.93225728643216,0.309526286426061,"Mean"
41.6830844221106,7.93225728643216,0.321271119524959,"Mean"
41.7676834170854,7.93225728643216,0.316741970595215,"Mean"
41.8522824120603,7.93225728643216,0.320708344264162,"Mean"
41.9368814070352,7.93225728643216,0.325119570302428,"Mean"
42.02148040201,7.93225728643216,0.328588740028943,"Mean"
42.1060793969849,7.93225728643216,0.334326420542281,"Mean"
42.1906783919598,7.93225728643216,0.340301290761882,"Mean"
42.2752773869347,7.93225728643216,0.343082227212021,"Mean"
42.3598763819095,7.93225728643216,0.346033240956951,"Mean"
42.4444753768844,7.93225728643216,0.343544857412691,"Mean"
42.5290743718593,7.93225728643216,0.361940377525709,"Mean"
42.6136733668342,7.93225728643216,0.36370755759473,"Mean"
42.698272361809,7.93225728643216,0.363553036981415,"Mean"
42.7828713567839,7.93225728643216,0.358736735394805,"Mean"
42.8674703517588,7.93225728643216,0.363559153087135,"Mean"
42.9520693467337,7.93225728643216,0.368694738882147,"Mean"
43.0366683417085,7.93225728643216,0.370073499757282,"Mean"
43.1212673366834,7.93225728643216,0.377510224079979,"Mean"
43.2058663316583,7.93225728643216,0.374799505889681,"Mean"
43.2904653266332,7.93225728643216,0.397223713985437,"Mean"
43.375064321608,7.93225728643216,0.38083947081581,"Mean"
43.4596633165829,7.93225728643216,0.395465425708992,"Mean"
43.5442623115578,7.93225728643216,0.406389588608716,"Mean"
43.6288613065327,7.93225728643216,0.406658926850844,"Mean"
43.7134603015075,7.93225728643216,0.403185222124004,"Mean"
43.7980592964824,7.93225728643216,0.412540219764706,"Mean"
43.8826582914573,7.93225728643216,0.407240030553837,"Mean"
43.9672572864322,7.93225728643216,0.40444174489085,"Mean"
44.051856281407,7.93225728643216,0.400167292968618,"Mean"
44.1364552763819,7.93225728643216,0.41220689299851,"Mean"
44.2210542713568,7.93225728643216,0.405905464721214,"Mean"
44.3056532663317,7.93225728643216,0.40795992916786,"Mean"
44.3902522613065,7.93225728643216,0.410549901875841,"Mean"
44.4748512562814,7.93225728643216,0.409537872354533,"Mean"
44.5594502512563,7.93225728643216,0.407775796015322,"Mean"
44.6440492462312,7.93225728643216,0.409273346414853,"Mean"
44.728648241206,7.93225728643216,0.414679146306857,"Mean"
44.8132472361809,7.93225728643216,0.41167553505556,"Mean"
44.8978462311558,7.93225728643216,0.420831088863137,"Mean"
44.9824452261307,7.93225728643216,0.406815747278451,"Mean"
45.0670442211055,7.93225728643216,0.41762016927741,"Mean"
45.1516432160804,7.93225728643216,0.419563631818073,"Mean"
45.2362422110553,7.93225728643216,0.420680526824103,"Mean"
45.3208412060302,7.93225728643216,0.416267733758117,"Mean"
45.405440201005,7.93225728643216,0.412785279016368,"Mean"
45.4900391959799,7.93225728643216,0.414502169641924,"Mean"
45.5746381909548,7.93225728643216,0.402049529651713,"Mean"
45.6592371859296,7.93225728643216,0.401586901181019,"Mean"
45.7438361809045,7.93225728643216,0.402531427121817,"Mean"
45.8284351758794,7.93225728643216,0.39991623328125,"Mean"
45.9130341708543,7.93225728643216,0.401777778109344,"Mean"
45.9976331658291,7.93225728643216,0.401549872938824,"Mean"
46.082232160804,7.93225728643216,0.401751347449764,"Mean"
46.1668311557789,7.93225728643216,0.398550735581155,"Mean"
46.2514301507538,7.93225728643216,0.398248081691532,"Mean"
46.3360291457286,7.93225728643216,0.399001571236174,"Mean"
46.4206281407035,7.93225728643216,0.398712840427998,"Mean"
46.5052271356784,7.93225728643216,0.398059050266355,"Mean"
46.5898261306533,7.93225728643216,0.398323533119683,"Mean"
46.6744251256281,7.93225728643216,0.398486880008582,"Mean"
46.759024120603,7.93225728643216,0.398530711114746,"Mean"
46.8436231155779,7.93225728643216,0.403911028950945,"Mean"
46.9282221105528,7.93225728643216,0.399862718480847,"Mean"
47.0128211055276,7.93225728643216,0.399947289039068,"Mean"
47.0974201005025,7.93225728643216,0.404007788174029,"Mean"
47.1820190954774,7.93225728643216,0.400569865201544,"Mean"
47.2666180904523,7.93225728643216,0.404118129669356,"Mean"
47.3512170854271,7.93225728643216,0.402391770336047,"Mean"
47.435816080402,7.93225728643216,0.409179339734968,"Mean"
47.5204150753769,7.93225728643216,0.405970745284974,"Mean"
47.6050140703518,7.93225728643216,0.411868521107081,"Mean"
47.6896130653266,7.93225728643216,0.40865596394679,"Mean"
33.1385859296482,8.00028391959799,0.000362428536735974,"Mean"
33.2231849246231,8.00028391959799,0.00063434561200745,"Mean"
33.307783919598,8.00028391959799,0.000997076572936395,"Mean"
33.3923829145729,8.00028391959799,0.0012717087717558,"Mean"
33.4769819095477,8.00028391959799,0.00194343129891624,"Mean"
33.5615809045226,8.00028391959799,0.00303698709608477,"Mean"
33.6461798994975,8.00028391959799,0.00554198919133943,"Mean"
33.7307788944724,8.00028391959799,0.00803800997918525,"Mean"
33.8153778894472,8.00028391959799,0.0121648877962368,"Mean"
33.8999768844221,8.00028391959799,0.0204500352286541,"Mean"
33.984575879397,8.00028391959799,0.0309244009722469,"Mean"
34.0691748743719,8.00028391959799,0.049193779467554,"Mean"
34.1537738693467,8.00028391959799,0.0781089829893848,"Mean"
34.2383728643216,8.00028391959799,0.142486675940718,"Mean"
34.3229718592965,8.00028391959799,0.211962530492999,"Mean"
34.4075708542714,8.00028391959799,0.319383961159782,"Mean"
34.4921698492462,8.00028391959799,0.348055751033921,"Mean"
34.5767688442211,8.00028391959799,0.328066818609173,"Mean"
34.661367839196,8.00028391959799,0.261771811207479,"Mean"
34.7459668341709,8.00028391959799,0.274012803819115,"Mean"
34.8305658291457,8.00028391959799,0.270877246407291,"Mean"
34.9151648241206,8.00028391959799,0.266281483775946,"Mean"
34.9997638190955,8.00028391959799,0.283311467462542,"Mean"
35.0843628140704,8.00028391959799,0.290734666830479,"Mean"
35.1689618090452,8.00028391959799,0.292954594294042,"Mean"
35.2535608040201,8.00028391959799,0.297639521128549,"Mean"
35.338159798995,8.00028391959799,0.295638115676915,"Mean"
35.4227587939698,8.00028391959799,0.295475331729704,"Mean"
35.5073577889447,8.00028391959799,0.285378010418607,"Mean"
35.5919567839196,8.00028391959799,0.295524158988578,"Mean"
35.6765557788945,8.00028391959799,0.293864057034454,"Mean"
35.7611547738694,8.00028391959799,0.317618189821727,"Mean"
35.8457537688442,8.00028391959799,0.32147518301981,"Mean"
35.9303527638191,8.00028391959799,0.32044112529595,"Mean"
36.014951758794,8.00028391959799,0.296980194586193,"Mean"
36.0995507537688,8.00028391959799,0.305551814996945,"Mean"
36.1841497487437,8.00028391959799,0.306508528491049,"Mean"
36.2687487437186,8.00028391959799,0.305048052865368,"Mean"
36.3533477386935,8.00028391959799,0.301504697483214,"Mean"
36.4379467336683,8.00028391959799,0.283994312933058,"Mean"
36.5225457286432,8.00028391959799,0.32137643991397,"Mean"
36.6071447236181,8.00028391959799,0.316026953828163,"Mean"
36.691743718593,8.00028391959799,0.324372302806568,"Mean"
36.7763427135678,8.00028391959799,0.330967472912972,"Mean"
36.8609417085427,8.00028391959799,0.336280151226641,"Mean"
36.9455407035176,8.00028391959799,0.313099610935656,"Mean"
37.0301396984925,8.00028391959799,0.337569154565343,"Mean"
37.1147386934673,8.00028391959799,0.317161484579408,"Mean"
37.1993376884422,8.00028391959799,0.300361139855676,"Mean"
37.2839366834171,8.00028391959799,0.329749234545412,"Mean"
37.368535678392,8.00028391959799,0.340791697761542,"Mean"
37.4531346733668,8.00028391959799,0.264341571914722,"Mean"
37.5377336683417,8.00028391959799,0.285987402408006,"Mean"
37.6223326633166,8.00028391959799,0.385764253745332,"Mean"
37.7069316582915,8.00028391959799,0.341751535067799,"Mean"
37.7915306532663,8.00028391959799,0.306591869131082,"Mean"
37.8761296482412,8.00028391959799,0.2762355816265,"Mean"
37.9607286432161,8.00028391959799,0.281696445683839,"Mean"
38.045327638191,8.00028391959799,0.264363131871574,"Mean"
38.1299266331658,8.00028391959799,0.267849018770025,"Mean"
38.2145256281407,8.00028391959799,0.288793183113037,"Mean"
38.2991246231156,8.00028391959799,0.285860883297126,"Mean"
38.3837236180904,8.00028391959799,0.291936327922931,"Mean"
38.4683226130653,8.00028391959799,0.282501747601965,"Mean"
38.5529216080402,8.00028391959799,0.285018106440362,"Mean"
38.6375206030151,8.00028391959799,0.297571630283623,"Mean"
38.72211959799,8.00028391959799,0.279898487389355,"Mean"
38.8067185929648,8.00028391959799,0.52256645732802,"Mean"
38.8913175879397,8.00028391959799,0.5188823841852,"Mean"
38.9759165829146,8.00028391959799,0.304226372977412,"Mean"
39.0605155778894,8.00028391959799,0.288860029612403,"Mean"
39.1451145728643,8.00028391959799,0.272684072429982,"Mean"
39.2297135678392,8.00028391959799,0.274245160898548,"Mean"
39.3143125628141,8.00028391959799,0.281609836506997,"Mean"
39.3989115577889,8.00028391959799,0.259222058269673,"Mean"
39.4835105527638,8.00028391959799,0.266315934765102,"Mean"
39.5681095477387,8.00028391959799,0.199062930230696,"Mean"
39.6527085427136,8.00028391959799,0.217441633721366,"Mean"
39.7373075376884,8.00028391959799,0.247856923466141,"Mean"
39.8219065326633,8.00028391959799,0.264598990017161,"Mean"
39.9065055276382,8.00028391959799,0.271647714265927,"Mean"
39.9911045226131,8.00028391959799,0.273613055925445,"Mean"
40.0757035175879,8.00028391959799,0.265994547993273,"Mean"
40.1603025125628,8.00028391959799,0.272556940174337,"Mean"
40.2449015075377,8.00028391959799,0.294362587868796,"Mean"
40.3295005025126,8.00028391959799,0.289644662308307,"Mean"
40.4140994974874,8.00028391959799,0.300122536580923,"Mean"
40.4986984924623,8.00028391959799,0.293235885872765,"Mean"
40.5832974874372,8.00028391959799,0.2792651632008,"Mean"
40.6678964824121,8.00028391959799,0.272142479572061,"Mean"
40.7524954773869,8.00028391959799,0.270291879678404,"Mean"
40.8370944723618,8.00028391959799,0.283364986766114,"Mean"
40.9216934673367,8.00028391959799,0.29640099798006,"Mean"
41.0062924623116,8.00028391959799,0.285835194869474,"Mean"
41.0908914572864,8.00028391959799,0.284337548016552,"Mean"
41.1754904522613,8.00028391959799,0.31422450734613,"Mean"
41.2600894472362,8.00028391959799,0.299141927510164,"Mean"
41.344688442211,8.00028391959799,0.299269116655649,"Mean"
41.4292874371859,8.00028391959799,0.306982246961093,"Mean"
41.5138864321608,8.00028391959799,0.308840814073568,"Mean"
41.5984854271357,8.00028391959799,0.313584090999636,"Mean"
41.6830844221106,8.00028391959799,0.317129493969821,"Mean"
41.7676834170854,8.00028391959799,0.320744286860763,"Mean"
41.8522824120603,8.00028391959799,0.324355358017202,"Mean"
41.9368814070352,8.00028391959799,0.328631272935728,"Mean"
42.02148040201,8.00028391959799,0.331854933619508,"Mean"
42.1060793969849,8.00028391959799,0.335308406519749,"Mean"
42.1906783919598,8.00028391959799,0.346691630037502,"Mean"
42.2752773869347,8.00028391959799,0.354050337903298,"Mean"
42.3598763819095,8.00028391959799,0.348390993083195,"Mean"
42.4444753768844,8.00028391959799,0.355081717577043,"Mean"
42.5290743718593,8.00028391959799,0.351921120882937,"Mean"
42.6136733668342,8.00028391959799,0.359905168060074,"Mean"
42.698272361809,8.00028391959799,0.366638788772762,"Mean"
42.7828713567839,8.00028391959799,0.374731915802484,"Mean"
42.8674703517588,8.00028391959799,0.373229600897716,"Mean"
42.9520693467337,8.00028391959799,0.380089269949304,"Mean"
43.0366683417085,8.00028391959799,0.375023829684458,"Mean"
43.1212673366834,8.00028391959799,0.375363598155195,"Mean"
43.2058663316583,8.00028391959799,0.374888166161947,"Mean"
43.2904653266332,8.00028391959799,0.386773659377802,"Mean"
43.375064321608,8.00028391959799,0.39328897813976,"Mean"
43.4596633165829,8.00028391959799,0.396793964790251,"Mean"
43.5442623115578,8.00028391959799,0.390921547436594,"Mean"
43.6288613065327,8.00028391959799,0.40356984649511,"Mean"
43.7134603015075,8.00028391959799,0.404474512525413,"Mean"
43.7980592964824,8.00028391959799,0.413547437313793,"Mean"
43.8826582914573,8.00028391959799,0.402379692188338,"Mean"
43.9672572864322,8.00028391959799,0.40231449255157,"Mean"
44.051856281407,8.00028391959799,0.400629537946599,"Mean"
44.1364552763819,8.00028391959799,0.411283636426417,"Mean"
44.2210542713568,8.00028391959799,0.406725003247555,"Mean"
44.3056532663317,8.00028391959799,0.414821406635559,"Mean"
44.3902522613065,8.00028391959799,0.408597988761603,"Mean"
44.4748512562814,8.00028391959799,0.408167974626351,"Mean"
44.5594502512563,8.00028391959799,0.412659835367237,"Mean"
44.6440492462312,8.00028391959799,0.413087350678148,"Mean"
44.728648241206,8.00028391959799,0.415565689619978,"Mean"
44.8132472361809,8.00028391959799,0.417014643681742,"Mean"
44.8978462311558,8.00028391959799,0.406265418293379,"Mean"
44.9824452261307,8.00028391959799,0.419681355429511,"Mean"
45.0670442211055,8.00028391959799,0.411620493381719,"Mean"
45.1516432160804,8.00028391959799,0.419734103982123,"Mean"
45.2362422110553,8.00028391959799,0.409860994537181,"Mean"
45.3208412060302,8.00028391959799,0.419341380526975,"Mean"
45.405440201005,8.00028391959799,0.419055638578578,"Mean"
45.4900391959799,8.00028391959799,0.418830164288438,"Mean"
45.5746381909548,8.00028391959799,0.400969393145334,"Mean"
45.6592371859296,8.00028391959799,0.402196774956526,"Mean"
45.7438361809045,8.00028391959799,0.400810947674842,"Mean"
45.8284351758794,8.00028391959799,0.410698233619664,"Mean"
45.9130341708543,8.00028391959799,0.398924589366078,"Mean"
45.9976331658291,8.00028391959799,0.398712086573997,"Mean"
46.082232160804,8.00028391959799,0.398145181337239,"Mean"
46.1668311557789,8.00028391959799,0.397039390032289,"Mean"
46.2514301507538,8.00028391959799,0.398924656459974,"Mean"
46.3360291457286,8.00028391959799,0.405223846819169,"Mean"
46.4206281407035,8.00028391959799,0.40096276747021,"Mean"
46.5052271356784,8.00028391959799,0.400107899505343,"Mean"
46.5898261306533,8.00028391959799,0.4082791854972,"Mean"
46.6744251256281,8.00028391959799,0.403053802226332,"Mean"
46.759024120603,8.00028391959799,0.399738400521973,"Mean"
46.8436231155779,8.00028391959799,0.397445495312519,"Mean"
46.9282221105528,8.00028391959799,0.397430405994064,"Mean"
47.435816080402,8.00028391959799,0.405026818190041,"Mean"
47.5204150753769,8.00028391959799,0.402749666964116,"Mean"
47.6050140703518,8.00028391959799,0.402879776413514,"Mean"
47.6896130653266,8.00028391959799,0.407348565981549,"Mean"
47.7742120603015,8.00028391959799,0.406643745092184,"Mean"
33.1385859296482,8.06831055276382,0.000587014530784696,"Mean"
33.2231849246231,8.06831055276382,0.000966825981137999,"Mean"
33.307783919598,8.06831055276382,0.00167881292059633,"Mean"
33.3923829145729,8.06831055276382,0.00194640996254084,"Mean"
33.4769819095477,8.06831055276382,0.00288012841886183,"Mean"
33.5615809045226,8.06831055276382,0.0046486921611122,"Mean"
33.6461798994975,8.06831055276382,0.00794239943757477,"Mean"
33.7307788944724,8.06831055276382,0.0118131653532881,"Mean"
33.8153778894472,8.06831055276382,0.0184255794483021,"Mean"
33.8999768844221,8.06831055276382,0.0293720479247698,"Mean"
33.984575879397,8.06831055276382,0.0472280378652397,"Mean"
34.0691748743719,8.06831055276382,0.0872350639564127,"Mean"
34.1537738693467,8.06831055276382,0.149063780557146,"Mean"
34.2383728643216,8.06831055276382,0.229601228971111,"Mean"
34.3229718592965,8.06831055276382,0.312862597396573,"Mean"
34.4075708542714,8.06831055276382,0.337640560743041,"Mean"
34.4921698492462,8.06831055276382,0.354554697610502,"Mean"
34.5767688442211,8.06831055276382,0.285413410656516,"Mean"
34.661367839196,8.06831055276382,0.307217534983713,"Mean"
34.7459668341709,8.06831055276382,0.285711483525307,"Mean"
34.8305658291457,8.06831055276382,0.274109044293659,"Mean"
34.9151648241206,8.06831055276382,0.266239942142904,"Mean"
34.9997638190955,8.06831055276382,0.282301565531516,"Mean"
35.0843628140704,8.06831055276382,0.29009258540194,"Mean"
35.1689618090452,8.06831055276382,0.298692808294111,"Mean"
35.2535608040201,8.06831055276382,0.297031594781956,"Mean"
35.338159798995,8.06831055276382,0.29535338885029,"Mean"
35.4227587939698,8.06831055276382,0.285585615955561,"Mean"
35.5073577889447,8.06831055276382,0.284850166791901,"Mean"
35.5919567839196,8.06831055276382,0.303610439405274,"Mean"
35.6765557788945,8.06831055276382,0.294756115824786,"Mean"
35.7611547738694,8.06831055276382,0.317100625992995,"Mean"
35.8457537688442,8.06831055276382,0.320842277123769,"Mean"
35.9303527638191,8.06831055276382,0.3199121270689,"Mean"
36.014951758794,8.06831055276382,0.298969243598651,"Mean"
36.0995507537688,8.06831055276382,0.313087290193649,"Mean"
36.1841497487437,8.06831055276382,0.315665776230537,"Mean"
36.2687487437186,8.06831055276382,0.344241467606268,"Mean"
36.3533477386935,8.06831055276382,0.298543620935216,"Mean"
36.4379467336683,8.06831055276382,0.2826554488503,"Mean"
36.5225457286432,8.06831055276382,0.325549866543604,"Mean"
36.6071447236181,8.06831055276382,0.316121534493276,"Mean"
36.691743718593,8.06831055276382,0.347263073722776,"Mean"
36.7763427135678,8.06831055276382,0.317773957974867,"Mean"
36.8609417085427,8.06831055276382,0.336411583623659,"Mean"
36.9455407035176,8.06831055276382,0.321456616778894,"Mean"
37.0301396984925,8.06831055276382,0.332445930264399,"Mean"
37.1147386934673,8.06831055276382,0.326126055077879,"Mean"
37.1993376884422,8.06831055276382,0.307929807113224,"Mean"
37.2839366834171,8.06831055276382,0.339491203105325,"Mean"
37.368535678392,8.06831055276382,0.33464935302662,"Mean"
37.4531346733668,8.06831055276382,0.264178162511015,"Mean"
37.5377336683417,8.06831055276382,0.280591957523113,"Mean"
37.6223326633166,8.06831055276382,0.36495421392743,"Mean"
37.7069316582915,8.06831055276382,0.3420310337366,"Mean"
37.7915306532663,8.06831055276382,0.322016449505888,"Mean"
37.8761296482412,8.06831055276382,0.284380484370466,"Mean"
37.9607286432161,8.06831055276382,0.282499180799907,"Mean"
38.045327638191,8.06831055276382,0.266482920410858,"Mean"
38.1299266331658,8.06831055276382,0.277214945528805,"Mean"
38.2145256281407,8.06831055276382,0.319907785062774,"Mean"
38.2991246231156,8.06831055276382,0.282694463500195,"Mean"
38.3837236180904,8.06831055276382,0.289938951628445,"Mean"
38.4683226130653,8.06831055276382,0.301735740350442,"Mean"
38.5529216080402,8.06831055276382,0.311857720409963,"Mean"
38.6375206030151,8.06831055276382,0.302036776783366,"Mean"
38.72211959799,8.06831055276382,0.283162909423966,"Mean"
38.8067185929648,8.06831055276382,0.530308553919119,"Mean"
38.8913175879397,8.06831055276382,0.474922694889682,"Mean"
38.9759165829146,8.06831055276382,0.316274388582849,"Mean"
39.0605155778894,8.06831055276382,0.324892420980758,"Mean"
39.1451145728643,8.06831055276382,0.28111109248507,"Mean"
39.2297135678392,8.06831055276382,0.275069284585593,"Mean"
39.3143125628141,8.06831055276382,0.274799149687414,"Mean"
39.3989115577889,8.06831055276382,0.268816353490122,"Mean"
39.4835105527638,8.06831055276382,0.259952587890477,"Mean"
39.5681095477387,8.06831055276382,0.204899843729927,"Mean"
39.6527085427136,8.06831055276382,0.221610333915226,"Mean"
39.7373075376884,8.06831055276382,0.250555520140798,"Mean"
39.8219065326633,8.06831055276382,0.267265373544819,"Mean"
39.9065055276382,8.06831055276382,0.273771498414242,"Mean"
39.9911045226131,8.06831055276382,0.281318514424221,"Mean"
40.0757035175879,8.06831055276382,0.264136675920455,"Mean"
40.1603025125628,8.06831055276382,0.276389585701222,"Mean"
40.2449015075377,8.06831055276382,0.2962834666679,"Mean"
40.3295005025126,8.06831055276382,0.343100763443665,"Mean"
40.4140994974874,8.06831055276382,0.317671296173729,"Mean"
40.4986984924623,8.06831055276382,0.327259120138895,"Mean"
40.5832974874372,8.06831055276382,0.279241567258715,"Mean"
40.6678964824121,8.06831055276382,0.301050656721055,"Mean"
40.7524954773869,8.06831055276382,0.290878358571436,"Mean"
40.8370944723618,8.06831055276382,0.309411259284854,"Mean"
40.9216934673367,8.06831055276382,0.281482030829345,"Mean"
41.0062924623116,8.06831055276382,0.300696140311874,"Mean"
41.0908914572864,8.06831055276382,0.290103566206674,"Mean"
41.1754904522613,8.06831055276382,0.299198314070556,"Mean"
41.2600894472362,8.06831055276382,0.303723601833312,"Mean"
41.344688442211,8.06831055276382,0.306161647892277,"Mean"
41.4292874371859,8.06831055276382,0.31412035513455,"Mean"
41.5138864321608,8.06831055276382,0.313396287318331,"Mean"
41.5984854271357,8.06831055276382,0.319330863454821,"Mean"
41.6830844221106,8.06831055276382,0.358482611010357,"Mean"
41.7676834170854,8.06831055276382,0.324872336423929,"Mean"
41.8522824120603,8.06831055276382,0.328673815354058,"Mean"
41.9368814070352,8.06831055276382,0.33282329035921,"Mean"
42.02148040201,8.06831055276382,0.335394867920116,"Mean"
42.1060793969849,8.06831055276382,0.338534945944882,"Mean"
42.1906783919598,8.06831055276382,0.341491245820483,"Mean"
42.2752773869347,8.06831055276382,0.343851529180439,"Mean"
42.3598763819095,8.06831055276382,0.351635448040953,"Mean"
42.4444753768844,8.06831055276382,0.35590386985736,"Mean"
42.5290743718593,8.06831055276382,0.354435332547096,"Mean"
42.6136733668342,8.06831055276382,0.359488274836015,"Mean"
42.698272361809,8.06831055276382,0.373887041274354,"Mean"
42.7828713567839,8.06831055276382,0.360540970855817,"Mean"
42.8674703517588,8.06831055276382,0.367464644791456,"Mean"
42.9520693467337,8.06831055276382,0.372039159017509,"Mean"
43.0366683417085,8.06831055276382,0.374905780239392,"Mean"
43.1212673366834,8.06831055276382,0.373320185352411,"Mean"
43.2058663316583,8.06831055276382,0.377402799612951,"Mean"
43.2904653266332,8.06831055276382,0.389870370049326,"Mean"
43.375064321608,8.06831055276382,0.399919801198877,"Mean"
43.4596633165829,8.06831055276382,0.397829587784601,"Mean"
43.5442623115578,8.06831055276382,0.397662790446809,"Mean"
43.6288613065327,8.06831055276382,0.408589303245929,"Mean"
43.7134603015075,8.06831055276382,0.405575437193414,"Mean"
43.7980592964824,8.06831055276382,0.394767448244085,"Mean"
43.8826582914573,8.06831055276382,0.395315874795353,"Mean"
43.9672572864322,8.06831055276382,0.39976123304456,"Mean"
44.051856281407,8.06831055276382,0.400996843293541,"Mean"
44.1364552763819,8.06831055276382,0.404544714444202,"Mean"
44.2210542713568,8.06831055276382,0.409917314708814,"Mean"
44.3056532663317,8.06831055276382,0.407893729407673,"Mean"
44.3902522613065,8.06831055276382,0.41100737781335,"Mean"
44.4748512562814,8.06831055276382,0.408112288949667,"Mean"
44.5594502512563,8.06831055276382,0.408559516550886,"Mean"
44.6440492462312,8.06831055276382,0.408028678133126,"Mean"
44.728648241206,8.06831055276382,0.410110110645769,"Mean"
44.8132472361809,8.06831055276382,0.408647648216759,"Mean"
44.8978462311558,8.06831055276382,0.405338731015417,"Mean"
44.9824452261307,8.06831055276382,0.418972062072717,"Mean"
45.0670442211055,8.06831055276382,0.407820201096845,"Mean"
45.1516432160804,8.06831055276382,0.419197504778964,"Mean"
45.2362422110553,8.06831055276382,0.418374994159391,"Mean"
45.3208412060302,8.06831055276382,0.418406706756242,"Mean"
45.405440201005,8.06831055276382,0.418117995763923,"Mean"
45.4900391959799,8.06831055276382,0.40264212994267,"Mean"
45.5746381909548,8.06831055276382,0.40645166807531,"Mean"
45.6592371859296,8.06831055276382,0.413549670767725,"Mean"
45.7438361809045,8.06831055276382,0.399885321142555,"Mean"
45.8284351758794,8.06831055276382,0.406950177174391,"Mean"
45.9130341708543,8.06831055276382,0.397414079523463,"Mean"
45.9976331658291,8.06831055276382,0.396389236566517,"Mean"
46.082232160804,8.06831055276382,0.397884180431117,"Mean"
46.1668311557789,8.06831055276382,0.408889788637487,"Mean"
46.2514301507538,8.06831055276382,0.397892533808805,"Mean"
46.3360291457286,8.06831055276382,0.400526067896384,"Mean"
46.4206281407035,8.06831055276382,0.396869767644675,"Mean"
46.5052271356784,8.06831055276382,0.395338527353564,"Mean"
46.5898261306533,8.06831055276382,0.395788403668567,"Mean"
46.6744251256281,8.06831055276382,0.404369208276312,"Mean"
33.2231849246231,8.13633718592965,0.0011978629655183,"Mean"
33.307783919598,8.13633718592965,0.00240216657384116,"Mean"
33.3923829145729,8.13633718592965,0.00275503327680986,"Mean"
33.4769819095477,8.13633718592965,0.00481612626585104,"Mean"
33.5615809045226,8.13633718592965,0.00707874130072012,"Mean"
33.6461798994975,8.13633718592965,0.0113198593405608,"Mean"
33.7307788944724,8.13633718592965,0.0180102423693641,"Mean"
33.8153778894472,8.13633718592965,0.0395312470378521,"Mean"
33.8999768844221,8.13633718592965,0.0474345021826781,"Mean"
33.984575879397,8.13633718592965,0.0707621861777047,"Mean"
34.0691748743719,8.13633718592965,0.143898745317079,"Mean"
34.1537738693467,8.13633718592965,0.193056936549465,"Mean"
34.2383728643216,8.13633718592965,0.271373374573282,"Mean"
34.3229718592965,8.13633718592965,0.382695030084855,"Mean"
34.4075708542714,8.13633718592965,0.374933481756965,"Mean"
34.4921698492462,8.13633718592965,0.310637308638501,"Mean"
34.5767688442211,8.13633718592965,0.299267829997564,"Mean"
34.661367839196,8.13633718592965,0.274506412920331,"Mean"
34.7459668341709,8.13633718592965,0.26810108313931,"Mean"
34.8305658291457,8.13633718592965,0.256224218009716,"Mean"
34.9151648241206,8.13633718592965,0.289888091773955,"Mean"
34.9997638190955,8.13633718592965,0.278087799208222,"Mean"
35.0843628140704,8.13633718592965,0.3234089705172,"Mean"
35.1689618090452,8.13633718592965,0.287396296175656,"Mean"
35.2535608040201,8.13633718592965,0.310198078395998,"Mean"
35.338159798995,8.13633718592965,0.282536756567317,"Mean"
35.4227587939698,8.13633718592965,0.259475061595275,"Mean"
35.5073577889447,8.13633718592965,0.253138546239147,"Mean"
35.5919567839196,8.13633718592965,0.291879662510295,"Mean"
35.6765557788945,8.13633718592965,0.301321253229244,"Mean"
35.7611547738694,8.13633718592965,0.336388894252201,"Mean"
35.8457537688442,8.13633718592965,0.320120111484923,"Mean"
35.9303527638191,8.13633718592965,0.321694446021576,"Mean"
36.014951758794,8.13633718592965,0.318998412276554,"Mean"
36.0995507537688,8.13633718592965,0.308417560898928,"Mean"
36.1841497487437,8.13633718592965,0.329126174808014,"Mean"
36.2687487437186,8.13633718592965,0.312587823152492,"Mean"
36.3533477386935,8.13633718592965,0.31006922195693,"Mean"
36.4379467336683,8.13633718592965,0.277872600190477,"Mean"
36.5225457286432,8.13633718592965,0.286812783084942,"Mean"
36.6071447236181,8.13633718592965,0.319225730312027,"Mean"
36.691743718593,8.13633718592965,0.329705647371378,"Mean"
36.7763427135678,8.13633718592965,0.391745803357291,"Mean"
36.8609417085427,8.13633718592965,0.340088450442583,"Mean"
36.9455407035176,8.13633718592965,0.343826778098152,"Mean"
37.0301396984925,8.13633718592965,0.325558585747755,"Mean"
37.1147386934673,8.13633718592965,0.346456920818731,"Mean"
37.1993376884422,8.13633718592965,0.33542081458851,"Mean"
37.2839366834171,8.13633718592965,0.36205160765995,"Mean"
37.368535678392,8.13633718592965,0.347713134561569,"Mean"
37.4531346733668,8.13633718592965,0.260034735736943,"Mean"
37.5377336683417,8.13633718592965,0.317069212856484,"Mean"
37.6223326633166,8.13633718592965,0.377209838368537,"Mean"
37.7069316582915,8.13633718592965,0.358155337451457,"Mean"
37.7915306532663,8.13633718592965,0.366719885362258,"Mean"
37.8761296482412,8.13633718592965,0.324205012491323,"Mean"
37.9607286432161,8.13633718592965,0.317959523298512,"Mean"
38.045327638191,8.13633718592965,0.323992989998481,"Mean"
38.1299266331658,8.13633718592965,0.300539186276476,"Mean"
38.2145256281407,8.13633718592965,0.300470142498554,"Mean"
38.2991246231156,8.13633718592965,0.291319818731238,"Mean"
38.3837236180904,8.13633718592965,0.286822281440409,"Mean"
38.4683226130653,8.13633718592965,0.293541096901431,"Mean"
38.5529216080402,8.13633718592965,0.32238476533091,"Mean"
38.6375206030151,8.13633718592965,0.313694974373769,"Mean"
38.72211959799,8.13633718592965,0.305528722545006,"Mean"
38.8067185929648,8.13633718592965,0.300021229941825,"Mean"
38.8913175879397,8.13633718592965,0.305816205577163,"Mean"
38.9759165829146,8.13633718592965,0.298989611924976,"Mean"
39.0605155778894,8.13633718592965,0.332001831427352,"Mean"
39.1451145728643,8.13633718592965,0.299584073091022,"Mean"
39.2297135678392,8.13633718592965,0.28950421323053,"Mean"
39.3143125628141,8.13633718592965,0.277623586105193,"Mean"
39.3989115577889,8.13633718592965,0.272934677917203,"Mean"
39.4835105527638,8.13633718592965,0.270069925496463,"Mean"
39.5681095477387,8.13633718592965,0.245755629646515,"Mean"
39.6527085427136,8.13633718592965,0.279692509282703,"Mean"
39.7373075376884,8.13633718592965,0.273801066738798,"Mean"
39.8219065326633,8.13633718592965,0.271499273145933,"Mean"
39.9065055276382,8.13633718592965,0.279354244370754,"Mean"
39.9911045226131,8.13633718592965,0.265562175998907,"Mean"
40.0757035175879,8.13633718592965,0.261676618089081,"Mean"
40.1603025125628,8.13633718592965,0.264482841768786,"Mean"
40.2449015075377,8.13633718592965,0.297751759994375,"Mean"
40.3295005025126,8.13633718592965,0.32793631816003,"Mean"
40.4140994974874,8.13633718592965,0.322483765712941,"Mean"
40.4986984924623,8.13633718592965,0.300074154692717,"Mean"
40.5832974874372,8.13633718592965,0.344828504451751,"Mean"
40.6678964824121,8.13633718592965,0.289822803962224,"Mean"
40.7524954773869,8.13633718592965,0.332097917667593,"Mean"
40.8370944723618,8.13633718592965,0.305766571354973,"Mean"
40.9216934673367,8.13633718592965,0.295348684788404,"Mean"
41.0062924623116,8.13633718592965,0.292295932095919,"Mean"
41.0908914572864,8.13633718592965,0.306385385093196,"Mean"
41.1754904522613,8.13633718592965,0.300018954395012,"Mean"
41.2600894472362,8.13633718592965,0.306577609204571,"Mean"
41.344688442211,8.13633718592965,0.308845811775492,"Mean"
41.4292874371859,8.13633718592965,0.336360630438156,"Mean"
41.5138864321608,8.13633718592965,0.319600632414925,"Mean"
41.5984854271357,8.13633718592965,0.331679112514983,"Mean"
41.6830844221106,8.13633718592965,0.326060315500368,"Mean"
41.7676834170854,8.13633718592965,0.328866712566811,"Mean"
41.8522824120603,8.13633718592965,0.331927295343105,"Mean"
41.9368814070352,8.13633718592965,0.335372881828223,"Mean"
42.02148040201,8.13633718592965,0.338641461763729,"Mean"
42.1060793969849,8.13633718592965,0.341202538472869,"Mean"
42.1906783919598,8.13633718592965,0.344578247863448,"Mean"
42.2752773869347,8.13633718592965,0.350242377850517,"Mean"
42.3598763819095,8.13633718592965,0.355010385631213,"Mean"
42.4444753768844,8.13633718592965,0.356137988760093,"Mean"
42.5290743718593,8.13633718592965,0.357461818535258,"Mean"
42.6136733668342,8.13633718592965,0.357489574314705,"Mean"
42.698272361809,8.13633718592965,0.367812920010256,"Mean"
42.7828713567839,8.13633718592965,0.37130219578332,"Mean"
42.8674703517588,8.13633718592965,0.367851769927977,"Mean"
42.9520693467337,8.13633718592965,0.368017260400081,"Mean"
43.0366683417085,8.13633718592965,0.369842551556772,"Mean"
43.1212673366834,8.13633718592965,0.374859787392091,"Mean"
43.2058663316583,8.13633718592965,0.388451374469046,"Mean"
43.2904653266332,8.13633718592965,0.396904308611614,"Mean"
43.375064321608,8.13633718592965,0.392867539662065,"Mean"
43.4596633165829,8.13633718592965,0.386826968263627,"Mean"
43.5442623115578,8.13633718592965,0.390939218412669,"Mean"
43.6288613065327,8.13633718592965,0.397282197556123,"Mean"
43.7134603015075,8.13633718592965,0.390916322241163,"Mean"
43.7980592964824,8.13633718592965,0.403777016507008,"Mean"
43.8826582914573,8.13633718592965,0.399100144899106,"Mean"
43.9672572864322,8.13633718592965,0.404963647984666,"Mean"
44.051856281407,8.13633718592965,0.401714452906139,"Mean"
44.1364552763819,8.13633718592965,0.403446570454139,"Mean"
44.2210542713568,8.13633718592965,0.411086997427972,"Mean"
44.3056532663317,8.13633718592965,0.420787669038205,"Mean"
44.3902522613065,8.13633718592965,0.411868710293411,"Mean"
44.4748512562814,8.13633718592965,0.412773806847362,"Mean"
44.5594502512563,8.13633718592965,0.416226243712527,"Mean"
44.6440492462312,8.13633718592965,0.417553975648892,"Mean"
44.728648241206,8.13633718592965,0.412087067684249,"Mean"
44.8132472361809,8.13633718592965,0.404533697823082,"Mean"
44.8978462311558,8.13633718592965,0.414660449684689,"Mean"
44.9824452261307,8.13633718592965,0.412910813261326,"Mean"
45.0670442211055,8.13633718592965,0.418304796422647,"Mean"
45.1516432160804,8.13633718592965,0.418263230815527,"Mean"
45.2362422110553,8.13633718592965,0.417834112911925,"Mean"
45.3208412060302,8.13633718592965,0.417482662734436,"Mean"
45.405440201005,8.13633718592965,0.417166217258075,"Mean"
45.4900391959799,8.13633718592965,0.416461295095612,"Mean"
45.5746381909548,8.13633718592965,0.399238527527669,"Mean"
45.6592371859296,8.13633718592965,0.415266716249346,"Mean"
45.7438361809045,8.13633718592965,0.414718685561497,"Mean"
45.8284351758794,8.13633718592965,0.401932781696014,"Mean"
45.9130341708543,8.13633718592965,0.404567939637877,"Mean"
45.9976331658291,8.13633718592965,0.398297746546412,"Mean"
46.082232160804,8.13633718592965,0.397090081459214,"Mean"
46.1668311557789,8.13633718592965,0.407992176901229,"Mean"
46.2514301507538,8.13633718592965,0.40541582667202,"Mean"
46.3360291457286,8.13633718592965,0.395495664480543,"Mean"
46.4206281407035,8.13633718592965,0.395624272864396,"Mean"
46.5052271356784,8.13633718592965,0.394865936759964,"Mean"
33.2231849246231,8.20436381909548,0.00182043342963691,"Mean"
33.307783919598,8.20436381909548,0.0026799255967538,"Mean"
33.3923829145729,8.20436381909548,0.0044005928344227,"Mean"
33.4769819095477,8.20436381909548,0.00748982968076883,"Mean"
33.5615809045226,8.20436381909548,0.0111848769201059,"Mean"
33.6461798994975,8.20436381909548,0.0177908797057471,"Mean"
33.7307788944724,8.20436381909548,0.0357347002537915,"Mean"
33.8153778894472,8.20436381909548,0.0589884183511288,"Mean"
33.8999768844221,8.20436381909548,0.0875034561624149,"Mean"
33.984575879397,8.20436381909548,0.143434011321335,"Mean"
34.0691748743719,8.20436381909548,0.175484292957985,"Mean"
34.1537738693467,8.20436381909548,0.310245135543198,"Mean"
34.2383728643216,8.20436381909548,0.39767649621012,"Mean"
34.3229718592965,8.20436381909548,0.326940377955532,"Mean"
34.4075708542714,8.20436381909548,0.358023317357178,"Mean"
34.4921698492462,8.20436381909548,0.357319543738697,"Mean"
34.5767688442211,8.20436381909548,0.298191267257873,"Mean"
34.661367839196,8.20436381909548,0.289694246396192,"Mean"
34.7459668341709,8.20436381909548,0.280028506395842,"Mean"
34.8305658291457,8.20436381909548,0.283532024930454,"Mean"
34.9151648241206,8.20436381909548,0.314355214040099,"Mean"
34.9997638190955,8.20436381909548,0.307085738139895,"Mean"
35.0843628140704,8.20436381909548,0.296375768316519,"Mean"
35.1689618090452,8.20436381909548,0.290531415412034,"Mean"
35.2535608040201,8.20436381909548,0.283375122800131,"Mean"
35.338159798995,8.20436381909548,0.288044361587467,"Mean"
35.4227587939698,8.20436381909548,0.269612057518467,"Mean"
35.5073577889447,8.20436381909548,0.269270642177031,"Mean"
35.5919567839196,8.20436381909548,0.278080566259219,"Mean"
35.6765557788945,8.20436381909548,0.300478546085232,"Mean"
35.7611547738694,8.20436381909548,0.293978214605321,"Mean"
35.8457537688442,8.20436381909548,0.338877158226763,"Mean"
35.9303527638191,8.20436381909548,0.325033210157128,"Mean"
36.014951758794,8.20436381909548,0.32476671628763,"Mean"
36.0995507537688,8.20436381909548,0.322714801975134,"Mean"
36.1841497487437,8.20436381909548,0.324782474731289,"Mean"
36.2687487437186,8.20436381909548,0.315534611588872,"Mean"
36.3533477386935,8.20436381909548,0.299982554013226,"Mean"
36.4379467336683,8.20436381909548,0.299533486536833,"Mean"
36.5225457286432,8.20436381909548,0.331444957448143,"Mean"
36.6071447236181,8.20436381909548,0.339961847494781,"Mean"
36.691743718593,8.20436381909548,0.342449434648164,"Mean"
36.7763427135678,8.20436381909548,0.347550088128528,"Mean"
36.8609417085427,8.20436381909548,0.348149907292832,"Mean"
36.9455407035176,8.20436381909548,0.333760286065294,"Mean"
37.0301396984925,8.20436381909548,0.323950831318765,"Mean"
37.1147386934673,8.20436381909548,0.349342527795813,"Mean"
37.1993376884422,8.20436381909548,0.354056203566829,"Mean"
37.2839366834171,8.20436381909548,0.345718639923205,"Mean"
37.368535678392,8.20436381909548,0.350864706574651,"Mean"
37.4531346733668,8.20436381909548,0.35468882505453,"Mean"
37.5377336683417,8.20436381909548,0.3498148367478,"Mean"
37.6223326633166,8.20436381909548,0.391276092589117,"Mean"
37.7069316582915,8.20436381909548,0.347341617116464,"Mean"
37.7915306532663,8.20436381909548,0.340525299984729,"Mean"
37.8761296482412,8.20436381909548,0.380930438399543,"Mean"
37.9607286432161,8.20436381909548,0.375046541907333,"Mean"
38.045327638191,8.20436381909548,0.320562559381197,"Mean"
38.1299266331658,8.20436381909548,0.27124426983202,"Mean"
38.2145256281407,8.20436381909548,0.284089031254385,"Mean"
38.2991246231156,8.20436381909548,0.351323006418865,"Mean"
38.3837236180904,8.20436381909548,0.32506158733247,"Mean"
38.4683226130653,8.20436381909548,0.30260169219735,"Mean"
38.5529216080402,8.20436381909548,0.320266830321979,"Mean"
38.6375206030151,8.20436381909548,0.322491185725384,"Mean"
38.72211959799,8.20436381909548,0.337525865145095,"Mean"
38.8067185929648,8.20436381909548,0.300856867998121,"Mean"
38.8913175879397,8.20436381909548,0.308286255437628,"Mean"
38.9759165829146,8.20436381909548,0.323643641334466,"Mean"
39.0605155778894,8.20436381909548,0.327137605085165,"Mean"
39.1451145728643,8.20436381909548,0.314472015908449,"Mean"
39.2297135678392,8.20436381909548,0.311487168021111,"Mean"
39.3143125628141,8.20436381909548,0.282076961245639,"Mean"
39.3989115577889,8.20436381909548,0.292244005001594,"Mean"
39.4835105527638,8.20436381909548,0.264366576844671,"Mean"
39.5681095477387,8.20436381909548,0.242475694463093,"Mean"
39.6527085427136,8.20436381909548,0.267990847536981,"Mean"
39.7373075376884,8.20436381909548,0.283805265174968,"Mean"
39.8219065326633,8.20436381909548,0.29008150970897,"Mean"
39.9065055276382,8.20436381909548,0.293957140320806,"Mean"
39.9911045226131,8.20436381909548,0.295397816503267,"Mean"
40.0757035175879,8.20436381909548,0.278007658409342,"Mean"
40.1603025125628,8.20436381909548,0.280509247306795,"Mean"
40.2449015075377,8.20436381909548,0.321225939474353,"Mean"
40.3295005025126,8.20436381909548,0.341446606257656,"Mean"
40.4140994974874,8.20436381909548,0.305944435548458,"Mean"
40.4986984924623,8.20436381909548,0.307861173735667,"Mean"
40.5832974874372,8.20436381909548,0.364362167224766,"Mean"
40.6678964824121,8.20436381909548,0.336673808561804,"Mean"
40.7524954773869,8.20436381909548,0.296935770514518,"Mean"
40.8370944723618,8.20436381909548,0.292202450123952,"Mean"
40.9216934673367,8.20436381909548,0.297927238648101,"Mean"
41.0062924623116,8.20436381909548,0.299111329558501,"Mean"
41.0908914572864,8.20436381909548,0.298956607278129,"Mean"
41.1754904522613,8.20436381909548,0.306637097416803,"Mean"
41.2600894472362,8.20436381909548,0.312655039516703,"Mean"
41.344688442211,8.20436381909548,0.359338922427904,"Mean"
41.4292874371859,8.20436381909548,0.366087868937481,"Mean"
41.5138864321608,8.20436381909548,0.330641345380684,"Mean"
41.5984854271357,8.20436381909548,0.325902450050171,"Mean"
41.6830844221106,8.20436381909548,0.33006106308183,"Mean"
41.7676834170854,8.20436381909548,0.331982200474071,"Mean"
41.8522824120603,8.20436381909548,0.334875918558619,"Mean"
41.9368814070352,8.20436381909548,0.338661540761159,"Mean"
42.02148040201,8.20436381909548,0.342819281190709,"Mean"
42.1060793969849,8.20436381909548,0.344307143807648,"Mean"
42.1906783919598,8.20436381909548,0.346686513766864,"Mean"
42.2752773869347,8.20436381909548,0.348559564029115,"Mean"
42.3598763819095,8.20436381909548,0.357828170617975,"Mean"
42.4444753768844,8.20436381909548,0.361089489232038,"Mean"
42.5290743718593,8.20436381909548,0.355607935723675,"Mean"
42.6136733668342,8.20436381909548,0.356995628094449,"Mean"
42.698272361809,8.20436381909548,0.359715878020284,"Mean"
42.7828713567839,8.20436381909548,0.367279218638753,"Mean"
42.8674703517588,8.20436381909548,0.36454789731374,"Mean"
42.9520693467337,8.20436381909548,0.372330828356369,"Mean"
43.0366683417085,8.20436381909548,0.370564816572565,"Mean"
43.1212673366834,8.20436381909548,0.372481557150152,"Mean"
43.2058663316583,8.20436381909548,0.385701628790898,"Mean"
43.2904653266332,8.20436381909548,0.381523729146065,"Mean"
43.375064321608,8.20436381909548,0.389391498108944,"Mean"
43.4596633165829,8.20436381909548,0.394674240930037,"Mean"
43.5442623115578,8.20436381909548,0.405888419471184,"Mean"
43.6288613065327,8.20436381909548,0.405247581705772,"Mean"
43.7134603015075,8.20436381909548,0.393621143842349,"Mean"
43.7980592964824,8.20436381909548,0.39516948476928,"Mean"
43.8826582914573,8.20436381909548,0.397275352782555,"Mean"
43.9672572864322,8.20436381909548,0.398313046243284,"Mean"
44.051856281407,8.20436381909548,0.40224422575413,"Mean"
44.1364552763819,8.20436381909548,0.416947015439024,"Mean"
44.2210542713568,8.20436381909548,0.407126799833566,"Mean"
44.3056532663317,8.20436381909548,0.406993999622133,"Mean"
44.3902522613065,8.20436381909548,0.406743215822102,"Mean"
44.4748512562814,8.20436381909548,0.410026065773958,"Mean"
44.5594502512563,8.20436381909548,0.40650813208037,"Mean"
44.6440492462312,8.20436381909548,0.414658475573073,"Mean"
44.728648241206,8.20436381909548,0.4032302624658,"Mean"
44.8132472361809,8.20436381909548,0.404343197291583,"Mean"
44.8978462311558,8.20436381909548,0.400601496375868,"Mean"
44.9824452261307,8.20436381909548,0.400176447918292,"Mean"
45.0670442211055,8.20436381909548,0.41742581214657,"Mean"
45.1516432160804,8.20436381909548,0.417212555723232,"Mean"
45.2362422110553,8.20436381909548,0.416945029723371,"Mean"
45.3208412060302,8.20436381909548,0.416361503296825,"Mean"
45.405440201005,8.20436381909548,0.415874514962253,"Mean"
45.4900391959799,8.20436381909548,0.397815818199331,"Mean"
45.5746381909548,8.20436381909548,0.406356724728128,"Mean"
45.6592371859296,8.20436381909548,0.398285458719472,"Mean"
45.7438361809045,8.20436381909548,0.403709090666717,"Mean"
45.8284351758794,8.20436381909548,0.40550508560555,"Mean"
45.9130341708543,8.20436381909548,0.39530611326713,"Mean"
45.9976331658291,8.20436381909548,0.396116559540614,"Mean"
46.082232160804,8.20436381909548,0.39324968474961,"Mean"
46.1668311557789,8.20436381909548,0.393836797709919,"Mean"
46.2514301507538,8.20436381909548,0.406897756196957,"Mean"
46.3360291457286,8.20436381909548,0.39499499583345,"Mean"
33.307783919598,8.27239045226131,0.00401013321139467,"Mean"
33.3923829145729,8.27239045226131,0.00764278877165617,"Mean"
33.4769819095477,8.27239045226131,0.0106788028624719,"Mean"
33.5615809045226,8.27239045226131,0.0217410477411466,"Mean"
33.6461798994975,8.27239045226131,0.032813302353682,"Mean"
33.7307788944724,8.27239045226131,0.050127042797662,"Mean"
33.8153778894472,8.27239045226131,0.0835423636308708,"Mean"
33.8999768844221,8.27239045226131,0.12910877717533,"Mean"
33.984575879397,8.27239045226131,0.185638750725078,"Mean"
34.0691748743719,8.27239045226131,0.2759031282737,"Mean"
34.1537738693467,8.27239045226131,0.407443143388434,"Mean"
34.2383728643216,8.27239045226131,0.423332384773851,"Mean"
34.3229718592965,8.27239045226131,0.408799564969962,"Mean"
34.4075708542714,8.27239045226131,0.372484115989188,"Mean"
34.4921698492462,8.27239045226131,0.343081883191079,"Mean"
34.5767688442211,8.27239045226131,0.325471306662006,"Mean"
34.661367839196,8.27239045226131,0.297175599720462,"Mean"
34.7459668341709,8.27239045226131,0.272671222505975,"Mean"
34.8305658291457,8.27239045226131,0.285544593554706,"Mean"
34.9151648241206,8.27239045226131,0.284186924156844,"Mean"
34.9997638190955,8.27239045226131,0.294350158590817,"Mean"
35.0843628140704,8.27239045226131,0.261842755195172,"Mean"
35.1689618090452,8.27239045226131,0.263825614098426,"Mean"
35.2535608040201,8.27239045226131,0.274014334461834,"Mean"
35.338159798995,8.27239045226131,0.28287548121547,"Mean"
35.4227587939698,8.27239045226131,0.27930406416098,"Mean"
35.5073577889447,8.27239045226131,0.2685571899327,"Mean"
35.5919567839196,8.27239045226131,0.272429613177002,"Mean"
35.6765557788945,8.27239045226131,0.285425264522337,"Mean"
35.7611547738694,8.27239045226131,0.301396922712129,"Mean"
35.8457537688442,8.27239045226131,0.302161264825702,"Mean"
35.9303527638191,8.27239045226131,0.306858507658783,"Mean"
36.014951758794,8.27239045226131,0.294284195382076,"Mean"
36.0995507537688,8.27239045226131,0.311192901254265,"Mean"
36.1841497487437,8.27239045226131,0.31583638041437,"Mean"
36.2687487437186,8.27239045226131,0.326917107411777,"Mean"
36.3533477386935,8.27239045226131,0.315888116359584,"Mean"
36.4379467336683,8.27239045226131,0.295494546610158,"Mean"
36.5225457286432,8.27239045226131,0.325822009367419,"Mean"
36.6071447236181,8.27239045226131,0.342358882488391,"Mean"
36.691743718593,8.27239045226131,0.334654090148189,"Mean"
36.7763427135678,8.27239045226131,0.348898620203358,"Mean"
36.8609417085427,8.27239045226131,0.358917090320322,"Mean"
36.9455407035176,8.27239045226131,0.333924114153142,"Mean"
37.0301396984925,8.27239045226131,0.34971674990066,"Mean"
37.1147386934673,8.27239045226131,0.349138051936215,"Mean"
37.1993376884422,8.27239045226131,0.357485346582686,"Mean"
37.2839366834171,8.27239045226131,0.353301785517964,"Mean"
37.368535678392,8.27239045226131,0.342078571412472,"Mean"
37.4531346733668,8.27239045226131,0.378516741293198,"Mean"
37.5377336683417,8.27239045226131,0.376422703307784,"Mean"
37.6223326633166,8.27239045226131,0.34992251581267,"Mean"
37.7069316582915,8.27239045226131,0.344299427682509,"Mean"
37.7915306532663,8.27239045226131,0.341916422222161,"Mean"
37.8761296482412,8.27239045226131,0.381104016088281,"Mean"
37.9607286432161,8.27239045226131,0.373303178676307,"Mean"
38.045327638191,8.27239045226131,0.377328629634777,"Mean"
38.1299266331658,8.27239045226131,0.371849268795044,"Mean"
38.2145256281407,8.27239045226131,0.345727441663684,"Mean"
38.2991246231156,8.27239045226131,0.334654357487925,"Mean"
38.3837236180904,8.27239045226131,0.365876397906302,"Mean"
38.4683226130653,8.27239045226131,0.327570166975391,"Mean"
38.5529216080402,8.27239045226131,0.317042314557286,"Mean"
38.6375206030151,8.27239045226131,0.329564575389434,"Mean"
38.72211959799,8.27239045226131,0.311837275706376,"Mean"
38.8067185929648,8.27239045226131,0.308864713309122,"Mean"
38.8913175879397,8.27239045226131,0.309111897391889,"Mean"
38.9759165829146,8.27239045226131,0.332999882616864,"Mean"
39.0605155778894,8.27239045226131,0.358861416572122,"Mean"
39.1451145728643,8.27239045226131,0.323401726770708,"Mean"
39.2297135678392,8.27239045226131,0.323400122899453,"Mean"
39.3143125628141,8.27239045226131,0.286819002207338,"Mean"
39.3989115577889,8.27239045226131,0.30480282180192,"Mean"
39.4835105527638,8.27239045226131,0.264783019348273,"Mean"
39.5681095477387,8.27239045226131,0.25551719669506,"Mean"
39.6527085427136,8.27239045226131,0.254043073433088,"Mean"
39.7373075376884,8.27239045226131,0.277121792028134,"Mean"
39.8219065326633,8.27239045226131,0.300270436126246,"Mean"
39.9065055276382,8.27239045226131,0.28774444508429,"Mean"
39.9911045226131,8.27239045226131,0.294094329094855,"Mean"
40.0757035175879,8.27239045226131,0.287242041769554,"Mean"
40.1603025125628,8.27239045226131,0.284129653912904,"Mean"
40.2449015075377,8.27239045226131,0.297178510361057,"Mean"
40.3295005025126,8.27239045226131,0.32263794031817,"Mean"
40.4140994974874,8.27239045226131,0.326195900841232,"Mean"
40.4986984924623,8.27239045226131,0.314905273456544,"Mean"
40.5832974874372,8.27239045226131,0.317168622970143,"Mean"
40.6678964824121,8.27239045226131,0.304887685422514,"Mean"
40.7524954773869,8.27239045226131,0.303271009718021,"Mean"
40.8370944723618,8.27239045226131,0.318892396807098,"Mean"
40.9216934673367,8.27239045226131,0.30206119451758,"Mean"
41.0062924623116,8.27239045226131,0.299714819159849,"Mean"
41.0908914572864,8.27239045226131,0.348499181174768,"Mean"
41.1754904522613,8.27239045226131,0.359746173187866,"Mean"
41.2600894472362,8.27239045226131,0.328009737994263,"Mean"
41.344688442211,8.27239045226131,0.335134906713928,"Mean"
41.4292874371859,8.27239045226131,0.324141315917619,"Mean"
41.5138864321608,8.27239045226131,0.327095211792506,"Mean"
41.5984854271357,8.27239045226131,0.33016671464437,"Mean"
41.6830844221106,8.27239045226131,0.333838434558192,"Mean"
41.7676834170854,8.27239045226131,0.337360025372413,"Mean"
41.8522824120603,8.27239045226131,0.351373416228529,"Mean"
41.9368814070352,8.27239045226131,0.341960641918926,"Mean"
42.02148040201,8.27239045226131,0.348387413324854,"Mean"
42.1060793969849,8.27239045226131,0.347457927474367,"Mean"
42.1906783919598,8.27239045226131,0.349635760097979,"Mean"
42.2752773869347,8.27239045226131,0.351653931711491,"Mean"
42.3598763819095,8.27239045226131,0.353857788111726,"Mean"
42.4444753768844,8.27239045226131,0.357380393418717,"Mean"
42.5290743718593,8.27239045226131,0.358093054237398,"Mean"
42.6136733668342,8.27239045226131,0.35944609069394,"Mean"
42.698272361809,8.27239045226131,0.362504627582275,"Mean"
42.7828713567839,8.27239045226131,0.362458574416282,"Mean"
42.8674703517588,8.27239045226131,0.365162055441791,"Mean"
42.9520693467337,8.27239045226131,0.367413315766353,"Mean"
43.0366683417085,8.27239045226131,0.369439845815273,"Mean"
43.1212673366834,8.27239045226131,0.374992211610682,"Mean"
43.2058663316583,8.27239045226131,0.386783387762551,"Mean"
43.2904653266332,8.27239045226131,0.390236194382097,"Mean"
43.375064321608,8.27239045226131,0.386259807433885,"Mean"
43.4596633165829,8.27239045226131,0.393943704371388,"Mean"
43.5442623115578,8.27239045226131,0.40465490655182,"Mean"
43.6288613065327,8.27239045226131,0.392850350928226,"Mean"
43.7134603015075,8.27239045226131,0.398606745480932,"Mean"
43.7980592964824,8.27239045226131,0.409120366814895,"Mean"
43.8826582914573,8.27239045226131,0.40418765491153,"Mean"
43.9672572864322,8.27239045226131,0.411547260094639,"Mean"
44.051856281407,8.27239045226131,0.40456668097801,"Mean"
44.1364552763819,8.27239045226131,0.410059756383121,"Mean"
44.2210542713568,8.27239045226131,0.402605636975394,"Mean"
44.3056532663317,8.27239045226131,0.408346637958185,"Mean"
44.3902522613065,8.27239045226131,0.405853582110865,"Mean"
44.4748512562814,8.27239045226131,0.405645690858624,"Mean"
44.5594502512563,8.27239045226131,0.406594082393616,"Mean"
44.6440492462312,8.27239045226131,0.402829009648104,"Mean"
44.728648241206,8.27239045226131,0.411965988579293,"Mean"
44.8132472361809,8.27239045226131,0.402917551548328,"Mean"
44.8978462311558,8.27239045226131,0.401210626035843,"Mean"
44.9824452261307,8.27239045226131,0.401020042532841,"Mean"
45.0670442211055,8.27239045226131,0.414501577903785,"Mean"
45.1516432160804,8.27239045226131,0.403118556569803,"Mean"
45.2362422110553,8.27239045226131,0.403426356080492,"Mean"
45.3208412060302,8.27239045226131,0.414873262817,"Mean"
45.405440201005,8.27239045226131,0.414621691007142,"Mean"
45.4900391959799,8.27239045226131,0.413892979230212,"Mean"
45.5746381909548,8.27239045226131,0.395766464489409,"Mean"
45.6592371859296,8.27239045226131,0.395042195166317,"Mean"
45.7438361809045,8.27239045226131,0.398004417837947,"Mean"
45.8284351758794,8.27239045226131,0.395616483155841,"Mean"
45.9130341708543,8.27239045226131,0.409102191704932,"Mean"
45.9976331658291,8.27239045226131,0.403687900188331,"Mean"
46.082232160804,8.27239045226131,0.393849170396065,"Mean"
46.1668311557789,8.27239045226131,0.401833065875985,"Mean"
33.307783919598,8.34041708542714,0.00840628244884207,"Mean"
33.3923829145729,8.34041708542714,0.0130372824629746,"Mean"
33.4769819095477,8.34041708542714,0.0199385639447366,"Mean"
33.5615809045226,8.34041708542714,0.0307973013060627,"Mean"
33.6461798994975,8.34041708542714,0.0490779792501946,"Mean"
33.7307788944724,8.34041708542714,0.0771984829938892,"Mean"
33.8153778894472,8.34041708542714,0.122614855280873,"Mean"
33.8999768844221,8.34041708542714,0.181114374046462,"Mean"
33.984575879397,8.34041708542714,0.245497881623748,"Mean"
34.0691748743719,8.34041708542714,0.333371122821686,"Mean"
34.1537738693467,8.34041708542714,0.457652711267545,"Mean"
34.2383728643216,8.34041708542714,0.44330870896348,"Mean"
34.3229718592965,8.34041708542714,0.415649990572955,"Mean"
34.4075708542714,8.34041708542714,0.344441797967759,"Mean"
34.4921698492462,8.34041708542714,0.363962449009583,"Mean"
34.5767688442211,8.34041708542714,0.298435613541068,"Mean"
34.661367839196,8.34041708542714,0.297529823655094,"Mean"
34.7459668341709,8.34041708542714,0.285230415610849,"Mean"
34.8305658291457,8.34041708542714,0.271359697283702,"Mean"
34.9151648241206,8.34041708542714,0.276818264679676,"Mean"
34.9997638190955,8.34041708542714,0.283381293706973,"Mean"
35.0843628140704,8.34041708542714,0.278048111640705,"Mean"
35.1689618090452,8.34041708542714,0.275988579763662,"Mean"
35.2535608040201,8.34041708542714,0.280491393877723,"Mean"
35.338159798995,8.34041708542714,0.299569771186968,"Mean"
35.4227587939698,8.34041708542714,0.28827252128367,"Mean"
35.5073577889447,8.34041708542714,0.276007092387786,"Mean"
35.5919567839196,8.34041708542714,0.273301563808989,"Mean"
35.6765557788945,8.34041708542714,0.290042459028733,"Mean"
35.7611547738694,8.34041708542714,0.293719626804298,"Mean"
35.8457537688442,8.34041708542714,0.308237950167277,"Mean"
35.9303527638191,8.34041708542714,0.293132036789118,"Mean"
36.014951758794,8.34041708542714,0.299292267717833,"Mean"
36.0995507537688,8.34041708542714,0.266510816185667,"Mean"
36.1841497487437,8.34041708542714,0.273834292210881,"Mean"
36.2687487437186,8.34041708542714,0.305560657432463,"Mean"
36.3533477386935,8.34041708542714,0.316244930933407,"Mean"
36.4379467336683,8.34041708542714,0.293679351713999,"Mean"
36.5225457286432,8.34041708542714,0.32046162692459,"Mean"
36.6071447236181,8.34041708542714,0.331418678753482,"Mean"
36.691743718593,8.34041708542714,0.33431528562628,"Mean"
36.7763427135678,8.34041708542714,0.337373049558005,"Mean"
36.8609417085427,8.34041708542714,0.354809696027574,"Mean"
36.9455407035176,8.34041708542714,0.335205043944033,"Mean"
37.0301396984925,8.34041708542714,0.352755790746852,"Mean"
37.1147386934673,8.34041708542714,0.40268908730076,"Mean"
37.1993376884422,8.34041708542714,0.346051906170792,"Mean"
37.2839366834171,8.34041708542714,0.366222752865084,"Mean"
37.368535678392,8.34041708542714,0.345848738151687,"Mean"
37.4531346733668,8.34041708542714,0.386923180100413,"Mean"
37.5377336683417,8.34041708542714,0.341444138492991,"Mean"
37.6223326633166,8.34041708542714,0.350975765020044,"Mean"
37.7069316582915,8.34041708542714,0.351910462951892,"Mean"
37.7915306532663,8.34041708542714,0.359645506349905,"Mean"
37.8761296482412,8.34041708542714,0.397225121531087,"Mean"
37.9607286432161,8.34041708542714,0.380693481149591,"Mean"
38.045327638191,8.34041708542714,0.373442827593075,"Mean"
38.1299266331658,8.34041708542714,0.368951149794904,"Mean"
38.2145256281407,8.34041708542714,0.349027429039969,"Mean"
38.2991246231156,8.34041708542714,0.33439400024192,"Mean"
38.3837236180904,8.34041708542714,0.368287509665109,"Mean"
38.4683226130653,8.34041708542714,0.340729044902662,"Mean"
38.5529216080402,8.34041708542714,0.33244384126096,"Mean"
38.6375206030151,8.34041708542714,0.335932799695584,"Mean"
38.72211959799,8.34041708542714,0.341935145665395,"Mean"
38.8067185929648,8.34041708542714,0.326826354708804,"Mean"
38.8913175879397,8.34041708542714,0.328511452660282,"Mean"
38.9759165829146,8.34041708542714,0.323994667363415,"Mean"
39.0605155778894,8.34041708542714,0.42554507625424,"Mean"
39.1451145728643,8.34041708542714,0.365806734568078,"Mean"
39.2297135678392,8.34041708542714,0.341872704556385,"Mean"
39.3143125628141,8.34041708542714,0.318857956962992,"Mean"
39.3989115577889,8.34041708542714,0.297464392489364,"Mean"
39.4835105527638,8.34041708542714,0.293418784988469,"Mean"
39.5681095477387,8.34041708542714,0.276263011158535,"Mean"
39.6527085427136,8.34041708542714,0.275772750361338,"Mean"
39.7373075376884,8.34041708542714,0.261688584991002,"Mean"
39.8219065326633,8.34041708542714,0.290053420287146,"Mean"
39.9065055276382,8.34041708542714,0.286314690714743,"Mean"
39.9911045226131,8.34041708542714,0.290620525126983,"Mean"
40.0757035175879,8.34041708542714,0.297914952263445,"Mean"
40.1603025125628,8.34041708542714,0.296001441907985,"Mean"
40.2449015075377,8.34041708542714,0.286023730288855,"Mean"
40.3295005025126,8.34041708542714,0.306321012072477,"Mean"
40.4140994974874,8.34041708542714,0.321217464159932,"Mean"
40.4986984924623,8.34041708542714,0.318778187528985,"Mean"
40.5832974874372,8.34041708542714,0.314632577856842,"Mean"
40.6678964824121,8.34041708542714,0.311110657957577,"Mean"
40.7524954773869,8.34041708542714,0.313928267911994,"Mean"
40.8370944723618,8.34041708542714,0.30550652517643,"Mean"
40.9216934673367,8.34041708542714,0.307512186707998,"Mean"
41.0062924623116,8.34041708542714,0.307550728650361,"Mean"
41.0908914572864,8.34041708542714,0.327350131207995,"Mean"
41.1754904522613,8.34041708542714,0.357575801088843,"Mean"
41.2600894472362,8.34041708542714,0.323131214793446,"Mean"
41.344688442211,8.34041708542714,0.330988229265106,"Mean"
41.4292874371859,8.34041708542714,0.327544473030863,"Mean"
41.5138864321608,8.34041708542714,0.332090378728584,"Mean"
41.5984854271357,8.34041708542714,0.333721948864182,"Mean"
41.6830844221106,8.34041708542714,0.340400468417196,"Mean"
41.7676834170854,8.34041708542714,0.33877542028088,"Mean"
41.8522824120603,8.34041708542714,0.345651021228342,"Mean"
41.9368814070352,8.34041708542714,0.344963908997522,"Mean"
42.02148040201,8.34041708542714,0.349500048030043,"Mean"
42.1060793969849,8.34041708542714,0.350655108314651,"Mean"
42.1906783919598,8.34041708542714,0.354457094794677,"Mean"
42.2752773869347,8.34041708542714,0.354663920095711,"Mean"
42.3598763819095,8.34041708542714,0.357469262421192,"Mean"
42.4444753768844,8.34041708542714,0.358478020481815,"Mean"
42.5290743718593,8.34041708542714,0.36001267208513,"Mean"
42.6136733668342,8.34041708542714,0.367078992421023,"Mean"
42.698272361809,8.34041708542714,0.368863620720077,"Mean"
42.7828713567839,8.34041708542714,0.364489746238577,"Mean"
42.8674703517588,8.34041708542714,0.366734546247272,"Mean"
42.9520693467337,8.34041708542714,0.36775630977486,"Mean"
43.0366683417085,8.34041708542714,0.370155429705161,"Mean"
43.1212673366834,8.34041708542714,0.383386633398436,"Mean"
43.2058663316583,8.34041708542714,0.378357078049321,"Mean"
43.2904653266332,8.34041708542714,0.380941427190846,"Mean"
43.375064321608,8.34041708542714,0.384784807837106,"Mean"
43.4596633165829,8.34041708542714,0.400215155014472,"Mean"
43.5442623115578,8.34041708542714,0.398332131262359,"Mean"
43.6288613065327,8.34041708542714,0.395816146822459,"Mean"
43.7134603015075,8.34041708542714,0.392020543505822,"Mean"
43.7980592964824,8.34041708542714,0.405089511910841,"Mean"
43.8826582914573,8.34041708542714,0.410315861310479,"Mean"
43.9672572864322,8.34041708542714,0.408979228599094,"Mean"
44.051856281407,8.34041708542714,0.403015755774257,"Mean"
44.1364552763819,8.34041708542714,0.405453165920016,"Mean"
44.2210542713568,8.34041708542714,0.407375537478894,"Mean"
44.3056532663317,8.34041708542714,0.407294916105446,"Mean"
44.3902522613065,8.34041708542714,0.411133688105851,"Mean"
44.4748512562814,8.34041708542714,0.411193991757128,"Mean"
44.5594502512563,8.34041708542714,0.410344371480994,"Mean"
44.6440492462312,8.34041708542714,0.402827108847849,"Mean"
44.728648241206,8.34041708542714,0.405401952579289,"Mean"
44.8132472361809,8.34041708542714,0.404489683259762,"Mean"
44.8978462311558,8.34041708542714,0.406280647078083,"Mean"
44.9824452261307,8.34041708542714,0.405007864982044,"Mean"
45.0670442211055,8.34041708542714,0.402537680098959,"Mean"
45.1516432160804,8.34041708542714,0.403392553126802,"Mean"
45.2362422110553,8.34041708542714,0.414658391513603,"Mean"
45.3208412060302,8.34041708542714,0.405170556437873,"Mean"
45.405440201005,8.34041708542714,0.401649843733288,"Mean"
45.4900391959799,8.34041708542714,0.407880473233188,"Mean"
45.5746381909548,8.34041708542714,0.393776659909654,"Mean"
45.6592371859296,8.34041708542714,0.396334972191691,"Mean"
45.7438361809045,8.34041708542714,0.398045150891028,"Mean"
45.8284351758794,8.34041708542714,0.395983257984682,"Mean"
45.9130341708543,8.34041708542714,0.393732602540968,"Mean"
45.9976331658291,8.34041708542714,0.402936528796289,"Mean"
33.8999768844221,8.40844371859296,0.238698193433824,"Mean"
33.984575879397,8.40844371859296,0.315194368005303,"Mean"
34.0691748743719,8.40844371859296,0.475107850983969,"Mean"
34.1537738693467,8.40844371859296,0.466669712160487,"Mean"
34.2383728643216,8.40844371859296,0.402547544963627,"Mean"
34.3229718592965,8.40844371859296,0.423366119385029,"Mean"
34.4075708542714,8.40844371859296,0.38058825559169,"Mean"
34.4921698492462,8.40844371859296,0.32096964570584,"Mean"
34.5767688442211,8.40844371859296,0.305588852109886,"Mean"
34.661367839196,8.40844371859296,0.304531480216841,"Mean"
34.7459668341709,8.40844371859296,0.295076132272285,"Mean"
34.8305658291457,8.40844371859296,0.29729399267928,"Mean"
34.9151648241206,8.40844371859296,0.29654240670184,"Mean"
34.9997638190955,8.40844371859296,0.288768967552233,"Mean"
35.0843628140704,8.40844371859296,0.324149716846166,"Mean"
35.1689618090452,8.40844371859296,0.292306050811495,"Mean"
35.2535608040201,8.40844371859296,0.282160666048843,"Mean"
35.338159798995,8.40844371859296,0.301249066661983,"Mean"
35.4227587939698,8.40844371859296,0.292532004297907,"Mean"
35.5073577889447,8.40844371859296,0.2862132857955,"Mean"
35.5919567839196,8.40844371859296,0.27362998301919,"Mean"
35.6765557788945,8.40844371859296,0.286367711353303,"Mean"
35.7611547738694,8.40844371859296,0.293797276544582,"Mean"
35.8457537688442,8.40844371859296,0.295490264836142,"Mean"
35.9303527638191,8.40844371859296,0.293037224458441,"Mean"
36.014951758794,8.40844371859296,0.298287730090688,"Mean"
36.0995507537688,8.40844371859296,0.263675345298052,"Mean"
36.1841497487437,8.40844371859296,0.287162051567846,"Mean"
36.2687487437186,8.40844371859296,0.30392193354379,"Mean"
36.3533477386935,8.40844371859296,0.308664315953996,"Mean"
36.4379467336683,8.40844371859296,0.293115664210444,"Mean"
36.5225457286432,8.40844371859296,0.309915803941142,"Mean"
36.6071447236181,8.40844371859296,0.331114907117937,"Mean"
36.691743718593,8.40844371859296,0.352317804973495,"Mean"
36.7763427135678,8.40844371859296,0.337129101722981,"Mean"
36.8609417085427,8.40844371859296,0.349101633913475,"Mean"
36.9455407035176,8.40844371859296,0.340770248013252,"Mean"
37.0301396984925,8.40844371859296,0.345207577657272,"Mean"
37.1147386934673,8.40844371859296,0.344738199159698,"Mean"
37.1993376884422,8.40844371859296,0.341986983207111,"Mean"
37.2839366834171,8.40844371859296,0.36686237697053,"Mean"
37.368535678392,8.40844371859296,0.346683767634045,"Mean"
37.4531346733668,8.40844371859296,0.37914720337051,"Mean"
37.5377336683417,8.40844371859296,0.341680667963576,"Mean"
37.6223326633166,8.40844371859296,0.341188879682039,"Mean"
37.7069316582915,8.40844371859296,0.352320517549685,"Mean"
37.7915306532663,8.40844371859296,0.356341884647737,"Mean"
37.8761296482412,8.40844371859296,0.373253208964712,"Mean"
37.9607286432161,8.40844371859296,0.394249933847536,"Mean"
38.045327638191,8.40844371859296,0.392323713962616,"Mean"
38.1299266331658,8.40844371859296,0.39769134262811,"Mean"
38.2145256281407,8.40844371859296,0.360902366072765,"Mean"
38.2991246231156,8.40844371859296,0.341485276400574,"Mean"
38.3837236180904,8.40844371859296,0.398571287948121,"Mean"
38.4683226130653,8.40844371859296,0.349955852581583,"Mean"
38.5529216080402,8.40844371859296,0.342056453525068,"Mean"
38.6375206030151,8.40844371859296,0.345712824010994,"Mean"
38.72211959799,8.40844371859296,0.349081138457857,"Mean"
38.8067185929648,8.40844371859296,0.334532814060469,"Mean"
38.8913175879397,8.40844371859296,0.329362646167825,"Mean"
38.9759165829146,8.40844371859296,0.331459418360613,"Mean"
39.0605155778894,8.40844371859296,0.463656678993504,"Mean"
39.1451145728643,8.40844371859296,0.37307088251048,"Mean"
39.2297135678392,8.40844371859296,0.33951943125476,"Mean"
39.3143125628141,8.40844371859296,0.324585427800988,"Mean"
39.3989115577889,8.40844371859296,0.307167640941869,"Mean"
39.4835105527638,8.40844371859296,0.350824851887616,"Mean"
39.5681095477387,8.40844371859296,0.283323932427181,"Mean"
39.6527085427136,8.40844371859296,0.269615942336934,"Mean"
39.7373075376884,8.40844371859296,0.258580253358834,"Mean"
39.8219065326633,8.40844371859296,0.295573860844482,"Mean"
39.9065055276382,8.40844371859296,0.298739238231537,"Mean"
39.9911045226131,8.40844371859296,0.307602439946715,"Mean"
40.0757035175879,8.40844371859296,0.312360645732529,"Mean"
40.1603025125628,8.40844371859296,0.306344975687636,"Mean"
40.2449015075377,8.40844371859296,0.29546080107218,"Mean"
40.3295005025126,8.40844371859296,0.310048556025209,"Mean"
40.4140994974874,8.40844371859296,0.315526430507442,"Mean"
40.4986984924623,8.40844371859296,0.320711061863861,"Mean"
40.5832974874372,8.40844371859296,0.316579856488329,"Mean"
40.6678964824121,8.40844371859296,0.312610629244879,"Mean"
40.7524954773869,8.40844371859296,0.310856787756133,"Mean"
40.8370944723618,8.40844371859296,0.314611462721567,"Mean"
40.9216934673367,8.40844371859296,0.316736530630021,"Mean"
41.0062924623116,8.40844371859296,0.32011585722857,"Mean"
41.0908914572864,8.40844371859296,0.317202232637009,"Mean"
41.1754904522613,8.40844371859296,0.355921764139901,"Mean"
41.2600894472362,8.40844371859296,0.325651201631053,"Mean"
41.344688442211,8.40844371859296,0.329108327285821,"Mean"
41.4292874371859,8.40844371859296,0.338707061892662,"Mean"
41.5138864321608,8.40844371859296,0.340962445817561,"Mean"
41.5984854271357,8.40844371859296,0.337865395091582,"Mean"
41.6830844221106,8.40844371859296,0.343453836730644,"Mean"
41.7676834170854,8.40844371859296,0.342456128356302,"Mean"
41.8522824120603,8.40844371859296,0.344876573804592,"Mean"
41.9368814070352,8.40844371859296,0.358386002223172,"Mean"
42.02148040201,8.40844371859296,0.357650491108351,"Mean"
42.1060793969849,8.40844371859296,0.353748872465612,"Mean"
42.1906783919598,8.40844371859296,0.357742683347788,"Mean"
42.2752773869347,8.40844371859296,0.357556539158093,"Mean"
42.3598763819095,8.40844371859296,0.362748235225995,"Mean"
42.4444753768844,8.40844371859296,0.362793925730554,"Mean"
42.5290743718593,8.40844371859296,0.362486555471244,"Mean"
42.6136733668342,8.40844371859296,0.363955804533872,"Mean"
42.698272361809,8.40844371859296,0.366410188214018,"Mean"
42.7828713567839,8.40844371859296,0.367109828619183,"Mean"
42.8674703517588,8.40844371859296,0.372256493735769,"Mean"
42.9520693467337,8.40844371859296,0.36943562112907,"Mean"
43.0366683417085,8.40844371859296,0.371272463985804,"Mean"
43.1212673366834,8.40844371859296,0.377325480580929,"Mean"
43.2058663316583,8.40844371859296,0.376725286179154,"Mean"
43.2904653266332,8.40844371859296,0.379540044107961,"Mean"
43.375064321608,8.40844371859296,0.38069963842934,"Mean"
43.4596633165829,8.40844371859296,0.40164467704377,"Mean"
43.5442623115578,8.40844371859296,0.391784107205887,"Mean"
43.6288613065327,8.40844371859296,0.391959022026183,"Mean"
43.7134603015075,8.40844371859296,0.396773755461912,"Mean"
43.7980592964824,8.40844371859296,0.393183245630925,"Mean"
43.8826582914573,8.40844371859296,0.404140251402105,"Mean"
43.9672572864322,8.40844371859296,0.403840900583261,"Mean"
44.051856281407,8.40844371859296,0.401944334091399,"Mean"
44.1364552763819,8.40844371859296,0.410610849311865,"Mean"
44.2210542713568,8.40844371859296,0.418151273803713,"Mean"
44.3056532663317,8.40844371859296,0.41292597701767,"Mean"
44.3902522613065,8.40844371859296,0.408434830924621,"Mean"
44.4748512562814,8.40844371859296,0.418386941213997,"Mean"
44.5594502512563,8.40844371859296,0.405025054717748,"Mean"
44.6440492462312,8.40844371859296,0.406752391938995,"Mean"
44.728648241206,8.40844371859296,0.404912107447842,"Mean"
44.8132472361809,8.40844371859296,0.411971634287581,"Mean"
44.8978462311558,8.40844371859296,0.408367648523894,"Mean"
44.9824452261307,8.40844371859296,0.40083978454686,"Mean"
45.0670442211055,8.40844371859296,0.40246661388981,"Mean"
45.1516432160804,8.40844371859296,0.406726943052398,"Mean"
45.2362422110553,8.40844371859296,0.409586937233998,"Mean"
45.3208412060302,8.40844371859296,0.399392314119721,"Mean"
45.405440201005,8.40844371859296,0.399175038562846,"Mean"
45.4900391959799,8.40844371859296,0.394358194819694,"Mean"
45.5746381909548,8.40844371859296,0.393791774265295,"Mean"
45.6592371859296,8.40844371859296,0.402839105594549,"Mean"
45.7438361809045,8.40844371859296,0.39733435414913,"Mean"
33.8999768844221,8.47647035175879,0.322745046492807,"Mean"
33.984575879397,8.47647035175879,0.478589494305917,"Mean"
34.0691748743719,8.47647035175879,0.465557355165307,"Mean"
34.1537738693467,8.47647035175879,0.47223626413396,"Mean"
34.2383728643216,8.47647035175879,0.459696814793858,"Mean"
34.3229718592965,8.47647035175879,0.380761654060108,"Mean"
34.4075708542714,8.47647035175879,0.378136022228256,"Mean"
34.4921698492462,8.47647035175879,0.341474230565178,"Mean"
34.5767688442211,8.47647035175879,0.333807095065847,"Mean"
34.661367839196,8.47647035175879,0.306036598913841,"Mean"
34.7459668341709,8.47647035175879,0.295899605429457,"Mean"
34.8305658291457,8.47647035175879,0.266772912737697,"Mean"
34.9151648241206,8.47647035175879,0.291126290038813,"Mean"
34.9997638190955,8.47647035175879,0.302624110970093,"Mean"
35.0843628140704,8.47647035175879,0.329152372653074,"Mean"
35.1689618090452,8.47647035175879,0.314524583998963,"Mean"
35.2535608040201,8.47647035175879,0.32358866178258,"Mean"
35.338159798995,8.47647035175879,0.308189442126883,"Mean"
35.4227587939698,8.47647035175879,0.289357927595212,"Mean"
35.5073577889447,8.47647035175879,0.289391903316066,"Mean"
35.5919567839196,8.47647035175879,0.28828000145166,"Mean"
35.6765557788945,8.47647035175879,0.296598307514172,"Mean"
35.7611547738694,8.47647035175879,0.277413418481442,"Mean"
35.8457537688442,8.47647035175879,0.287798881155017,"Mean"
35.9303527638191,8.47647035175879,0.284663103863489,"Mean"
36.014951758794,8.47647035175879,0.277034369567127,"Mean"
36.0995507537688,8.47647035175879,0.271557419679108,"Mean"
36.1841497487437,8.47647035175879,0.281359413626339,"Mean"
36.2687487437186,8.47647035175879,0.293602540795875,"Mean"
36.3533477386935,8.47647035175879,0.29342929013156,"Mean"
36.4379467336683,8.47647035175879,0.329125665323014,"Mean"
36.5225457286432,8.47647035175879,0.318724011533803,"Mean"
36.6071447236181,8.47647035175879,0.344310970634557,"Mean"
36.691743718593,8.47647035175879,0.339600476516682,"Mean"
36.7763427135678,8.47647035175879,0.344739084038053,"Mean"
36.8609417085427,8.47647035175879,0.338528426287596,"Mean"
36.9455407035176,8.47647035175879,0.342543277297743,"Mean"
37.0301396984925,8.47647035175879,0.343354620137493,"Mean"
37.1147386934673,8.47647035175879,0.378583687444555,"Mean"
37.1993376884422,8.47647035175879,0.343108845819224,"Mean"
37.2839366834171,8.47647035175879,0.352265764049359,"Mean"
37.368535678392,8.47647035175879,0.366417606826065,"Mean"
37.4531346733668,8.47647035175879,0.378100731418096,"Mean"
37.5377336683417,8.47647035175879,0.352155354847907,"Mean"
37.6223326633166,8.47647035175879,0.332327540647583,"Mean"
37.7069316582915,8.47647035175879,0.351344562183553,"Mean"
37.7915306532663,8.47647035175879,0.368829400744257,"Mean"
37.8761296482412,8.47647035175879,0.368083806578589,"Mean"
37.9607286432161,8.47647035175879,0.370839432258465,"Mean"
38.045327638191,8.47647035175879,0.377795588292485,"Mean"
38.1299266331658,8.47647035175879,0.356557144856829,"Mean"
38.2145256281407,8.47647035175879,0.357527972896175,"Mean"
38.2991246231156,8.47647035175879,0.361946005365834,"Mean"
38.3837236180904,8.47647035175879,0.373688614820173,"Mean"
38.4683226130653,8.47647035175879,0.371733418079257,"Mean"
38.5529216080402,8.47647035175879,0.358552781249008,"Mean"
38.6375206030151,8.47647035175879,0.362573207744915,"Mean"
38.72211959799,8.47647035175879,0.368047427746662,"Mean"
38.8067185929648,8.47647035175879,0.373238356167445,"Mean"
38.8913175879397,8.47647035175879,0.36455898961779,"Mean"
38.9759165829146,8.47647035175879,0.351894772038482,"Mean"
39.0605155778894,8.47647035175879,0.347328683082088,"Mean"
39.1451145728643,8.47647035175879,0.379773295856372,"Mean"
39.2297135678392,8.47647035175879,0.346362685082272,"Mean"
39.3143125628141,8.47647035175879,0.345047524556419,"Mean"
39.3989115577889,8.47647035175879,0.347728222317205,"Mean"
39.4835105527638,8.47647035175879,0.331165934411665,"Mean"
39.5681095477387,8.47647035175879,0.32231240631423,"Mean"
39.6527085427136,8.47647035175879,0.302823292675923,"Mean"
39.7373075376884,8.47647035175879,0.295459492495975,"Mean"
39.8219065326633,8.47647035175879,0.298758890637124,"Mean"
39.9065055276382,8.47647035175879,0.290668953572016,"Mean"
39.9911045226131,8.47647035175879,0.292825092328637,"Mean"
40.0757035175879,8.47647035175879,0.311384093573618,"Mean"
40.1603025125628,8.47647035175879,0.312942461306811,"Mean"
40.2449015075377,8.47647035175879,0.298461807922895,"Mean"
40.3295005025126,8.47647035175879,0.300098998611316,"Mean"
40.4140994974874,8.47647035175879,0.313241286513883,"Mean"
40.4986984924623,8.47647035175879,0.314671874580594,"Mean"
40.5832974874372,8.47647035175879,0.312238870979333,"Mean"
40.6678964824121,8.47647035175879,0.3200905780984,"Mean"
40.7524954773869,8.47647035175879,0.314184124146837,"Mean"
40.8370944723618,8.47647035175879,0.31175234446907,"Mean"
40.9216934673367,8.47647035175879,0.314190309652139,"Mean"
41.0062924623116,8.47647035175879,0.315088882226806,"Mean"
41.0908914572864,8.47647035175879,0.322297298825205,"Mean"
41.1754904522613,8.47647035175879,0.324490538982543,"Mean"
41.2600894472362,8.47647035175879,0.329938575175136,"Mean"
41.344688442211,8.47647035175879,0.35812806117823,"Mean"
41.4292874371859,8.47647035175879,0.339432797840609,"Mean"
41.5138864321608,8.47647035175879,0.339762116187173,"Mean"
41.5984854271357,8.47647035175879,0.341855120251974,"Mean"
41.6830844221106,8.47647035175879,0.374306387646459,"Mean"
41.7676834170854,8.47647035175879,0.34609628970531,"Mean"
41.8522824120603,8.47647035175879,0.348164023973227,"Mean"
41.9368814070352,8.47647035175879,0.357245170055193,"Mean"
42.02148040201,8.47647035175879,0.355407871220432,"Mean"
42.1060793969849,8.47647035175879,0.362187129421206,"Mean"
42.1906783919598,8.47647035175879,0.358716703180199,"Mean"
42.2752773869347,8.47647035175879,0.360522075927666,"Mean"
42.3598763819095,8.47647035175879,0.36551707912762,"Mean"
42.4444753768844,8.47647035175879,0.368189485883664,"Mean"
42.5290743718593,8.47647035175879,0.365085307602366,"Mean"
42.6136733668342,8.47647035175879,0.366360267170037,"Mean"
42.698272361809,8.47647035175879,0.372566526868754,"Mean"
42.7828713567839,8.47647035175879,0.369243799448352,"Mean"
42.8674703517588,8.47647035175879,0.370641082656731,"Mean"
42.9520693467337,8.47647035175879,0.373800182965993,"Mean"
43.0366683417085,8.47647035175879,0.379139980412736,"Mean"
43.1212673366834,8.47647035175879,0.374697806170223,"Mean"
43.2058663316583,8.47647035175879,0.375599320409235,"Mean"
43.2904653266332,8.47647035175879,0.377948981113589,"Mean"
43.375064321608,8.47647035175879,0.39180274898305,"Mean"
43.4596633165829,8.47647035175879,0.398709507684581,"Mean"
43.5442623115578,8.47647035175879,0.395482531573185,"Mean"
43.6288613065327,8.47647035175879,0.390978686585908,"Mean"
43.7134603015075,8.47647035175879,0.395839610229196,"Mean"
43.7980592964824,8.47647035175879,0.393908246061538,"Mean"
43.8826582914573,8.47647035175879,0.412036713963949,"Mean"
43.9672572864322,8.47647035175879,0.408366497995719,"Mean"
44.051856281407,8.47647035175879,0.406700173478638,"Mean"
44.1364552763819,8.47647035175879,0.411934603821858,"Mean"
44.2210542713568,8.47647035175879,0.410160890287062,"Mean"
44.3056532663317,8.47647035175879,0.412014252725385,"Mean"
44.3902522613065,8.47647035175879,0.41657509349705,"Mean"
44.4748512562814,8.47647035175879,0.415667579999867,"Mean"
44.5594502512563,8.47647035175879,0.410612073659166,"Mean"
44.6440492462312,8.47647035175879,0.410817207356039,"Mean"
44.728648241206,8.47647035175879,0.41260838850796,"Mean"
44.8132472361809,8.47647035175879,0.402100623433916,"Mean"
44.8978462311558,8.47647035175879,0.398924582350266,"Mean"
44.9824452261307,8.47647035175879,0.411171779713726,"Mean"
45.0670442211055,8.47647035175879,0.409204071956223,"Mean"
45.1516432160804,8.47647035175879,0.402791360510456,"Mean"
45.2362422110553,8.47647035175879,0.407635278207973,"Mean"
45.3208412060302,8.47647035175879,0.40820527240963,"Mean"
45.405440201005,8.47647035175879,0.396493141740045,"Mean"
45.4900391959799,8.47647035175879,0.393513034291451,"Mean"
45.5746381909548,8.47647035175879,0.399424453263681,"Mean"
33.984575879397,8.54449698492462,0.530038148666111,"Mean"
34.0691748743719,8.54449698492462,0.509111924679878,"Mean"
34.1537738693467,8.54449698492462,0.441411639916835,"Mean"
34.2383728643216,8.54449698492462,0.469280329008309,"Mean"
34.3229718592965,8.54449698492462,0.420710336719145,"Mean"
34.4075708542714,8.54449698492462,0.396756840401322,"Mean"
34.4921698492462,8.54449698492462,0.361905368568506,"Mean"
34.5767688442211,8.54449698492462,0.33590741210983,"Mean"
34.661367839196,8.54449698492462,0.320970775649378,"Mean"
34.7459668341709,8.54449698492462,0.27284686776557,"Mean"
34.8305658291457,8.54449698492462,0.247794349056319,"Mean"
34.9151648241206,8.54449698492462,0.249246779417991,"Mean"
34.9997638190955,8.54449698492462,0.296750252724376,"Mean"
35.0843628140704,8.54449698492462,0.303639939983287,"Mean"
35.1689618090452,8.54449698492462,0.295865515540162,"Mean"
35.2535608040201,8.54449698492462,0.32344650650838,"Mean"
35.338159798995,8.54449698492462,0.278857291815098,"Mean"
35.4227587939698,8.54449698492462,0.262390500130623,"Mean"
35.5073577889447,8.54449698492462,0.273671963261703,"Mean"
35.5919567839196,8.54449698492462,0.276127826411808,"Mean"
35.6765557788945,8.54449698492462,0.280170103240583,"Mean"
35.7611547738694,8.54449698492462,0.29501831661433,"Mean"
35.8457537688442,8.54449698492462,0.306310910313145,"Mean"
35.9303527638191,8.54449698492462,0.283395285627553,"Mean"
36.014951758794,8.54449698492462,0.28133514200162,"Mean"
36.0995507537688,8.54449698492462,0.26558936728042,"Mean"
36.1841497487437,8.54449698492462,0.296208320648146,"Mean"
36.2687487437186,8.54449698492462,0.293505257777995,"Mean"
36.3533477386935,8.54449698492462,0.307928388935362,"Mean"
36.4379467336683,8.54449698492462,0.336435605049106,"Mean"
36.5225457286432,8.54449698492462,0.317937029901104,"Mean"
36.6071447236181,8.54449698492462,0.330537869783385,"Mean"
36.691743718593,8.54449698492462,0.374931018611882,"Mean"
36.7763427135678,8.54449698492462,0.353501036876478,"Mean"
36.8609417085427,8.54449698492462,0.357503219495654,"Mean"
36.9455407035176,8.54449698492462,0.338303057515807,"Mean"
37.0301396984925,8.54449698492462,0.34256381386841,"Mean"
37.1147386934673,8.54449698492462,0.365478339327078,"Mean"
37.1993376884422,8.54449698492462,0.33300351254189,"Mean"
37.2839366834171,8.54449698492462,0.34671242433416,"Mean"
37.368535678392,8.54449698492462,0.38043801201292,"Mean"
37.4531346733668,8.54449698492462,0.377454094233348,"Mean"
37.5377336683417,8.54449698492462,0.382102295784343,"Mean"
37.6223326633166,8.54449698492462,0.324944988988447,"Mean"
37.7069316582915,8.54449698492462,0.330476723787746,"Mean"
37.7915306532663,8.54449698492462,0.346029159897195,"Mean"
37.8761296482412,8.54449698492462,0.360568329725136,"Mean"
37.9607286432161,8.54449698492462,0.36059606680814,"Mean"
38.045327638191,8.54449698492462,0.361145986663484,"Mean"
38.1299266331658,8.54449698492462,0.397549325639849,"Mean"
38.2145256281407,8.54449698492462,0.372697517240209,"Mean"
38.2991246231156,8.54449698492462,0.378712727868379,"Mean"
38.3837236180904,8.54449698492462,0.381706984549636,"Mean"
38.4683226130653,8.54449698492462,0.396976990829154,"Mean"
38.5529216080402,8.54449698492462,0.379151520154065,"Mean"
38.6375206030151,8.54449698492462,0.372493548157949,"Mean"
38.72211959799,8.54449698492462,0.402403244909245,"Mean"
38.8067185929648,8.54449698492462,0.365328445260139,"Mean"
38.8913175879397,8.54449698492462,0.374550296642806,"Mean"
38.9759165829146,8.54449698492462,0.356991079128279,"Mean"
39.0605155778894,8.54449698492462,0.387804141469303,"Mean"
39.1451145728643,8.54449698492462,0.377096166710018,"Mean"
39.2297135678392,8.54449698492462,0.337222861268071,"Mean"
39.3143125628141,8.54449698492462,0.365138366582301,"Mean"
39.3989115577889,8.54449698492462,0.345296845640431,"Mean"
39.4835105527638,8.54449698492462,0.345933563407639,"Mean"
39.5681095477387,8.54449698492462,0.339513969492222,"Mean"
39.6527085427136,8.54449698492462,0.358881410533865,"Mean"
39.7373075376884,8.54449698492462,0.326993970773722,"Mean"
39.8219065326633,8.54449698492462,0.326146077458204,"Mean"
39.9065055276382,8.54449698492462,0.336701458165509,"Mean"
39.9911045226131,8.54449698492462,0.322249705679772,"Mean"
40.0757035175879,8.54449698492462,0.29739655358359,"Mean"
40.1603025125628,8.54449698492462,0.306152880368234,"Mean"
40.2449015075377,8.54449698492462,0.327290350258047,"Mean"
40.3295005025126,8.54449698492462,0.295186364956532,"Mean"
40.4140994974874,8.54449698492462,0.308540859350967,"Mean"
40.4986984924623,8.54449698492462,0.314872979360131,"Mean"
40.5832974874372,8.54449698492462,0.315456956294013,"Mean"
40.6678964824121,8.54449698492462,0.326779298400888,"Mean"
40.7524954773869,8.54449698492462,0.315418835479046,"Mean"
40.8370944723618,8.54449698492462,0.310724795139365,"Mean"
40.9216934673367,8.54449698492462,0.318514899994477,"Mean"
41.0062924623116,8.54449698492462,0.317369815580973,"Mean"
41.0908914572864,8.54449698492462,0.321487783156623,"Mean"
41.1754904522613,8.54449698492462,0.351129666402287,"Mean"
41.2600894472362,8.54449698492462,0.333699196358766,"Mean"
41.344688442211,8.54449698492462,0.351378911358767,"Mean"
41.4292874371859,8.54449698492462,0.341679655184418,"Mean"
41.5138864321608,8.54449698492462,0.361499660118591,"Mean"
41.5984854271357,8.54449698492462,0.357418567962321,"Mean"
41.6830844221106,8.54449698492462,0.349100304776267,"Mean"
41.7676834170854,8.54449698492462,0.349429824545485,"Mean"
41.8522824120603,8.54449698492462,0.354852081274683,"Mean"
41.9368814070352,8.54449698492462,0.35439705706788,"Mean"
42.02148040201,8.54449698492462,0.356414078655,"Mean"
42.1060793969849,8.54449698492462,0.360678885331518,"Mean"
42.1906783919598,8.54449698492462,0.364984800641423,"Mean"
42.2752773869347,8.54449698492462,0.363335853612824,"Mean"
42.3598763819095,8.54449698492462,0.367219100472147,"Mean"
42.4444753768844,8.54449698492462,0.375479149720268,"Mean"
42.5290743718593,8.54449698492462,0.368362191094786,"Mean"
42.6136733668342,8.54449698492462,0.372864960074293,"Mean"
42.698272361809,8.54449698492462,0.370600944520054,"Mean"
42.7828713567839,8.54449698492462,0.372771082233479,"Mean"
42.8674703517588,8.54449698492462,0.374276199349563,"Mean"
42.9520693467337,8.54449698492462,0.374595645539216,"Mean"
43.0366683417085,8.54449698492462,0.390717945962621,"Mean"
43.1212673366834,8.54449698492462,0.375747978506663,"Mean"
43.2058663316583,8.54449698492462,0.380941032359497,"Mean"
43.2904653266332,8.54449698492462,0.378440368159838,"Mean"
43.375064321608,8.54449698492462,0.382444083574976,"Mean"
43.4596633165829,8.54449698492462,0.387006842760221,"Mean"
43.5442623115578,8.54449698492462,0.400578965068592,"Mean"
43.6288613065327,8.54449698492462,0.390172910002926,"Mean"
43.7134603015075,8.54449698492462,0.390113212778428,"Mean"
43.7980592964824,8.54449698492462,0.400761417083125,"Mean"
43.8826582914573,8.54449698492462,0.39813070605871,"Mean"
43.9672572864322,8.54449698492462,0.413154720296014,"Mean"
44.051856281407,8.54449698492462,0.408637193965152,"Mean"
44.1364552763819,8.54449698492462,0.414328062669904,"Mean"
44.2210542713568,8.54449698492462,0.416742687720684,"Mean"
44.3056532663317,8.54449698492462,0.418613167961063,"Mean"
44.3902522613065,8.54449698492462,0.414392898556759,"Mean"
44.4748512562814,8.54449698492462,0.416189835142175,"Mean"
44.5594502512563,8.54449698492462,0.414406747329008,"Mean"
44.6440492462312,8.54449698492462,0.412989981213861,"Mean"
44.728648241206,8.54449698492462,0.409063594826876,"Mean"
44.8132472361809,8.54449698492462,0.404028351226703,"Mean"
44.8978462311558,8.54449698492462,0.40589470028668,"Mean"
44.9824452261307,8.54449698492462,0.404771601139887,"Mean"
45.0670442211055,8.54449698492462,0.411093012164686,"Mean"
45.1516432160804,8.54449698492462,0.40185739032119,"Mean"
45.2362422110553,8.54449698492462,0.408270168395858,"Mean"
45.3208412060302,8.54449698492462,0.397872053320259,"Mean"
45.405440201005,8.54449698492462,0.405739580834093,"Mean"
33.984575879397,8.61252361809045,0.527016977492689,"Mean"
34.0691748743719,8.61252361809045,0.521730119053041,"Mean"
34.1537738693467,8.61252361809045,0.502916266303194,"Mean"
34.2383728643216,8.61252361809045,0.440133842719085,"Mean"
34.3229718592965,8.61252361809045,0.438273415495981,"Mean"
34.4075708542714,8.61252361809045,0.409274240575322,"Mean"
34.4921698492462,8.61252361809045,0.37143445982482,"Mean"
34.5767688442211,8.61252361809045,0.35995260544249,"Mean"
34.661367839196,8.61252361809045,0.329525711597362,"Mean"
34.7459668341709,8.61252361809045,0.279459395325458,"Mean"
34.8305658291457,8.61252361809045,0.267969393321494,"Mean"
34.9151648241206,8.61252361809045,0.250327146377343,"Mean"
34.9997638190955,8.61252361809045,0.246291681259662,"Mean"
35.0843628140704,8.61252361809045,0.304930381522831,"Mean"
35.1689618090452,8.61252361809045,0.271498028347649,"Mean"
35.2535608040201,8.61252361809045,0.259804004973601,"Mean"
35.338159798995,8.61252361809045,0.260488638462448,"Mean"
35.4227587939698,8.61252361809045,0.258123671012398,"Mean"
35.5073577889447,8.61252361809045,0.262232468902157,"Mean"
35.5919567839196,8.61252361809045,0.282174312827374,"Mean"
35.6765557788945,8.61252361809045,0.276901212070188,"Mean"
35.7611547738694,8.61252361809045,0.292939220728296,"Mean"
35.8457537688442,8.61252361809045,0.294556233583943,"Mean"
35.9303527638191,8.61252361809045,0.290994516965581,"Mean"
36.014951758794,8.61252361809045,0.29207418250305,"Mean"
36.0995507537688,8.61252361809045,0.266584931766988,"Mean"
36.1841497487437,8.61252361809045,0.30324809389128,"Mean"
36.2687487437186,8.61252361809045,0.300013812292427,"Mean"
36.3533477386935,8.61252361809045,0.322039344614583,"Mean"
36.4379467336683,8.61252361809045,0.327111035002092,"Mean"
36.5225457286432,8.61252361809045,0.306505318420863,"Mean"
36.6071447236181,8.61252361809045,0.35594903218554,"Mean"
36.691743718593,8.61252361809045,0.361938543051627,"Mean"
36.7763427135678,8.61252361809045,0.359962242081633,"Mean"
36.8609417085427,8.61252361809045,0.377765544668439,"Mean"
36.9455407035176,8.61252361809045,0.355399295368288,"Mean"
37.0301396984925,8.61252361809045,0.340791074590274,"Mean"
37.1147386934673,8.61252361809045,0.329780926185514,"Mean"
37.1993376884422,8.61252361809045,0.332698775699505,"Mean"
37.2839366834171,8.61252361809045,0.326171135652519,"Mean"
37.368535678392,8.61252361809045,0.371924279996255,"Mean"
37.4531346733668,8.61252361809045,0.380115489329362,"Mean"
37.5377336683417,8.61252361809045,0.400846833658048,"Mean"
37.6223326633166,8.61252361809045,0.365894443198116,"Mean"
37.7069316582915,8.61252361809045,0.351470848563132,"Mean"
37.7915306532663,8.61252361809045,0.332168699737672,"Mean"
37.8761296482412,8.61252361809045,0.351662622043552,"Mean"
37.9607286432161,8.61252361809045,0.361622561131322,"Mean"
38.045327638191,8.61252361809045,0.36115074040974,"Mean"
38.1299266331658,8.61252361809045,0.378524584531058,"Mean"
38.2145256281407,8.61252361809045,0.383395513998763,"Mean"
38.2991246231156,8.61252361809045,0.393481268559611,"Mean"
38.3837236180904,8.61252361809045,0.37778895605271,"Mean"
38.4683226130653,8.61252361809045,0.381946513876157,"Mean"
38.5529216080402,8.61252361809045,0.385056367625361,"Mean"
38.6375206030151,8.61252361809045,0.378515776208744,"Mean"
38.72211959799,8.61252361809045,0.398846517651328,"Mean"
38.8067185929648,8.61252361809045,0.389447593457188,"Mean"
38.8913175879397,8.61252361809045,0.363344623649503,"Mean"
38.9759165829146,8.61252361809045,0.36470884081019,"Mean"
39.0605155778894,8.61252361809045,0.356838225503518,"Mean"
39.1451145728643,8.61252361809045,0.341544943311942,"Mean"
39.2297135678392,8.61252361809045,0.352207121941848,"Mean"
39.3143125628141,8.61252361809045,0.362936959599822,"Mean"
39.3989115577889,8.61252361809045,0.350558831264837,"Mean"
39.4835105527638,8.61252361809045,0.350703390143932,"Mean"
39.5681095477387,8.61252361809045,0.358417849886349,"Mean"
39.6527085427136,8.61252361809045,0.360847542731184,"Mean"
39.7373075376884,8.61252361809045,0.348045170025154,"Mean"
39.8219065326633,8.61252361809045,0.373972531110058,"Mean"
39.9065055276382,8.61252361809045,0.345768633788563,"Mean"
39.9911045226131,8.61252361809045,0.350537220895046,"Mean"
40.0757035175879,8.61252361809045,0.324783445420604,"Mean"
40.1603025125628,8.61252361809045,0.315465361640069,"Mean"
40.2449015075377,8.61252361809045,0.347123988636969,"Mean"
40.3295005025126,8.61252361809045,0.327174868416136,"Mean"
40.4140994974874,8.61252361809045,0.31418021605391,"Mean"
40.4986984924623,8.61252361809045,0.319607386399118,"Mean"
40.5832974874372,8.61252361809045,0.307352475760056,"Mean"
40.6678964824121,8.61252361809045,0.31704957626613,"Mean"
40.7524954773869,8.61252361809045,0.319202980279627,"Mean"
40.8370944723618,8.61252361809045,0.317790830136138,"Mean"
40.9216934673367,8.61252361809045,0.321842826973759,"Mean"
41.0062924623116,8.61252361809045,0.312282600599965,"Mean"
41.0908914572864,8.61252361809045,0.33380303839711,"Mean"
41.1754904522613,8.61252361809045,0.358402676350019,"Mean"
41.2600894472362,8.61252361809045,0.334450990912162,"Mean"
41.344688442211,8.61252361809045,0.343142594540815,"Mean"
41.4292874371859,8.61252361809045,0.355286919610934,"Mean"
41.5138864321608,8.61252361809045,0.349804250046263,"Mean"
41.5984854271357,8.61252361809045,0.353852182724633,"Mean"
41.6830844221106,8.61252361809045,0.351818995727504,"Mean"
41.7676834170854,8.61252361809045,0.349942999729397,"Mean"
41.8522824120603,8.61252361809045,0.357851651376146,"Mean"
41.9368814070352,8.61252361809045,0.356558803936043,"Mean"
42.02148040201,8.61252361809045,0.359491704445784,"Mean"
42.1060793969849,8.61252361809045,0.359976704423981,"Mean"
42.1906783919598,8.61252361809045,0.364417046189396,"Mean"
42.2752773869347,8.61252361809045,0.36580100788514,"Mean"
42.3598763819095,8.61252361809045,0.382430220280878,"Mean"
42.4444753768844,8.61252361809045,0.374955224279361,"Mean"
42.5290743718593,8.61252361809045,0.370602027386604,"Mean"
42.6136733668342,8.61252361809045,0.371850903681855,"Mean"
42.698272361809,8.61252361809045,0.376139034124684,"Mean"
42.7828713567839,8.61252361809045,0.376678584930785,"Mean"
42.8674703517588,8.61252361809045,0.37491715309539,"Mean"
42.9520693467337,8.61252361809045,0.378456902076746,"Mean"
43.0366683417085,8.61252361809045,0.380850303109718,"Mean"
43.1212673366834,8.61252361809045,0.377563983773767,"Mean"
43.2058663316583,8.61252361809045,0.379146069833424,"Mean"
43.2904653266332,8.61252361809045,0.390944259357762,"Mean"
43.375064321608,8.61252361809045,0.387687131277433,"Mean"
43.4596633165829,8.61252361809045,0.395947971914437,"Mean"
43.5442623115578,8.61252361809045,0.401239997453649,"Mean"
43.6288613065327,8.61252361809045,0.39004903266089,"Mean"
43.7134603015075,8.61252361809045,0.404312984127203,"Mean"
43.7980592964824,8.61252361809045,0.40643704724207,"Mean"
43.8826582914573,8.61252361809045,0.400098553033935,"Mean"
43.9672572864322,8.61252361809045,0.412609687422356,"Mean"
44.051856281407,8.61252361809045,0.413120224687636,"Mean"
44.1364552763819,8.61252361809045,0.414708002712301,"Mean"
44.2210542713568,8.61252361809045,0.41514295861879,"Mean"
44.3056532663317,8.61252361809045,0.409271587095268,"Mean"
44.3902522613065,8.61252361809045,0.41401352955994,"Mean"
44.4748512562814,8.61252361809045,0.414769891574762,"Mean"
44.5594502512563,8.61252361809045,0.414587469829722,"Mean"
44.6440492462312,8.61252361809045,0.407984716315387,"Mean"
44.728648241206,8.61252361809045,0.405046252492653,"Mean"
44.8132472361809,8.61252361809045,0.41187294043893,"Mean"
44.8978462311558,8.61252361809045,0.401851569634864,"Mean"
44.9824452261307,8.61252361809045,0.406711066080739,"Mean"
45.0670442211055,8.61252361809045,0.404510781961045,"Mean"
45.1516432160804,8.61252361809045,0.405649730344034,"Mean"
45.2362422110553,8.61252361809045,0.407966669791807,"Mean"
33.984575879397,8.68055025125628,0.503685013642373,"Mean"
34.0691748743719,8.68055025125628,0.532075158590092,"Mean"
34.1537738693467,8.68055025125628,0.50994477142239,"Mean"
34.2383728643216,8.68055025125628,0.448399310922988,"Mean"
34.3229718592965,8.68055025125628,0.446370898682945,"Mean"
34.4075708542714,8.68055025125628,0.417714700533872,"Mean"
34.4921698492462,8.68055025125628,0.381057193163101,"Mean"
34.5767688442211,8.68055025125628,0.365180525271131,"Mean"
34.661367839196,8.68055025125628,0.336927577436831,"Mean"
34.7459668341709,8.68055025125628,0.315536096315469,"Mean"
34.8305658291457,8.68055025125628,0.276207858208754,"Mean"
34.9151648241206,8.68055025125628,0.256154658344912,"Mean"
34.9997638190955,8.68055025125628,0.238608496882383,"Mean"
35.0843628140704,8.68055025125628,0.284348669065339,"Mean"
35.1689618090452,8.68055025125628,0.257997762944125,"Mean"
35.2535608040201,8.68055025125628,0.259231897626899,"Mean"
35.338159798995,8.68055025125628,0.269313191162655,"Mean"
35.4227587939698,8.68055025125628,0.270566613151474,"Mean"
35.5073577889447,8.68055025125628,0.290908832547752,"Mean"
35.5919567839196,8.68055025125628,0.300940096892993,"Mean"
35.6765557788945,8.68055025125628,0.303976229748269,"Mean"
35.7611547738694,8.68055025125628,0.315458169101859,"Mean"
35.8457537688442,8.68055025125628,0.327579262263481,"Mean"
35.9303527638191,8.68055025125628,0.301639924512762,"Mean"
36.014951758794,8.68055025125628,0.287629837140519,"Mean"
36.0995507537688,8.68055025125628,0.317780431754455,"Mean"
36.1841497487437,8.68055025125628,0.318875359577993,"Mean"
36.2687487437186,8.68055025125628,0.288149459036493,"Mean"
36.3533477386935,8.68055025125628,0.321415090619977,"Mean"
36.4379467336683,8.68055025125628,0.317608569782449,"Mean"
36.5225457286432,8.68055025125628,0.281187060282178,"Mean"
36.6071447236181,8.68055025125628,0.284760826440764,"Mean"
36.691743718593,8.68055025125628,0.308652336357338,"Mean"
36.7763427135678,8.68055025125628,0.311995764886343,"Mean"
36.8609417085427,8.68055025125628,0.353983233659453,"Mean"
36.9455407035176,8.68055025125628,0.328936820781521,"Mean"
37.0301396984925,8.68055025125628,0.319365805840899,"Mean"
37.1147386934673,8.68055025125628,0.320867662075697,"Mean"
37.1993376884422,8.68055025125628,0.319717368409768,"Mean"
37.2839366834171,8.68055025125628,0.292183188698102,"Mean"
37.368535678392,8.68055025125628,0.35616926484771,"Mean"
37.4531346733668,8.68055025125628,0.384720178778031,"Mean"
37.5377336683417,8.68055025125628,0.380938680056345,"Mean"
37.6223326633166,8.68055025125628,0.360995829444865,"Mean"
37.7069316582915,8.68055025125628,0.367661817802323,"Mean"
37.7915306532663,8.68055025125628,0.349165716377661,"Mean"
37.8761296482412,8.68055025125628,0.353625911169872,"Mean"
37.9607286432161,8.68055025125628,0.365605458625135,"Mean"
38.045327638191,8.68055025125628,0.377297344407293,"Mean"
38.1299266331658,8.68055025125628,0.373027712914484,"Mean"
38.2145256281407,8.68055025125628,0.380805772106109,"Mean"
38.2991246231156,8.68055025125628,0.397546257071544,"Mean"
38.3837236180904,8.68055025125628,0.39378815426128,"Mean"
38.4683226130653,8.68055025125628,0.394738215889029,"Mean"
38.5529216080402,8.68055025125628,0.396915084926761,"Mean"
38.6375206030151,8.68055025125628,0.381140647139085,"Mean"
38.72211959799,8.68055025125628,0.388905941096591,"Mean"
38.8067185929648,8.68055025125628,0.390306280315265,"Mean"
38.8913175879397,8.68055025125628,0.376274323637258,"Mean"
38.9759165829146,8.68055025125628,0.355245762411812,"Mean"
39.0605155778894,8.68055025125628,0.344216898884052,"Mean"
39.1451145728643,8.68055025125628,0.369156512752668,"Mean"
39.2297135678392,8.68055025125628,0.353990946132599,"Mean"
39.3143125628141,8.68055025125628,0.370253233085438,"Mean"
39.3989115577889,8.68055025125628,0.363229719890903,"Mean"
39.4835105527638,8.68055025125628,0.37143658317282,"Mean"
39.5681095477387,8.68055025125628,0.362753936374107,"Mean"
39.6527085427136,8.68055025125628,0.36326561445807,"Mean"
39.7373075376884,8.68055025125628,0.356888631346839,"Mean"
39.8219065326633,8.68055025125628,0.357372759512953,"Mean"
39.9065055276382,8.68055025125628,0.353737031685907,"Mean"
39.9911045226131,8.68055025125628,0.349587861182547,"Mean"
40.0757035175879,8.68055025125628,0.349651782321075,"Mean"
40.1603025125628,8.68055025125628,0.348658801319474,"Mean"
40.2449015075377,8.68055025125628,0.336848744229451,"Mean"
40.3295005025126,8.68055025125628,0.341495219304041,"Mean"
40.4140994974874,8.68055025125628,0.311902459321324,"Mean"
40.4986984924623,8.68055025125628,0.30226254824313,"Mean"
40.5832974874372,8.68055025125628,0.302478348617091,"Mean"
40.6678964824121,8.68055025125628,0.317925559531718,"Mean"
40.7524954773869,8.68055025125628,0.314906226783565,"Mean"
40.8370944723618,8.68055025125628,0.311245903713088,"Mean"
40.9216934673367,8.68055025125628,0.313424970587695,"Mean"
41.0062924623116,8.68055025125628,0.317517834535787,"Mean"
41.0908914572864,8.68055025125628,0.327045880815826,"Mean"
41.1754904522613,8.68055025125628,0.336977117423178,"Mean"
41.2600894472362,8.68055025125628,0.33762751207327,"Mean"
41.344688442211,8.68055025125628,0.343030862596157,"Mean"
41.4292874371859,8.68055025125628,0.371234933087161,"Mean"
41.5138864321608,8.68055025125628,0.366284603732909,"Mean"
41.5984854271357,8.68055025125628,0.373070504249244,"Mean"
41.6830844221106,8.68055025125628,0.358505862177784,"Mean"
41.7676834170854,8.68055025125628,0.351098264402014,"Mean"
41.8522824120603,8.68055025125628,0.361163436267588,"Mean"
41.9368814070352,8.68055025125628,0.359330729077677,"Mean"
42.02148040201,8.68055025125628,0.361556995266165,"Mean"
42.1060793969849,8.68055025125628,0.365729018802268,"Mean"
42.1906783919598,8.68055025125628,0.364571445324006,"Mean"
42.2752773869347,8.68055025125628,0.368412269815354,"Mean"
42.3598763819095,8.68055025125628,0.374693936050523,"Mean"
42.4444753768844,8.68055025125628,0.38406532395813,"Mean"
42.5290743718593,8.68055025125628,0.372298878669183,"Mean"
42.6136733668342,8.68055025125628,0.37612083927057,"Mean"
42.698272361809,8.68055025125628,0.3764078745876,"Mean"
42.7828713567839,8.68055025125628,0.37797539987362,"Mean"
42.8674703517588,8.68055025125628,0.377674640555037,"Mean"
42.9520693467337,8.68055025125628,0.385288824798187,"Mean"
43.0366683417085,8.68055025125628,0.380903243781423,"Mean"
43.1212673366834,8.68055025125628,0.378771412876885,"Mean"
43.2058663316583,8.68055025125628,0.384747459990519,"Mean"
43.2904653266332,8.68055025125628,0.393478139120236,"Mean"
43.375064321608,8.68055025125628,0.397643199008875,"Mean"
43.4596633165829,8.68055025125628,0.395293611038835,"Mean"
43.5442623115578,8.68055025125628,0.385814045739693,"Mean"
43.6288613065327,8.68055025125628,0.396691061894205,"Mean"
43.7134603015075,8.68055025125628,0.39920955791845,"Mean"
43.7980592964824,8.68055025125628,0.393324519438639,"Mean"
43.8826582914573,8.68055025125628,0.40921578773226,"Mean"
43.9672572864322,8.68055025125628,0.407714599886149,"Mean"
44.051856281407,8.68055025125628,0.4136049341959,"Mean"
44.1364552763819,8.68055025125628,0.414411119618771,"Mean"
44.2210542713568,8.68055025125628,0.416454157238742,"Mean"
44.3056532663317,8.68055025125628,0.415045002198465,"Mean"
44.3902522613065,8.68055025125628,0.415662172748095,"Mean"
44.4748512562814,8.68055025125628,0.413317336985589,"Mean"
44.5594502512563,8.68055025125628,0.405302745865457,"Mean"
44.6440492462312,8.68055025125628,0.411029953068308,"Mean"
44.728648241206,8.68055025125628,0.411047709162711,"Mean"
44.8132472361809,8.68055025125628,0.412399934111927,"Mean"
44.8978462311558,8.68055025125628,0.408405807284686,"Mean"
44.9824452261307,8.68055025125628,0.401853756226272,"Mean"
33.984575879397,8.74857688442211,0.560928337266606,"Mean"
34.0691748743719,8.74857688442211,0.541405378933692,"Mean"
34.1537738693467,8.74857688442211,0.484254870806613,"Mean"
34.2383728643216,8.74857688442211,0.458493903820527,"Mean"
34.3229718592965,8.74857688442211,0.442415983553692,"Mean"
34.4075708542714,8.74857688442211,0.42026048816798,"Mean"
34.4921698492462,8.74857688442211,0.393753950948767,"Mean"
34.5767688442211,8.74857688442211,0.370576219461109,"Mean"
34.661367839196,8.74857688442211,0.340611003465341,"Mean"
34.7459668341709,8.74857688442211,0.3041244247055,"Mean"
34.8305658291457,8.74857688442211,0.296554304374561,"Mean"
34.9151648241206,8.74857688442211,0.273437640079572,"Mean"
34.9997638190955,8.74857688442211,0.26183457203495,"Mean"
35.0843628140704,8.74857688442211,0.261555452947324,"Mean"
35.1689618090452,8.74857688442211,0.270670672398534,"Mean"
35.2535608040201,8.74857688442211,0.273150718723047,"Mean"
35.338159798995,8.74857688442211,0.281714018211343,"Mean"
35.4227587939698,8.74857688442211,0.283325378488983,"Mean"
35.5073577889447,8.74857688442211,0.289669313244379,"Mean"
35.5919567839196,8.74857688442211,0.293968816656778,"Mean"
35.6765557788945,8.74857688442211,0.29747658758198,"Mean"
35.7611547738694,8.74857688442211,0.311931174426617,"Mean"
35.8457537688442,8.74857688442211,0.308128117210939,"Mean"
35.9303527638191,8.74857688442211,0.289424686747373,"Mean"
36.014951758794,8.74857688442211,0.307691676439588,"Mean"
36.0995507537688,8.74857688442211,0.308183336975653,"Mean"
36.1841497487437,8.74857688442211,0.319431450757223,"Mean"
36.2687487437186,8.74857688442211,0.303222827787552,"Mean"
36.3533477386935,8.74857688442211,0.332525701309127,"Mean"
36.4379467336683,8.74857688442211,0.318659065113788,"Mean"
36.5225457286432,8.74857688442211,0.285487179080315,"Mean"
36.6071447236181,8.74857688442211,0.284676457382783,"Mean"
36.691743718593,8.74857688442211,0.323774334707218,"Mean"
36.7763427135678,8.74857688442211,0.320037382889531,"Mean"
36.8609417085427,8.74857688442211,0.332738963819511,"Mean"
36.9455407035176,8.74857688442211,0.329112541917961,"Mean"
37.0301396984925,8.74857688442211,0.316938698935384,"Mean"
37.1147386934673,8.74857688442211,0.320889308601505,"Mean"
37.1993376884422,8.74857688442211,0.30433147612782,"Mean"
37.2839366834171,8.74857688442211,0.294506781054369,"Mean"
37.368535678392,8.74857688442211,0.356724995463079,"Mean"
37.4531346733668,8.74857688442211,0.388642477648196,"Mean"
37.5377336683417,8.74857688442211,0.407330309967517,"Mean"
37.6223326633166,8.74857688442211,0.369429246747873,"Mean"
37.7069316582915,8.74857688442211,0.401655986581979,"Mean"
37.7915306532663,8.74857688442211,0.3750348490113,"Mean"
37.8761296482412,8.74857688442211,0.367252618555046,"Mean"
37.9607286432161,8.74857688442211,0.380470417461044,"Mean"
38.045327638191,8.74857688442211,0.383472525872421,"Mean"
38.1299266331658,8.74857688442211,0.366216087066169,"Mean"
38.2145256281407,8.74857688442211,0.378077443704853,"Mean"
38.2991246231156,8.74857688442211,0.401458989048337,"Mean"
38.3837236180904,8.74857688442211,0.39793415055179,"Mean"
38.4683226130653,8.74857688442211,0.403675059621897,"Mean"
38.5529216080402,8.74857688442211,0.403601326654362,"Mean"
38.6375206030151,8.74857688442211,0.394163180843354,"Mean"
38.72211959799,8.74857688442211,0.403974284744058,"Mean"
38.8067185929648,8.74857688442211,0.407630365487414,"Mean"
38.8913175879397,8.74857688442211,0.380846601406477,"Mean"
38.9759165829146,8.74857688442211,0.419056976599423,"Mean"
39.0605155778894,8.74857688442211,0.353448782913221,"Mean"
39.1451145728643,8.74857688442211,0.367233742442899,"Mean"
39.2297135678392,8.74857688442211,0.362259976030126,"Mean"
39.3143125628141,8.74857688442211,0.375833419305235,"Mean"
39.3989115577889,8.74857688442211,0.384568421901029,"Mean"
39.4835105527638,8.74857688442211,0.374398387920751,"Mean"
39.5681095477387,8.74857688442211,0.378062029217126,"Mean"
39.6527085427136,8.74857688442211,0.370877398371759,"Mean"
39.7373075376884,8.74857688442211,0.381256895948431,"Mean"
39.8219065326633,8.74857688442211,0.400312532003266,"Mean"
39.9065055276382,8.74857688442211,0.369787144485585,"Mean"
39.9911045226131,8.74857688442211,0.38975106170577,"Mean"
40.0757035175879,8.74857688442211,0.362814051640671,"Mean"
40.1603025125628,8.74857688442211,0.363959198134797,"Mean"
40.2449015075377,8.74857688442211,0.351350297769651,"Mean"
40.3295005025126,8.74857688442211,0.337145753996659,"Mean"
40.4140994974874,8.74857688442211,0.332526907962571,"Mean"
40.4986984924623,8.74857688442211,0.308388199452891,"Mean"
40.5832974874372,8.74857688442211,0.307075902670483,"Mean"
40.6678964824121,8.74857688442211,0.324425187360585,"Mean"
40.7524954773869,8.74857688442211,0.319880908631719,"Mean"
40.8370944723618,8.74857688442211,0.316852751127288,"Mean"
40.9216934673367,8.74857688442211,0.318262863922943,"Mean"
41.0062924623116,8.74857688442211,0.324955888414796,"Mean"
41.0908914572864,8.74857688442211,0.331018904268022,"Mean"
41.1754904522613,8.74857688442211,0.3436325551576,"Mean"
41.2600894472362,8.74857688442211,0.345403615803383,"Mean"
41.344688442211,8.74857688442211,0.356426348232754,"Mean"
41.4292874371859,8.74857688442211,0.357144354222004,"Mean"
41.5138864321608,8.74857688442211,0.359692821515744,"Mean"
41.5984854271357,8.74857688442211,0.362397841161836,"Mean"
41.6830844221106,8.74857688442211,0.358763580033346,"Mean"
41.7676834170854,8.74857688442211,0.354796314361646,"Mean"
41.8522824120603,8.74857688442211,0.359509670606526,"Mean"
41.9368814070352,8.74857688442211,0.362851470912026,"Mean"
42.02148040201,8.74857688442211,0.363839032985753,"Mean"
42.1060793969849,8.74857688442211,0.381438887343366,"Mean"
42.1906783919598,8.74857688442211,0.374251741787718,"Mean"
42.2752773869347,8.74857688442211,0.37133177068033,"Mean"
42.3598763819095,8.74857688442211,0.373617293208229,"Mean"
42.4444753768844,8.74857688442211,0.388504339822841,"Mean"
42.5290743718593,8.74857688442211,0.375105989519256,"Mean"
42.6136733668342,8.74857688442211,0.376037299343461,"Mean"
42.698272361809,8.74857688442211,0.382790620940634,"Mean"
42.7828713567839,8.74857688442211,0.379193710779407,"Mean"
42.8674703517588,8.74857688442211,0.38122009740953,"Mean"
42.9520693467337,8.74857688442211,0.389141862595222,"Mean"
43.0366683417085,8.74857688442211,0.384799973934474,"Mean"
43.1212673366834,8.74857688442211,0.396805513773833,"Mean"
43.2058663316583,8.74857688442211,0.390404748878027,"Mean"
43.2904653266332,8.74857688442211,0.397918212767692,"Mean"
43.375064321608,8.74857688442211,0.401142193512189,"Mean"
43.4596633165829,8.74857688442211,0.397834321105014,"Mean"
43.5442623115578,8.74857688442211,0.402755565976676,"Mean"
43.6288613065327,8.74857688442211,0.406208640661199,"Mean"
43.7134603015075,8.74857688442211,0.407687864605207,"Mean"
43.7980592964824,8.74857688442211,0.404288925838832,"Mean"
43.8826582914573,8.74857688442211,0.399634304111032,"Mean"
43.9672572864322,8.74857688442211,0.410601360687552,"Mean"
44.051856281407,8.74857688442211,0.408826681236334,"Mean"
44.1364552763819,8.74857688442211,0.413481047749461,"Mean"
44.2210542713568,8.74857688442211,0.415658502356877,"Mean"
44.3056532663317,8.74857688442211,0.416286660131097,"Mean"
44.3902522613065,8.74857688442211,0.412602146200026,"Mean"
44.4748512562814,8.74857688442211,0.409968030192831,"Mean"
44.5594502512563,8.74857688442211,0.410281972132487,"Mean"
44.6440492462312,8.74857688442211,0.412380081205912,"Mean"
44.728648241206,8.74857688442211,0.40810540684091,"Mean"
44.8132472361809,8.74857688442211,0.406941787001698,"Mean"
33.984575879397,8.81660351758794,0.542410632626505,"Mean"
34.0691748743719,8.81660351758794,0.553009449384002,"Mean"
34.1537738693467,8.81660351758794,0.494770371946713,"Mean"
34.2383728643216,8.81660351758794,0.474697144921245,"Mean"
34.3229718592965,8.81660351758794,0.457283917290447,"Mean"
34.4075708542714,8.81660351758794,0.417243441568104,"Mean"
34.4921698492462,8.81660351758794,0.408516848551197,"Mean"
34.5767688442211,8.81660351758794,0.382338635511982,"Mean"
34.661367839196,8.81660351758794,0.351748594961086,"Mean"
34.7459668341709,8.81660351758794,0.324755679325264,"Mean"
34.8305658291457,8.81660351758794,0.307116044506934,"Mean"
34.9151648241206,8.81660351758794,0.278624124545947,"Mean"
34.9997638190955,8.81660351758794,0.25944159427138,"Mean"
35.0843628140704,8.81660351758794,0.255226119214873,"Mean"
35.1689618090452,8.81660351758794,0.25731027084354,"Mean"
35.2535608040201,8.81660351758794,0.220926981159374,"Mean"
35.338159798995,8.81660351758794,0.214582265124546,"Mean"
35.4227587939698,8.81660351758794,0.316006030638273,"Mean"
35.5073577889447,8.81660351758794,0.291838702457781,"Mean"
35.5919567839196,8.81660351758794,0.28864363277838,"Mean"
35.6765557788945,8.81660351758794,0.313069266862541,"Mean"
35.7611547738694,8.81660351758794,0.302595858827798,"Mean"
35.8457537688442,8.81660351758794,0.317085399515082,"Mean"
35.9303527638191,8.81660351758794,0.296754891891449,"Mean"
36.014951758794,8.81660351758794,0.313768416206095,"Mean"
36.0995507537688,8.81660351758794,0.312240020540371,"Mean"
36.1841497487437,8.81660351758794,0.299100867277977,"Mean"
36.2687487437186,8.81660351758794,0.315629137590674,"Mean"
36.3533477386935,8.81660351758794,0.332269455400191,"Mean"
36.4379467336683,8.81660351758794,0.306043885042718,"Mean"
36.5225457286432,8.81660351758794,0.276088449408121,"Mean"
36.6071447236181,8.81660351758794,0.280401842520928,"Mean"
36.691743718593,8.81660351758794,0.307694273441566,"Mean"
36.7763427135678,8.81660351758794,0.313160798869169,"Mean"
36.8609417085427,8.81660351758794,0.31713162979535,"Mean"
36.9455407035176,8.81660351758794,0.315213315869338,"Mean"
37.0301396984925,8.81660351758794,0.300170155972138,"Mean"
37.1147386934673,8.81660351758794,0.337010206106654,"Mean"
37.1993376884422,8.81660351758794,0.324510770398715,"Mean"
37.2839366834171,8.81660351758794,0.279742659334816,"Mean"
37.368535678392,8.81660351758794,0.315957710349761,"Mean"
37.4531346733668,8.81660351758794,0.409942817786847,"Mean"
37.5377336683417,8.81660351758794,0.379479465151631,"Mean"
37.6223326633166,8.81660351758794,0.354194920714911,"Mean"
37.7069316582915,8.81660351758794,0.356163818053559,"Mean"
37.7915306532663,8.81660351758794,0.346353085920058,"Mean"
37.8761296482412,8.81660351758794,0.42086950121155,"Mean"
37.9607286432161,8.81660351758794,0.365797630890351,"Mean"
38.045327638191,8.81660351758794,0.390318094505117,"Mean"
38.1299266331658,8.81660351758794,0.36445438370682,"Mean"
38.2145256281407,8.81660351758794,0.375841794614793,"Mean"
38.2991246231156,8.81660351758794,0.396882757606082,"Mean"
38.3837236180904,8.81660351758794,0.406418518923266,"Mean"
38.4683226130653,8.81660351758794,0.440002924907962,"Mean"
38.5529216080402,8.81660351758794,0.405889860000813,"Mean"
38.6375206030151,8.81660351758794,0.397705275417827,"Mean"
38.72211959799,8.81660351758794,0.402108445389028,"Mean"
38.8067185929648,8.81660351758794,0.397817596559937,"Mean"
38.8913175879397,8.81660351758794,0.400100237628404,"Mean"
38.9759165829146,8.81660351758794,0.359155563616723,"Mean"
39.0605155778894,8.81660351758794,0.366682030058246,"Mean"
39.1451145728643,8.81660351758794,0.375698359967382,"Mean"
39.2297135678392,8.81660351758794,0.373363830166927,"Mean"
39.3143125628141,8.81660351758794,0.373032229605424,"Mean"
39.3989115577889,8.81660351758794,0.377262905271885,"Mean"
39.4835105527638,8.81660351758794,0.423266709337892,"Mean"
39.5681095477387,8.81660351758794,0.423203585072656,"Mean"
39.6527085427136,8.81660351758794,0.449039314797192,"Mean"
39.7373075376884,8.81660351758794,0.422461914629339,"Mean"
39.8219065326633,8.81660351758794,0.357372805047591,"Mean"
39.9065055276382,8.81660351758794,0.337014962064599,"Mean"
39.9911045226131,8.81660351758794,0.355995127576522,"Mean"
40.0757035175879,8.81660351758794,0.37085769945014,"Mean"
40.1603025125628,8.81660351758794,0.38290787463041,"Mean"
40.2449015075377,8.81660351758794,0.361671608993488,"Mean"
40.3295005025126,8.81660351758794,0.348986936464984,"Mean"
40.4140994974874,8.81660351758794,0.328047893390194,"Mean"
40.4986984924623,8.81660351758794,0.306447030007661,"Mean"
40.5832974874372,8.81660351758794,0.290657726717277,"Mean"
40.6678964824121,8.81660351758794,0.315886567393411,"Mean"
40.7524954773869,8.81660351758794,0.307560256311607,"Mean"
40.8370944723618,8.81660351758794,0.313747561360409,"Mean"
40.9216934673367,8.81660351758794,0.311605641614931,"Mean"
41.0062924623116,8.81660351758794,0.314602632303896,"Mean"
41.0908914572864,8.81660351758794,0.338280930228837,"Mean"
41.1754904522613,8.81660351758794,0.347966851792596,"Mean"
41.2600894472362,8.81660351758794,0.345298599337698,"Mean"
41.344688442211,8.81660351758794,0.360460330078823,"Mean"
41.4292874371859,8.81660351758794,0.366983610615143,"Mean"
41.5138864321608,8.81660351758794,0.354053662867213,"Mean"
41.5984854271357,8.81660351758794,0.359185599581248,"Mean"
41.6830844221106,8.81660351758794,0.360105368160616,"Mean"
41.7676834170854,8.81660351758794,0.356296467516451,"Mean"
41.8522824120603,8.81660351758794,0.357329499534607,"Mean"
41.9368814070352,8.81660351758794,0.364728720117212,"Mean"
42.02148040201,8.81660351758794,0.368936730142123,"Mean"
42.1060793969849,8.81660351758794,0.382382626522205,"Mean"
42.1906783919598,8.81660351758794,0.376314198763032,"Mean"
42.2752773869347,8.81660351758794,0.374422234173096,"Mean"
42.3598763819095,8.81660351758794,0.374750533690657,"Mean"
42.4444753768844,8.81660351758794,0.399875918243523,"Mean"
42.5290743718593,8.81660351758794,0.377648520841132,"Mean"
42.6136733668342,8.81660351758794,0.378573995836253,"Mean"
42.698272361809,8.81660351758794,0.387749326729504,"Mean"
42.7828713567839,8.81660351758794,0.383323798485644,"Mean"
42.8674703517588,8.81660351758794,0.38873186595965,"Mean"
42.9520693467337,8.81660351758794,0.382181652702275,"Mean"
43.0366683417085,8.81660351758794,0.381789035665306,"Mean"
43.1212673366834,8.81660351758794,0.387619298014076,"Mean"
43.2058663316583,8.81660351758794,0.399408725359082,"Mean"
43.2904653266332,8.81660351758794,0.401472458787664,"Mean"
43.375064321608,8.81660351758794,0.404266196740517,"Mean"
43.4596633165829,8.81660351758794,0.393323721991063,"Mean"
43.5442623115578,8.81660351758794,0.394214804116928,"Mean"
43.6288613065327,8.81660351758794,0.400754664035062,"Mean"
43.7134603015075,8.81660351758794,0.407277392414279,"Mean"
43.7980592964824,8.81660351758794,0.406523392335444,"Mean"
43.8826582914573,8.81660351758794,0.408579079357582,"Mean"
43.9672572864322,8.81660351758794,0.404503798935046,"Mean"
44.051856281407,8.81660351758794,0.411290727104484,"Mean"
44.1364552763819,8.81660351758794,0.415263420216432,"Mean"
44.2210542713568,8.81660351758794,0.415239927565653,"Mean"
44.3056532663317,8.81660351758794,0.414877985820668,"Mean"
44.3902522613065,8.81660351758794,0.411824315989741,"Mean"
44.4748512562814,8.81660351758794,0.407531286018329,"Mean"
44.5594502512563,8.81660351758794,0.40762695990936,"Mean"
44.6440492462312,8.81660351758794,0.405761519946486,"Mean"
33.984575879397,8.88463015075377,0.562414438182437,"Mean"
34.0691748743719,8.88463015075377,0.507365140666759,"Mean"
34.1537738693467,8.88463015075377,0.488514082396584,"Mean"
34.2383728643216,8.88463015075377,0.508494563235219,"Mean"
34.3229718592965,8.88463015075377,0.445939308711928,"Mean"
34.4075708542714,8.88463015075377,0.433067152798295,"Mean"
34.4921698492462,8.88463015075377,0.4090336807202,"Mean"
34.5767688442211,8.88463015075377,0.429690453214524,"Mean"
34.661367839196,8.88463015075377,0.363049701388565,"Mean"
34.7459668341709,8.88463015075377,0.330600216523335,"Mean"
34.8305658291457,8.88463015075377,0.315087656991117,"Mean"
34.9151648241206,8.88463015075377,0.306928722355357,"Mean"
34.9997638190955,8.88463015075377,0.270086843004729,"Mean"
35.0843628140704,8.88463015075377,0.260139270904323,"Mean"
35.1689618090452,8.88463015075377,0.239623120992744,"Mean"
35.2535608040201,8.88463015075377,0.200490119669474,"Mean"
35.338159798995,8.88463015075377,0.186034686807462,"Mean"
35.4227587939698,8.88463015075377,0.276467318417836,"Mean"
35.5073577889447,8.88463015075377,0.298583339897637,"Mean"
35.5919567839196,8.88463015075377,0.300371661663006,"Mean"
35.6765557788945,8.88463015075377,0.297820331796142,"Mean"
35.7611547738694,8.88463015075377,0.289115911411254,"Mean"
35.8457537688442,8.88463015075377,0.306250581879601,"Mean"
35.9303527638191,8.88463015075377,0.328219093868275,"Mean"
36.014951758794,8.88463015075377,0.311641198252466,"Mean"
36.0995507537688,8.88463015075377,0.301655608448918,"Mean"
36.1841497487437,8.88463015075377,0.290204867513346,"Mean"
36.2687487437186,8.88463015075377,0.325877931119981,"Mean"
36.3533477386935,8.88463015075377,0.302826915172888,"Mean"
36.4379467336683,8.88463015075377,0.299994611172177,"Mean"
36.5225457286432,8.88463015075377,0.289726502059761,"Mean"
36.6071447236181,8.88463015075377,0.307299163441626,"Mean"
36.691743718593,8.88463015075377,0.314902553514447,"Mean"
36.7763427135678,8.88463015075377,0.31756532650479,"Mean"
36.8609417085427,8.88463015075377,0.301761857544382,"Mean"
36.9455407035176,8.88463015075377,0.28263042884609,"Mean"
37.0301396984925,8.88463015075377,0.309727558639463,"Mean"
37.1147386934673,8.88463015075377,0.321199239763082,"Mean"
37.1993376884422,8.88463015075377,0.339945531910053,"Mean"
37.2839366834171,8.88463015075377,0.320533463132915,"Mean"
37.368535678392,8.88463015075377,0.301922151135919,"Mean"
37.4531346733668,8.88463015075377,0.340951066193209,"Mean"
37.5377336683417,8.88463015075377,0.339175516881505,"Mean"
37.6223326633166,8.88463015075377,0.345490472374276,"Mean"
37.7069316582915,8.88463015075377,0.345599624909662,"Mean"
37.7915306532663,8.88463015075377,0.324149230270658,"Mean"
37.8761296482412,8.88463015075377,0.329656336154389,"Mean"
37.9607286432161,8.88463015075377,0.351217527297665,"Mean"
38.045327638191,8.88463015075377,0.369459144394916,"Mean"
38.1299266331658,8.88463015075377,0.375523436028405,"Mean"
38.2145256281407,8.88463015075377,0.385683163977345,"Mean"
38.2991246231156,8.88463015075377,0.40801528891424,"Mean"
38.3837236180904,8.88463015075377,0.403773132325932,"Mean"
38.4683226130653,8.88463015075377,0.42339416101695,"Mean"
38.5529216080402,8.88463015075377,0.396901442604839,"Mean"
38.6375206030151,8.88463015075377,0.389535172415048,"Mean"
38.72211959799,8.88463015075377,0.397626355711745,"Mean"
38.8067185929648,8.88463015075377,0.390268399811071,"Mean"
38.8913175879397,8.88463015075377,0.392153527472671,"Mean"
38.9759165829146,8.88463015075377,0.404333023602981,"Mean"
39.0605155778894,8.88463015075377,0.387426993101366,"Mean"
39.1451145728643,8.88463015075377,0.382647457150151,"Mean"
39.2297135678392,8.88463015075377,0.387092081167708,"Mean"
39.3143125628141,8.88463015075377,0.391864943638526,"Mean"
39.3989115577889,8.88463015075377,0.381537718645525,"Mean"
39.4835105527638,8.88463015075377,0.406136875890754,"Mean"
39.5681095477387,8.88463015075377,0.43842669745495,"Mean"
39.6527085427136,8.88463015075377,0.455819172525104,"Mean"
39.7373075376884,8.88463015075377,0.407307964309827,"Mean"
39.8219065326633,8.88463015075377,0.373095672213982,"Mean"
39.9065055276382,8.88463015075377,0.555270170228216,"Mean"
39.9911045226131,8.88463015075377,0.425923624026475,"Mean"
40.0757035175879,8.88463015075377,0.480975466745256,"Mean"
40.1603025125628,8.88463015075377,0.407490271176442,"Mean"
40.2449015075377,8.88463015075377,0.3930127076405,"Mean"
40.3295005025126,8.88463015075377,0.367568331028521,"Mean"
40.4140994974874,8.88463015075377,0.338935583034121,"Mean"
40.4986984924623,8.88463015075377,0.300397146889516,"Mean"
40.5832974874372,8.88463015075377,0.30260351184875,"Mean"
40.6678964824121,8.88463015075377,0.299740668551677,"Mean"
40.7524954773869,8.88463015075377,0.307517914783622,"Mean"
40.8370944723618,8.88463015075377,0.310858058230121,"Mean"
40.9216934673367,8.88463015075377,0.310223120388752,"Mean"
41.0062924623116,8.88463015075377,0.324765905331097,"Mean"
41.0908914572864,8.88463015075377,0.337788475439587,"Mean"
41.1754904522613,8.88463015075377,0.340454976620133,"Mean"
41.2600894472362,8.88463015075377,0.347668536312976,"Mean"
41.344688442211,8.88463015075377,0.345730310024146,"Mean"
41.4292874371859,8.88463015075377,0.359110321260369,"Mean"
41.5138864321608,8.88463015075377,0.351220843750471,"Mean"
41.5984854271357,8.88463015075377,0.342143372364971,"Mean"
41.6830844221106,8.88463015075377,0.350389498020373,"Mean"
41.7676834170854,8.88463015075377,0.356652578654277,"Mean"
41.8522824120603,8.88463015075377,0.356612751140461,"Mean"
41.9368814070352,8.88463015075377,0.363119783087674,"Mean"
42.02148040201,8.88463015075377,0.372455061506014,"Mean"
42.1060793969849,8.88463015075377,0.381752819049292,"Mean"
42.1906783919598,8.88463015075377,0.395418100748609,"Mean"
42.2752773869347,8.88463015075377,0.376236782106718,"Mean"
42.3598763819095,8.88463015075377,0.378687069654165,"Mean"
42.4444753768844,8.88463015075377,0.379208071451762,"Mean"
42.5290743718593,8.88463015075377,0.381028207687223,"Mean"
42.6136733668342,8.88463015075377,0.380460780332073,"Mean"
42.698272361809,8.88463015075377,0.381151488952336,"Mean"
42.7828713567839,8.88463015075377,0.382068988714882,"Mean"
42.8674703517588,8.88463015075377,0.388024140781619,"Mean"
42.9520693467337,8.88463015075377,0.386571057468842,"Mean"
43.0366683417085,8.88463015075377,0.393334187567844,"Mean"
43.1212673366834,8.88463015075377,0.398111185512697,"Mean"
43.2058663316583,8.88463015075377,0.399225688645253,"Mean"
43.2904653266332,8.88463015075377,0.399872110071742,"Mean"
43.375064321608,8.88463015075377,0.406132450147264,"Mean"
43.4596633165829,8.88463015075377,0.407035564597729,"Mean"
43.5442623115578,8.88463015075377,0.403037697430877,"Mean"
43.6288613065327,8.88463015075377,0.407584556226849,"Mean"
43.7134603015075,8.88463015075377,0.406843484068147,"Mean"
43.7980592964824,8.88463015075377,0.409070164382844,"Mean"
43.8826582914573,8.88463015075377,0.407635037520295,"Mean"
43.9672572864322,8.88463015075377,0.407281085937181,"Mean"
44.051856281407,8.88463015075377,0.413040291932832,"Mean"
44.1364552763819,8.88463015075377,0.411929395059032,"Mean"
44.2210542713568,8.88463015075377,0.413789787553485,"Mean"
44.3056532663317,8.88463015075377,0.415444006772606,"Mean"
44.3902522613065,8.88463015075377,0.411956456145836,"Mean"
44.4748512562814,8.88463015075377,0.409160953591931,"Mean"
33.984575879397,8.9526567839196,0.589655169939159,"Mean"
34.0691748743719,8.9526567839196,0.513034972817618,"Mean"
34.1537738693467,8.9526567839196,0.492664515085695,"Mean"
34.2383728643216,8.9526567839196,0.475939791145761,"Mean"
34.3229718592965,8.9526567839196,0.455695283546374,"Mean"
34.4075708542714,8.9526567839196,0.436408363453127,"Mean"
34.4921698492462,8.9526567839196,0.41383221401176,"Mean"
34.5767688442211,8.9526567839196,0.380978445607186,"Mean"
34.661367839196,8.9526567839196,0.347282913135208,"Mean"
34.7459668341709,8.9526567839196,0.339056042714912,"Mean"
34.8305658291457,8.9526567839196,0.301347031698659,"Mean"
34.9151648241206,8.9526567839196,0.307781987854526,"Mean"
34.9997638190955,8.9526567839196,0.272094947545729,"Mean"
35.0843628140704,8.9526567839196,0.257618232551153,"Mean"
35.1689618090452,8.9526567839196,0.251051392693671,"Mean"
35.2535608040201,8.9526567839196,0.208176171761197,"Mean"
35.338159798995,8.9526567839196,0.244051585302779,"Mean"
35.4227587939698,8.9526567839196,0.262497222593946,"Mean"
35.5073577889447,8.9526567839196,0.266420608231694,"Mean"
35.5919567839196,8.9526567839196,0.278265698919299,"Mean"
35.6765557788945,8.9526567839196,0.292437144635861,"Mean"
35.7611547738694,8.9526567839196,0.275706056767415,"Mean"
35.8457537688442,8.9526567839196,0.299548022807327,"Mean"
35.9303527638191,8.9526567839196,0.334100930415451,"Mean"
36.014951758794,8.9526567839196,0.354726404087942,"Mean"
36.0995507537688,8.9526567839196,0.283058527075975,"Mean"
36.1841497487437,8.9526567839196,0.296088723980884,"Mean"
36.2687487437186,8.9526567839196,0.296787738816316,"Mean"
36.3533477386935,8.9526567839196,0.297913755617091,"Mean"
36.4379467336683,8.9526567839196,0.286983390813398,"Mean"
36.5225457286432,8.9526567839196,0.277336996461595,"Mean"
36.6071447236181,8.9526567839196,0.287733494386466,"Mean"
36.691743718593,8.9526567839196,0.308870449888785,"Mean"
36.7763427135678,8.9526567839196,0.323277846766867,"Mean"
36.8609417085427,8.9526567839196,0.296504167847182,"Mean"
36.9455407035176,8.9526567839196,0.288288042885276,"Mean"
37.0301396984925,8.9526567839196,0.333560388014068,"Mean"
37.1147386934673,8.9526567839196,0.317473839766938,"Mean"
37.1993376884422,8.9526567839196,0.322738097823419,"Mean"
37.2839366834171,8.9526567839196,0.322350413384097,"Mean"
37.368535678392,8.9526567839196,0.307161708296041,"Mean"
37.4531346733668,8.9526567839196,0.304467960962468,"Mean"
37.5377336683417,8.9526567839196,0.317863072359481,"Mean"
37.6223326633166,8.9526567839196,0.31766203811002,"Mean"
37.7069316582915,8.9526567839196,0.306323680189907,"Mean"
37.7915306532663,8.9526567839196,0.324503487302184,"Mean"
37.8761296482412,8.9526567839196,0.320630028098955,"Mean"
37.9607286432161,8.9526567839196,0.35224713490256,"Mean"
38.045327638191,8.9526567839196,0.36868841843295,"Mean"
38.1299266331658,8.9526567839196,0.373831692500754,"Mean"
38.2145256281407,8.9526567839196,0.385722924146784,"Mean"
38.2991246231156,8.9526567839196,0.395943791340633,"Mean"
38.3837236180904,8.9526567839196,0.404861561587791,"Mean"
38.4683226130653,8.9526567839196,0.404495306955742,"Mean"
38.5529216080402,8.9526567839196,0.443015116503298,"Mean"
38.6375206030151,8.9526567839196,0.415092275968082,"Mean"
38.72211959799,8.9526567839196,0.403419811373992,"Mean"
38.8067185929648,8.9526567839196,0.29238554824149,"Mean"
38.8913175879397,8.9526567839196,0.311383342635226,"Mean"
38.9759165829146,8.9526567839196,0.400988100690204,"Mean"
39.0605155778894,8.9526567839196,0.396375550434145,"Mean"
39.1451145728643,8.9526567839196,0.392691342619647,"Mean"
39.2297135678392,8.9526567839196,0.394571677542177,"Mean"
39.3143125628141,8.9526567839196,0.400210322737801,"Mean"
39.3989115577889,8.9526567839196,0.394838160167842,"Mean"
39.4835105527638,8.9526567839196,0.388284201473763,"Mean"
39.5681095477387,8.9526567839196,0.404601903201219,"Mean"
39.6527085427136,8.9526567839196,0.425133318017974,"Mean"
39.7373075376884,8.9526567839196,0.428969606234749,"Mean"
39.8219065326633,8.9526567839196,0.441679474513768,"Mean"
39.9065055276382,8.9526567839196,0.40762818699161,"Mean"
39.9911045226131,8.9526567839196,0.41810193343117,"Mean"
40.0757035175879,8.9526567839196,0.490621401827751,"Mean"
40.1603025125628,8.9526567839196,0.408961343751236,"Mean"
40.2449015075377,8.9526567839196,0.391350488332464,"Mean"
40.3295005025126,8.9526567839196,0.390751600748024,"Mean"
40.4140994974874,8.9526567839196,0.361930491548935,"Mean"
40.4986984924623,8.9526567839196,0.326036173753423,"Mean"
40.5832974874372,8.9526567839196,0.301679238395964,"Mean"
40.6678964824121,8.9526567839196,0.313081782949665,"Mean"
40.7524954773869,8.9526567839196,0.319934331178836,"Mean"
40.8370944723618,8.9526567839196,0.304572530768094,"Mean"
40.9216934673367,8.9526567839196,0.316752589060114,"Mean"
41.0062924623116,8.9526567839196,0.324303820907587,"Mean"
41.0908914572864,8.9526567839196,0.333638372906464,"Mean"
41.1754904522613,8.9526567839196,0.333270563487128,"Mean"
41.2600894472362,8.9526567839196,0.344375926022824,"Mean"
41.344688442211,8.9526567839196,0.347955275450217,"Mean"
41.4292874371859,8.9526567839196,0.354949383304559,"Mean"
41.5138864321608,8.9526567839196,0.339872709137929,"Mean"
41.5984854271357,8.9526567839196,0.336855307409392,"Mean"
41.6830844221106,8.9526567839196,0.347365546672202,"Mean"
41.7676834170854,8.9526567839196,0.355144723504367,"Mean"
41.8522824120603,8.9526567839196,0.359633863093576,"Mean"
41.9368814070352,8.9526567839196,0.365018983576463,"Mean"
42.02148040201,8.9526567839196,0.378022391597827,"Mean"
42.1060793969849,8.9526567839196,0.388136134213237,"Mean"
42.1906783919598,8.9526567839196,0.382809824912973,"Mean"
42.2752773869347,8.9526567839196,0.378106398905709,"Mean"
42.3598763819095,8.9526567839196,0.379397760277211,"Mean"
42.4444753768844,8.9526567839196,0.381780297008797,"Mean"
42.5290743718593,8.9526567839196,0.384203008878701,"Mean"
42.6136733668342,8.9526567839196,0.382643477852388,"Mean"
42.698272361809,8.9526567839196,0.382431868271219,"Mean"
42.7828713567839,8.9526567839196,0.396190373941312,"Mean"
42.8674703517588,8.9526567839196,0.385461171337783,"Mean"
42.9520693467337,8.9526567839196,0.390311029555219,"Mean"
43.0366683417085,8.9526567839196,0.396801344331978,"Mean"
43.1212673366834,8.9526567839196,0.400538356712908,"Mean"
43.2058663316583,8.9526567839196,0.400546978195132,"Mean"
43.2904653266332,8.9526567839196,0.403720051701567,"Mean"
43.375064321608,8.9526567839196,0.407066283717248,"Mean"
43.4596633165829,8.9526567839196,0.408572495766891,"Mean"
43.5442623115578,8.9526567839196,0.409368919761117,"Mean"
43.6288613065327,8.9526567839196,0.408967882123329,"Mean"
43.7134603015075,8.9526567839196,0.408554742338973,"Mean"
43.7980592964824,8.9526567839196,0.409038571028967,"Mean"
43.8826582914573,8.9526567839196,0.40886917802125,"Mean"
43.9672572864322,8.9526567839196,0.41100599473018,"Mean"
44.051856281407,8.9526567839196,0.410926883177837,"Mean"
44.1364552763819,8.9526567839196,0.412535088628621,"Mean"
44.2210542713568,8.9526567839196,0.412242342937622,"Mean"
44.3056532663317,8.9526567839196,0.41165438897625,"Mean"
33.984575879397,9.02068341708543,0.583325486695793,"Mean"
34.0691748743719,9.02068341708543,0.519566701895871,"Mean"
34.1537738693467,9.02068341708543,0.503499762579423,"Mean"
34.2383728643216,9.02068341708543,0.483970832289124,"Mean"
34.3229718592965,9.02068341708543,0.464805809959959,"Mean"
34.4075708542714,9.02068341708543,0.459423952230224,"Mean"
34.4921698492462,9.02068341708543,0.47200357027082,"Mean"
34.5767688442211,9.02068341708543,0.382694791926019,"Mean"
34.661367839196,9.02068341708543,0.369711996894432,"Mean"
34.7459668341709,9.02068341708543,0.346582430095261,"Mean"
34.8305658291457,9.02068341708543,0.315415000034016,"Mean"
34.9151648241206,9.02068341708543,0.326120859278087,"Mean"
34.9997638190955,9.02068341708543,0.289768861773968,"Mean"
35.0843628140704,9.02068341708543,0.278441825662006,"Mean"
35.1689618090452,9.02068341708543,0.254650773904728,"Mean"
35.2535608040201,9.02068341708543,0.238992350791019,"Mean"
35.338159798995,9.02068341708543,0.272175081448877,"Mean"
35.4227587939698,9.02068341708543,0.248850632524941,"Mean"
35.5073577889447,9.02068341708543,0.275270723782338,"Mean"
35.5919567839196,9.02068341708543,0.260272797603648,"Mean"
35.6765557788945,9.02068341708543,0.285628707352433,"Mean"
35.7611547738694,9.02068341708543,0.284483029037986,"Mean"
35.8457537688442,9.02068341708543,0.298042937487979,"Mean"
35.9303527638191,9.02068341708543,0.337092407352691,"Mean"
36.014951758794,9.02068341708543,0.323249004773748,"Mean"
36.0995507537688,9.02068341708543,0.302024605693665,"Mean"
36.1841497487437,9.02068341708543,0.293982085757423,"Mean"
36.2687487437186,9.02068341708543,0.295883343141259,"Mean"
36.3533477386935,9.02068341708543,0.299215347569542,"Mean"
36.4379467336683,9.02068341708543,0.27009629050052,"Mean"
36.5225457286432,9.02068341708543,0.254319976880641,"Mean"
36.6071447236181,9.02068341708543,0.256269245211605,"Mean"
36.691743718593,9.02068341708543,0.248695087419286,"Mean"
36.7763427135678,9.02068341708543,0.23891348827313,"Mean"
36.8609417085427,9.02068341708543,0.220597496202301,"Mean"
36.9455407035176,9.02068341708543,0.293191817286291,"Mean"
37.0301396984925,9.02068341708543,0.312325236232302,"Mean"
37.1147386934673,9.02068341708543,0.298794660600488,"Mean"
37.1993376884422,9.02068341708543,0.278144888425809,"Mean"
37.2839366834171,9.02068341708543,0.295430356462647,"Mean"
37.368535678392,9.02068341708543,0.301392442676103,"Mean"
37.4531346733668,9.02068341708543,0.307971983517798,"Mean"
37.5377336683417,9.02068341708543,0.337719825389873,"Mean"
37.6223326633166,9.02068341708543,0.342739353718427,"Mean"
37.7069316582915,9.02068341708543,0.33734020795147,"Mean"
37.7915306532663,9.02068341708543,0.357406859506902,"Mean"
37.8761296482412,9.02068341708543,0.34696470087395,"Mean"
37.9607286432161,9.02068341708543,0.356395700652896,"Mean"
38.045327638191,9.02068341708543,0.364421832114707,"Mean"
38.1299266331658,9.02068341708543,0.369091922405903,"Mean"
38.2145256281407,9.02068341708543,0.383857645492387,"Mean"
38.2991246231156,9.02068341708543,0.395763942474421,"Mean"
38.3837236180904,9.02068341708543,0.399012799272694,"Mean"
38.4683226130653,9.02068341708543,0.387913967913633,"Mean"
38.5529216080402,9.02068341708543,0.40828672506221,"Mean"
38.6375206030151,9.02068341708543,0.425340456263953,"Mean"
38.72211959799,9.02068341708543,0.499419092876981,"Mean"
38.8067185929648,9.02068341708543,0.432675336755759,"Mean"
38.8913175879397,9.02068341708543,0.406033197635272,"Mean"
38.9759165829146,9.02068341708543,0.397078775402162,"Mean"
39.0605155778894,9.02068341708543,0.40810543558278,"Mean"
39.1451145728643,9.02068341708543,0.404512964543875,"Mean"
39.2297135678392,9.02068341708543,0.407582673738991,"Mean"
39.3143125628141,9.02068341708543,0.408864941563822,"Mean"
39.3989115577889,9.02068341708543,0.414765616145503,"Mean"
39.4835105527638,9.02068341708543,0.432709117076459,"Mean"
39.5681095477387,9.02068341708543,0.408591757979396,"Mean"
39.6527085427136,9.02068341708543,0.429758610489967,"Mean"
39.7373075376884,9.02068341708543,0.484436218982403,"Mean"
39.8219065326633,9.02068341708543,0.453930502904094,"Mean"
39.9065055276382,9.02068341708543,0.380912196146569,"Mean"
39.9911045226131,9.02068341708543,0.40862670107959,"Mean"
40.0757035175879,9.02068341708543,0.469085289032045,"Mean"
40.1603025125628,9.02068341708543,0.434895918219294,"Mean"
40.2449015075377,9.02068341708543,0.423726208037655,"Mean"
40.3295005025126,9.02068341708543,0.404893421259386,"Mean"
40.4140994974874,9.02068341708543,0.384757933932638,"Mean"
40.4986984924623,9.02068341708543,0.382200886352546,"Mean"
40.5832974874372,9.02068341708543,0.344487022210982,"Mean"
40.6678964824121,9.02068341708543,0.314905538094513,"Mean"
40.7524954773869,9.02068341708543,0.31109595463251,"Mean"
40.8370944723618,9.02068341708543,0.304847079173296,"Mean"
40.9216934673367,9.02068341708543,0.302431493816231,"Mean"
41.0062924623116,9.02068341708543,0.322843236187542,"Mean"
41.0908914572864,9.02068341708543,0.329236898796213,"Mean"
41.1754904522613,9.02068341708543,0.32182470899066,"Mean"
41.2600894472362,9.02068341708543,0.338958993924792,"Mean"
41.344688442211,9.02068341708543,0.348193913771142,"Mean"
41.4292874371859,9.02068341708543,0.360070685408435,"Mean"
41.5138864321608,9.02068341708543,0.348297644415035,"Mean"
41.5984854271357,9.02068341708543,0.336226570636291,"Mean"
41.6830844221106,9.02068341708543,0.347597177307215,"Mean"
41.7676834170854,9.02068341708543,0.353954919632912,"Mean"
41.8522824120603,9.02068341708543,0.361045305768062,"Mean"
41.9368814070352,9.02068341708543,0.36800119912369,"Mean"
42.02148040201,9.02068341708543,0.379784364346397,"Mean"
42.1060793969849,9.02068341708543,0.380402827547235,"Mean"
42.1906783919598,9.02068341708543,0.382027604286077,"Mean"
42.2752773869347,9.02068341708543,0.381945977572288,"Mean"
42.3598763819095,9.02068341708543,0.381233544526483,"Mean"
42.4444753768844,9.02068341708543,0.385217466170357,"Mean"
42.5290743718593,9.02068341708543,0.384829378735718,"Mean"
42.6136733668342,9.02068341708543,0.380844577002456,"Mean"
42.698272361809,9.02068341708543,0.360692773840197,"Mean"
42.7828713567839,9.02068341708543,0.370789800289617,"Mean"
42.8674703517588,9.02068341708543,0.381778870871784,"Mean"
42.9520693467337,9.02068341708543,0.395683723483727,"Mean"
43.0366683417085,9.02068341708543,0.398210969596084,"Mean"
43.1212673366834,9.02068341708543,0.404215081571274,"Mean"
43.2058663316583,9.02068341708543,0.404631049508848,"Mean"
43.2904653266332,9.02068341708543,0.404326999102912,"Mean"
43.375064321608,9.02068341708543,0.402008218626071,"Mean"
43.4596633165829,9.02068341708543,0.406283608945089,"Mean"
43.5442623115578,9.02068341708543,0.410436554306583,"Mean"
43.6288613065327,9.02068341708543,0.410078693972035,"Mean"
43.7134603015075,9.02068341708543,0.4100151855903,"Mean"
43.7980592964824,9.02068341708543,0.405254784166199,"Mean"
43.8826582914573,9.02068341708543,0.410068614458666,"Mean"
43.9672572864322,9.02068341708543,0.406820746243404,"Mean"
44.051856281407,9.02068341708543,0.410470699613693,"Mean"
33.984575879397,9.08871005025126,0.581800141155457,"Mean"
34.0691748743719,9.08871005025126,0.535524295594831,"Mean"
34.1537738693467,9.08871005025126,0.514018627864603,"Mean"
34.2383728643216,9.08871005025126,0.497521472453575,"Mean"
34.3229718592965,9.08871005025126,0.467595328895073,"Mean"
34.4075708542714,9.08871005025126,0.454810971259012,"Mean"
34.4921698492462,9.08871005025126,0.429686861730095,"Mean"
34.5767688442211,9.08871005025126,0.389613943188353,"Mean"
34.661367839196,9.08871005025126,0.385543572748486,"Mean"
34.7459668341709,9.08871005025126,0.349264430528721,"Mean"
34.8305658291457,9.08871005025126,0.349206296298484,"Mean"
34.9151648241206,9.08871005025126,0.341112958283163,"Mean"
34.9997638190955,9.08871005025126,0.341463792787277,"Mean"
35.0843628140704,9.08871005025126,0.293566134479757,"Mean"
35.1689618090452,9.08871005025126,0.263455541897266,"Mean"
35.2535608040201,9.08871005025126,0.253174282330022,"Mean"
35.338159798995,9.08871005025126,0.250139762482462,"Mean"
35.4227587939698,9.08871005025126,0.254736238772341,"Mean"
35.5073577889447,9.08871005025126,0.26592452493991,"Mean"
35.5919567839196,9.08871005025126,0.265131481155419,"Mean"
35.6765557788945,9.08871005025126,0.266358465521052,"Mean"
35.7611547738694,9.08871005025126,0.28359151903622,"Mean"
35.8457537688442,9.08871005025126,0.277997703314165,"Mean"
35.9303527638191,9.08871005025126,0.314552686872064,"Mean"
36.014951758794,9.08871005025126,0.322474132663279,"Mean"
36.0995507537688,9.08871005025126,0.327207450155027,"Mean"
36.1841497487437,9.08871005025126,0.32941235199808,"Mean"
36.2687487437186,9.08871005025126,0.312462555394842,"Mean"
36.3533477386935,9.08871005025126,0.303659675356182,"Mean"
36.4379467336683,9.08871005025126,0.298242985566556,"Mean"
36.5225457286432,9.08871005025126,0.281324790359948,"Mean"
36.6071447236181,9.08871005025126,0.279345553678996,"Mean"
36.691743718593,9.08871005025126,0.273597643236009,"Mean"
36.7763427135678,9.08871005025126,0.211737232345394,"Mean"
36.8609417085427,9.08871005025126,0.21224198819619,"Mean"
36.9455407035176,9.08871005025126,0.290307171712491,"Mean"
37.0301396984925,9.08871005025126,0.307959556714142,"Mean"
37.1147386934673,9.08871005025126,0.276973351133797,"Mean"
37.1993376884422,9.08871005025126,0.27283332845394,"Mean"
37.2839366834171,9.08871005025126,0.305048753571788,"Mean"
37.368535678392,9.08871005025126,0.319064910685887,"Mean"
37.4531346733668,9.08871005025126,0.310678035250409,"Mean"
37.5377336683417,9.08871005025126,0.302562899001311,"Mean"
37.6223326633166,9.08871005025126,0.32018944236203,"Mean"
37.7069316582915,9.08871005025126,0.377953389194592,"Mean"
37.7915306532663,9.08871005025126,0.366429425901663,"Mean"
37.8761296482412,9.08871005025126,0.386620086839374,"Mean"
37.9607286432161,9.08871005025126,0.353232400832645,"Mean"
38.045327638191,9.08871005025126,0.363238823995899,"Mean"
38.1299266331658,9.08871005025126,0.372944117313306,"Mean"
38.2145256281407,9.08871005025126,0.388080626063944,"Mean"
38.2991246231156,9.08871005025126,0.397943947538552,"Mean"
38.3837236180904,9.08871005025126,0.411715216575128,"Mean"
38.4683226130653,9.08871005025126,0.424799107644803,"Mean"
38.5529216080402,9.08871005025126,0.412056504775315,"Mean"
38.6375206030151,9.08871005025126,0.430078687994996,"Mean"
38.72211959799,9.08871005025126,0.416250942839533,"Mean"
38.8067185929648,9.08871005025126,0.404030012523731,"Mean"
38.8913175879397,9.08871005025126,0.392560268721539,"Mean"
38.9759165829146,9.08871005025126,0.389911130503873,"Mean"
39.0605155778894,9.08871005025126,0.395110766881806,"Mean"
39.1451145728643,9.08871005025126,0.41647590978376,"Mean"
39.2297135678392,9.08871005025126,0.41395264520097,"Mean"
39.3143125628141,9.08871005025126,0.432933559720792,"Mean"
39.3989115577889,9.08871005025126,0.426326295269136,"Mean"
39.4835105527638,9.08871005025126,0.426985902399509,"Mean"
39.5681095477387,9.08871005025126,0.421069571895831,"Mean"
39.6527085427136,9.08871005025126,0.438313438039345,"Mean"
39.7373075376884,9.08871005025126,0.473215272994739,"Mean"
39.8219065326633,9.08871005025126,0.410310177019077,"Mean"
39.9065055276382,9.08871005025126,0.382698466775908,"Mean"
39.9911045226131,9.08871005025126,0.384714759618179,"Mean"
40.0757035175879,9.08871005025126,0.431947388520708,"Mean"
40.1603025125628,9.08871005025126,0.386093519728509,"Mean"
40.2449015075377,9.08871005025126,0.468259415186104,"Mean"
40.3295005025126,9.08871005025126,0.399894658195503,"Mean"
40.4140994974874,9.08871005025126,0.397902011541173,"Mean"
40.4986984924623,9.08871005025126,0.381609376810833,"Mean"
40.5832974874372,9.08871005025126,0.360955280837855,"Mean"
40.6678964824121,9.08871005025126,0.347754931179015,"Mean"
40.7524954773869,9.08871005025126,0.331052276320103,"Mean"
40.8370944723618,9.08871005025126,0.319563147115558,"Mean"
40.9216934673367,9.08871005025126,0.308663646531735,"Mean"
41.0062924623116,9.08871005025126,0.299825081392875,"Mean"
41.0908914572864,9.08871005025126,0.315870737000021,"Mean"
41.1754904522613,9.08871005025126,0.332924085985905,"Mean"
41.2600894472362,9.08871005025126,0.342854120592355,"Mean"
41.344688442211,9.08871005025126,0.350559553397883,"Mean"
41.4292874371859,9.08871005025126,0.350656365491512,"Mean"
41.5138864321608,9.08871005025126,0.342680187145645,"Mean"
41.5984854271357,9.08871005025126,0.340408200533537,"Mean"
41.6830844221106,9.08871005025126,0.347379492075221,"Mean"
41.7676834170854,9.08871005025126,0.353860841600813,"Mean"
41.8522824120603,9.08871005025126,0.357302207710119,"Mean"
41.9368814070352,9.08871005025126,0.372140079732301,"Mean"
42.02148040201,9.08871005025126,0.378975823343328,"Mean"
42.1060793969849,9.08871005025126,0.37600966459104,"Mean"
42.1906783919598,9.08871005025126,0.378969280988557,"Mean"
42.2752773869347,9.08871005025126,0.381705348737457,"Mean"
42.3598763819095,9.08871005025126,0.387305065178955,"Mean"
42.4444753768844,9.08871005025126,0.384828341493868,"Mean"
42.5290743718593,9.08871005025126,0.381240468314122,"Mean"
42.6136733668342,9.08871005025126,0.398938408352874,"Mean"
42.698272361809,9.08871005025126,0.354836163442174,"Mean"
42.7828713567839,9.08871005025126,0.346069906301012,"Mean"
42.8674703517588,9.08871005025126,0.357865326167139,"Mean"
42.9520693467337,9.08871005025126,0.395114024915353,"Mean"
43.0366683417085,9.08871005025126,0.403956165945192,"Mean"
43.1212673366834,9.08871005025126,0.400082516319485,"Mean"
43.2058663316583,9.08871005025126,0.401380289187706,"Mean"
43.2904653266332,9.08871005025126,0.407150720843574,"Mean"
43.375064321608,9.08871005025126,0.40665140079837,"Mean"
43.4596633165829,9.08871005025126,0.408217432964576,"Mean"
43.5442623115578,9.08871005025126,0.409376086201042,"Mean"
43.6288613065327,9.08871005025126,0.410915692909101,"Mean"
43.7134603015075,9.08871005025126,0.411273037238086,"Mean"
43.7980592964824,9.08871005025126,0.396512109833263,"Mean"
43.8826582914573,9.08871005025126,0.407571533274785,"Mean"
33.984575879397,9.15673668341709,0.597653466230983,"Mean"
34.0691748743719,9.15673668341709,0.593967779205001,"Mean"
34.1537738693467,9.15673668341709,0.536754145639039,"Mean"
34.2383728643216,9.15673668341709,0.502545230699374,"Mean"
34.3229718592965,9.15673668341709,0.484151184054965,"Mean"
34.4075708542714,9.15673668341709,0.45814353093192,"Mean"
34.4921698492462,9.15673668341709,0.439079647304078,"Mean"
34.5767688442211,9.15673668341709,0.389178236948243,"Mean"
34.661367839196,9.15673668341709,0.419592971489052,"Mean"
34.7459668341709,9.15673668341709,0.443306512633792,"Mean"
34.8305658291457,9.15673668341709,0.341044876876768,"Mean"
34.9151648241206,9.15673668341709,0.347458867334021,"Mean"
34.9997638190955,9.15673668341709,0.323641492467455,"Mean"
35.0843628140704,9.15673668341709,0.309835200067963,"Mean"
35.1689618090452,9.15673668341709,0.278186225376349,"Mean"
35.2535608040201,9.15673668341709,0.250620474413673,"Mean"
35.338159798995,9.15673668341709,0.248026833360644,"Mean"
35.4227587939698,9.15673668341709,0.248434504937674,"Mean"
35.5073577889447,9.15673668341709,0.272727554360399,"Mean"
35.5919567839196,9.15673668341709,0.263456838582573,"Mean"
35.6765557788945,9.15673668341709,0.2730317642781,"Mean"
35.7611547738694,9.15673668341709,0.273380013646197,"Mean"
35.8457537688442,9.15673668341709,0.282848395794128,"Mean"
35.9303527638191,9.15673668341709,0.31053435470137,"Mean"
36.014951758794,9.15673668341709,0.329315337930729,"Mean"
36.0995507537688,9.15673668341709,0.318400707049956,"Mean"
36.1841497487437,9.15673668341709,0.329838429754224,"Mean"
36.2687487437186,9.15673668341709,0.308988458595468,"Mean"
36.3533477386935,9.15673668341709,0.330011873341686,"Mean"
36.4379467336683,9.15673668341709,0.298254537351147,"Mean"
36.5225457286432,9.15673668341709,0.273710250366803,"Mean"
36.6071447236181,9.15673668341709,0.285342917174855,"Mean"
36.691743718593,9.15673668341709,0.285437160714425,"Mean"
36.7763427135678,9.15673668341709,0.219908872957012,"Mean"
36.8609417085427,9.15673668341709,0.213964320483381,"Mean"
36.9455407035176,9.15673668341709,0.286125748747146,"Mean"
37.0301396984925,9.15673668341709,0.280810220974809,"Mean"
37.1147386934673,9.15673668341709,0.2731273901499,"Mean"
37.1993376884422,9.15673668341709,0.277078865089858,"Mean"
37.2839366834171,9.15673668341709,0.304687716097431,"Mean"
37.368535678392,9.15673668341709,0.303165249220534,"Mean"
37.4531346733668,9.15673668341709,0.311921364651054,"Mean"
37.5377336683417,9.15673668341709,0.302316817286573,"Mean"
37.6223326633166,9.15673668341709,0.317363880951966,"Mean"
37.7069316582915,9.15673668341709,0.36821939417118,"Mean"
37.7915306532663,9.15673668341709,0.368803581335129,"Mean"
37.8761296482412,9.15673668341709,0.380772764268625,"Mean"
37.9607286432161,9.15673668341709,0.361265352479061,"Mean"
38.045327638191,9.15673668341709,0.358066258646616,"Mean"
38.1299266331658,9.15673668341709,0.370604293340083,"Mean"
38.2145256281407,9.15673668341709,0.439357999831928,"Mean"
38.2991246231156,9.15673668341709,0.407765417632789,"Mean"
38.3837236180904,9.15673668341709,0.401262389838871,"Mean"
38.4683226130653,9.15673668341709,0.409194914022053,"Mean"
38.5529216080402,9.15673668341709,0.413339341080462,"Mean"
38.6375206030151,9.15673668341709,0.431855697928867,"Mean"
38.72211959799,9.15673668341709,0.408213371272647,"Mean"
38.8067185929648,9.15673668341709,0.406491838841075,"Mean"
38.8913175879397,9.15673668341709,0.409917650424388,"Mean"
38.9759165829146,9.15673668341709,0.398616259854747,"Mean"
39.0605155778894,9.15673668341709,0.407932866231458,"Mean"
39.1451145728643,9.15673668341709,0.413728098481474,"Mean"
39.2297135678392,9.15673668341709,0.435697694456706,"Mean"
39.3143125628141,9.15673668341709,0.447013624389524,"Mean"
39.3989115577889,9.15673668341709,0.434821923037585,"Mean"
39.4835105527638,9.15673668341709,0.444396089132005,"Mean"
39.5681095477387,9.15673668341709,0.426020397967272,"Mean"
39.6527085427136,9.15673668341709,0.441691134697188,"Mean"
39.7373075376884,9.15673668341709,0.428861600667587,"Mean"
39.8219065326633,9.15673668341709,0.413116195886687,"Mean"
39.9065055276382,9.15673668341709,0.399021178188599,"Mean"
39.9911045226131,9.15673668341709,0.373538220732035,"Mean"
40.0757035175879,9.15673668341709,0.38482189124064,"Mean"
40.1603025125628,9.15673668341709,0.464885301900325,"Mean"
40.2449015075377,9.15673668341709,0.481683350170811,"Mean"
40.3295005025126,9.15673668341709,0.493174114594929,"Mean"
40.4140994974874,9.15673668341709,0.433132928868203,"Mean"
40.4986984924623,9.15673668341709,0.384927420519644,"Mean"
40.5832974874372,9.15673668341709,0.369231325473384,"Mean"
40.6678964824121,9.15673668341709,0.354615987027746,"Mean"
40.7524954773869,9.15673668341709,0.346563128758958,"Mean"
40.8370944723618,9.15673668341709,0.326640567290943,"Mean"
40.9216934673367,9.15673668341709,0.315964450929317,"Mean"
41.0062924623116,9.15673668341709,0.304864140336583,"Mean"
41.0908914572864,9.15673668341709,0.319122383108727,"Mean"
41.1754904522613,9.15673668341709,0.336481532911408,"Mean"
41.2600894472362,9.15673668341709,0.34630444924546,"Mean"
41.344688442211,9.15673668341709,0.355908202286379,"Mean"
41.4292874371859,9.15673668341709,0.354114543851229,"Mean"
41.5138864321608,9.15673668341709,0.351417459860234,"Mean"
41.5984854271357,9.15673668341709,0.346603543141834,"Mean"
41.6830844221106,9.15673668341709,0.353989229490598,"Mean"
41.7676834170854,9.15673668341709,0.36099706149487,"Mean"
41.8522824120603,9.15673668341709,0.360211225911539,"Mean"
41.9368814070352,9.15673668341709,0.37712850545146,"Mean"
42.02148040201,9.15673668341709,0.38130242415023,"Mean"
42.1060793969849,9.15673668341709,0.377912018971095,"Mean"
42.1906783919598,9.15673668341709,0.380126721056133,"Mean"
42.2752773869347,9.15673668341709,0.385027422821465,"Mean"
42.3598763819095,9.15673668341709,0.385284883902289,"Mean"
42.4444753768844,9.15673668341709,0.387481400657484,"Mean"
42.5290743718593,9.15673668341709,0.388214334395412,"Mean"
42.6136733668342,9.15673668341709,0.392606884041939,"Mean"
42.698272361809,9.15673668341709,0.351978152388261,"Mean"
42.7828713567839,9.15673668341709,0.366561057954636,"Mean"
42.8674703517588,9.15673668341709,0.35698564770968,"Mean"
42.9520693467337,9.15673668341709,0.399285861077484,"Mean"
43.0366683417085,9.15673668341709,0.396066012295226,"Mean"
43.1212673366834,9.15673668341709,0.399655845169182,"Mean"
43.2058663316583,9.15673668341709,0.402953668370735,"Mean"
43.2904653266332,9.15673668341709,0.399359866969186,"Mean"
43.375064321608,9.15673668341709,0.404627429103909,"Mean"
43.4596633165829,9.15673668341709,0.410354888640727,"Mean"
43.5442623115578,9.15673668341709,0.410808048175665,"Mean"
43.6288613065327,9.15673668341709,0.409456319623713,"Mean"
43.7134603015075,9.15673668341709,0.411539664869588,"Mean"
33.984575879397,9.22476331658291,0.599607465719591,"Mean"
34.0691748743719,9.22476331658291,0.600374371214297,"Mean"
34.1537738693467,9.22476331658291,0.560096457927221,"Mean"
34.2383728643216,9.22476331658291,0.525026891507426,"Mean"
34.3229718592965,9.22476331658291,0.493391135693192,"Mean"
34.4075708542714,9.22476331658291,0.470759683531705,"Mean"
34.4921698492462,9.22476331658291,0.471803108226467,"Mean"
34.5767688442211,9.22476331658291,0.400383929120485,"Mean"
34.661367839196,9.22476331658291,0.38448269181352,"Mean"
34.7459668341709,9.22476331658291,0.428671138161781,"Mean"
34.8305658291457,9.22476331658291,0.437801596288262,"Mean"
34.9151648241206,9.22476331658291,0.392158384215526,"Mean"
34.9997638190955,9.22476331658291,0.328920259910744,"Mean"
35.0843628140704,9.22476331658291,0.308888703124446,"Mean"
35.1689618090452,9.22476331658291,0.315244438223365,"Mean"
35.2535608040201,9.22476331658291,0.269250134742301,"Mean"
35.338159798995,9.22476331658291,0.247398886817668,"Mean"
35.4227587939698,9.22476331658291,0.25256977012245,"Mean"
35.5073577889447,9.22476331658291,0.264356551135493,"Mean"
35.5919567839196,9.22476331658291,0.272626906701226,"Mean"
35.6765557788945,9.22476331658291,0.28538563596838,"Mean"
35.7611547738694,9.22476331658291,0.277105255429451,"Mean"
35.8457537688442,9.22476331658291,0.287272588216308,"Mean"
35.9303527638191,9.22476331658291,0.301404399889266,"Mean"
36.014951758794,9.22476331658291,0.332409725172382,"Mean"
36.0995507537688,9.22476331658291,0.321171875356211,"Mean"
36.1841497487437,9.22476331658291,0.31181707300776,"Mean"
36.2687487437186,9.22476331658291,0.3155072084873,"Mean"
36.3533477386935,9.22476331658291,0.328442515218874,"Mean"
36.4379467336683,9.22476331658291,0.304222457976615,"Mean"
36.5225457286432,9.22476331658291,0.302225007247138,"Mean"
36.6071447236181,9.22476331658291,0.31592869765825,"Mean"
36.691743718593,9.22476331658291,0.30205002352449,"Mean"
36.7763427135678,9.22476331658291,0.233588074149293,"Mean"
36.8609417085427,9.22476331658291,0.256560804948254,"Mean"
36.9455407035176,9.22476331658291,0.299179931469926,"Mean"
37.0301396984925,9.22476331658291,0.297984752111905,"Mean"
37.1147386934673,9.22476331658291,0.279797168862735,"Mean"
37.1993376884422,9.22476331658291,0.289089881426179,"Mean"
37.2839366834171,9.22476331658291,0.28291225754156,"Mean"
37.368535678392,9.22476331658291,0.303993985651802,"Mean"
37.4531346733668,9.22476331658291,0.332561611315958,"Mean"
37.5377336683417,9.22476331658291,0.342428278434111,"Mean"
37.6223326633166,9.22476331658291,0.359301617026141,"Mean"
37.7069316582915,9.22476331658291,0.385731369547531,"Mean"
37.7915306532663,9.22476331658291,0.370081726919422,"Mean"
37.8761296482412,9.22476331658291,0.40086347096773,"Mean"
37.9607286432161,9.22476331658291,0.376549146876779,"Mean"
38.045327638191,9.22476331658291,0.353764873513528,"Mean"
38.1299266331658,9.22476331658291,0.337836601709873,"Mean"
38.2145256281407,9.22476331658291,0.375679718184913,"Mean"
38.2991246231156,9.22476331658291,0.391120734676695,"Mean"
38.3837236180904,9.22476331658291,0.406731520230125,"Mean"
38.4683226130653,9.22476331658291,0.40798298052047,"Mean"
38.5529216080402,9.22476331658291,0.42795804151095,"Mean"
38.6375206030151,9.22476331658291,0.453535412704857,"Mean"
38.72211959799,9.22476331658291,0.439178844248815,"Mean"
38.8067185929648,9.22476331658291,0.417444246338908,"Mean"
38.8913175879397,9.22476331658291,0.443730367762745,"Mean"
38.9759165829146,9.22476331658291,0.445307754605695,"Mean"
39.0605155778894,9.22476331658291,0.434543036986952,"Mean"
39.1451145728643,9.22476331658291,0.403941618743602,"Mean"
39.2297135678392,9.22476331658291,0.415161370020846,"Mean"
39.3143125628141,9.22476331658291,0.456819591289556,"Mean"
39.3989115577889,9.22476331658291,0.442003723305254,"Mean"
39.4835105527638,9.22476331658291,0.461594956061834,"Mean"
39.5681095477387,9.22476331658291,0.413665934623265,"Mean"
39.6527085427136,9.22476331658291,0.441358808478326,"Mean"
39.7373075376884,9.22476331658291,0.445926280013753,"Mean"
39.8219065326633,9.22476331658291,0.434911044157238,"Mean"
39.9065055276382,9.22476331658291,0.448939296478372,"Mean"
39.9911045226131,9.22476331658291,0.415954963740145,"Mean"
40.0757035175879,9.22476331658291,0.392639931455717,"Mean"
40.1603025125628,9.22476331658291,0.457653698828667,"Mean"
40.2449015075377,9.22476331658291,0.49488923113094,"Mean"
40.3295005025126,9.22476331658291,0.498793598733879,"Mean"
40.4140994974874,9.22476331658291,0.437432888056825,"Mean"
40.4986984924623,9.22476331658291,0.417015567674575,"Mean"
40.5832974874372,9.22476331658291,0.395045961433408,"Mean"
40.6678964824121,9.22476331658291,0.374372169923396,"Mean"
40.7524954773869,9.22476331658291,0.371916373324233,"Mean"
40.8370944723618,9.22476331658291,0.370708658829368,"Mean"
40.9216934673367,9.22476331658291,0.336057208837431,"Mean"
41.0062924623116,9.22476331658291,0.321287961674594,"Mean"
41.0908914572864,9.22476331658291,0.305917623714951,"Mean"
41.1754904522613,9.22476331658291,0.336344373228626,"Mean"
41.2600894472362,9.22476331658291,0.352129878502557,"Mean"
41.344688442211,9.22476331658291,0.340950989980634,"Mean"
41.4292874371859,9.22476331658291,0.339209117037308,"Mean"
41.5138864321608,9.22476331658291,0.342937902798524,"Mean"
41.5984854271357,9.22476331658291,0.352129505127492,"Mean"
41.6830844221106,9.22476331658291,0.350730020086838,"Mean"
41.7676834170854,9.22476331658291,0.360607283060101,"Mean"
41.8522824120603,9.22476331658291,0.371936360821195,"Mean"
41.9368814070352,9.22476331658291,0.377543130267806,"Mean"
42.02148040201,9.22476331658291,0.378364903840277,"Mean"
42.1060793969849,9.22476331658291,0.376507166329377,"Mean"
42.1906783919598,9.22476331658291,0.379168855798335,"Mean"
42.2752773869347,9.22476331658291,0.384675206182531,"Mean"
42.3598763819095,9.22476331658291,0.383958100521732,"Mean"
42.4444753768844,9.22476331658291,0.382614825087868,"Mean"
42.5290743718593,9.22476331658291,0.379972606062612,"Mean"
42.6136733668342,9.22476331658291,0.390216043640616,"Mean"
42.698272361809,9.22476331658291,0.386031192602326,"Mean"
42.7828713567839,9.22476331658291,0.369999079937291,"Mean"
42.8674703517588,9.22476331658291,0.386276985619657,"Mean"
42.9520693467337,9.22476331658291,0.408821144194584,"Mean"
43.0366683417085,9.22476331658291,0.404317542690094,"Mean"
43.1212673366834,9.22476331658291,0.401166738744948,"Mean"
43.2058663316583,9.22476331658291,0.408886368992812,"Mean"
43.2904653266332,9.22476331658291,0.410329311363988,"Mean"
43.375064321608,9.22476331658291,0.406593432388172,"Mean"
43.4596633165829,9.22476331658291,0.410860076805375,"Mean"
43.5442623115578,9.22476331658291,0.411361614741516,"Mean"
43.6288613065327,9.22476331658291,0.411929757306827,"Mean"
33.984575879397,9.29278994974874,0.611868270116334,"Mean"
34.0691748743719,9.29278994974874,0.581625830979551,"Mean"
34.1537738693467,9.29278994974874,0.546722828257915,"Mean"
34.2383728643216,9.29278994974874,0.523760216331206,"Mean"
34.3229718592965,9.29278994974874,0.49924483326775,"Mean"
34.4075708542714,9.29278994974874,0.487723165932618,"Mean"
34.4921698492462,9.29278994974874,0.458613367379207,"Mean"
34.5767688442211,9.29278994974874,0.407734795794908,"Mean"
34.661367839196,9.29278994974874,0.401694117583044,"Mean"
34.7459668341709,9.29278994974874,0.428756354714903,"Mean"
34.8305658291457,9.29278994974874,0.410092928147558,"Mean"
34.9151648241206,9.29278994974874,0.421437624636706,"Mean"
34.9997638190955,9.29278994974874,0.342038021441905,"Mean"
35.0843628140704,9.29278994974874,0.33086371480958,"Mean"
35.1689618090452,9.29278994974874,0.293674101347392,"Mean"
35.2535608040201,9.29278994974874,0.273024210328558,"Mean"
35.338159798995,9.29278994974874,0.270451738187998,"Mean"
35.4227587939698,9.29278994974874,0.28264873585082,"Mean"
35.5073577889447,9.29278994974874,0.270074503848371,"Mean"
35.5919567839196,9.29278994974874,0.269187865788174,"Mean"
35.6765557788945,9.29278994974874,0.275109247030321,"Mean"
35.7611547738694,9.29278994974874,0.290422976544888,"Mean"
35.8457537688442,9.29278994974874,0.304709005480623,"Mean"
35.9303527638191,9.29278994974874,0.335916176780153,"Mean"
36.014951758794,9.29278994974874,0.326654512107934,"Mean"
36.0995507537688,9.29278994974874,0.337912695753486,"Mean"
36.1841497487437,9.29278994974874,0.300991009310514,"Mean"
36.2687487437186,9.29278994974874,0.293772087236055,"Mean"
36.3533477386935,9.29278994974874,0.316758519159321,"Mean"
36.4379467336683,9.29278994974874,0.309974147597924,"Mean"
36.5225457286432,9.29278994974874,0.328672081804643,"Mean"
36.6071447236181,9.29278994974874,0.30126227362972,"Mean"
36.691743718593,9.29278994974874,0.309603105291436,"Mean"
36.7763427135678,9.29278994974874,0.301654165129436,"Mean"
36.8609417085427,9.29278994974874,0.322905512537185,"Mean"
36.9455407035176,9.29278994974874,0.317581806682541,"Mean"
37.0301396984925,9.29278994974874,0.292988374515519,"Mean"
37.1147386934673,9.29278994974874,0.324101769427182,"Mean"
37.1993376884422,9.29278994974874,0.353905310971266,"Mean"
37.2839366834171,9.29278994974874,0.325020559441393,"Mean"
37.368535678392,9.29278994974874,0.314480686465603,"Mean"
37.4531346733668,9.29278994974874,0.368024026073189,"Mean"
37.5377336683417,9.29278994974874,0.382656659061581,"Mean"
37.6223326633166,9.29278994974874,0.384004223391553,"Mean"
37.7069316582915,9.29278994974874,0.397283528071627,"Mean"
37.7915306532663,9.29278994974874,0.380066829359491,"Mean"
37.8761296482412,9.29278994974874,0.390824218182953,"Mean"
37.9607286432161,9.29278994974874,0.367781021779322,"Mean"
38.045327638191,9.29278994974874,0.348334472400755,"Mean"
38.1299266331658,9.29278994974874,0.359279744234817,"Mean"
38.2145256281407,9.29278994974874,0.394174984560636,"Mean"
38.2991246231156,9.29278994974874,0.381235888497137,"Mean"
38.3837236180904,9.29278994974874,0.396892648582662,"Mean"
38.4683226130653,9.29278994974874,0.412983846776173,"Mean"
38.5529216080402,9.29278994974874,0.460098288119324,"Mean"
38.6375206030151,9.29278994974874,0.446722783565986,"Mean"
38.72211959799,9.29278994974874,0.44365764108366,"Mean"
38.8067185929648,9.29278994974874,0.417772695655237,"Mean"
38.8913175879397,9.29278994974874,0.477762886457401,"Mean"
38.9759165829146,9.29278994974874,0.428869784581764,"Mean"
39.0605155778894,9.29278994974874,0.432854162942974,"Mean"
39.1451145728643,9.29278994974874,0.409667936115781,"Mean"
39.2297135678392,9.29278994974874,0.40844121147126,"Mean"
39.3143125628141,9.29278994974874,0.444978812613512,"Mean"
39.3989115577889,9.29278994974874,0.451687944285286,"Mean"
39.4835105527638,9.29278994974874,0.480670256412747,"Mean"
39.5681095477387,9.29278994974874,0.407390806094434,"Mean"
39.6527085427136,9.29278994974874,0.423512296317311,"Mean"
39.7373075376884,9.29278994974874,0.442884420474784,"Mean"
39.8219065326633,9.29278994974874,0.443788131236768,"Mean"
39.9065055276382,9.29278994974874,0.450686654534194,"Mean"
39.9911045226131,9.29278994974874,0.418509985316899,"Mean"
40.0757035175879,9.29278994974874,0.378924188796136,"Mean"
40.1603025125628,9.29278994974874,0.419722793412261,"Mean"
40.2449015075377,9.29278994974874,0.475245656782531,"Mean"
40.3295005025126,9.29278994974874,0.504380058169286,"Mean"
40.4140994974874,9.29278994974874,0.501292007473494,"Mean"
40.4986984924623,9.29278994974874,0.425201485441025,"Mean"
40.5832974874372,9.29278994974874,0.406006026057995,"Mean"
40.6678964824121,9.29278994974874,0.38900579897538,"Mean"
40.7524954773869,9.29278994974874,0.408102350784771,"Mean"
40.8370944723618,9.29278994974874,0.390251948180409,"Mean"
40.9216934673367,9.29278994974874,0.385297129787707,"Mean"
41.0062924623116,9.29278994974874,0.33958654334202,"Mean"
41.0908914572864,9.29278994974874,0.321674856008729,"Mean"
41.1754904522613,9.29278994974874,0.329914583445275,"Mean"
41.2600894472362,9.29278994974874,0.330261167136436,"Mean"
41.344688442211,9.29278994974874,0.327794131414642,"Mean"
41.4292874371859,9.29278994974874,0.335405186725873,"Mean"
41.5138864321608,9.29278994974874,0.339773187011316,"Mean"
41.5984854271357,9.29278994974874,0.34854166659215,"Mean"
41.6830844221106,9.29278994974874,0.338428174734226,"Mean"
41.7676834170854,9.29278994974874,0.345993958979323,"Mean"
41.8522824120603,9.29278994974874,0.365567280601546,"Mean"
41.9368814070352,9.29278994974874,0.378153583049859,"Mean"
42.02148040201,9.29278994974874,0.369846822746967,"Mean"
42.1060793969849,9.29278994974874,0.369788498541507,"Mean"
42.1906783919598,9.29278994974874,0.378996194219632,"Mean"
42.2752773869347,9.29278994974874,0.387176425626227,"Mean"
42.3598763819095,9.29278994974874,0.379705574173884,"Mean"
42.4444753768844,9.29278994974874,0.379311495353533,"Mean"
42.5290743718593,9.29278994974874,0.383148279029637,"Mean"
42.6136733668342,9.29278994974874,0.393785897093789,"Mean"
42.698272361809,9.29278994974874,0.404118625869593,"Mean"
42.7828713567839,9.29278994974874,0.400703729501317,"Mean"
42.8674703517588,9.29278994974874,0.39594530605094,"Mean"
42.9520693467337,9.29278994974874,0.398171248374732,"Mean"
43.0366683417085,9.29278994974874,0.399460549642185,"Mean"
43.1212673366834,9.29278994974874,0.397502510949489,"Mean"
43.2058663316583,9.29278994974874,0.410871579950979,"Mean"
43.2904653266332,9.29278994974874,0.412269972097279,"Mean"
43.375064321608,9.29278994974874,0.404138669188529,"Mean"
43.4596633165829,9.29278994974874,0.411734809616226,"Mean"
43.5442623115578,9.29278994974874,0.412546293735737,"Mean"
33.984575879397,9.36081658291457,0.610597281552195,"Mean"
34.0691748743719,9.36081658291457,0.59100897307284,"Mean"
34.1537738693467,9.36081658291457,0.550032623625621,"Mean"
34.2383728643216,9.36081658291457,0.530708674271699,"Mean"
34.3229718592965,9.36081658291457,0.513411159422811,"Mean"
34.4075708542714,9.36081658291457,0.500714950988917,"Mean"
34.4921698492462,9.36081658291457,0.443882051627269,"Mean"
34.5767688442211,9.36081658291457,0.413441085946993,"Mean"
34.661367839196,9.36081658291457,0.393584489509124,"Mean"
34.7459668341709,9.36081658291457,0.377062203490819,"Mean"
34.8305658291457,9.36081658291457,0.378896075857908,"Mean"
34.9151648241206,9.36081658291457,0.367663339648892,"Mean"
34.9997638190955,9.36081658291457,0.359839564180605,"Mean"
35.0843628140704,9.36081658291457,0.299532167125579,"Mean"
35.1689618090452,9.36081658291457,0.298336252059021,"Mean"
35.2535608040201,9.36081658291457,0.271271492265259,"Mean"
35.338159798995,9.36081658291457,0.262372095224348,"Mean"
35.4227587939698,9.36081658291457,0.265535516498366,"Mean"
35.5073577889447,9.36081658291457,0.272736357401429,"Mean"
35.5919567839196,9.36081658291457,0.273870575803909,"Mean"
35.6765557788945,9.36081658291457,0.279167972547763,"Mean"
35.7611547738694,9.36081658291457,0.321576744416824,"Mean"
35.8457537688442,9.36081658291457,0.318092195684744,"Mean"
35.9303527638191,9.36081658291457,0.325666153537128,"Mean"
36.014951758794,9.36081658291457,0.321998491439876,"Mean"
36.0995507537688,9.36081658291457,0.362382019709345,"Mean"
36.1841497487437,9.36081658291457,0.326043045294554,"Mean"
36.2687487437186,9.36081658291457,0.318483588866418,"Mean"
36.3533477386935,9.36081658291457,0.32078377929542,"Mean"
36.4379467336683,9.36081658291457,0.323130073349286,"Mean"
36.5225457286432,9.36081658291457,0.280578730719135,"Mean"
36.6071447236181,9.36081658291457,0.298687312190918,"Mean"
36.691743718593,9.36081658291457,0.293959534614285,"Mean"
36.7763427135678,9.36081658291457,0.33173127323176,"Mean"
36.8609417085427,9.36081658291457,0.34630473893902,"Mean"
36.9455407035176,9.36081658291457,0.356198683569122,"Mean"
37.0301396984925,9.36081658291457,0.336419091382581,"Mean"
37.1147386934673,9.36081658291457,0.353794387841408,"Mean"
37.1993376884422,9.36081658291457,0.3541739578262,"Mean"
37.2839366834171,9.36081658291457,0.346830364144584,"Mean"
37.368535678392,9.36081658291457,0.341455491551346,"Mean"
37.4531346733668,9.36081658291457,0.346060738092938,"Mean"
37.5377336683417,9.36081658291457,0.371328216253929,"Mean"
37.6223326633166,9.36081658291457,0.390262043395037,"Mean"
37.7069316582915,9.36081658291457,0.392463321102171,"Mean"
37.7915306532663,9.36081658291457,0.381076775533567,"Mean"
37.8761296482412,9.36081658291457,0.362713448028173,"Mean"
37.9607286432161,9.36081658291457,0.362845109578035,"Mean"
38.045327638191,9.36081658291457,0.349665480267771,"Mean"
38.1299266331658,9.36081658291457,0.404933603486146,"Mean"
38.2145256281407,9.36081658291457,0.388431373171248,"Mean"
38.2991246231156,9.36081658291457,0.370079607541541,"Mean"
38.3837236180904,9.36081658291457,0.409534689202387,"Mean"
38.4683226130653,9.36081658291457,0.422040826978593,"Mean"
38.5529216080402,9.36081658291457,0.432529394340047,"Mean"
38.6375206030151,9.36081658291457,0.4555324656294,"Mean"
38.72211959799,9.36081658291457,0.445397109240455,"Mean"
38.8067185929648,9.36081658291457,0.421558576686113,"Mean"
38.8913175879397,9.36081658291457,0.437082855758011,"Mean"
38.9759165829146,9.36081658291457,0.442147053427527,"Mean"
39.0605155778894,9.36081658291457,0.418835131353271,"Mean"
39.1451145728643,9.36081658291457,0.4429784003213,"Mean"
39.2297135678392,9.36081658291457,0.432365796395866,"Mean"
39.3143125628141,9.36081658291457,0.422714825088977,"Mean"
39.3989115577889,9.36081658291457,0.437760481146853,"Mean"
39.4835105527638,9.36081658291457,0.431906707498945,"Mean"
39.5681095477387,9.36081658291457,0.422056274913735,"Mean"
39.6527085427136,9.36081658291457,0.417403774679366,"Mean"
39.7373075376884,9.36081658291457,0.438813311700899,"Mean"
39.8219065326633,9.36081658291457,0.46035476635665,"Mean"
39.9065055276382,9.36081658291457,0.475433804842634,"Mean"
39.9911045226131,9.36081658291457,0.449256185333817,"Mean"
40.0757035175879,9.36081658291457,0.404762673755656,"Mean"
40.1603025125628,9.36081658291457,0.410621911935302,"Mean"
40.2449015075377,9.36081658291457,0.509902907884935,"Mean"
40.3295005025126,9.36081658291457,0.510754497186878,"Mean"
40.4140994974874,9.36081658291457,0.51098874941796,"Mean"
40.4986984924623,9.36081658291457,0.451481368030846,"Mean"
40.5832974874372,9.36081658291457,0.433765995840162,"Mean"
40.6678964824121,9.36081658291457,0.407472331486305,"Mean"
40.7524954773869,9.36081658291457,0.399171226819285,"Mean"
40.8370944723618,9.36081658291457,0.396084953013525,"Mean"
40.9216934673367,9.36081658291457,0.392295001568623,"Mean"
41.0062924623116,9.36081658291457,0.371372701132673,"Mean"
41.0908914572864,9.36081658291457,0.357367604028097,"Mean"
41.1754904522613,9.36081658291457,0.349224885080994,"Mean"
41.2600894472362,9.36081658291457,0.321046756745355,"Mean"
41.344688442211,9.36081658291457,0.326175828824538,"Mean"
41.4292874371859,9.36081658291457,0.323525060813012,"Mean"
41.5138864321608,9.36081658291457,0.323984517034534,"Mean"
41.5984854271357,9.36081658291457,0.330801065174448,"Mean"
41.6830844221106,9.36081658291457,0.321722170554437,"Mean"
41.7676834170854,9.36081658291457,0.308693092758335,"Mean"
41.8522824120603,9.36081658291457,0.310495253859024,"Mean"
41.9368814070352,9.36081658291457,0.363709706328266,"Mean"
42.02148040201,9.36081658291457,0.365639810496835,"Mean"
42.1060793969849,9.36081658291457,0.376140454664939,"Mean"
42.1906783919598,9.36081658291457,0.386401517827257,"Mean"
42.2752773869347,9.36081658291457,0.368433171250668,"Mean"
42.3598763819095,9.36081658291457,0.374078530003621,"Mean"
42.4444753768844,9.36081658291457,0.384340260954579,"Mean"
42.5290743718593,9.36081658291457,0.387653918972851,"Mean"
42.6136733668342,9.36081658291457,0.391971377114517,"Mean"
42.698272361809,9.36081658291457,0.395326633529238,"Mean"
42.7828713567839,9.36081658291457,0.394167032190571,"Mean"
42.8674703517588,9.36081658291457,0.408243381167546,"Mean"
42.9520693467337,9.36081658291457,0.404412201170523,"Mean"
43.0366683417085,9.36081658291457,0.394700598517924,"Mean"
43.1212673366834,9.36081658291457,0.396569782658163,"Mean"
43.2058663316583,9.36081658291457,0.408038952230946,"Mean"
43.2904653266332,9.36081658291457,0.412199740334645,"Mean"
43.375064321608,9.36081658291457,0.414737029743798,"Mean"
43.4596633165829,9.36081658291457,0.410618364153786,"Mean"
33.984575879397,9.4288432160804,0.599621930022139,"Mean"
34.0691748743719,9.4288432160804,0.579125087948025,"Mean"
34.1537738693467,9.4288432160804,0.560934704726331,"Mean"
34.2383728643216,9.4288432160804,0.542644378019048,"Mean"
34.3229718592965,9.4288432160804,0.575084537086677,"Mean"
34.4075708542714,9.4288432160804,0.492511137253458,"Mean"
34.4921698492462,9.4288432160804,0.456907919044467,"Mean"
34.5767688442211,9.4288432160804,0.432899179732656,"Mean"
34.661367839196,9.4288432160804,0.416944447138368,"Mean"
34.7459668341709,9.4288432160804,0.399329067882553,"Mean"
34.8305658291457,9.4288432160804,0.403751548048546,"Mean"
34.9151648241206,9.4288432160804,0.411686772327228,"Mean"
34.9997638190955,9.4288432160804,0.345275378414261,"Mean"
35.0843628140704,9.4288432160804,0.321512309931187,"Mean"
35.1689618090452,9.4288432160804,0.300236607154002,"Mean"
35.2535608040201,9.4288432160804,0.29316897296943,"Mean"
35.338159798995,9.4288432160804,0.253949956737517,"Mean"
35.4227587939698,9.4288432160804,0.252904239296964,"Mean"
35.5073577889447,9.4288432160804,0.265310638141963,"Mean"
35.5919567839196,9.4288432160804,0.274526935421258,"Mean"
35.6765557788945,9.4288432160804,0.303328212836735,"Mean"
35.7611547738694,9.4288432160804,0.321280626835767,"Mean"
35.8457537688442,9.4288432160804,0.313579657826673,"Mean"
35.9303527638191,9.4288432160804,0.31080495887236,"Mean"
36.014951758794,9.4288432160804,0.339046836026947,"Mean"
36.0995507537688,9.4288432160804,0.34333082014666,"Mean"
36.1841497487437,9.4288432160804,0.349920944032083,"Mean"
36.2687487437186,9.4288432160804,0.359749249765591,"Mean"
36.3533477386935,9.4288432160804,0.375744592168963,"Mean"
36.4379467336683,9.4288432160804,0.334641134018824,"Mean"
36.5225457286432,9.4288432160804,0.286131793755523,"Mean"
36.6071447236181,9.4288432160804,0.28294273280784,"Mean"
36.691743718593,9.4288432160804,0.30950585383265,"Mean"
36.7763427135678,9.4288432160804,0.324155769613954,"Mean"
36.8609417085427,9.4288432160804,0.359304667132615,"Mean"
36.9455407035176,9.4288432160804,0.354428009703302,"Mean"
37.0301396984925,9.4288432160804,0.352810739144752,"Mean"
37.1147386934673,9.4288432160804,0.353712392841389,"Mean"
37.1993376884422,9.4288432160804,0.487040458966935,"Mean"
37.2839366834171,9.4288432160804,0.342823965474903,"Mean"
37.368535678392,9.4288432160804,0.336474295592685,"Mean"
37.4531346733668,9.4288432160804,0.326191019301136,"Mean"
37.5377336683417,9.4288432160804,0.366989684962231,"Mean"
37.6223326633166,9.4288432160804,0.395588724901657,"Mean"
37.7069316582915,9.4288432160804,0.388785976897705,"Mean"
37.7915306532663,9.4288432160804,0.396592346249451,"Mean"
37.8761296482412,9.4288432160804,0.385822702029482,"Mean"
37.9607286432161,9.4288432160804,0.406331441713067,"Mean"
38.045327638191,9.4288432160804,0.390344293787794,"Mean"
38.1299266331658,9.4288432160804,0.428593877241679,"Mean"
38.2145256281407,9.4288432160804,0.393773008873617,"Mean"
38.2991246231156,9.4288432160804,0.377995433315718,"Mean"
38.3837236180904,9.4288432160804,0.39544125574991,"Mean"
38.4683226130653,9.4288432160804,0.45664212710066,"Mean"
38.5529216080402,9.4288432160804,0.431505063931768,"Mean"
38.6375206030151,9.4288432160804,0.44867490433927,"Mean"
38.72211959799,9.4288432160804,0.504766962954046,"Mean"
38.8067185929648,9.4288432160804,0.438414814341094,"Mean"
38.8913175879397,9.4288432160804,0.423356977560382,"Mean"
38.9759165829146,9.4288432160804,0.43929586382001,"Mean"
39.0605155778894,9.4288432160804,0.409161640046046,"Mean"
39.1451145728643,9.4288432160804,0.42590654921812,"Mean"
39.2297135678392,9.4288432160804,0.435511166317503,"Mean"
39.3143125628141,9.4288432160804,0.435157567503596,"Mean"
39.3989115577889,9.4288432160804,0.422759255960512,"Mean"
39.4835105527638,9.4288432160804,0.42935480092411,"Mean"
39.5681095477387,9.4288432160804,0.429863891292708,"Mean"
39.6527085427136,9.4288432160804,0.440591717333877,"Mean"
39.7373075376884,9.4288432160804,0.447256731397017,"Mean"
39.8219065326633,9.4288432160804,0.449953008689969,"Mean"
39.9065055276382,9.4288432160804,0.457141674334463,"Mean"
39.9911045226131,9.4288432160804,0.490861331011923,"Mean"
40.0757035175879,9.4288432160804,0.42852385856686,"Mean"
40.1603025125628,9.4288432160804,0.423415801854631,"Mean"
40.2449015075377,9.4288432160804,0.434661218902402,"Mean"
40.3295005025126,9.4288432160804,0.440075069818736,"Mean"
40.4140994974874,9.4288432160804,0.511746837547367,"Mean"
40.4986984924623,9.4288432160804,0.501841181213766,"Mean"
40.5832974874372,9.4288432160804,0.491468840828232,"Mean"
40.6678964824121,9.4288432160804,0.41290198686023,"Mean"
40.7524954773869,9.4288432160804,0.412921302864735,"Mean"
40.8370944723618,9.4288432160804,0.401920143936118,"Mean"
40.9216934673367,9.4288432160804,0.402323850689836,"Mean"
41.0062924623116,9.4288432160804,0.399986129338089,"Mean"
41.0908914572864,9.4288432160804,0.397778383729463,"Mean"
41.1754904522613,9.4288432160804,0.375585992256584,"Mean"
41.2600894472362,9.4288432160804,0.354827817402771,"Mean"
41.344688442211,9.4288432160804,0.35744630547062,"Mean"
41.4292874371859,9.4288432160804,0.363873871380596,"Mean"
41.5138864321608,9.4288432160804,0.350152859883669,"Mean"
41.5984854271357,9.4288432160804,0.345013691062071,"Mean"
41.6830844221106,9.4288432160804,0.351530000907025,"Mean"
41.7676834170854,9.4288432160804,0.327355625315526,"Mean"
41.8522824120603,9.4288432160804,0.329783801370632,"Mean"
41.9368814070352,9.4288432160804,0.370677459345933,"Mean"
42.02148040201,9.4288432160804,0.370702203948449,"Mean"
42.1060793969849,9.4288432160804,0.398599826227573,"Mean"
42.1906783919598,9.4288432160804,0.38108779577359,"Mean"
42.2752773869347,9.4288432160804,0.35134967651223,"Mean"
42.3598763819095,9.4288432160804,0.370656571525107,"Mean"
42.4444753768844,9.4288432160804,0.38402862524977,"Mean"
42.5290743718593,9.4288432160804,0.391984748454665,"Mean"
42.6136733668342,9.4288432160804,0.393537675202636,"Mean"
42.698272361809,9.4288432160804,0.414818976105152,"Mean"
42.7828713567839,9.4288432160804,0.399812119642496,"Mean"
42.8674703517588,9.4288432160804,0.396709058108059,"Mean"
42.9520693467337,9.4288432160804,0.394742447154916,"Mean"
43.0366683417085,9.4288432160804,0.400640047095049,"Mean"
43.1212673366834,9.4288432160804,0.404958595453967,"Mean"
43.2058663316583,9.4288432160804,0.41561627541396,"Mean"
43.2904653266332,9.4288432160804,0.415631673615696,"Mean"
43.375064321608,9.4288432160804,0.414429303656444,"Mean"
33.984575879397,9.49686984924623,0.613801334349439,"Mean"
34.0691748743719,9.49686984924623,0.589997738313428,"Mean"
34.1537738693467,9.49686984924623,0.564794965533499,"Mean"
34.2383728643216,9.49686984924623,0.573269511054299,"Mean"
34.3229718592965,9.49686984924623,0.524041528416264,"Mean"
34.4075708542714,9.49686984924623,0.500178495000785,"Mean"
34.4921698492462,9.49686984924623,0.473940902209111,"Mean"
34.5767688442211,9.49686984924623,0.440495214939067,"Mean"
34.661367839196,9.49686984924623,0.41333605483729,"Mean"
34.7459668341709,9.49686984924623,0.406109704847139,"Mean"
34.8305658291457,9.49686984924623,0.39546303524564,"Mean"
34.9151648241206,9.49686984924623,0.400236560169484,"Mean"
34.9997638190955,9.49686984924623,0.392761750150085,"Mean"
35.0843628140704,9.49686984924623,0.34045203139048,"Mean"
35.1689618090452,9.49686984924623,0.302434169463158,"Mean"
35.2535608040201,9.49686984924623,0.29488211264412,"Mean"
35.338159798995,9.49686984924623,0.270018310452011,"Mean"
35.4227587939698,9.49686984924623,0.266565071771343,"Mean"
35.5073577889447,9.49686984924623,0.265271142206324,"Mean"
35.5919567839196,9.49686984924623,0.282946806972926,"Mean"
35.6765557788945,9.49686984924623,0.288046878199804,"Mean"
35.7611547738694,9.49686984924623,0.305256094886044,"Mean"
35.8457537688442,9.49686984924623,0.341425983507553,"Mean"
35.9303527638191,9.49686984924623,0.320164636651934,"Mean"
36.014951758794,9.49686984924623,0.314382557337312,"Mean"
36.0995507537688,9.49686984924623,0.338423260029647,"Mean"
36.1841497487437,9.49686984924623,0.350494248752605,"Mean"
36.2687487437186,9.49686984924623,0.32112950416114,"Mean"
36.3533477386935,9.49686984924623,0.333324645857605,"Mean"
36.4379467336683,9.49686984924623,0.311881298616971,"Mean"
36.5225457286432,9.49686984924623,0.281783600292298,"Mean"
36.6071447236181,9.49686984924623,0.279619135488283,"Mean"
36.691743718593,9.49686984924623,0.318982887167948,"Mean"
36.7763427135678,9.49686984924623,0.336104138652749,"Mean"
36.8609417085427,9.49686984924623,0.356726796465482,"Mean"
36.9455407035176,9.49686984924623,0.353463821102296,"Mean"
37.0301396984925,9.49686984924623,0.336401924072142,"Mean"
37.1147386934673,9.49686984924623,0.351139159676313,"Mean"
37.1993376884422,9.49686984924623,0.538244186185416,"Mean"
37.2839366834171,9.49686984924623,0.346791299837314,"Mean"
37.368535678392,9.49686984924623,0.338717871545971,"Mean"
37.4531346733668,9.49686984924623,0.328161399461386,"Mean"
37.5377336683417,9.49686984924623,0.36598257117669,"Mean"
37.6223326633166,9.49686984924623,0.407787535593151,"Mean"
37.7069316582915,9.49686984924623,0.393230098576583,"Mean"
37.7915306532663,9.49686984924623,0.40177394669998,"Mean"
37.8761296482412,9.49686984924623,0.391148166760396,"Mean"
37.9607286432161,9.49686984924623,0.366575629266805,"Mean"
38.045327638191,9.49686984924623,0.388242312019752,"Mean"
38.1299266331658,9.49686984924623,0.423756193499765,"Mean"
38.2145256281407,9.49686984924623,0.391803687949103,"Mean"
38.2991246231156,9.49686984924623,0.360623367093213,"Mean"
38.3837236180904,9.49686984924623,0.393331794643618,"Mean"
38.4683226130653,9.49686984924623,0.456562396120947,"Mean"
38.5529216080402,9.49686984924623,0.448972518084607,"Mean"
38.6375206030151,9.49686984924623,0.44277112676997,"Mean"
38.72211959799,9.49686984924623,0.496588199898685,"Mean"
38.8067185929648,9.49686984924623,0.436412164552834,"Mean"
38.8913175879397,9.49686984924623,0.43219778772836,"Mean"
38.9759165829146,9.49686984924623,0.437243962012205,"Mean"
39.0605155778894,9.49686984924623,0.423063318526785,"Mean"
39.1451145728643,9.49686984924623,0.439292626815192,"Mean"
39.2297135678392,9.49686984924623,0.444254423615454,"Mean"
39.3143125628141,9.49686984924623,0.444296719773199,"Mean"
39.3989115577889,9.49686984924623,0.436527821169828,"Mean"
39.4835105527638,9.49686984924623,0.425657456972956,"Mean"
39.5681095477387,9.49686984924623,0.441729311888048,"Mean"
39.6527085427136,9.49686984924623,0.452231778856962,"Mean"
39.7373075376884,9.49686984924623,0.456048089035592,"Mean"
39.8219065326633,9.49686984924623,0.44925710801118,"Mean"
39.9065055276382,9.49686984924623,0.448992621307427,"Mean"
39.9911045226131,9.49686984924623,0.452659172464467,"Mean"
40.0757035175879,9.49686984924623,0.470973112557714,"Mean"
40.1603025125628,9.49686984924623,0.421668260306475,"Mean"
40.2449015075377,9.49686984924623,0.453514324081932,"Mean"
40.3295005025126,9.49686984924623,0.483312817549909,"Mean"
40.4140994974874,9.49686984924623,0.501673732258975,"Mean"
40.4986984924623,9.49686984924623,0.504660672516556,"Mean"
40.5832974874372,9.49686984924623,0.495150193666657,"Mean"
40.6678964824121,9.49686984924623,0.451575033087288,"Mean"
40.7524954773869,9.49686984924623,0.447530193579815,"Mean"
40.8370944723618,9.49686984924623,0.409504267894097,"Mean"
40.9216934673367,9.49686984924623,0.409986083926624,"Mean"
41.0062924623116,9.49686984924623,0.440162613387057,"Mean"
41.0908914572864,9.49686984924623,0.404371635306308,"Mean"
41.1754904522613,9.49686984924623,0.397770734499373,"Mean"
41.2600894472362,9.49686984924623,0.39328476316674,"Mean"
41.344688442211,9.49686984924623,0.362363710039786,"Mean"
41.4292874371859,9.49686984924623,0.367662137207471,"Mean"
41.5138864321608,9.49686984924623,0.354662609064035,"Mean"
41.5984854271357,9.49686984924623,0.349040587531111,"Mean"
41.6830844221106,9.49686984924623,0.353764476585472,"Mean"
41.7676834170854,9.49686984924623,0.329597099801325,"Mean"
41.8522824120603,9.49686984924623,0.337920107476793,"Mean"
41.9368814070352,9.49686984924623,0.374108047651172,"Mean"
42.02148040201,9.49686984924623,0.37474922754876,"Mean"
42.1060793969849,9.49686984924623,0.40124083204415,"Mean"
42.1906783919598,9.49686984924623,0.384475803850141,"Mean"
42.2752773869347,9.49686984924623,0.356590533249016,"Mean"
42.3598763819095,9.49686984924623,0.373182379772791,"Mean"
42.4444753768844,9.49686984924623,0.387074371523853,"Mean"
42.5290743718593,9.49686984924623,0.394594199766149,"Mean"
42.6136733668342,9.49686984924623,0.397261444289865,"Mean"
42.698272361809,9.49686984924623,0.403533318551609,"Mean"
42.7828713567839,9.49686984924623,0.4026482693788,"Mean"
42.8674703517588,9.49686984924623,0.397636114742393,"Mean"
42.9520693467337,9.49686984924623,0.398458068618657,"Mean"
43.0366683417085,9.49686984924623,0.398594691160368,"Mean"
43.1212673366834,9.49686984924623,0.403304906840887,"Mean"
43.2058663316583,9.49686984924623,0.418228426937063,"Mean"
43.2904653266332,9.49686984924623,0.416508376233641,"Mean"
33.984575879397,9.56489648241206,0.612838318531063,"Mean"
34.0691748743719,9.56489648241206,0.594587048618267,"Mean"
34.1537738693467,9.56489648241206,0.596212711366176,"Mean"
34.2383728643216,9.56489648241206,0.557770374252225,"Mean"
34.3229718592965,9.56489648241206,0.579392749047726,"Mean"
34.4075708542714,9.56489648241206,0.56864417827053,"Mean"
34.4921698492462,9.56489648241206,0.499917982446486,"Mean"
34.5767688442211,9.56489648241206,0.454547679635449,"Mean"
34.661367839196,9.56489648241206,0.44909906128223,"Mean"
34.7459668341709,9.56489648241206,0.470851977144068,"Mean"
34.8305658291457,9.56489648241206,0.43737627834544,"Mean"
34.9151648241206,9.56489648241206,0.39168866245682,"Mean"
34.9997638190955,9.56489648241206,0.377595814478366,"Mean"
35.0843628140704,9.56489648241206,0.337882530326862,"Mean"
35.1689618090452,9.56489648241206,0.317387162173439,"Mean"
35.2535608040201,9.56489648241206,0.318457830733911,"Mean"
35.338159798995,9.56489648241206,0.289322182872191,"Mean"
35.4227587939698,9.56489648241206,0.271635437547884,"Mean"
35.5073577889447,9.56489648241206,0.261854706641922,"Mean"
35.5919567839196,9.56489648241206,0.274494325961552,"Mean"
35.6765557788945,9.56489648241206,0.311464069223334,"Mean"
35.7611547738694,9.56489648241206,0.318960305513647,"Mean"
35.8457537688442,9.56489648241206,0.34221473628403,"Mean"
35.9303527638191,9.56489648241206,0.340452203932743,"Mean"
36.014951758794,9.56489648241206,0.341540124434597,"Mean"
36.0995507537688,9.56489648241206,0.321128680428214,"Mean"
36.1841497487437,9.56489648241206,0.370391772295411,"Mean"
36.2687487437186,9.56489648241206,0.358406290579981,"Mean"
36.3533477386935,9.56489648241206,0.364382224566255,"Mean"
36.4379467336683,9.56489648241206,0.296477563287543,"Mean"
36.5225457286432,9.56489648241206,0.293041579132274,"Mean"
36.6071447236181,9.56489648241206,0.293292346550239,"Mean"
36.691743718593,9.56489648241206,0.313265633764752,"Mean"
36.7763427135678,9.56489648241206,0.332682195395307,"Mean"
36.8609417085427,9.56489648241206,0.356804533040702,"Mean"
36.9455407035176,9.56489648241206,0.341688424558482,"Mean"
37.0301396984925,9.56489648241206,0.34109751408441,"Mean"
37.1147386934673,9.56489648241206,0.362167211158404,"Mean"
37.1993376884422,9.56489648241206,0.377660986128627,"Mean"
37.2839366834171,9.56489648241206,0.519636971458054,"Mean"
37.368535678392,9.56489648241206,0.337904942252809,"Mean"
37.4531346733668,9.56489648241206,0.341392353484734,"Mean"
37.5377336683417,9.56489648241206,0.356462144297286,"Mean"
37.6223326633166,9.56489648241206,0.406301963993902,"Mean"
37.7069316582915,9.56489648241206,0.371583949352961,"Mean"
37.7915306532663,9.56489648241206,0.350971773967237,"Mean"
37.8761296482412,9.56489648241206,0.36384265514877,"Mean"
37.9607286432161,9.56489648241206,0.358102617279072,"Mean"
38.045327638191,9.56489648241206,0.371686884605177,"Mean"
38.1299266331658,9.56489648241206,0.420526223935879,"Mean"
38.2145256281407,9.56489648241206,0.398751212855052,"Mean"
38.2991246231156,9.56489648241206,0.4044425436863,"Mean"
38.3837236180904,9.56489648241206,0.437793071813027,"Mean"
38.4683226130653,9.56489648241206,0.46118177255391,"Mean"
38.5529216080402,9.56489648241206,0.459967124385249,"Mean"
38.6375206030151,9.56489648241206,0.454701209473051,"Mean"
38.72211959799,9.56489648241206,0.444953666502293,"Mean"
38.8067185929648,9.56489648241206,0.417524716783309,"Mean"
38.8913175879397,9.56489648241206,0.421581772012589,"Mean"
38.9759165829146,9.56489648241206,0.448589363961391,"Mean"
39.0605155778894,9.56489648241206,0.443907504695057,"Mean"
39.1451145728643,9.56489648241206,0.444160397892893,"Mean"
39.2297135678392,9.56489648241206,0.443227422897393,"Mean"
39.3143125628141,9.56489648241206,0.441851028492988,"Mean"
39.3989115577889,9.56489648241206,0.436768238806657,"Mean"
39.4835105527638,9.56489648241206,0.422667747646424,"Mean"
39.5681095477387,9.56489648241206,0.43302027012827,"Mean"
39.6527085427136,9.56489648241206,0.477225411041191,"Mean"
39.7373075376884,9.56489648241206,0.447391123815355,"Mean"
39.8219065326633,9.56489648241206,0.438209475802462,"Mean"
39.9065055276382,9.56489648241206,0.461228102844321,"Mean"
39.9911045226131,9.56489648241206,0.446081691496395,"Mean"
40.0757035175879,9.56489648241206,0.478860262556928,"Mean"
40.1603025125628,9.56489648241206,0.450779650859898,"Mean"
40.2449015075377,9.56489648241206,0.444937593906089,"Mean"
40.3295005025126,9.56489648241206,0.439473766846728,"Mean"
40.4140994974874,9.56489648241206,0.50950832858197,"Mean"
40.4986984924623,9.56489648241206,0.513245659274073,"Mean"
40.5832974874372,9.56489648241206,0.474650666147709,"Mean"
40.6678964824121,9.56489648241206,0.450374952492391,"Mean"
40.7524954773869,9.56489648241206,0.484964477952458,"Mean"
40.8370944723618,9.56489648241206,0.420850124778957,"Mean"
40.9216934673367,9.56489648241206,0.420848694933455,"Mean"
41.0062924623116,9.56489648241206,0.472089331139046,"Mean"
41.0908914572864,9.56489648241206,0.466352283536938,"Mean"
41.1754904522613,9.56489648241206,0.429555577017254,"Mean"
41.2600894472362,9.56489648241206,0.433755053588919,"Mean"
41.344688442211,9.56489648241206,0.439482319998285,"Mean"
41.4292874371859,9.56489648241206,0.441743510443294,"Mean"
41.5138864321608,9.56489648241206,0.409530001834142,"Mean"
41.5984854271357,9.56489648241206,0.407154754912635,"Mean"
41.6830844221106,9.56489648241206,0.41062481065652,"Mean"
41.7676834170854,9.56489648241206,0.395772171262139,"Mean"
41.8522824120603,9.56489648241206,0.4097602082702,"Mean"
41.9368814070352,9.56489648241206,0.390027699758888,"Mean"
42.02148040201,9.56489648241206,0.390835686070518,"Mean"
42.1060793969849,9.56489648241206,0.39715784140913,"Mean"
42.1906783919598,9.56489648241206,0.404445616032733,"Mean"
42.2752773869347,9.56489648241206,0.373515681896159,"Mean"
42.3598763819095,9.56489648241206,0.374229361390393,"Mean"
42.4444753768844,9.56489648241206,0.394597178295405,"Mean"
42.5290743718593,9.56489648241206,0.396185786242068,"Mean"
42.6136733668342,9.56489648241206,0.400413120156508,"Mean"
42.698272361809,9.56489648241206,0.400566445045238,"Mean"
42.7828713567839,9.56489648241206,0.397669946028584,"Mean"
42.8674703517588,9.56489648241206,0.399293836455276,"Mean"
42.9520693467337,9.56489648241206,0.3975541512801,"Mean"
43.0366683417085,9.56489648241206,0.404306882619138,"Mean"
43.1212673366834,9.56489648241206,0.409066658910105,"Mean"
43.2058663316583,9.56489648241206,0.421618515619252,"Mean"
33.984575879397,9.63292311557789,0.625664801453627,"Mean"
34.0691748743719,9.63292311557789,0.61772246535636,"Mean"
34.1537738693467,9.63292311557789,0.584383023989094,"Mean"
34.2383728643216,9.63292311557789,0.572347414841711,"Mean"
34.3229718592965,9.63292311557789,0.561468298457988,"Mean"
34.4075708542714,9.63292311557789,0.558847674863584,"Mean"
34.4921698492462,9.63292311557789,0.519695434675917,"Mean"
34.5767688442211,9.63292311557789,0.471978537854351,"Mean"
34.661367839196,9.63292311557789,0.525522036505051,"Mean"
34.7459668341709,9.63292311557789,0.454765129220218,"Mean"
34.8305658291457,9.63292311557789,0.448711511929145,"Mean"
34.9151648241206,9.63292311557789,0.411118569271541,"Mean"
34.9997638190955,9.63292311557789,0.37440247518641,"Mean"
35.0843628140704,9.63292311557789,0.354758130215899,"Mean"
35.1689618090452,9.63292311557789,0.331694972013758,"Mean"
35.2535608040201,9.63292311557789,0.304218354001929,"Mean"
35.338159798995,9.63292311557789,0.291204844744235,"Mean"
35.4227587939698,9.63292311557789,0.266372493343278,"Mean"
35.5073577889447,9.63292311557789,0.279968746255701,"Mean"
35.5919567839196,9.63292311557789,0.292265962940047,"Mean"
35.6765557788945,9.63292311557789,0.302294654708569,"Mean"
35.7611547738694,9.63292311557789,0.337660768439309,"Mean"
35.8457537688442,9.63292311557789,0.312220721052082,"Mean"
35.9303527638191,9.63292311557789,0.324179975566592,"Mean"
36.014951758794,9.63292311557789,0.328444947319257,"Mean"
36.0995507537688,9.63292311557789,0.325646059184154,"Mean"
36.1841497487437,9.63292311557789,0.335261327574243,"Mean"
36.2687487437186,9.63292311557789,0.323210887152228,"Mean"
36.3533477386935,9.63292311557789,0.353739831041255,"Mean"
36.4379467336683,9.63292311557789,0.348014908301145,"Mean"
36.5225457286432,9.63292311557789,0.325008459015714,"Mean"
36.6071447236181,9.63292311557789,0.294252903900962,"Mean"
36.691743718593,9.63292311557789,0.313575236533785,"Mean"
36.7763427135678,9.63292311557789,0.334244917853885,"Mean"
36.8609417085427,9.63292311557789,0.355910984743887,"Mean"
36.9455407035176,9.63292311557789,0.334582187743457,"Mean"
37.0301396984925,9.63292311557789,0.366021043686353,"Mean"
37.1147386934673,9.63292311557789,0.362769876690025,"Mean"
37.1993376884422,9.63292311557789,0.360931791750971,"Mean"
37.2839366834171,9.63292311557789,0.339869054972985,"Mean"
37.368535678392,9.63292311557789,0.337540090448366,"Mean"
37.4531346733668,9.63292311557789,0.375548515210512,"Mean"
37.5377336683417,9.63292311557789,0.352735955508382,"Mean"
37.6223326633166,9.63292311557789,0.393078224261827,"Mean"
37.7069316582915,9.63292311557789,0.359207966441407,"Mean"
37.7915306532663,9.63292311557789,0.315498222155105,"Mean"
37.8761296482412,9.63292311557789,0.352996588909256,"Mean"
37.9607286432161,9.63292311557789,0.329782194280325,"Mean"
38.045327638191,9.63292311557789,0.373391182897099,"Mean"
38.1299266331658,9.63292311557789,0.425687535706344,"Mean"
38.2145256281407,9.63292311557789,0.42173702327793,"Mean"
38.2991246231156,9.63292311557789,0.410884697875669,"Mean"
38.3837236180904,9.63292311557789,0.437810241529803,"Mean"
38.4683226130653,9.63292311557789,0.463331903146772,"Mean"
38.5529216080402,9.63292311557789,0.439416158509747,"Mean"
38.6375206030151,9.63292311557789,0.418563608438152,"Mean"
38.72211959799,9.63292311557789,0.423186149148729,"Mean"
38.8067185929648,9.63292311557789,0.424492604452057,"Mean"
38.8913175879397,9.63292311557789,0.430828414969999,"Mean"
38.9759165829146,9.63292311557789,0.427183476392572,"Mean"
39.0605155778894,9.63292311557789,0.442801697324077,"Mean"
39.1451145728643,9.63292311557789,0.484248332968194,"Mean"
39.2297135678392,9.63292311557789,0.460221655903918,"Mean"
39.3143125628141,9.63292311557789,0.434540711981349,"Mean"
39.3989115577889,9.63292311557789,0.465563987265382,"Mean"
39.4835105527638,9.63292311557789,0.453377062739851,"Mean"
39.5681095477387,9.63292311557789,0.44708776081616,"Mean"
39.6527085427136,9.63292311557789,0.463054624071472,"Mean"
39.7373075376884,9.63292311557789,0.468222029842957,"Mean"
39.8219065326633,9.63292311557789,0.4500396321353,"Mean"
39.9065055276382,9.63292311557789,0.459050005308862,"Mean"
39.9911045226131,9.63292311557789,0.46932328238723,"Mean"
40.0757035175879,9.63292311557789,0.53363845004825,"Mean"
40.1603025125628,9.63292311557789,0.533046093823678,"Mean"
40.2449015075377,9.63292311557789,0.431323854939558,"Mean"
40.3295005025126,9.63292311557789,0.489125059579463,"Mean"
40.4140994974874,9.63292311557789,0.464494105334789,"Mean"
40.4986984924623,9.63292311557789,0.526951603287488,"Mean"
40.5832974874372,9.63292311557789,0.52196228653055,"Mean"
40.6678964824121,9.63292311557789,0.506709244352076,"Mean"
40.7524954773869,9.63292311557789,0.503422805989569,"Mean"
40.8370944723618,9.63292311557789,0.486430894813166,"Mean"
40.9216934673367,9.63292311557789,0.490204575386241,"Mean"
41.0062924623116,9.63292311557789,0.47970823607641,"Mean"
41.0908914572864,9.63292311557789,0.477524947110324,"Mean"
41.1754904522613,9.63292311557789,0.45877062100446,"Mean"
41.2600894472362,9.63292311557789,0.46019051007288,"Mean"
41.344688442211,9.63292311557789,0.455221049508942,"Mean"
41.4292874371859,9.63292311557789,0.455801726707198,"Mean"
41.5138864321608,9.63292311557789,0.441720121972951,"Mean"
41.5984854271357,9.63292311557789,0.446885548120067,"Mean"
41.6830844221106,9.63292311557789,0.437058848200432,"Mean"
41.7676834170854,9.63292311557789,0.411819382871032,"Mean"
41.8522824120603,9.63292311557789,0.402913854181159,"Mean"
41.9368814070352,9.63292311557789,0.404452024933372,"Mean"
42.02148040201,9.63292311557789,0.400154642249448,"Mean"
42.1060793969849,9.63292311557789,0.409930983330564,"Mean"
42.1906783919598,9.63292311557789,0.407088680933184,"Mean"
42.2752773869347,9.63292311557789,0.391165907208185,"Mean"
42.3598763819095,9.63292311557789,0.391505152069526,"Mean"
42.4444753768844,9.63292311557789,0.401593239499382,"Mean"
42.5290743718593,9.63292311557789,0.401789160582405,"Mean"
42.6136733668342,9.63292311557789,0.402565488450291,"Mean"
42.698272361809,9.63292311557789,0.402320687337784,"Mean"
42.7828713567839,9.63292311557789,0.400287827583225,"Mean"
42.8674703517588,9.63292311557789,0.399862450970166,"Mean"
42.9520693467337,9.63292311557789,0.402760417278296,"Mean"
43.0366683417085,9.63292311557789,0.399905093458914,"Mean"
43.1212673366834,9.63292311557789,0.40422891399076,"Mean"
43.2058663316583,9.63292311557789,0.411696984719466,"Mean"
34.0691748743719,9.70094974874372,0.62640954298853,"Mean"
34.1537738693467,9.70094974874372,0.616321019946185,"Mean"
34.2383728643216,9.70094974874372,0.591215877987948,"Mean"
34.3229718592965,9.70094974874372,0.560366762639115,"Mean"
34.4075708542714,9.70094974874372,0.543840046508648,"Mean"
34.4921698492462,9.70094974874372,0.561072600070392,"Mean"
34.5767688442211,9.70094974874372,0.543012142471382,"Mean"
34.661367839196,9.70094974874372,0.488263852021728,"Mean"
34.7459668341709,9.70094974874372,0.431572665226039,"Mean"
34.8305658291457,9.70094974874372,0.424351353097092,"Mean"
34.9151648241206,9.70094974874372,0.424269761154467,"Mean"
34.9997638190955,9.70094974874372,0.380710506362958,"Mean"
35.0843628140704,9.70094974874372,0.349384397202294,"Mean"
35.1689618090452,9.70094974874372,0.334248505786475,"Mean"
35.2535608040201,9.70094974874372,0.327209634177808,"Mean"
35.338159798995,9.70094974874372,0.312950127852536,"Mean"
35.4227587939698,9.70094974874372,0.310640758213158,"Mean"
35.5073577889447,9.70094974874372,0.305462164630379,"Mean"
35.5919567839196,9.70094974874372,0.305072024350482,"Mean"
35.6765557788945,9.70094974874372,0.31186607593291,"Mean"
35.7611547738694,9.70094974874372,0.314836950013526,"Mean"
35.8457537688442,9.70094974874372,0.317792556646201,"Mean"
35.9303527638191,9.70094974874372,0.333046572305687,"Mean"
36.014951758794,9.70094974874372,0.320263364519631,"Mean"
36.0995507537688,9.70094974874372,0.34613736497171,"Mean"
36.1841497487437,9.70094974874372,0.34462604027849,"Mean"
36.2687487437186,9.70094974874372,0.301179854847033,"Mean"
36.3533477386935,9.70094974874372,0.322561908890446,"Mean"
36.4379467336683,9.70094974874372,0.305447020647427,"Mean"
36.5225457286432,9.70094974874372,0.33160773509407,"Mean"
36.6071447236181,9.70094974874372,0.341424077003366,"Mean"
36.691743718593,9.70094974874372,0.330743983757551,"Mean"
36.7763427135678,9.70094974874372,0.331805590651713,"Mean"
36.8609417085427,9.70094974874372,0.3561666646994,"Mean"
36.9455407035176,9.70094974874372,0.344764420551058,"Mean"
37.0301396984925,9.70094974874372,0.341109026747157,"Mean"
37.1147386934673,9.70094974874372,0.353527510894502,"Mean"
37.1993376884422,9.70094974874372,0.514982744405345,"Mean"
37.2839366834171,9.70094974874372,0.338052162826442,"Mean"
37.368535678392,9.70094974874372,0.373224694588845,"Mean"
37.4531346733668,9.70094974874372,0.397272471300642,"Mean"
37.5377336683417,9.70094974874372,0.347428158007715,"Mean"
37.6223326633166,9.70094974874372,0.39506327603104,"Mean"
37.7069316582915,9.70094974874372,0.332280802868717,"Mean"
37.7915306532663,9.70094974874372,0.376714315018185,"Mean"
37.8761296482412,9.70094974874372,0.400092941841718,"Mean"
37.9607286432161,9.70094974874372,0.375337306866456,"Mean"
38.045327638191,9.70094974874372,0.397497324381584,"Mean"
38.1299266331658,9.70094974874372,0.425241162268304,"Mean"
38.2145256281407,9.70094974874372,0.423042634172684,"Mean"
38.2991246231156,9.70094974874372,0.429895974259574,"Mean"
38.3837236180904,9.70094974874372,0.410230063981919,"Mean"
38.4683226130653,9.70094974874372,0.438133869003833,"Mean"
38.5529216080402,9.70094974874372,0.412653213612526,"Mean"
38.6375206030151,9.70094974874372,0.417356716820752,"Mean"
38.72211959799,9.70094974874372,0.419682110929577,"Mean"
38.8067185929648,9.70094974874372,0.429646835232172,"Mean"
38.8913175879397,9.70094974874372,0.471636265998793,"Mean"
38.9759165829146,9.70094974874372,0.452178478745614,"Mean"
39.0605155778894,9.70094974874372,0.459475198111258,"Mean"
39.1451145728643,9.70094974874372,0.491596399826428,"Mean"
39.2297135678392,9.70094974874372,0.485278813582358,"Mean"
39.3143125628141,9.70094974874372,0.453790812823094,"Mean"
39.3989115577889,9.70094974874372,0.471020329001994,"Mean"
39.4835105527638,9.70094974874372,0.479256911037666,"Mean"
39.5681095477387,9.70094974874372,0.45755092084442,"Mean"
39.6527085427136,9.70094974874372,0.462074790562919,"Mean"
39.7373075376884,9.70094974874372,0.492753510327325,"Mean"
39.8219065326633,9.70094974874372,0.47504498504357,"Mean"
39.9065055276382,9.70094974874372,0.471072602884659,"Mean"
39.9911045226131,9.70094974874372,0.467828380305647,"Mean"
40.0757035175879,9.70094974874372,0.480555630290244,"Mean"
40.1603025125628,9.70094974874372,0.553558067078967,"Mean"
40.2449015075377,9.70094974874372,0.472528158499112,"Mean"
40.3295005025126,9.70094974874372,0.475975778536497,"Mean"
40.4140994974874,9.70094974874372,0.527247344730877,"Mean"
40.4986984924623,9.70094974874372,0.532349731569264,"Mean"
40.5832974874372,9.70094974874372,0.52205195808501,"Mean"
40.6678964824121,9.70094974874372,0.506295401333641,"Mean"
40.7524954773869,9.70094974874372,0.509655859135789,"Mean"
40.8370944723618,9.70094974874372,0.461065499384848,"Mean"
40.9216934673367,9.70094974874372,0.438406950565072,"Mean"
41.0062924623116,9.70094974874372,0.468074744148149,"Mean"
41.0908914572864,9.70094974874372,0.483495929945324,"Mean"
41.1754904522613,9.70094974874372,0.466126531710022,"Mean"
41.2600894472362,9.70094974874372,0.46593592949396,"Mean"
41.344688442211,9.70094974874372,0.462989057181334,"Mean"
41.4292874371859,9.70094974874372,0.453768063925685,"Mean"
41.5138864321608,9.70094974874372,0.455153436136856,"Mean"
41.5984854271357,9.70094974874372,0.445633913773853,"Mean"
41.6830844221106,9.70094974874372,0.42720671300747,"Mean"
41.7676834170854,9.70094974874372,0.432767798721833,"Mean"
41.8522824120603,9.70094974874372,0.411603057407628,"Mean"
41.9368814070352,9.70094974874372,0.438328523210526,"Mean"
42.02148040201,9.70094974874372,0.42028241879747,"Mean"
42.1060793969849,9.70094974874372,0.419424797368971,"Mean"
42.1906783919598,9.70094974874372,0.425807045283956,"Mean"
42.2752773869347,9.70094974874372,0.421058257261573,"Mean"
42.3598763819095,9.70094974874372,0.410872812509068,"Mean"
42.4444753768844,9.70094974874372,0.408942720302813,"Mean"
42.5290743718593,9.70094974874372,0.408400426521348,"Mean"
42.6136733668342,9.70094974874372,0.407239896107661,"Mean"
42.698272361809,9.70094974874372,0.404875898693207,"Mean"
42.7828713567839,9.70094974874372,0.401665977783355,"Mean"
42.8674703517588,9.70094974874372,0.403101263997568,"Mean"
42.9520693467337,9.70094974874372,0.403104440671847,"Mean"
43.0366683417085,9.70094974874372,0.405659633992463,"Mean"
43.1212673366834,9.70094974874372,0.413188812686857,"Mean"
34.0691748743719,9.76897638190955,0.625825499208291,"Mean"
34.1537738693467,9.76897638190955,0.593755067806136,"Mean"
34.2383728643216,9.76897638190955,0.593466243806923,"Mean"
34.3229718592965,9.76897638190955,0.574485891479946,"Mean"
34.4075708542714,9.76897638190955,0.555236101562815,"Mean"
34.4921698492462,9.76897638190955,0.536287288695725,"Mean"
34.5767688442211,9.76897638190955,0.562352118912041,"Mean"
34.661367839196,9.76897638190955,0.513475249882697,"Mean"
34.7459668341709,9.76897638190955,0.475821301074495,"Mean"
34.8305658291457,9.76897638190955,0.452309188410772,"Mean"
34.9151648241206,9.76897638190955,0.411606361834703,"Mean"
34.9997638190955,9.76897638190955,0.403362979085597,"Mean"
35.0843628140704,9.76897638190955,0.366275922753555,"Mean"
35.1689618090452,9.76897638190955,0.351966391035544,"Mean"
35.2535608040201,9.76897638190955,0.34832023775661,"Mean"
35.338159798995,9.76897638190955,0.339940207513327,"Mean"
35.4227587939698,9.76897638190955,0.38041746933961,"Mean"
35.5073577889447,9.76897638190955,0.341073040262282,"Mean"
35.5919567839196,9.76897638190955,0.342877777990118,"Mean"
35.6765557788945,9.76897638190955,0.297748765477656,"Mean"
35.7611547738694,9.76897638190955,0.300589047102066,"Mean"
35.8457537688442,9.76897638190955,0.310106798533952,"Mean"
35.9303527638191,9.76897638190955,0.310561256279883,"Mean"
36.014951758794,9.76897638190955,0.313347683088052,"Mean"
36.0995507537688,9.76897638190955,0.316527226356594,"Mean"
36.1841497487437,9.76897638190955,0.306902780141468,"Mean"
36.2687487437186,9.76897638190955,0.285833674616366,"Mean"
36.3533477386935,9.76897638190955,0.303658495972507,"Mean"
36.4379467336683,9.76897638190955,0.300775021912771,"Mean"
36.5225457286432,9.76897638190955,0.30786074932737,"Mean"
36.6071447236181,9.76897638190955,0.322598139203113,"Mean"
36.691743718593,9.76897638190955,0.335509736672685,"Mean"
36.7763427135678,9.76897638190955,0.327520452872415,"Mean"
36.8609417085427,9.76897638190955,0.346301974434523,"Mean"
36.9455407035176,9.76897638190955,0.355416010427195,"Mean"
37.0301396984925,9.76897638190955,0.316161052246496,"Mean"
37.1147386934673,9.76897638190955,0.332917120291117,"Mean"
37.1993376884422,9.76897638190955,0.364585099570917,"Mean"
37.2839366834171,9.76897638190955,0.382754931498041,"Mean"
37.368535678392,9.76897638190955,0.371259021760453,"Mean"
37.4531346733668,9.76897638190955,0.372796537219016,"Mean"
37.5377336683417,9.76897638190955,0.348805511592978,"Mean"
37.6223326633166,9.76897638190955,0.388229434396211,"Mean"
37.7069316582915,9.76897638190955,0.396245303775572,"Mean"
37.7915306532663,9.76897638190955,0.406023780376752,"Mean"
37.8761296482412,9.76897638190955,0.407046575182709,"Mean"
37.9607286432161,9.76897638190955,0.415083687788778,"Mean"
38.045327638191,9.76897638190955,0.434640247124922,"Mean"
38.1299266331658,9.76897638190955,0.431408595791628,"Mean"
38.2145256281407,9.76897638190955,0.42225432248574,"Mean"
38.2991246231156,9.76897638190955,0.379195033138966,"Mean"
38.3837236180904,9.76897638190955,0.392761139813295,"Mean"
38.4683226130653,9.76897638190955,0.38616113994958,"Mean"
38.5529216080402,9.76897638190955,0.403052768680523,"Mean"
38.6375206030151,9.76897638190955,0.418500024713681,"Mean"
38.72211959799,9.76897638190955,0.419773504000219,"Mean"
38.8067185929648,9.76897638190955,0.46225851303391,"Mean"
38.8913175879397,9.76897638190955,0.477052777317325,"Mean"
38.9759165829146,9.76897638190955,0.484514255412335,"Mean"
39.0605155778894,9.76897638190955,0.494620523215382,"Mean"
39.1451145728643,9.76897638190955,0.500262117257083,"Mean"
39.2297135678392,9.76897638190955,0.493886677929328,"Mean"
39.3143125628141,9.76897638190955,0.491796378639271,"Mean"
39.3989115577889,9.76897638190955,0.497148007944254,"Mean"
39.4835105527638,9.76897638190955,0.52455567305436,"Mean"
39.5681095477387,9.76897638190955,0.490646380128997,"Mean"
39.6527085427136,9.76897638190955,0.484572989446002,"Mean"
39.7373075376884,9.76897638190955,0.514637638387663,"Mean"
39.8219065326633,9.76897638190955,0.4731324157325,"Mean"
39.9065055276382,9.76897638190955,0.478435135204509,"Mean"
39.9911045226131,9.76897638190955,0.475225301408654,"Mean"
40.0757035175879,9.76897638190955,0.474390560523807,"Mean"
40.1603025125628,9.76897638190955,0.545502621234524,"Mean"
40.2449015075377,9.76897638190955,0.54092632966788,"Mean"
40.3295005025126,9.76897638190955,0.494415224914434,"Mean"
40.4140994974874,9.76897638190955,0.501329396740082,"Mean"
40.4986984924623,9.76897638190955,0.52294234810657,"Mean"
40.5832974874372,9.76897638190955,0.491654796415495,"Mean"
40.6678964824121,9.76897638190955,0.515326904868862,"Mean"
40.7524954773869,9.76897638190955,0.516217384553666,"Mean"
40.8370944723618,9.76897638190955,0.5076973450152,"Mean"
40.9216934673367,9.76897638190955,0.460049749815941,"Mean"
41.0062924623116,9.76897638190955,0.482786274350772,"Mean"
41.0908914572864,9.76897638190955,0.477035487575422,"Mean"
41.1754904522613,9.76897638190955,0.481405284820161,"Mean"
41.2600894472362,9.76897638190955,0.47159489876591,"Mean"
41.344688442211,9.76897638190955,0.471104403415731,"Mean"
41.4292874371859,9.76897638190955,0.45977137008191,"Mean"
41.5138864321608,9.76897638190955,0.438879761330046,"Mean"
41.5984854271357,9.76897638190955,0.435510670268807,"Mean"
41.6830844221106,9.76897638190955,0.434161375280433,"Mean"
41.7676834170854,9.76897638190955,0.438639696683636,"Mean"
41.8522824120603,9.76897638190955,0.429847281058235,"Mean"
41.9368814070352,9.76897638190955,0.444006154231848,"Mean"
42.02148040201,9.76897638190955,0.445123312508732,"Mean"
42.1060793969849,9.76897638190955,0.439424635403571,"Mean"
42.1906783919598,9.76897638190955,0.433307765099545,"Mean"
42.2752773869347,9.76897638190955,0.438733498048126,"Mean"
42.3598763819095,9.76897638190955,0.428869413462251,"Mean"
42.4444753768844,9.76897638190955,0.416116566131003,"Mean"
42.5290743718593,9.76897638190955,0.412448174318053,"Mean"
42.6136733668342,9.76897638190955,0.412492831607921,"Mean"
42.698272361809,9.76897638190955,0.413853510146067,"Mean"
42.7828713567839,9.76897638190955,0.407903238890466,"Mean"
42.8674703517588,9.76897638190955,0.406816806139734,"Mean"
42.9520693467337,9.76897638190955,0.406530552328739,"Mean"
43.0366683417085,9.76897638190955,0.405542159442907,"Mean"
43.1212673366834,9.76897638190955,0.40638384615325,"Mean"
34.0691748743719,9.83700301507538,0.635597898071657,"Mean"
34.1537738693467,9.83700301507538,0.61919576022261,"Mean"
34.2383728643216,9.83700301507538,0.620800124653928,"Mean"
34.3229718592965,9.83700301507538,0.589009720428619,"Mean"
34.4075708542714,9.83700301507538,0.621919960052225,"Mean"
34.4921698492462,9.83700301507538,0.545643953639272,"Mean"
34.5767688442211,9.83700301507538,0.573651264914599,"Mean"
34.661367839196,9.83700301507538,0.501165494462221,"Mean"
34.7459668341709,9.83700301507538,0.48774640235662,"Mean"
34.8305658291457,9.83700301507538,0.501670888608158,"Mean"
34.9151648241206,9.83700301507538,0.451788166901954,"Mean"
34.9997638190955,9.83700301507538,0.414744060433595,"Mean"
35.0843628140704,9.83700301507538,0.376173303566927,"Mean"
35.1689618090452,9.83700301507538,0.36228103937536,"Mean"
35.2535608040201,9.83700301507538,0.350308375296662,"Mean"
35.338159798995,9.83700301507538,0.348174796923746,"Mean"
35.4227587939698,9.83700301507538,0.362834952072942,"Mean"
35.5073577889447,9.83700301507538,0.338973900972543,"Mean"
35.5919567839196,9.83700301507538,0.329231446736846,"Mean"
35.6765557788945,9.83700301507538,0.291191415635897,"Mean"
35.7611547738694,9.83700301507538,0.306444593482679,"Mean"
35.8457537688442,9.83700301507538,0.316256165407449,"Mean"
35.9303527638191,9.83700301507538,0.310315848010031,"Mean"
36.014951758794,9.83700301507538,0.325604820159192,"Mean"
36.0995507537688,9.83700301507538,0.31208570709743,"Mean"
36.1841497487437,9.83700301507538,0.287831116234415,"Mean"
36.2687487437186,9.83700301507538,0.293735530925963,"Mean"
36.3533477386935,9.83700301507538,0.299594586248043,"Mean"
36.4379467336683,9.83700301507538,0.290148468060428,"Mean"
36.5225457286432,9.83700301507538,0.287594823420894,"Mean"
36.6071447236181,9.83700301507538,0.279871173991494,"Mean"
36.691743718593,9.83700301507538,0.296003228267777,"Mean"
36.7763427135678,9.83700301507538,0.329589046142582,"Mean"
36.8609417085427,9.83700301507538,0.335304906951288,"Mean"
36.9455407035176,9.83700301507538,0.360886677857418,"Mean"
37.0301396984925,9.83700301507538,0.310640000373663,"Mean"
37.1147386934673,9.83700301507538,0.326539881040683,"Mean"
37.1993376884422,9.83700301507538,0.37262983872273,"Mean"
37.2839366834171,9.83700301507538,0.395885193088452,"Mean"
37.368535678392,9.83700301507538,0.375127294684285,"Mean"
37.4531346733668,9.83700301507538,0.392428015278043,"Mean"
37.5377336683417,9.83700301507538,0.408110976817966,"Mean"
37.6223326633166,9.83700301507538,0.399889631865079,"Mean"
37.7069316582915,9.83700301507538,0.407918668986517,"Mean"
37.7915306532663,9.83700301507538,0.416202705856106,"Mean"
37.8761296482412,9.83700301507538,0.412487026215954,"Mean"
37.9607286432161,9.83700301507538,0.436724936226355,"Mean"
38.045327638191,9.83700301507538,0.449993915169951,"Mean"
38.1299266331658,9.83700301507538,0.43373076106182,"Mean"
38.2145256281407,9.83700301507538,0.393226115584467,"Mean"
38.2991246231156,9.83700301507538,0.381097627761391,"Mean"
38.3837236180904,9.83700301507538,0.382076969251605,"Mean"
38.4683226130653,9.83700301507538,0.404024803868459,"Mean"
38.5529216080402,9.83700301507538,0.397266258753878,"Mean"
38.6375206030151,9.83700301507538,0.42050575744076,"Mean"
38.72211959799,9.83700301507538,0.487198530304652,"Mean"
38.8067185929648,9.83700301507538,0.477834087549447,"Mean"
38.8913175879397,9.83700301507538,0.497112317071708,"Mean"
38.9759165829146,9.83700301507538,0.504826901654606,"Mean"
39.0605155778894,9.83700301507538,0.557441720514836,"Mean"
39.1451145728643,9.83700301507538,0.521180437152469,"Mean"
39.2297135678392,9.83700301507538,0.498791455771204,"Mean"
39.3143125628141,9.83700301507538,0.530814603797544,"Mean"
39.3989115577889,9.83700301507538,0.508880317477856,"Mean"
39.4835105527638,9.83700301507538,0.510122266845466,"Mean"
39.5681095477387,9.83700301507538,0.489566218670402,"Mean"
39.6527085427136,9.83700301507538,0.501708233277351,"Mean"
39.7373075376884,9.83700301507538,0.48856724980092,"Mean"
39.8219065326633,9.83700301507538,0.476260364294077,"Mean"
39.9065055276382,9.83700301507538,0.484835457183456,"Mean"
39.9911045226131,9.83700301507538,0.508175371070594,"Mean"
40.0757035175879,9.83700301507538,0.467492002608104,"Mean"
40.1603025125628,9.83700301507538,0.513086279123589,"Mean"
40.2449015075377,9.83700301507538,0.509847305988081,"Mean"
40.3295005025126,9.83700301507538,0.492243955463311,"Mean"
40.4140994974874,9.83700301507538,0.50527820170432,"Mean"
40.4986984924623,9.83700301507538,0.470523929049112,"Mean"
40.5832974874372,9.83700301507538,0.469143659135744,"Mean"
40.6678964824121,9.83700301507538,0.471171356965656,"Mean"
40.7524954773869,9.83700301507538,0.520607673072944,"Mean"
40.8370944723618,9.83700301507538,0.487181502558595,"Mean"
40.9216934673367,9.83700301507538,0.458414804224197,"Mean"
41.0062924623116,9.83700301507538,0.472286272510637,"Mean"
41.0908914572864,9.83700301507538,0.4708564695094,"Mean"
41.1754904522613,9.83700301507538,0.478959920625825,"Mean"
41.2600894472362,9.83700301507538,0.469420589799509,"Mean"
41.344688442211,9.83700301507538,0.469512580758485,"Mean"
41.4292874371859,9.83700301507538,0.469743606072762,"Mean"
41.5138864321608,9.83700301507538,0.463235103458987,"Mean"
41.5984854271357,9.83700301507538,0.46008011221101,"Mean"
41.6830844221106,9.83700301507538,0.457054021201092,"Mean"
41.7676834170854,9.83700301507538,0.45208619685585,"Mean"
41.8522824120603,9.83700301507538,0.452181885055732,"Mean"
41.9368814070352,9.83700301507538,0.447930926926063,"Mean"
42.02148040201,9.83700301507538,0.44790966970469,"Mean"
42.1060793969849,9.83700301507538,0.436646505451516,"Mean"
42.1906783919598,9.83700301507538,0.440483122429443,"Mean"
42.2752773869347,9.83700301507538,0.436862337901709,"Mean"
42.3598763819095,9.83700301507538,0.432586653912416,"Mean"
42.4444753768844,9.83700301507538,0.414939311305084,"Mean"
42.5290743718593,9.83700301507538,0.418100845891074,"Mean"
42.6136733668342,9.83700301507538,0.418349985832385,"Mean"
42.698272361809,9.83700301507538,0.416152637950266,"Mean"
42.7828713567839,9.83700301507538,0.411935466543434,"Mean"
42.8674703517588,9.83700301507538,0.409602877396969,"Mean"
42.9520693467337,9.83700301507538,0.40460378822215,"Mean"
43.0366683417085,9.83700301507538,0.39924989612891,"Mean"
34.0691748743719,9.9050296482412,0.671700865703864,"Mean"
34.1537738693467,9.9050296482412,0.665985742153805,"Mean"
34.2383728643216,9.9050296482412,0.649960509101731,"Mean"
34.3229718592965,9.9050296482412,0.606902698798421,"Mean"
34.4075708542714,9.9050296482412,0.564924245712465,"Mean"
34.4921698492462,9.9050296482412,0.555314504640164,"Mean"
34.5767688442211,9.9050296482412,0.57509800292988,"Mean"
34.661367839196,9.9050296482412,0.531633683929581,"Mean"
34.7459668341709,9.9050296482412,0.516612144247449,"Mean"
34.8305658291457,9.9050296482412,0.492624797576947,"Mean"
34.9151648241206,9.9050296482412,0.44845571311517,"Mean"
34.9997638190955,9.9050296482412,0.428392616814101,"Mean"
35.0843628140704,9.9050296482412,0.387906763890011,"Mean"
35.1689618090452,9.9050296482412,0.375968794961089,"Mean"
35.2535608040201,9.9050296482412,0.368803448723019,"Mean"
35.338159798995,9.9050296482412,0.389747498151646,"Mean"
35.4227587939698,9.9050296482412,0.361719111734333,"Mean"
35.5073577889447,9.9050296482412,0.342189287565426,"Mean"
35.5919567839196,9.9050296482412,0.311630333879107,"Mean"
35.6765557788945,9.9050296482412,0.304060325465308,"Mean"
35.7611547738694,9.9050296482412,0.299111005490994,"Mean"
35.8457537688442,9.9050296482412,0.303021688561966,"Mean"
35.9303527638191,9.9050296482412,0.306383985341842,"Mean"
36.014951758794,9.9050296482412,0.332510920132807,"Mean"
36.0995507537688,9.9050296482412,0.322998433817519,"Mean"
36.1841497487437,9.9050296482412,0.267816042400127,"Mean"
36.2687487437186,9.9050296482412,0.28701620699235,"Mean"
36.3533477386935,9.9050296482412,0.307791218982178,"Mean"
36.4379467336683,9.9050296482412,0.299505115630819,"Mean"
36.5225457286432,9.9050296482412,0.300087856075759,"Mean"
36.6071447236181,9.9050296482412,0.278590786520746,"Mean"
36.691743718593,9.9050296482412,0.296568031148238,"Mean"
36.7763427135678,9.9050296482412,0.331428625738782,"Mean"
36.8609417085427,9.9050296482412,0.342829881270918,"Mean"
36.9455407035176,9.9050296482412,0.342072760116872,"Mean"
37.0301396984925,9.9050296482412,0.300071741284509,"Mean"
37.1147386934673,9.9050296482412,0.318457073549126,"Mean"
37.1993376884422,9.9050296482412,0.353196119676537,"Mean"
37.2839366834171,9.9050296482412,0.405983090983258,"Mean"
37.368535678392,9.9050296482412,0.38044145573345,"Mean"
37.4531346733668,9.9050296482412,0.398193632243555,"Mean"
37.5377336683417,9.9050296482412,0.39005904110461,"Mean"
37.6223326633166,9.9050296482412,0.439027241981521,"Mean"
37.7069316582915,9.9050296482412,0.412058855429273,"Mean"
37.7915306532663,9.9050296482412,0.414840417863954,"Mean"
37.8761296482412,9.9050296482412,0.417131509447106,"Mean"
37.9607286432161,9.9050296482412,0.4166131937344,"Mean"
38.045327638191,9.9050296482412,0.431181627017634,"Mean"
38.1299266331658,9.9050296482412,0.419551105397881,"Mean"
38.2145256281407,9.9050296482412,0.386744446260479,"Mean"
38.2991246231156,9.9050296482412,0.382236275007616,"Mean"
38.3837236180904,9.9050296482412,0.384830994006077,"Mean"
38.4683226130653,9.9050296482412,0.402135626700899,"Mean"
38.5529216080402,9.9050296482412,0.398670452956769,"Mean"
38.6375206030151,9.9050296482412,0.425610257214238,"Mean"
38.72211959799,9.9050296482412,0.466235640835551,"Mean"
38.8067185929648,9.9050296482412,0.498142231647246,"Mean"
38.8913175879397,9.9050296482412,0.506029378042358,"Mean"
38.9759165829146,9.9050296482412,0.500425377665064,"Mean"
39.0605155778894,9.9050296482412,0.523929671613025,"Mean"
39.1451145728643,9.9050296482412,0.527352467918413,"Mean"
39.2297135678392,9.9050296482412,0.51429115642914,"Mean"
39.3143125628141,9.9050296482412,0.539533169440486,"Mean"
39.3989115577889,9.9050296482412,0.518795665385448,"Mean"
39.4835105527638,9.9050296482412,0.504734668656046,"Mean"
39.5681095477387,9.9050296482412,0.497389455848324,"Mean"
39.6527085427136,9.9050296482412,0.493219720920294,"Mean"
39.7373075376884,9.9050296482412,0.478443005988922,"Mean"
39.8219065326633,9.9050296482412,0.472786505935092,"Mean"
39.9065055276382,9.9050296482412,0.482360313572985,"Mean"
39.9911045226131,9.9050296482412,0.481264376841917,"Mean"
40.0757035175879,9.9050296482412,0.472670781636732,"Mean"
40.1603025125628,9.9050296482412,0.491751309143072,"Mean"
40.2449015075377,9.9050296482412,0.54062754235537,"Mean"
40.3295005025126,9.9050296482412,0.503599337306442,"Mean"
40.4140994974874,9.9050296482412,0.504477590745001,"Mean"
40.4986984924623,9.9050296482412,0.511645942184546,"Mean"
40.5832974874372,9.9050296482412,0.470560850824753,"Mean"
40.6678964824121,9.9050296482412,0.53928790180625,"Mean"
40.7524954773869,9.9050296482412,0.500055871565463,"Mean"
40.8370944723618,9.9050296482412,0.463228731723436,"Mean"
40.9216934673367,9.9050296482412,0.491171430040091,"Mean"
41.0062924623116,9.9050296482412,0.477458046702149,"Mean"
41.0908914572864,9.9050296482412,0.4931635105114,"Mean"
41.1754904522613,9.9050296482412,0.487524526559083,"Mean"
41.2600894472362,9.9050296482412,0.479185502008813,"Mean"
41.344688442211,9.9050296482412,0.466375286171308,"Mean"
41.4292874371859,9.9050296482412,0.461527600103168,"Mean"
41.5138864321608,9.9050296482412,0.46556167826249,"Mean"
41.5984854271357,9.9050296482412,0.46112386677932,"Mean"
41.6830844221106,9.9050296482412,0.462278207313408,"Mean"
41.7676834170854,9.9050296482412,0.458327089914773,"Mean"
41.8522824120603,9.9050296482412,0.45195983181022,"Mean"
41.9368814070352,9.9050296482412,0.450040995822952,"Mean"
42.02148040201,9.9050296482412,0.449930554944888,"Mean"
42.1060793969849,9.9050296482412,0.447205538856802,"Mean"
42.1906783919598,9.9050296482412,0.443639551706517,"Mean"
42.2752773869347,9.9050296482412,0.442535281552769,"Mean"
42.3598763819095,9.9050296482412,0.43334083618635,"Mean"
42.4444753768844,9.9050296482412,0.422759080986775,"Mean"
42.5290743718593,9.9050296482412,0.417238512186591,"Mean"
42.6136733668342,9.9050296482412,0.420464652874076,"Mean"
42.698272361809,9.9050296482412,0.418048954698271,"Mean"
42.7828713567839,9.9050296482412,0.408476792246691,"Mean"
42.8674703517588,9.9050296482412,0.402676519354956,"Mean"
42.9520693467337,9.9050296482412,0.411856138945153,"Mean"
34.1537738693467,9.97305628140703,0.65122600889576,"Mean"
34.2383728643216,9.97305628140703,0.65330922504449,"Mean"
34.3229718592965,9.97305628140703,0.605981475697425,"Mean"
34.4075708542714,9.97305628140703,0.577821703613604,"Mean"
34.4921698492462,9.97305628140703,0.565677235678568,"Mean"
34.5767688442211,9.97305628140703,0.564832240036198,"Mean"
34.661367839196,9.97305628140703,0.553520452958707,"Mean"
34.7459668341709,9.97305628140703,0.535429215066364,"Mean"
34.8305658291457,9.97305628140703,0.494393294369728,"Mean"
34.9151648241206,9.97305628140703,0.45625399507581,"Mean"
34.9997638190955,9.97305628140703,0.433827046960194,"Mean"
35.0843628140704,9.97305628140703,0.438975621027239,"Mean"
35.1689618090452,9.97305628140703,0.416965357833485,"Mean"
35.2535608040201,9.97305628140703,0.411478167191417,"Mean"
35.338159798995,9.97305628140703,0.388981149644344,"Mean"
35.4227587939698,9.97305628140703,0.365712745261149,"Mean"
35.5073577889447,9.97305628140703,0.341195244668618,"Mean"
35.5919567839196,9.97305628140703,0.330818339885139,"Mean"
35.6765557788945,9.97305628140703,0.312178209103569,"Mean"
35.7611547738694,9.97305628140703,0.300998137380062,"Mean"
35.8457537688442,9.97305628140703,0.304799010438806,"Mean"
35.9303527638191,9.97305628140703,0.319070029787243,"Mean"
36.014951758794,9.97305628140703,0.349283647953442,"Mean"
36.0995507537688,9.97305628140703,0.303494979036009,"Mean"
36.1841497487437,9.97305628140703,0.280745752175478,"Mean"
36.2687487437186,9.97305628140703,0.308218481679504,"Mean"
36.3533477386935,9.97305628140703,0.300905470548544,"Mean"
36.4379467336683,9.97305628140703,0.299837989983668,"Mean"
36.5225457286432,9.97305628140703,0.284060978827267,"Mean"
36.6071447236181,9.97305628140703,0.298086282855464,"Mean"
36.691743718593,9.97305628140703,0.298435475729417,"Mean"
36.7763427135678,9.97305628140703,0.297526820269684,"Mean"
36.8609417085427,9.97305628140703,0.291706725753299,"Mean"
36.9455407035176,9.97305628140703,0.3255485730937,"Mean"
37.0301396984925,9.97305628140703,0.293311346637863,"Mean"
37.1147386934673,9.97305628140703,0.317352655493273,"Mean"
37.1993376884422,9.97305628140703,0.363172735145565,"Mean"
37.2839366834171,9.97305628140703,0.397845914973302,"Mean"
37.368535678392,9.97305628140703,0.404816212809987,"Mean"
37.4531346733668,9.97305628140703,0.423405671537368,"Mean"
37.5377336683417,9.97305628140703,0.406545868884595,"Mean"
37.6223326633166,9.97305628140703,0.389622490082477,"Mean"
37.7069316582915,9.97305628140703,0.39542009050379,"Mean"
37.7915306532663,9.97305628140703,0.396275536218087,"Mean"
37.8761296482412,9.97305628140703,0.413797903489233,"Mean"
37.9607286432161,9.97305628140703,0.435736234860312,"Mean"
38.045327638191,9.97305628140703,0.444714719729316,"Mean"
38.1299266331658,9.97305628140703,0.425551557045127,"Mean"
38.2145256281407,9.97305628140703,0.394038999614963,"Mean"
38.2991246231156,9.97305628140703,0.375445871293531,"Mean"
38.3837236180904,9.97305628140703,0.403343694589962,"Mean"
38.4683226130653,9.97305628140703,0.41124954893944,"Mean"
38.5529216080402,9.97305628140703,0.410156821261733,"Mean"
38.6375206030151,9.97305628140703,0.440969552315715,"Mean"
38.72211959799,9.97305628140703,0.473283745263589,"Mean"
38.8067185929648,9.97305628140703,0.494032894494048,"Mean"
38.8913175879397,9.97305628140703,0.508930574580765,"Mean"
38.9759165829146,9.97305628140703,0.502729448606106,"Mean"
39.0605155778894,9.97305628140703,0.522865159659598,"Mean"
39.1451145728643,9.97305628140703,0.530544849164427,"Mean"
39.2297135678392,9.97305628140703,0.501740296956848,"Mean"
39.3143125628141,9.97305628140703,0.556796247587493,"Mean"
39.3989115577889,9.97305628140703,0.532801729261436,"Mean"
39.4835105527638,9.97305628140703,0.519571462854403,"Mean"
39.5681095477387,9.97305628140703,0.504074977399323,"Mean"
39.6527085427136,9.97305628140703,0.489267384247317,"Mean"
39.7373075376884,9.97305628140703,0.503274431383034,"Mean"
39.8219065326633,9.97305628140703,0.488245319388756,"Mean"
39.9065055276382,9.97305628140703,0.473691623466469,"Mean"
39.9911045226131,9.97305628140703,0.499028257106216,"Mean"
40.0757035175879,9.97305628140703,0.483188709248474,"Mean"
40.1603025125628,9.97305628140703,0.495408928191109,"Mean"
40.2449015075377,9.97305628140703,0.532922657830702,"Mean"
40.3295005025126,9.97305628140703,0.538175495333329,"Mean"
40.4140994974874,9.97305628140703,0.504426415862117,"Mean"
40.4986984924623,9.97305628140703,0.4961754936038,"Mean"
40.5832974874372,9.97305628140703,0.514638003284797,"Mean"
40.6678964824121,9.97305628140703,0.516326856460493,"Mean"
40.7524954773869,9.97305628140703,0.474575010045405,"Mean"
40.8370944723618,9.97305628140703,0.509739449860741,"Mean"
40.9216934673367,9.97305628140703,0.505871680574997,"Mean"
41.0062924623116,9.97305628140703,0.469256340625483,"Mean"
41.0908914572864,9.97305628140703,0.49958976635271,"Mean"
41.1754904522613,9.97305628140703,0.476715760607395,"Mean"
41.2600894472362,9.97305628140703,0.474441251764199,"Mean"
41.344688442211,9.97305628140703,0.458457770351784,"Mean"
41.4292874371859,9.97305628140703,0.472838751027609,"Mean"
41.5138864321608,9.97305628140703,0.467039640986813,"Mean"
41.5984854271357,9.97305628140703,0.465407664329241,"Mean"
41.6830844221106,9.97305628140703,0.451883800459637,"Mean"
41.7676834170854,9.97305628140703,0.461214741134694,"Mean"
41.8522824120603,9.97305628140703,0.45505895430794,"Mean"
41.9368814070352,9.97305628140703,0.45108743691109,"Mean"
42.02148040201,9.97305628140703,0.453461360133249,"Mean"
42.1060793969849,9.97305628140703,0.449777886975992,"Mean"
42.1906783919598,9.97305628140703,0.448135959306615,"Mean"
42.2752773869347,9.97305628140703,0.436789422349033,"Mean"
42.3598763819095,9.97305628140703,0.438800339008555,"Mean"
42.4444753768844,9.97305628140703,0.444681189815269,"Mean"
42.5290743718593,9.97305628140703,0.437259889379141,"Mean"
42.6136733668342,9.97305628140703,0.435230910121552,"Mean"
42.698272361809,9.97305628140703,0.420548871749485,"Mean"
42.7828713567839,9.97305628140703,0.41948675210658,"Mean"
42.8674703517588,9.97305628140703,0.409641259829144,"Mean"
42.9520693467337,9.97305628140703,0.39103427563741,"Mean"
34.1537738693467,10.0410829145729,0.661405971499641,"Mean"
34.2383728643216,10.0410829145729,0.63029815051337,"Mean"
34.3229718592965,10.0410829145729,0.627992898357506,"Mean"
34.4075708542714,10.0410829145729,0.635560280810592,"Mean"
34.4921698492462,10.0410829145729,0.574647915892871,"Mean"
34.5767688442211,10.0410829145729,0.550455613855793,"Mean"
34.661367839196,10.0410829145729,0.492313015117482,"Mean"
34.7459668341709,10.0410829145729,0.529938029880216,"Mean"
34.8305658291457,10.0410829145729,0.490500135442523,"Mean"
34.9151648241206,10.0410829145729,0.467658380271272,"Mean"
34.9997638190955,10.0410829145729,0.461401359423981,"Mean"
35.0843628140704,10.0410829145729,0.447486657556586,"Mean"
35.1689618090452,10.0410829145729,0.448550737657933,"Mean"
35.2535608040201,10.0410829145729,0.438652355956298,"Mean"
35.338159798995,10.0410829145729,0.387935794526754,"Mean"
35.4227587939698,10.0410829145729,0.362038519065029,"Mean"
35.5073577889447,10.0410829145729,0.354804008067239,"Mean"
35.5919567839196,10.0410829145729,0.342835047678388,"Mean"
35.6765557788945,10.0410829145729,0.318106971043461,"Mean"
35.7611547738694,10.0410829145729,0.305107600657774,"Mean"
35.8457537688442,10.0410829145729,0.306559909624909,"Mean"
35.9303527638191,10.0410829145729,0.312848103772299,"Mean"
36.014951758794,10.0410829145729,0.319080697656926,"Mean"
36.0995507537688,10.0410829145729,0.331899407197816,"Mean"
36.1841497487437,10.0410829145729,0.300893973209129,"Mean"
36.2687487437186,10.0410829145729,0.314970189976517,"Mean"
36.3533477386935,10.0410829145729,0.311124927686573,"Mean"
36.4379467336683,10.0410829145729,0.30229054005676,"Mean"
36.5225457286432,10.0410829145729,0.318413561605094,"Mean"
36.6071447236181,10.0410829145729,0.332240802181929,"Mean"
36.691743718593,10.0410829145729,0.304518407772957,"Mean"
36.7763427135678,10.0410829145729,0.319627976706285,"Mean"
36.8609417085427,10.0410829145729,0.305020424852661,"Mean"
36.9455407035176,10.0410829145729,0.318085378126134,"Mean"
37.0301396984925,10.0410829145729,0.313095688878405,"Mean"
37.1147386934673,10.0410829145729,0.351330000863053,"Mean"
37.1993376884422,10.0410829145729,0.383340307543454,"Mean"
37.2839366834171,10.0410829145729,0.399331846668706,"Mean"
37.368535678392,10.0410829145729,0.40388504887877,"Mean"
37.4531346733668,10.0410829145729,0.405527220558353,"Mean"
37.5377336683417,10.0410829145729,0.420833859711175,"Mean"
37.6223326633166,10.0410829145729,0.37884537926403,"Mean"
37.7069316582915,10.0410829145729,0.347628298113938,"Mean"
37.7915306532663,10.0410829145729,0.399072918171336,"Mean"
37.8761296482412,10.0410829145729,0.402114434600844,"Mean"
37.9607286432161,10.0410829145729,0.430303486427957,"Mean"
38.045327638191,10.0410829145729,0.42453440380494,"Mean"
38.1299266331658,10.0410829145729,0.454383681918823,"Mean"
38.2145256281407,10.0410829145729,0.401885457395148,"Mean"
38.2991246231156,10.0410829145729,0.405733883546815,"Mean"
38.3837236180904,10.0410829145729,0.43270732605065,"Mean"
38.4683226130653,10.0410829145729,0.435043706566235,"Mean"
38.5529216080402,10.0410829145729,0.456380831872821,"Mean"
38.6375206030151,10.0410829145729,0.467693897073612,"Mean"
38.72211959799,10.0410829145729,0.485448761945829,"Mean"
38.8067185929648,10.0410829145729,0.484161793990493,"Mean"
38.8913175879397,10.0410829145729,0.482927854544339,"Mean"
38.9759165829146,10.0410829145729,0.492893095113103,"Mean"
39.0605155778894,10.0410829145729,0.500994443192688,"Mean"
39.1451145728643,10.0410829145729,0.528947002229946,"Mean"
39.2297135678392,10.0410829145729,0.560095877195758,"Mean"
39.3143125628141,10.0410829145729,0.549949281349132,"Mean"
39.3989115577889,10.0410829145729,0.544564310255507,"Mean"
39.4835105527638,10.0410829145729,0.53933303808978,"Mean"
39.5681095477387,10.0410829145729,0.540549821248537,"Mean"
39.6527085427136,10.0410829145729,0.515372614642674,"Mean"
39.7373075376884,10.0410829145729,0.509693633178599,"Mean"
39.8219065326633,10.0410829145729,0.492487890432464,"Mean"
39.9065055276382,10.0410829145729,0.479978367136176,"Mean"
39.9911045226131,10.0410829145729,0.48069056166751,"Mean"
40.0757035175879,10.0410829145729,0.515289121466446,"Mean"
40.1603025125628,10.0410829145729,0.506295590831038,"Mean"
40.2449015075377,10.0410829145729,0.502923765840334,"Mean"
40.3295005025126,10.0410829145729,0.522017518010498,"Mean"
40.4140994974874,10.0410829145729,0.461823647883223,"Mean"
40.4986984924623,10.0410829145729,0.395718857133883,"Mean"
40.5832974874372,10.0410829145729,0.467542606062598,"Mean"
40.6678964824121,10.0410829145729,0.481797527040874,"Mean"
40.7524954773869,10.0410829145729,0.487754662994515,"Mean"
40.8370944723618,10.0410829145729,0.464290387254139,"Mean"
40.9216934673367,10.0410829145729,0.483012882609369,"Mean"
41.0062924623116,10.0410829145729,0.464504387802112,"Mean"
41.0908914572864,10.0410829145729,0.485210903366052,"Mean"
41.1754904522613,10.0410829145729,0.497489465638559,"Mean"
41.2600894472362,10.0410829145729,0.490005265886867,"Mean"
41.344688442211,10.0410829145729,0.43790186029358,"Mean"
41.4292874371859,10.0410829145729,0.456280511296298,"Mean"
41.5138864321608,10.0410829145729,0.466340957836523,"Mean"
41.5984854271357,10.0410829145729,0.47094937582062,"Mean"
41.6830844221106,10.0410829145729,0.467253456913495,"Mean"
41.7676834170854,10.0410829145729,0.448933059309828,"Mean"
41.8522824120603,10.0410829145729,0.462155024207095,"Mean"
41.9368814070352,10.0410829145729,0.447257861571399,"Mean"
42.02148040201,10.0410829145729,0.455326241395416,"Mean"
42.1060793969849,10.0410829145729,0.45063153421984,"Mean"
42.1906783919598,10.0410829145729,0.445585173920709,"Mean"
42.2752773869347,10.0410829145729,0.448035468505652,"Mean"
42.3598763819095,10.0410829145729,0.445985528174972,"Mean"
42.4444753768844,10.0410829145729,0.444066670700568,"Mean"
42.5290743718593,10.0410829145729,0.429093387066443,"Mean"
42.6136733668342,10.0410829145729,0.423662358032968,"Mean"
42.698272361809,10.0410829145729,0.417668986547939,"Mean"
42.7828713567839,10.0410829145729,0.392851910135522,"Mean"
42.8674703517588,10.0410829145729,0.385943812586522,"Mean"
34.1537738693467,10.1091095477387,0.685813425201604,"Mean"
34.2383728643216,10.1091095477387,0.657888040771488,"Mean"
34.3229718592965,10.1091095477387,0.646595085840395,"Mean"
34.4075708542714,10.1091095477387,0.602347501498655,"Mean"
34.4921698492462,10.1091095477387,0.591238153520543,"Mean"
34.5767688442211,10.1091095477387,0.52482184505857,"Mean"
34.661367839196,10.1091095477387,0.5505556021894,"Mean"
34.7459668341709,10.1091095477387,0.525889976591241,"Mean"
34.8305658291457,10.1091095477387,0.531627780655058,"Mean"
34.9151648241206,10.1091095477387,0.539157850917716,"Mean"
34.9997638190955,10.1091095477387,0.470589930599141,"Mean"
35.0843628140704,10.1091095477387,0.450894630852125,"Mean"
35.1689618090452,10.1091095477387,0.448161052911678,"Mean"
35.2535608040201,10.1091095477387,0.413593444572825,"Mean"
35.338159798995,10.1091095477387,0.393198672170136,"Mean"
35.4227587939698,10.1091095477387,0.416607278391452,"Mean"
35.5073577889447,10.1091095477387,0.358924838172613,"Mean"
35.5919567839196,10.1091095477387,0.329444786391653,"Mean"
35.6765557788945,10.1091095477387,0.333641108860768,"Mean"
35.7611547738694,10.1091095477387,0.312983971104776,"Mean"
35.8457537688442,10.1091095477387,0.302765014143016,"Mean"
35.9303527638191,10.1091095477387,0.298059124459589,"Mean"
36.014951758794,10.1091095477387,0.313264420795736,"Mean"
36.0995507537688,10.1091095477387,0.333830324816042,"Mean"
36.1841497487437,10.1091095477387,0.320495480881521,"Mean"
36.2687487437186,10.1091095477387,0.324737450656149,"Mean"
36.3533477386935,10.1091095477387,0.321194347830807,"Mean"
36.4379467336683,10.1091095477387,0.305183495033222,"Mean"
36.5225457286432,10.1091095477387,0.3214344264239,"Mean"
36.6071447236181,10.1091095477387,0.330355553735534,"Mean"
36.691743718593,10.1091095477387,0.328152409676565,"Mean"
36.7763427135678,10.1091095477387,0.343010109936837,"Mean"
36.8609417085427,10.1091095477387,0.3354364586152,"Mean"
36.9455407035176,10.1091095477387,0.314682221765228,"Mean"
37.0301396984925,10.1091095477387,0.345981285087849,"Mean"
37.1147386934673,10.1091095477387,0.364284199331364,"Mean"
37.1993376884422,10.1091095477387,0.40778087236418,"Mean"
37.2839366834171,10.1091095477387,0.393479699130055,"Mean"
37.368535678392,10.1091095477387,0.381280984033722,"Mean"
37.4531346733668,10.1091095477387,0.384555383083358,"Mean"
37.5377336683417,10.1091095477387,0.396377998283859,"Mean"
37.6223326633166,10.1091095477387,0.384540844936669,"Mean"
37.7069316582915,10.1091095477387,0.343303527590504,"Mean"
37.7915306532663,10.1091095477387,0.350851630000708,"Mean"
37.8761296482412,10.1091095477387,0.377652831734117,"Mean"
37.9607286432161,10.1091095477387,0.398052892447155,"Mean"
38.045327638191,10.1091095477387,0.406093179029453,"Mean"
38.1299266331658,10.1091095477387,0.405851595001044,"Mean"
38.2145256281407,10.1091095477387,0.425495461246858,"Mean"
38.2991246231156,10.1091095477387,0.441681961785526,"Mean"
38.3837236180904,10.1091095477387,0.445162044043704,"Mean"
38.4683226130653,10.1091095477387,0.411689412408809,"Mean"
38.5529216080402,10.1091095477387,0.422955735262256,"Mean"
38.6375206030151,10.1091095477387,0.440882624280117,"Mean"
38.72211959799,10.1091095477387,0.429616828597014,"Mean"
38.8067185929648,10.1091095477387,0.46012829985708,"Mean"
38.8913175879397,10.1091095477387,0.501174257322638,"Mean"
38.9759165829146,10.1091095477387,0.497963477573953,"Mean"
39.0605155778894,10.1091095477387,0.517475282458748,"Mean"
39.1451145728643,10.1091095477387,0.530517023851331,"Mean"
39.2297135678392,10.1091095477387,0.527112072279239,"Mean"
39.3143125628141,10.1091095477387,0.555891959537705,"Mean"
39.3989115577889,10.1091095477387,0.532328065482677,"Mean"
39.4835105527638,10.1091095477387,0.539373768837455,"Mean"
39.5681095477387,10.1091095477387,0.56942952957085,"Mean"
39.6527085427136,10.1091095477387,0.525283741441571,"Mean"
39.7373075376884,10.1091095477387,0.51427313668512,"Mean"
39.8219065326633,10.1091095477387,0.491917025305372,"Mean"
39.9065055276382,10.1091095477387,0.513113422385554,"Mean"
39.9911045226131,10.1091095477387,0.468856947592871,"Mean"
40.0757035175879,10.1091095477387,0.499275553353043,"Mean"
40.1603025125628,10.1091095477387,0.540935304375881,"Mean"
40.2449015075377,10.1091095477387,0.518221358499206,"Mean"
40.3295005025126,10.1091095477387,0.547791695645374,"Mean"
40.4140994974874,10.1091095477387,0.477708321953845,"Mean"
40.4986984924623,10.1091095477387,0.428105602730165,"Mean"
40.5832974874372,10.1091095477387,0.439761795979748,"Mean"
40.6678964824121,10.1091095477387,0.480318448288381,"Mean"
40.7524954773869,10.1091095477387,0.52561406406365,"Mean"
40.8370944723618,10.1091095477387,0.49992946964748,"Mean"
40.9216934673367,10.1091095477387,0.506576360719983,"Mean"
41.0062924623116,10.1091095477387,0.512698933975237,"Mean"
41.0908914572864,10.1091095477387,0.49267311047829,"Mean"
41.1754904522613,10.1091095477387,0.504249125921908,"Mean"
41.2600894472362,10.1091095477387,0.493115943994809,"Mean"
41.344688442211,10.1091095477387,0.49148217120613,"Mean"
41.4292874371859,10.1091095477387,0.453765401081661,"Mean"
41.5138864321608,10.1091095477387,0.477113068496347,"Mean"
41.5984854271357,10.1091095477387,0.472884748317409,"Mean"
41.6830844221106,10.1091095477387,0.471999758835938,"Mean"
41.7676834170854,10.1091095477387,0.462003508072262,"Mean"
41.8522824120603,10.1091095477387,0.445921457929039,"Mean"
41.9368814070352,10.1091095477387,0.444790861789855,"Mean"
42.02148040201,10.1091095477387,0.456326874415201,"Mean"
42.1060793969849,10.1091095477387,0.437485429486464,"Mean"
42.1906783919598,10.1091095477387,0.454222430395596,"Mean"
42.2752773869347,10.1091095477387,0.454357071871458,"Mean"
42.3598763819095,10.1091095477387,0.444818757452537,"Mean"
42.4444753768844,10.1091095477387,0.434675433221157,"Mean"
42.5290743718593,10.1091095477387,0.425637132682986,"Mean"
42.6136733668342,10.1091095477387,0.412136654104806,"Mean"
42.698272361809,10.1091095477387,0.388468074649014,"Mean"
42.7828713567839,10.1091095477387,0.381180636864479,"Mean"
42.8674703517588,10.1091095477387,0.376060667195576,"Mean"
34.1537738693467,10.1771361809045,0.680148371163544,"Mean"
34.2383728643216,10.1771361809045,0.64200036622157,"Mean"
34.3229718592965,10.1771361809045,0.61928127088416,"Mean"
34.4075708542714,10.1771361809045,0.623591878420111,"Mean"
34.4921698492462,10.1771361809045,0.603617823101352,"Mean"
34.5767688442211,10.1771361809045,0.626090180920104,"Mean"
34.661367839196,10.1771361809045,0.55220057265315,"Mean"
34.7459668341709,10.1771361809045,0.540210903523021,"Mean"
34.8305658291457,10.1771361809045,0.511230835324512,"Mean"
34.9151648241206,10.1771361809045,0.542233325347824,"Mean"
34.9997638190955,10.1771361809045,0.480998907538506,"Mean"
35.0843628140704,10.1771361809045,0.490462063792601,"Mean"
35.1689618090452,10.1771361809045,0.445907023918129,"Mean"
35.2535608040201,10.1771361809045,0.426812815009338,"Mean"
35.338159798995,10.1771361809045,0.414360924688788,"Mean"
35.4227587939698,10.1771361809045,0.383107337270578,"Mean"
35.5073577889447,10.1771361809045,0.361404886434714,"Mean"
35.5919567839196,10.1771361809045,0.343325125143354,"Mean"
35.6765557788945,10.1771361809045,0.33845496745518,"Mean"
35.7611547738694,10.1771361809045,0.31353923883569,"Mean"
35.8457537688442,10.1771361809045,0.297531660089135,"Mean"
35.9303527638191,10.1771361809045,0.30805876220365,"Mean"
36.014951758794,10.1771361809045,0.308406298835958,"Mean"
36.0995507537688,10.1771361809045,0.306919158826659,"Mean"
36.1841497487437,10.1771361809045,0.316160944340778,"Mean"
36.2687487437186,10.1771361809045,0.337499323674667,"Mean"
36.3533477386935,10.1771361809045,0.323807988675878,"Mean"
36.4379467336683,10.1771361809045,0.319432948512712,"Mean"
36.5225457286432,10.1771361809045,0.328540887899337,"Mean"
36.6071447236181,10.1771361809045,0.322362380682841,"Mean"
36.691743718593,10.1771361809045,0.32664641563678,"Mean"
36.7763427135678,10.1771361809045,0.338687420590442,"Mean"
36.8609417085427,10.1771361809045,0.358614100161695,"Mean"
36.9455407035176,10.1771361809045,0.346780183303534,"Mean"
37.0301396984925,10.1771361809045,0.363633219498676,"Mean"
37.1147386934673,10.1771361809045,0.363361677163504,"Mean"
37.1993376884422,10.1771361809045,0.392732115845588,"Mean"
37.2839366834171,10.1771361809045,0.361079349852214,"Mean"
37.368535678392,10.1771361809045,0.343778303179599,"Mean"
37.4531346733668,10.1771361809045,0.357642899759916,"Mean"
37.5377336683417,10.1771361809045,0.358533423938375,"Mean"
37.6223326633166,10.1771361809045,0.373625080853035,"Mean"
37.7069316582915,10.1771361809045,0.352055016886086,"Mean"
37.7915306532663,10.1771361809045,0.349517996963125,"Mean"
37.8761296482412,10.1771361809045,0.348682777604752,"Mean"
37.9607286432161,10.1771361809045,0.354009385362696,"Mean"
38.045327638191,10.1771361809045,0.375237872141868,"Mean"
38.1299266331658,10.1771361809045,0.382910613632808,"Mean"
38.2145256281407,10.1771361809045,0.414985412696689,"Mean"
38.2991246231156,10.1771361809045,0.451188864832863,"Mean"
38.3837236180904,10.1771361809045,0.456468329184772,"Mean"
38.4683226130653,10.1771361809045,0.452947529948482,"Mean"
38.5529216080402,10.1771361809045,0.421166433547485,"Mean"
38.6375206030151,10.1771361809045,0.413569145617348,"Mean"
38.72211959799,10.1771361809045,0.420229268878163,"Mean"
38.8067185929648,10.1771361809045,0.461440700807953,"Mean"
38.8913175879397,10.1771361809045,0.481411488966644,"Mean"
38.9759165829146,10.1771361809045,0.512794731935313,"Mean"
39.0605155778894,10.1771361809045,0.512252011819693,"Mean"
39.1451145728643,10.1771361809045,0.52537936974678,"Mean"
39.2297135678392,10.1771361809045,0.541347428893714,"Mean"
39.3143125628141,10.1771361809045,0.557259631216281,"Mean"
39.3989115577889,10.1771361809045,0.562685837637629,"Mean"
39.4835105527638,10.1771361809045,0.576492047825797,"Mean"
39.5681095477387,10.1771361809045,0.542066045127028,"Mean"
39.6527085427136,10.1771361809045,0.552187072815652,"Mean"
39.7373075376884,10.1771361809045,0.520693511379779,"Mean"
39.8219065326633,10.1771361809045,0.507231635359726,"Mean"
39.9065055276382,10.1771361809045,0.506909121749114,"Mean"
39.9911045226131,10.1771361809045,0.448658182867031,"Mean"
40.0757035175879,10.1771361809045,0.473490396590657,"Mean"
40.1603025125628,10.1771361809045,0.497243222225693,"Mean"
40.2449015075377,10.1771361809045,0.521206380040919,"Mean"
40.3295005025126,10.1771361809045,0.585076698628234,"Mean"
40.4140994974874,10.1771361809045,0.539679429172826,"Mean"
40.4986984924623,10.1771361809045,0.671448924311937,"Mean"
40.5832974874372,10.1771361809045,0.471164881747976,"Mean"
40.6678964824121,10.1771361809045,0.526924487388254,"Mean"
40.7524954773869,10.1771361809045,0.538842465436432,"Mean"
40.8370944723618,10.1771361809045,0.52712115630562,"Mean"
40.9216934673367,10.1771361809045,0.516254130793498,"Mean"
41.0062924623116,10.1771361809045,0.506329562753428,"Mean"
41.0908914572864,10.1771361809045,0.514574141373159,"Mean"
41.1754904522613,10.1771361809045,0.501512256988692,"Mean"
41.2600894472362,10.1771361809045,0.499313243006778,"Mean"
41.344688442211,10.1771361809045,0.489524616899163,"Mean"
41.4292874371859,10.1771361809045,0.485744950739307,"Mean"
41.5138864321608,10.1771361809045,0.481296873909962,"Mean"
41.5984854271357,10.1771361809045,0.477733045009763,"Mean"
41.6830844221106,10.1771361809045,0.46238720609537,"Mean"
41.7676834170854,10.1771361809045,0.466185672774043,"Mean"
41.8522824120603,10.1771361809045,0.443592626999103,"Mean"
41.9368814070352,10.1771361809045,0.434816050511862,"Mean"
42.02148040201,10.1771361809045,0.437959994411325,"Mean"
42.1060793969849,10.1771361809045,0.431540855822148,"Mean"
42.1906783919598,10.1771361809045,0.450037875817586,"Mean"
42.2752773869347,10.1771361809045,0.440496610880161,"Mean"
42.3598763819095,10.1771361809045,0.429363367181788,"Mean"
42.4444753768844,10.1771361809045,0.423584862545435,"Mean"
42.5290743718593,10.1771361809045,0.414040519721894,"Mean"
42.6136733668342,10.1771361809045,0.406518474418762,"Mean"
42.698272361809,10.1771361809045,0.394181367528363,"Mean"
42.7828713567839,10.1771361809045,0.382394794044174,"Mean"
34.1537738693467,10.2451628140704,0.71122910853909,"Mean"
34.2383728643216,10.2451628140704,0.647987112161882,"Mean"
34.3229718592965,10.2451628140704,0.655580647286217,"Mean"
34.4075708542714,10.2451628140704,0.624776141616511,"Mean"
34.4921698492462,10.2451628140704,0.603551288138767,"Mean"
34.5767688442211,10.2451628140704,0.591497761477313,"Mean"
34.661367839196,10.2451628140704,0.569307140878391,"Mean"
34.7459668341709,10.2451628140704,0.567796317660689,"Mean"
34.8305658291457,10.2451628140704,0.537596315850517,"Mean"
34.9151648241206,10.2451628140704,0.54239717510448,"Mean"
34.9997638190955,10.2451628140704,0.489987798682423,"Mean"
35.0843628140704,10.2451628140704,0.475085263228247,"Mean"
35.1689618090452,10.2451628140704,0.441657011877523,"Mean"
35.2535608040201,10.2451628140704,0.435102696749553,"Mean"
35.338159798995,10.2451628140704,0.405091568500918,"Mean"
35.4227587939698,10.2451628140704,0.383417580298846,"Mean"
35.5073577889447,10.2451628140704,0.361693583031068,"Mean"
35.5919567839196,10.2451628140704,0.342479461369549,"Mean"
35.6765557788945,10.2451628140704,0.349873894094527,"Mean"
35.7611547738694,10.2451628140704,0.323383498983365,"Mean"
35.8457537688442,10.2451628140704,0.30565744919163,"Mean"
35.9303527638191,10.2451628140704,0.307108489319777,"Mean"
36.014951758794,10.2451628140704,0.316191469714696,"Mean"
36.0995507537688,10.2451628140704,0.295115267016751,"Mean"
36.1841497487437,10.2451628140704,0.306685085006301,"Mean"
36.2687487437186,10.2451628140704,0.331740635606498,"Mean"
36.3533477386935,10.2451628140704,0.33125910893059,"Mean"
36.4379467336683,10.2451628140704,0.330828943018874,"Mean"
36.5225457286432,10.2451628140704,0.338958720345526,"Mean"
36.6071447236181,10.2451628140704,0.326381408942909,"Mean"
36.691743718593,10.2451628140704,0.343598311265269,"Mean"
36.7763427135678,10.2451628140704,0.346246376762823,"Mean"
36.8609417085427,10.2451628140704,0.365270465381491,"Mean"
36.9455407035176,10.2451628140704,0.349237199739196,"Mean"
37.0301396984925,10.2451628140704,0.391660704308833,"Mean"
37.1147386934673,10.2451628140704,0.392104414552992,"Mean"
37.1993376884422,10.2451628140704,0.421439907304509,"Mean"
37.2839366834171,10.2451628140704,0.360288024801974,"Mean"
37.368535678392,10.2451628140704,0.345000257532571,"Mean"
37.4531346733668,10.2451628140704,0.342431906129838,"Mean"
37.5377336683417,10.2451628140704,0.343581631676056,"Mean"
37.6223326633166,10.2451628140704,0.355149246443297,"Mean"
37.7069316582915,10.2451628140704,0.377855818118799,"Mean"
37.7915306532663,10.2451628140704,0.350434824690746,"Mean"
37.8761296482412,10.2451628140704,0.349859700663865,"Mean"
37.9607286432161,10.2451628140704,0.354348647166581,"Mean"
38.045327638191,10.2451628140704,0.363678738329163,"Mean"
38.1299266331658,10.2451628140704,0.385588583315491,"Mean"
38.2145256281407,10.2451628140704,0.411930860545145,"Mean"
38.2991246231156,10.2451628140704,0.44049370897617,"Mean"
38.3837236180904,10.2451628140704,0.459026197484353,"Mean"
38.4683226130653,10.2451628140704,0.465674568985176,"Mean"
38.5529216080402,10.2451628140704,0.429213621637716,"Mean"
38.6375206030151,10.2451628140704,0.412629847167709,"Mean"
38.72211959799,10.2451628140704,0.416539442905675,"Mean"
38.8067185929648,10.2451628140704,0.44277073972762,"Mean"
38.8913175879397,10.2451628140704,0.481884429239795,"Mean"
38.9759165829146,10.2451628140704,0.51656090537412,"Mean"
39.0605155778894,10.2451628140704,0.498400438166616,"Mean"
39.1451145728643,10.2451628140704,0.494292101887256,"Mean"
39.2297135678392,10.2451628140704,0.548847938778858,"Mean"
39.3143125628141,10.2451628140704,0.57460647239035,"Mean"
39.3989115577889,10.2451628140704,0.546720681338508,"Mean"
39.4835105527638,10.2451628140704,0.569760559547638,"Mean"
39.5681095477387,10.2451628140704,0.588655965088427,"Mean"
39.6527085427136,10.2451628140704,0.561077937607184,"Mean"
39.7373075376884,10.2451628140704,0.53153174933184,"Mean"
39.8219065326633,10.2451628140704,0.513755029284287,"Mean"
39.9065055276382,10.2451628140704,0.511170053282206,"Mean"
39.9911045226131,10.2451628140704,0.461460909256619,"Mean"
40.0757035175879,10.2451628140704,0.496089244267426,"Mean"
40.1603025125628,10.2451628140704,0.507735084504931,"Mean"
40.2449015075377,10.2451628140704,0.532987898555812,"Mean"
40.3295005025126,10.2451628140704,0.532528629491114,"Mean"
40.4140994974874,10.2451628140704,0.515771517592421,"Mean"
40.4986984924623,10.2451628140704,0.674479469834881,"Mean"
40.5832974874372,10.2451628140704,0.506629713165118,"Mean"
40.6678964824121,10.2451628140704,0.538172221999928,"Mean"
40.7524954773869,10.2451628140704,0.549436130579701,"Mean"
40.8370944723618,10.2451628140704,0.53022565882987,"Mean"
40.9216934673367,10.2451628140704,0.47957153334536,"Mean"
41.0062924623116,10.2451628140704,0.520534450402744,"Mean"
41.0908914572864,10.2451628140704,0.512112688878106,"Mean"
41.1754904522613,10.2451628140704,0.504606306036563,"Mean"
41.2600894472362,10.2451628140704,0.475637249230698,"Mean"
41.344688442211,10.2451628140704,0.483296822562246,"Mean"
41.4292874371859,10.2451628140704,0.488189646848751,"Mean"
41.5138864321608,10.2451628140704,0.486017915496525,"Mean"
41.5984854271357,10.2451628140704,0.480733189116477,"Mean"
41.6830844221106,10.2451628140704,0.477578350210488,"Mean"
41.7676834170854,10.2451628140704,0.440429746510236,"Mean"
41.8522824120603,10.2451628140704,0.459223153694475,"Mean"
41.9368814070352,10.2451628140704,0.467080974222873,"Mean"
42.02148040201,10.2451628140704,0.456059159857762,"Mean"
42.1060793969849,10.2451628140704,0.421878063642168,"Mean"
42.1906783919598,10.2451628140704,0.438978467342799,"Mean"
42.2752773869347,10.2451628140704,0.431533240879515,"Mean"
42.3598763819095,10.2451628140704,0.417074515494191,"Mean"
42.4444753768844,10.2451628140704,0.411981482500616,"Mean"
42.5290743718593,10.2451628140704,0.389464802486161,"Mean"
42.6136733668342,10.2451628140704,0.388456102769886,"Mean"
42.698272361809,10.2451628140704,0.382182683702299,"Mean"
34.2383728643216,10.3131894472362,0.654488052758254,"Mean"
34.3229718592965,10.3131894472362,0.656053664427401,"Mean"
34.4075708542714,10.3131894472362,0.630310776951225,"Mean"
34.4921698492462,10.3131894472362,0.594045964843694,"Mean"
34.5767688442211,10.3131894472362,0.594536171845725,"Mean"
34.661367839196,10.3131894472362,0.618629874780148,"Mean"
34.7459668341709,10.3131894472362,0.562210331506604,"Mean"
34.8305658291457,10.3131894472362,0.538483482259409,"Mean"
34.9151648241206,10.3131894472362,0.523899600500054,"Mean"
34.9997638190955,10.3131894472362,0.49303915790384,"Mean"
35.0843628140704,10.3131894472362,0.490004259650174,"Mean"
35.1689618090452,10.3131894472362,0.465510513341815,"Mean"
35.2535608040201,10.3131894472362,0.430415791233049,"Mean"
35.338159798995,10.3131894472362,0.417086670422435,"Mean"
35.4227587939698,10.3131894472362,0.408349590712933,"Mean"
35.5073577889447,10.3131894472362,0.37290584679664,"Mean"
35.5919567839196,10.3131894472362,0.357427300707268,"Mean"
35.6765557788945,10.3131894472362,0.349741772095923,"Mean"
35.7611547738694,10.3131894472362,0.33491808980494,"Mean"
35.8457537688442,10.3131894472362,0.31765367886562,"Mean"
35.9303527638191,10.3131894472362,0.311305838282217,"Mean"
36.014951758794,10.3131894472362,0.299463861907432,"Mean"
36.0995507537688,10.3131894472362,0.299004825732943,"Mean"
36.1841497487437,10.3131894472362,0.301717276136033,"Mean"
36.2687487437186,10.3131894472362,0.325784075841763,"Mean"
36.3533477386935,10.3131894472362,0.334046344788412,"Mean"
36.4379467336683,10.3131894472362,0.337540268630663,"Mean"
36.5225457286432,10.3131894472362,0.34522260416108,"Mean"
36.6071447236181,10.3131894472362,0.355479972498233,"Mean"
36.691743718593,10.3131894472362,0.358872179993263,"Mean"
36.7763427135678,10.3131894472362,0.353447949792603,"Mean"
36.8609417085427,10.3131894472362,0.376529465700439,"Mean"
36.9455407035176,10.3131894472362,0.404971502078116,"Mean"
37.0301396984925,10.3131894472362,0.365450665201375,"Mean"
37.1147386934673,10.3131894472362,0.393932746204996,"Mean"
37.1993376884422,10.3131894472362,0.369833328697065,"Mean"
37.2839366834171,10.3131894472362,0.34081614180022,"Mean"
37.368535678392,10.3131894472362,0.326212395613361,"Mean"
37.4531346733668,10.3131894472362,0.319039363549693,"Mean"
37.5377336683417,10.3131894472362,0.333020481055445,"Mean"
37.6223326633166,10.3131894472362,0.342721170466377,"Mean"
37.7069316582915,10.3131894472362,0.34221542249786,"Mean"
37.7915306532663,10.3131894472362,0.349391853604049,"Mean"
37.8761296482412,10.3131894472362,0.345687594385716,"Mean"
37.9607286432161,10.3131894472362,0.353659476286391,"Mean"
38.045327638191,10.3131894472362,0.364635360150258,"Mean"
38.1299266331658,10.3131894472362,0.369810722900015,"Mean"
38.2145256281407,10.3131894472362,0.394728708818051,"Mean"
38.2991246231156,10.3131894472362,0.437928295195705,"Mean"
38.3837236180904,10.3131894472362,0.460031429492426,"Mean"
38.4683226130653,10.3131894472362,0.497854555344346,"Mean"
38.5529216080402,10.3131894472362,0.418175576560395,"Mean"
38.6375206030151,10.3131894472362,0.423547021549498,"Mean"
38.72211959799,10.3131894472362,0.443518621557469,"Mean"
38.8067185929648,10.3131894472362,0.450572214235243,"Mean"
38.8913175879397,10.3131894472362,0.502715781575435,"Mean"
38.9759165829146,10.3131894472362,0.513415249359917,"Mean"
39.0605155778894,10.3131894472362,0.540403509865535,"Mean"
39.1451145728643,10.3131894472362,0.510273005544812,"Mean"
39.2297135678392,10.3131894472362,0.510378219717985,"Mean"
39.3143125628141,10.3131894472362,0.557426015389326,"Mean"
39.3989115577889,10.3131894472362,0.559108280613203,"Mean"
39.4835105527638,10.3131894472362,0.559117192034438,"Mean"
39.5681095477387,10.3131894472362,0.549512054273044,"Mean"
39.6527085427136,10.3131894472362,0.55878643263548,"Mean"
39.7373075376884,10.3131894472362,0.561218067612015,"Mean"
39.8219065326633,10.3131894472362,0.535848402114174,"Mean"
39.9065055276382,10.3131894472362,0.502188334029766,"Mean"
39.9911045226131,10.3131894472362,0.487901059341686,"Mean"
40.0757035175879,10.3131894472362,0.492114736717016,"Mean"
40.1603025125628,10.3131894472362,0.520328039252117,"Mean"
40.2449015075377,10.3131894472362,0.543805103683962,"Mean"
40.3295005025126,10.3131894472362,0.60533238767779,"Mean"
40.4140994974874,10.3131894472362,0.56942031963337,"Mean"
40.4986984924623,10.3131894472362,0.477681605567155,"Mean"
40.5832974874372,10.3131894472362,0.485180908918525,"Mean"
40.6678964824121,10.3131894472362,0.542160945398038,"Mean"
40.7524954773869,10.3131894472362,0.546472653198732,"Mean"
40.8370944723618,10.3131894472362,0.53123397354395,"Mean"
40.9216934673367,10.3131894472362,0.478377914816745,"Mean"
41.0062924623116,10.3131894472362,0.525914225237458,"Mean"
41.0908914572864,10.3131894472362,0.497724571259222,"Mean"
41.1754904522613,10.3131894472362,0.51053500750479,"Mean"
41.2600894472362,10.3131894472362,0.494214407624008,"Mean"
41.344688442211,10.3131894472362,0.502781159898963,"Mean"
41.4292874371859,10.3131894472362,0.499547001163577,"Mean"
41.5138864321608,10.3131894472362,0.492093293428427,"Mean"
41.5984854271357,10.3131894472362,0.48595945400949,"Mean"
41.6830844221106,10.3131894472362,0.46275377479768,"Mean"
41.7676834170854,10.3131894472362,0.442881920456888,"Mean"
41.8522824120603,10.3131894472362,0.473427982394081,"Mean"
41.9368814070352,10.3131894472362,0.459346917068886,"Mean"
42.02148040201,10.3131894472362,0.447110766385382,"Mean"
42.1060793969849,10.3131894472362,0.434563093592525,"Mean"
42.1906783919598,10.3131894472362,0.426994318352247,"Mean"
42.2752773869347,10.3131894472362,0.417532323937463,"Mean"
42.3598763819095,10.3131894472362,0.409584825873304,"Mean"
42.4444753768844,10.3131894472362,0.401039548812409,"Mean"
42.5290743718593,10.3131894472362,0.386527639725484,"Mean"
42.6136733668342,10.3131894472362,0.377905799272401,"Mean"
42.698272361809,10.3131894472362,0.375807614207011,"Mean"
34.2383728643216,10.381216080402,0.673287597248145,"Mean"
34.3229718592965,10.381216080402,0.683523579949745,"Mean"
34.4075708542714,10.381216080402,0.645413647044167,"Mean"
34.4921698492462,10.381216080402,0.610332402156067,"Mean"
34.5767688442211,10.381216080402,0.609846065168851,"Mean"
34.661367839196,10.381216080402,0.599345532922691,"Mean"
34.7459668341709,10.381216080402,0.571691066559177,"Mean"
34.8305658291457,10.381216080402,0.545087691306696,"Mean"
34.9151648241206,10.381216080402,0.531018797055772,"Mean"
34.9997638190955,10.381216080402,0.513544711246153,"Mean"
35.0843628140704,10.381216080402,0.498999286040561,"Mean"
35.1689618090452,10.381216080402,0.477870545144428,"Mean"
35.2535608040201,10.381216080402,0.443090515811892,"Mean"
35.338159798995,10.381216080402,0.436438766657342,"Mean"
35.4227587939698,10.381216080402,0.41678491514469,"Mean"
35.5073577889447,10.381216080402,0.38654757837004,"Mean"
35.5919567839196,10.381216080402,0.372910707716592,"Mean"
35.6765557788945,10.381216080402,0.366703742063028,"Mean"
35.7611547738694,10.381216080402,0.337344635944455,"Mean"
35.8457537688442,10.381216080402,0.325664379750316,"Mean"
35.9303527638191,10.381216080402,0.297688612420974,"Mean"
36.014951758794,10.381216080402,0.292795752171368,"Mean"
36.0995507537688,10.381216080402,0.280658406886258,"Mean"
36.1841497487437,10.381216080402,0.297612859674754,"Mean"
36.2687487437186,10.381216080402,0.325731550697473,"Mean"
36.3533477386935,10.381216080402,0.333342281242803,"Mean"
36.4379467336683,10.381216080402,0.326577824774551,"Mean"
36.5225457286432,10.381216080402,0.347464030272304,"Mean"
36.6071447236181,10.381216080402,0.351039133995828,"Mean"
36.691743718593,10.381216080402,0.386503130943357,"Mean"
36.7763427135678,10.381216080402,0.366856958838953,"Mean"
36.8609417085427,10.381216080402,0.373625939419943,"Mean"
36.9455407035176,10.381216080402,0.37331201364335,"Mean"
37.0301396984925,10.381216080402,0.337808682880316,"Mean"
37.1147386934673,10.381216080402,0.370921147692973,"Mean"
37.1993376884422,10.381216080402,0.352423996840363,"Mean"
37.2839366834171,10.381216080402,0.35200399469211,"Mean"
37.368535678392,10.381216080402,0.330298768367899,"Mean"
37.4531346733668,10.381216080402,0.328618242326811,"Mean"
37.5377336683417,10.381216080402,0.32131754227515,"Mean"
37.6223326633166,10.381216080402,0.333957274376746,"Mean"
37.7069316582915,10.381216080402,0.330073388708219,"Mean"
37.7915306532663,10.381216080402,0.351408106378791,"Mean"
37.8761296482412,10.381216080402,0.365957560698705,"Mean"
37.9607286432161,10.381216080402,0.352556595552523,"Mean"
38.045327638191,10.381216080402,0.378922278652413,"Mean"
38.1299266331658,10.381216080402,0.371566462028307,"Mean"
38.2145256281407,10.381216080402,0.384876057015356,"Mean"
38.2991246231156,10.381216080402,0.413553489239913,"Mean"
38.3837236180904,10.381216080402,0.472771187886163,"Mean"
38.4683226130653,10.381216080402,0.473389228244903,"Mean"
38.5529216080402,10.381216080402,0.463560364190936,"Mean"
38.6375206030151,10.381216080402,0.450780993393973,"Mean"
38.72211959799,10.381216080402,0.463826303899456,"Mean"
38.8067185929648,10.381216080402,0.476771415825544,"Mean"
38.8913175879397,10.381216080402,0.481433089647436,"Mean"
38.9759165829146,10.381216080402,0.524569444223384,"Mean"
39.0605155778894,10.381216080402,0.511780085555233,"Mean"
39.1451145728643,10.381216080402,0.508843844938367,"Mean"
39.2297135678392,10.381216080402,0.505976059613255,"Mean"
39.3143125628141,10.381216080402,0.504218567391253,"Mean"
39.3989115577889,10.381216080402,0.535534051560537,"Mean"
39.4835105527638,10.381216080402,0.569188867735021,"Mean"
39.5681095477387,10.381216080402,0.562352579427746,"Mean"
39.6527085427136,10.381216080402,0.563778755748548,"Mean"
39.7373075376884,10.381216080402,0.57208934116593,"Mean"
39.8219065326633,10.381216080402,0.540879670365267,"Mean"
39.9065055276382,10.381216080402,0.510302354483816,"Mean"
39.9911045226131,10.381216080402,0.520642385003088,"Mean"
40.0757035175879,10.381216080402,0.538323725737288,"Mean"
40.1603025125628,10.381216080402,0.547175651702653,"Mean"
40.2449015075377,10.381216080402,0.57655916635818,"Mean"
40.3295005025126,10.381216080402,0.618731803044638,"Mean"
40.4140994974874,10.381216080402,0.582099187014171,"Mean"
40.4986984924623,10.381216080402,0.504228448509522,"Mean"
40.5832974874372,10.381216080402,0.539862587738332,"Mean"
40.6678964824121,10.381216080402,0.552880564571911,"Mean"
40.7524954773869,10.381216080402,0.555576714572388,"Mean"
40.8370944723618,10.381216080402,0.550684755660579,"Mean"
40.9216934673367,10.381216080402,0.548284152725785,"Mean"
41.0062924623116,10.381216080402,0.528311478595854,"Mean"
41.0908914572864,10.381216080402,0.486779127446684,"Mean"
41.1754904522613,10.381216080402,0.514843842238743,"Mean"
41.2600894472362,10.381216080402,0.502391283090439,"Mean"
41.344688442211,10.381216080402,0.507829700582934,"Mean"
41.4292874371859,10.381216080402,0.501711579367399,"Mean"
41.5138864321608,10.381216080402,0.496225604086761,"Mean"
41.5984854271357,10.381216080402,0.487112775968725,"Mean"
41.6830844221106,10.381216080402,0.483266531942707,"Mean"
41.7676834170854,10.381216080402,0.466814065322738,"Mean"
41.8522824120603,10.381216080402,0.45881567675145,"Mean"
41.9368814070352,10.381216080402,0.440027042834346,"Mean"
42.02148040201,10.381216080402,0.434876564431727,"Mean"
42.1060793969849,10.381216080402,0.410509239612814,"Mean"
42.1906783919598,10.381216080402,0.414607823784629,"Mean"
42.2752773869347,10.381216080402,0.404091482584076,"Mean"
42.3598763819095,10.381216080402,0.392448030180307,"Mean"
42.4444753768844,10.381216080402,0.385222765114743,"Mean"
42.5290743718593,10.381216080402,0.380744887112218,"Mean"
42.6136733668342,10.381216080402,0.373798778524087,"Mean"
34.2383728643216,10.4492427135678,0.699924340583111,"Mean"
34.3229718592965,10.4492427135678,0.688147146782828,"Mean"
34.4075708542714,10.4492427135678,0.676724102333986,"Mean"
34.4921698492462,10.4492427135678,0.623912958410259,"Mean"
34.5767688442211,10.4492427135678,0.619962522802349,"Mean"
34.661367839196,10.4492427135678,0.599093894690465,"Mean"
34.7459668341709,10.4492427135678,0.580315887789322,"Mean"
34.8305658291457,10.4492427135678,0.553881771185638,"Mean"
34.9151648241206,10.4492427135678,0.538075483388256,"Mean"
34.9997638190955,10.4492427135678,0.537662831897311,"Mean"
35.0843628140704,10.4492427135678,0.520811501586695,"Mean"
35.1689618090452,10.4492427135678,0.487290284530718,"Mean"
35.2535608040201,10.4492427135678,0.462319052775868,"Mean"
35.338159798995,10.4492427135678,0.442297874572563,"Mean"
35.4227587939698,10.4492427135678,0.425157982960262,"Mean"
35.5073577889447,10.4492427135678,0.40791578775765,"Mean"
35.5919567839196,10.4492427135678,0.403816515232654,"Mean"
35.6765557788945,10.4492427135678,0.358424218326779,"Mean"
35.7611547738694,10.4492427135678,0.342483342070422,"Mean"
35.8457537688442,10.4492427135678,0.319639692216754,"Mean"
35.9303527638191,10.4492427135678,0.309007998428288,"Mean"
36.014951758794,10.4492427135678,0.293460127949782,"Mean"
36.0995507537688,10.4492427135678,0.284217809652693,"Mean"
36.1841497487437,10.4492427135678,0.292972636599058,"Mean"
36.2687487437186,10.4492427135678,0.331269151712408,"Mean"
36.3533477386935,10.4492427135678,0.333150586420789,"Mean"
36.4379467336683,10.4492427135678,0.346509815320201,"Mean"
36.5225457286432,10.4492427135678,0.34689707020475,"Mean"
36.6071447236181,10.4492427135678,0.34662273919549,"Mean"
36.691743718593,10.4492427135678,0.362391844567985,"Mean"
36.7763427135678,10.4492427135678,0.358284098046787,"Mean"
36.8609417085427,10.4492427135678,0.343264207567532,"Mean"
36.9455407035176,10.4492427135678,0.313047158031612,"Mean"
37.0301396984925,10.4492427135678,0.312246885841804,"Mean"
37.1147386934673,10.4492427135678,0.332372619787595,"Mean"
37.1993376884422,10.4492427135678,0.349763814987697,"Mean"
37.2839366834171,10.4492427135678,0.316313100968795,"Mean"
37.368535678392,10.4492427135678,0.322033775190642,"Mean"
37.4531346733668,10.4492427135678,0.321997515696492,"Mean"
37.5377336683417,10.4492427135678,0.318262800778238,"Mean"
37.6223326633166,10.4492427135678,0.342544689823007,"Mean"
37.7069316582915,10.4492427135678,0.353221346250605,"Mean"
37.7915306532663,10.4492427135678,0.362676229697011,"Mean"
37.8761296482412,10.4492427135678,0.3737849119929,"Mean"
37.9607286432161,10.4492427135678,0.360404943677977,"Mean"
38.045327638191,10.4492427135678,0.383054503066642,"Mean"
38.1299266331658,10.4492427135678,0.369860807713767,"Mean"
38.2145256281407,10.4492427135678,0.378903419162015,"Mean"
38.2991246231156,10.4492427135678,0.416212491047232,"Mean"
38.3837236180904,10.4492427135678,0.427834446413762,"Mean"
38.4683226130653,10.4492427135678,0.482739984391422,"Mean"
38.5529216080402,10.4492427135678,0.466968614692022,"Mean"
38.6375206030151,10.4492427135678,0.458979894573904,"Mean"
38.72211959799,10.4492427135678,0.455050322489702,"Mean"
38.8067185929648,10.4492427135678,0.488030007772943,"Mean"
38.8913175879397,10.4492427135678,0.507555116677891,"Mean"
38.9759165829146,10.4492427135678,0.492060192303088,"Mean"
39.0605155778894,10.4492427135678,0.507651810455212,"Mean"
39.1451145728643,10.4492427135678,0.514947965848972,"Mean"
39.2297135678392,10.4492427135678,0.505549029087606,"Mean"
39.3143125628141,10.4492427135678,0.502845696253268,"Mean"
39.3989115577889,10.4492427135678,0.515839592531487,"Mean"
39.4835105527638,10.4492427135678,0.555272676811206,"Mean"
39.5681095477387,10.4492427135678,0.577915980264089,"Mean"
39.6527085427136,10.4492427135678,0.620971399386573,"Mean"
39.7373075376884,10.4492427135678,0.59718781238721,"Mean"
39.8219065326633,10.4492427135678,0.556612351920036,"Mean"
39.9065055276382,10.4492427135678,0.530564087932264,"Mean"
39.9911045226131,10.4492427135678,0.53574929764549,"Mean"
40.0757035175879,10.4492427135678,0.542130818719322,"Mean"
40.1603025125628,10.4492427135678,0.555961925177234,"Mean"
40.2449015075377,10.4492427135678,0.61286932423238,"Mean"
40.3295005025126,10.4492427135678,0.625519261751669,"Mean"
40.4140994974874,10.4492427135678,0.584993723741764,"Mean"
40.4986984924623,10.4492427135678,0.555687238693282,"Mean"
40.5832974874372,10.4492427135678,0.524452399891667,"Mean"
40.6678964824121,10.4492427135678,0.537889574166822,"Mean"
40.7524954773869,10.4492427135678,0.529726535612982,"Mean"
40.8370944723618,10.4492427135678,0.560348068766595,"Mean"
40.9216934673367,10.4492427135678,0.497234480727675,"Mean"
41.0062924623116,10.4492427135678,0.521842815832585,"Mean"
41.0908914572864,10.4492427135678,0.479566424081062,"Mean"
41.1754904522613,10.4492427135678,0.522668367478214,"Mean"
41.2600894472362,10.4492427135678,0.512200289896375,"Mean"
41.344688442211,10.4492427135678,0.507021284617675,"Mean"
41.4292874371859,10.4492427135678,0.504522227645622,"Mean"
41.5138864321608,10.4492427135678,0.500632088305907,"Mean"
41.5984854271357,10.4492427135678,0.482683771523077,"Mean"
41.6830844221106,10.4492427135678,0.465690292158048,"Mean"
41.7676834170854,10.4492427135678,0.453515730259838,"Mean"
41.8522824120603,10.4492427135678,0.44457321563434,"Mean"
41.9368814070352,10.4492427135678,0.430629922335538,"Mean"
42.02148040201,10.4492427135678,0.421955766063282,"Mean"
42.1060793969849,10.4492427135678,0.411625735496981,"Mean"
42.1906783919598,10.4492427135678,0.40283171590986,"Mean"
42.2752773869347,10.4492427135678,0.391693092749514,"Mean"
42.3598763819095,10.4492427135678,0.383376363688092,"Mean"
42.4444753768844,10.4492427135678,0.374811992290219,"Mean"
42.5290743718593,10.4492427135678,0.370215876867383,"Mean"
42.6136733668342,10.4492427135678,0.36255844638874,"Mean"
34.2383728643216,10.5172693467337,0.721660494069931,"Mean"
34.3229718592965,10.5172693467337,0.695797811078927,"Mean"
34.4075708542714,10.5172693467337,0.655541227839141,"Mean"
34.4921698492462,10.5172693467337,0.634245892233204,"Mean"
34.5767688442211,10.5172693467337,0.613874715121992,"Mean"
34.661367839196,10.5172693467337,0.585749903277915,"Mean"
34.7459668341709,10.5172693467337,0.594494408234994,"Mean"
34.8305658291457,10.5172693467337,0.566871279775833,"Mean"
34.9151648241206,10.5172693467337,0.543614324543477,"Mean"
34.9997638190955,10.5172693467337,0.532266484058569,"Mean"
35.0843628140704,10.5172693467337,0.531209889404437,"Mean"
35.1689618090452,10.5172693467337,0.501152521537643,"Mean"
35.2535608040201,10.5172693467337,0.475907077473373,"Mean"
35.338159798995,10.5172693467337,0.437672329446008,"Mean"
35.4227587939698,10.5172693467337,0.434921152019905,"Mean"
35.5073577889447,10.5172693467337,0.408795692648068,"Mean"
35.5919567839196,10.5172693467337,0.395021626636304,"Mean"
35.6765557788945,10.5172693467337,0.356785699697331,"Mean"
35.7611547738694,10.5172693467337,0.343652775674887,"Mean"
35.8457537688442,10.5172693467337,0.326998195009266,"Mean"
35.9303527638191,10.5172693467337,0.313086491945046,"Mean"
36.014951758794,10.5172693467337,0.28807441372352,"Mean"
36.0995507537688,10.5172693467337,0.283027080486497,"Mean"
36.1841497487437,10.5172693467337,0.283769270737293,"Mean"
36.2687487437186,10.5172693467337,0.32233173519986,"Mean"
36.3533477386935,10.5172693467337,0.333446944646743,"Mean"
36.4379467336683,10.5172693467337,0.337601704990774,"Mean"
36.5225457286432,10.5172693467337,0.34094247642772,"Mean"
36.6071447236181,10.5172693467337,0.35239399583457,"Mean"
36.691743718593,10.5172693467337,0.352344781720464,"Mean"
36.7763427135678,10.5172693467337,0.328703983327117,"Mean"
36.8609417085427,10.5172693467337,0.306141662485131,"Mean"
36.9455407035176,10.5172693467337,0.307933280321641,"Mean"
37.0301396984925,10.5172693467337,0.31690173657237,"Mean"
37.1147386934673,10.5172693467337,0.33251871827409,"Mean"
37.1993376884422,10.5172693467337,0.342361713843946,"Mean"
37.2839366834171,10.5172693467337,0.318966511786487,"Mean"
37.368535678392,10.5172693467337,0.303458846565296,"Mean"
37.4531346733668,10.5172693467337,0.302148246213195,"Mean"
37.5377336683417,10.5172693467337,0.317270028334623,"Mean"
37.6223326633166,10.5172693467337,0.348923016072988,"Mean"
37.7069316582915,10.5172693467337,0.359045927902758,"Mean"
37.7915306532663,10.5172693467337,0.360897350797592,"Mean"
37.8761296482412,10.5172693467337,0.387258804679594,"Mean"
37.9607286432161,10.5172693467337,0.369251995992894,"Mean"
38.045327638191,10.5172693467337,0.380118110866341,"Mean"
38.1299266331658,10.5172693467337,0.376901675243145,"Mean"
38.2145256281407,10.5172693467337,0.404054435224693,"Mean"
38.2991246231156,10.5172693467337,0.454353786501233,"Mean"
38.3837236180904,10.5172693467337,0.469231196546366,"Mean"
38.4683226130653,10.5172693467337,0.519149087814419,"Mean"
38.5529216080402,10.5172693467337,0.492509845530213,"Mean"
38.6375206030151,10.5172693467337,0.463656597346155,"Mean"
38.72211959799,10.5172693467337,0.444895716134227,"Mean"
38.8067185929648,10.5172693467337,0.490813932246122,"Mean"
38.8913175879397,10.5172693467337,0.493061079520372,"Mean"
38.9759165829146,10.5172693467337,0.497208910574864,"Mean"
39.0605155778894,10.5172693467337,0.492827279954001,"Mean"
39.1451145728643,10.5172693467337,0.494671687308684,"Mean"
39.2297135678392,10.5172693467337,0.507316158487043,"Mean"
39.3143125628141,10.5172693467337,0.5092415736541,"Mean"
39.3989115577889,10.5172693467337,0.51295409086419,"Mean"
39.4835105527638,10.5172693467337,0.529179205295041,"Mean"
39.5681095477387,10.5172693467337,0.554910693092093,"Mean"
39.6527085427136,10.5172693467337,0.592076935494969,"Mean"
39.7373075376884,10.5172693467337,0.607503078531418,"Mean"
39.8219065326633,10.5172693467337,0.572956875986339,"Mean"
39.9065055276382,10.5172693467337,0.537756721358926,"Mean"
39.9911045226131,10.5172693467337,0.546956962339434,"Mean"
40.0757035175879,10.5172693467337,0.557224526984911,"Mean"
40.1603025125628,10.5172693467337,0.563985524011226,"Mean"
40.2449015075377,10.5172693467337,0.494789802864216,"Mean"
40.3295005025126,10.5172693467337,0.571387781570999,"Mean"
40.4140994974874,10.5172693467337,0.595928147454661,"Mean"
40.4986984924623,10.5172693467337,0.556273167545414,"Mean"
40.5832974874372,10.5172693467337,0.569919259925516,"Mean"
40.6678964824121,10.5172693467337,0.530719259458223,"Mean"
40.7524954773869,10.5172693467337,0.515100651556809,"Mean"
40.8370944723618,10.5172693467337,0.569871392429111,"Mean"
40.9216934673367,10.5172693467337,0.552832850097661,"Mean"
41.0062924623116,10.5172693467337,0.494001138222266,"Mean"
41.0908914572864,10.5172693467337,0.489871731322664,"Mean"
41.1754904522613,10.5172693467337,0.522328468858675,"Mean"
41.2600894472362,10.5172693467337,0.505491397371706,"Mean"
41.344688442211,10.5172693467337,0.511916913860204,"Mean"
41.4292874371859,10.5172693467337,0.497667860899055,"Mean"
41.5138864321608,10.5172693467337,0.482483933209995,"Mean"
41.5984854271357,10.5172693467337,0.467184135666078,"Mean"
41.6830844221106,10.5172693467337,0.456590851762766,"Mean"
41.7676834170854,10.5172693467337,0.4396399850675,"Mean"
41.8522824120603,10.5172693467337,0.431635243442296,"Mean"
41.9368814070352,10.5172693467337,0.418270880932528,"Mean"
42.02148040201,10.5172693467337,0.402917614619352,"Mean"
42.1060793969849,10.5172693467337,0.399829709773369,"Mean"
42.1906783919598,10.5172693467337,0.388631455321895,"Mean"
42.2752773869347,10.5172693467337,0.378845398419499,"Mean"
42.3598763819095,10.5172693467337,0.372600826800779,"Mean"
42.4444753768844,10.5172693467337,0.363812489780541,"Mean"
42.5290743718593,10.5172693467337,0.348754574835354,"Mean"
34.3229718592965,10.5852959798995,0.707027372294217,"Mean"
34.4075708542714,10.5852959798995,0.657173156214965,"Mean"
34.4921698492462,10.5852959798995,0.631944244000646,"Mean"
34.5767688442211,10.5852959798995,0.632913545166556,"Mean"
34.661367839196,10.5852959798995,0.614344510483204,"Mean"
34.7459668341709,10.5852959798995,0.609956418476008,"Mean"
34.8305658291457,10.5852959798995,0.574859363885844,"Mean"
34.9151648241206,10.5852959798995,0.56024140470574,"Mean"
34.9997638190955,10.5852959798995,0.540337641606632,"Mean"
35.0843628140704,10.5852959798995,0.524314774049733,"Mean"
35.1689618090452,10.5852959798995,0.510586761344485,"Mean"
35.2535608040201,10.5852959798995,0.464331287106341,"Mean"
35.338159798995,10.5852959798995,0.449274263306364,"Mean"
35.4227587939698,10.5852959798995,0.443173695473553,"Mean"
35.5073577889447,10.5852959798995,0.422108920963424,"Mean"
35.5919567839196,10.5852959798995,0.387422948226129,"Mean"
35.6765557788945,10.5852959798995,0.35711216800304,"Mean"
35.7611547738694,10.5852959798995,0.337479936001647,"Mean"
35.8457537688442,10.5852959798995,0.33454657892111,"Mean"
35.9303527638191,10.5852959798995,0.311572478708457,"Mean"
36.014951758794,10.5852959798995,0.305493431337488,"Mean"
36.0995507537688,10.5852959798995,0.276286088476296,"Mean"
36.1841497487437,10.5852959798995,0.271190988357007,"Mean"
36.2687487437186,10.5852959798995,0.315971414448815,"Mean"
36.3533477386935,10.5852959798995,0.306742525240788,"Mean"
36.4379467336683,10.5852959798995,0.307484150137471,"Mean"
36.5225457286432,10.5852959798995,0.296907191862563,"Mean"
36.6071447236181,10.5852959798995,0.324287090837909,"Mean"
36.691743718593,10.5852959798995,0.307687463492443,"Mean"
36.7763427135678,10.5852959798995,0.265546663615083,"Mean"
36.8609417085427,10.5852959798995,0.308688173390047,"Mean"
36.9455407035176,10.5852959798995,0.305380385976276,"Mean"
37.0301396984925,10.5852959798995,0.310599392682429,"Mean"
37.1147386934673,10.5852959798995,0.314619759897404,"Mean"
37.1993376884422,10.5852959798995,0.31752661187501,"Mean"
37.2839366834171,10.5852959798995,0.329344979733699,"Mean"
37.368535678392,10.5852959798995,0.316740262961798,"Mean"
37.4531346733668,10.5852959798995,0.31233481723641,"Mean"
37.5377336683417,10.5852959798995,0.326288395526559,"Mean"
37.6223326633166,10.5852959798995,0.369623298055147,"Mean"
37.7069316582915,10.5852959798995,0.382770841183819,"Mean"
37.7915306532663,10.5852959798995,0.384659030254368,"Mean"
37.8761296482412,10.5852959798995,0.440318000574869,"Mean"
37.9607286432161,10.5852959798995,0.371533631244537,"Mean"
38.045327638191,10.5852959798995,0.394250348768919,"Mean"
38.1299266331658,10.5852959798995,0.378234662328977,"Mean"
38.2145256281407,10.5852959798995,0.386999639439907,"Mean"
38.2991246231156,10.5852959798995,0.447861233098249,"Mean"
38.3837236180904,10.5852959798995,0.450961159523031,"Mean"
38.4683226130653,10.5852959798995,0.466458279500787,"Mean"
38.5529216080402,10.5852959798995,0.448911326691975,"Mean"
38.6375206030151,10.5852959798995,0.460514169035063,"Mean"
38.72211959799,10.5852959798995,0.457817179965586,"Mean"
38.8067185929648,10.5852959798995,0.482137993616532,"Mean"
38.8913175879397,10.5852959798995,0.498593834915737,"Mean"
38.9759165829146,10.5852959798995,0.483735281372208,"Mean"
39.0605155778894,10.5852959798995,0.500344641748277,"Mean"
39.1451145728643,10.5852959798995,0.5159972129073,"Mean"
39.2297135678392,10.5852959798995,0.542988911010815,"Mean"
39.3143125628141,10.5852959798995,0.546028192525785,"Mean"
39.3989115577889,10.5852959798995,0.54071674783168,"Mean"
39.4835105527638,10.5852959798995,0.542499910846085,"Mean"
39.5681095477387,10.5852959798995,0.563424141479897,"Mean"
39.6527085427136,10.5852959798995,0.610309281922275,"Mean"
39.7373075376884,10.5852959798995,0.587206168236006,"Mean"
39.8219065326633,10.5852959798995,0.55769398309874,"Mean"
39.9065055276382,10.5852959798995,0.548120680572016,"Mean"
39.9911045226131,10.5852959798995,0.543527053488216,"Mean"
40.0757035175879,10.5852959798995,0.560154632218509,"Mean"
40.1603025125628,10.5852959798995,0.558643007041041,"Mean"
40.2449015075377,10.5852959798995,0.505252448804333,"Mean"
40.3295005025126,10.5852959798995,0.510636522252477,"Mean"
40.4140994974874,10.5852959798995,0.582756530809296,"Mean"
40.4986984924623,10.5852959798995,0.507533653006546,"Mean"
40.5832974874372,10.5852959798995,0.575113562635607,"Mean"
40.6678964824121,10.5852959798995,0.550448316246382,"Mean"
40.7524954773869,10.5852959798995,0.568559876355346,"Mean"
40.8370944723618,10.5852959798995,0.574014272394118,"Mean"
40.9216934673367,10.5852959798995,0.54629622535047,"Mean"
41.0062924623116,10.5852959798995,0.495274967275566,"Mean"
41.0908914572864,10.5852959798995,0.515250118317098,"Mean"
41.1754904522613,10.5852959798995,0.497044339722152,"Mean"
41.2600894472362,10.5852959798995,0.51096528173196,"Mean"
41.344688442211,10.5852959798995,0.495697206181736,"Mean"
41.4292874371859,10.5852959798995,0.470493445064332,"Mean"
41.5138864321608,10.5852959798995,0.461200416938399,"Mean"
41.5984854271357,10.5852959798995,0.452441853527337,"Mean"
41.6830844221106,10.5852959798995,0.438563691915765,"Mean"
41.7676834170854,10.5852959798995,0.426526671266783,"Mean"
41.8522824120603,10.5852959798995,0.412899866912178,"Mean"
41.9368814070352,10.5852959798995,0.402506855812972,"Mean"
42.02148040201,10.5852959798995,0.392658627032072,"Mean"
42.1060793969849,10.5852959798995,0.387734638663546,"Mean"
42.1906783919598,10.5852959798995,0.376686759404732,"Mean"
42.2752773869347,10.5852959798995,0.368459666680586,"Mean"
42.3598763819095,10.5852959798995,0.360694085187737,"Mean"
42.4444753768844,10.5852959798995,0.351148819358458,"Mean"
42.5290743718593,10.5852959798995,0.347835790886241,"Mean"
34.3229718592965,10.6533226130653,0.683754966289453,"Mean"
34.4075708542714,10.6533226130653,0.673455388014652,"Mean"
34.4921698492462,10.6533226130653,0.662527628125428,"Mean"
34.5767688442211,10.6533226130653,0.637677803546123,"Mean"
34.661367839196,10.6533226130653,0.626950862632205,"Mean"
34.7459668341709,10.6533226130653,0.60405119205139,"Mean"
34.8305658291457,10.6533226130653,0.571669964967648,"Mean"
34.9151648241206,10.6533226130653,0.571641184788311,"Mean"
34.9997638190955,10.6533226130653,0.541188069863822,"Mean"
35.0843628140704,10.6533226130653,0.514089075110091,"Mean"
35.1689618090452,10.6533226130653,0.50565583981906,"Mean"
35.2535608040201,10.6533226130653,0.462231804435206,"Mean"
35.338159798995,10.6533226130653,0.435776753827924,"Mean"
35.4227587939698,10.6533226130653,0.431344699156587,"Mean"
35.5073577889447,10.6533226130653,0.415938504877939,"Mean"
35.5919567839196,10.6533226130653,0.378657722078304,"Mean"
35.6765557788945,10.6533226130653,0.348087679559763,"Mean"
35.7611547738694,10.6533226130653,0.348138857764182,"Mean"
35.8457537688442,10.6533226130653,0.33377389529836,"Mean"
35.9303527638191,10.6533226130653,0.308050838812669,"Mean"
36.014951758794,10.6533226130653,0.306178432192684,"Mean"
36.0995507537688,10.6533226130653,0.27331931544347,"Mean"
36.1841497487437,10.6533226130653,0.27185973717926,"Mean"
36.2687487437186,10.6533226130653,0.306577299262724,"Mean"
36.3533477386935,10.6533226130653,0.293072075272501,"Mean"
36.4379467336683,10.6533226130653,0.283165525015544,"Mean"
36.5225457286432,10.6533226130653,0.294572769168364,"Mean"
36.6071447236181,10.6533226130653,0.318240688124845,"Mean"
36.691743718593,10.6533226130653,0.273215054437787,"Mean"
36.7763427135678,10.6533226130653,0.280432173873399,"Mean"
36.8609417085427,10.6533226130653,0.302724120341709,"Mean"
36.9455407035176,10.6533226130653,0.306091082398485,"Mean"
37.0301396984925,10.6533226130653,0.308759119368426,"Mean"
37.1147386934673,10.6533226130653,0.310876684193465,"Mean"
37.1993376884422,10.6533226130653,0.328386677973587,"Mean"
37.2839366834171,10.6533226130653,0.331776433915943,"Mean"
37.368535678392,10.6533226130653,0.320864162535901,"Mean"
37.4531346733668,10.6533226130653,0.330275787141078,"Mean"
37.5377336683417,10.6533226130653,0.326316961550971,"Mean"
37.6223326633166,10.6533226130653,0.370920442927332,"Mean"
37.7069316582915,10.6533226130653,0.378558807511577,"Mean"
37.7915306532663,10.6533226130653,0.440628657373002,"Mean"
37.8761296482412,10.6533226130653,0.398090577566088,"Mean"
37.9607286432161,10.6533226130653,0.373891430820984,"Mean"
38.045327638191,10.6533226130653,0.394530023325052,"Mean"
38.1299266331658,10.6533226130653,0.378433001701878,"Mean"
38.2145256281407,10.6533226130653,0.388879361340082,"Mean"
38.2991246231156,10.6533226130653,0.463216211198998,"Mean"
38.3837236180904,10.6533226130653,0.481861392858023,"Mean"
38.4683226130653,10.6533226130653,0.497818467487416,"Mean"
38.5529216080402,10.6533226130653,0.47788420157483,"Mean"
38.6375206030151,10.6533226130653,0.441463721130933,"Mean"
38.72211959799,10.6533226130653,0.489954831434762,"Mean"
38.8067185929648,10.6533226130653,0.45766473146603,"Mean"
38.8913175879397,10.6533226130653,0.490415233848191,"Mean"
38.9759165829146,10.6533226130653,0.484385679483063,"Mean"
39.0605155778894,10.6533226130653,0.482634270787903,"Mean"
39.1451145728643,10.6533226130653,0.488167008830261,"Mean"
39.2297135678392,10.6533226130653,0.535424975636238,"Mean"
39.3143125628141,10.6533226130653,0.50826565385326,"Mean"
39.3989115577889,10.6533226130653,0.547948351150173,"Mean"
39.4835105527638,10.6533226130653,0.550877504457018,"Mean"
39.5681095477387,10.6533226130653,0.581435685139982,"Mean"
39.6527085427136,10.6533226130653,0.590784368797188,"Mean"
39.7373075376884,10.6533226130653,0.56230250425075,"Mean"
39.8219065326633,10.6533226130653,0.577185049129986,"Mean"
39.9065055276382,10.6533226130653,0.578781396922394,"Mean"
39.9911045226131,10.6533226130653,0.557108029959955,"Mean"
40.0757035175879,10.6533226130653,0.564034800452387,"Mean"
40.1603025125628,10.6533226130653,0.566261220465002,"Mean"
40.2449015075377,10.6533226130653,0.493478429702201,"Mean"
40.3295005025126,10.6533226130653,0.563611468006731,"Mean"
40.4140994974874,10.6533226130653,0.602027164254724,"Mean"
40.4986984924623,10.6533226130653,0.539952977490427,"Mean"
40.5832974874372,10.6533226130653,0.546483110320456,"Mean"
40.6678964824121,10.6533226130653,0.566572611861625,"Mean"
40.7524954773869,10.6533226130653,0.537249376816707,"Mean"
40.8370944723618,10.6533226130653,0.545393969719099,"Mean"
40.9216934673367,10.6533226130653,0.55795986029407,"Mean"
41.0062924623116,10.6533226130653,0.542733271355574,"Mean"
41.0908914572864,10.6533226130653,0.538062070714869,"Mean"
41.1754904522613,10.6533226130653,0.514749163424753,"Mean"
41.2600894472362,10.6533226130653,0.494727440111713,"Mean"
41.344688442211,10.6533226130653,0.481621901980552,"Mean"
41.4292874371859,10.6533226130653,0.458844107040362,"Mean"
41.5138864321608,10.6533226130653,0.452806109837503,"Mean"
41.5984854271357,10.6533226130653,0.433168458830389,"Mean"
41.6830844221106,10.6533226130653,0.422810412362875,"Mean"
41.7676834170854,10.6533226130653,0.411111767922489,"Mean"
41.8522824120603,10.6533226130653,0.39979101766462,"Mean"
41.9368814070352,10.6533226130653,0.39029933376112,"Mean"
42.02148040201,10.6533226130653,0.380364699470943,"Mean"
42.1060793969849,10.6533226130653,0.37080835741205,"Mean"
42.1906783919598,10.6533226130653,0.366479082519547,"Mean"
42.2752773869347,10.6533226130653,0.355503428194195,"Mean"
42.3598763819095,10.6533226130653,0.348833427812547,"Mean"
42.4444753768844,10.6533226130653,0.342061763686135,"Mean"
42.5290743718593,10.6533226130653,0.336260528147749,"Mean"
34.4921698492462,10.7213492462312,0.656046552422202,"Mean"
34.5767688442211,10.7213492462312,0.648420888292613,"Mean"
34.661367839196,10.7213492462312,0.62499497907972,"Mean"
34.7459668341709,10.7213492462312,0.605549691387116,"Mean"
34.8305658291457,10.7213492462312,0.577925468169057,"Mean"
34.9151648241206,10.7213492462312,0.557497861989531,"Mean"
34.9997638190955,10.7213492462312,0.561172369375994,"Mean"
35.0843628140704,10.7213492462312,0.507098443511751,"Mean"
35.1689618090452,10.7213492462312,0.494251532689967,"Mean"
35.2535608040201,10.7213492462312,0.462229259002244,"Mean"
35.338159798995,10.7213492462312,0.45244645161869,"Mean"
35.4227587939698,10.7213492462312,0.434672361108988,"Mean"
35.5073577889447,10.7213492462312,0.414876554012998,"Mean"
35.5919567839196,10.7213492462312,0.388277732778456,"Mean"
35.6765557788945,10.7213492462312,0.362172964848746,"Mean"
35.7611547738694,10.7213492462312,0.350925202657291,"Mean"
35.8457537688442,10.7213492462312,0.334720835265817,"Mean"
35.9303527638191,10.7213492462312,0.319762904861156,"Mean"
36.014951758794,10.7213492462312,0.32040743307536,"Mean"
36.0995507537688,10.7213492462312,0.310939266482175,"Mean"
36.1841497487437,10.7213492462312,0.276608064342126,"Mean"
36.2687487437186,10.7213492462312,0.281139158111368,"Mean"
36.3533477386935,10.7213492462312,0.297853840715729,"Mean"
36.4379467336683,10.7213492462312,0.260046994507464,"Mean"
36.5225457286432,10.7213492462312,0.255615032855063,"Mean"
36.6071447236181,10.7213492462312,0.28550843463784,"Mean"
36.691743718593,10.7213492462312,0.252698399991018,"Mean"
36.7763427135678,10.7213492462312,0.238788094814802,"Mean"
36.8609417085427,10.7213492462312,0.243072982725109,"Mean"
36.9455407035176,10.7213492462312,0.284519526962484,"Mean"
37.0301396984925,10.7213492462312,0.298222556257586,"Mean"
37.1147386934673,10.7213492462312,0.297725583240038,"Mean"
37.1993376884422,10.7213492462312,0.296287736460397,"Mean"
37.2839366834171,10.7213492462312,0.309178845224207,"Mean"
37.368535678392,10.7213492462312,0.313831839818725,"Mean"
37.4531346733668,10.7213492462312,0.343104607063189,"Mean"
37.5377336683417,10.7213492462312,0.342656477375342,"Mean"
37.6223326633166,10.7213492462312,0.349011698296005,"Mean"
37.7069316582915,10.7213492462312,0.33407910243305,"Mean"
37.7915306532663,10.7213492462312,0.343892004824373,"Mean"
37.8761296482412,10.7213492462312,0.458028288026014,"Mean"
37.9607286432161,10.7213492462312,0.453353292749028,"Mean"
38.045327638191,10.7213492462312,0.392682320689201,"Mean"
38.1299266331658,10.7213492462312,0.376558177038003,"Mean"
38.2145256281407,10.7213492462312,0.401167305020643,"Mean"
38.2991246231156,10.7213492462312,0.426705931503281,"Mean"
38.3837236180904,10.7213492462312,0.485384438261175,"Mean"
38.4683226130653,10.7213492462312,0.481086715460036,"Mean"
38.5529216080402,10.7213492462312,0.514007910742287,"Mean"
38.6375206030151,10.7213492462312,0.433683324840752,"Mean"
38.72211959799,10.7213492462312,0.425117169538678,"Mean"
38.8067185929648,10.7213492462312,0.491573556301514,"Mean"
38.8913175879397,10.7213492462312,0.46656986252049,"Mean"
38.9759165829146,10.7213492462312,0.482183033753742,"Mean"
39.0605155778894,10.7213492462312,0.508520496003507,"Mean"
39.1451145728643,10.7213492462312,0.50352621504714,"Mean"
39.2297135678392,10.7213492462312,0.506115311507756,"Mean"
39.3143125628141,10.7213492462312,0.510322519581109,"Mean"
39.3989115577889,10.7213492462312,0.508279294626443,"Mean"
39.4835105527638,10.7213492462312,0.550313313553234,"Mean"
39.5681095477387,10.7213492462312,0.476167590294251,"Mean"
39.6527085427136,10.7213492462312,0.568964954036945,"Mean"
39.7373075376884,10.7213492462312,0.564345865238143,"Mean"
39.8219065326633,10.7213492462312,0.530290195357659,"Mean"
39.9065055276382,10.7213492462312,0.517152408956261,"Mean"
39.9911045226131,10.7213492462312,0.537515571840514,"Mean"
40.0757035175879,10.7213492462312,0.548847900401284,"Mean"
40.1603025125628,10.7213492462312,0.559208071708918,"Mean"
40.2449015075377,10.7213492462312,0.550719952425691,"Mean"
40.3295005025126,10.7213492462312,0.583693922487925,"Mean"
40.4140994974874,10.7213492462312,0.635558343616998,"Mean"
40.4986984924623,10.7213492462312,0.617747974755076,"Mean"
40.5832974874372,10.7213492462312,0.571662053964152,"Mean"
40.6678964824121,10.7213492462312,0.614874520275415,"Mean"
40.7524954773869,10.7213492462312,0.600165087608297,"Mean"
40.8370944723618,10.7213492462312,0.55373980326972,"Mean"
40.9216934673367,10.7213492462312,0.524043408512132,"Mean"
41.0062924623116,10.7213492462312,0.523185795329681,"Mean"
41.0908914572864,10.7213492462312,0.470586549699154,"Mean"
41.1754904522613,10.7213492462312,0.500318194255233,"Mean"
41.2600894472362,10.7213492462312,0.480274497092166,"Mean"
41.344688442211,10.7213492462312,0.461252204181242,"Mean"
41.4292874371859,10.7213492462312,0.444177557814924,"Mean"
41.5138864321608,10.7213492462312,0.43453531793943,"Mean"
41.5984854271357,10.7213492462312,0.414960149184832,"Mean"
41.6830844221106,10.7213492462312,0.406924238982461,"Mean"
41.7676834170854,10.7213492462312,0.395467722443599,"Mean"
41.8522824120603,10.7213492462312,0.384319277239059,"Mean"
41.9368814070352,10.7213492462312,0.375568396562674,"Mean"
42.02148040201,10.7213492462312,0.367211391742633,"Mean"
42.1060793969849,10.7213492462312,0.357425611999108,"Mean"
42.1906783919598,10.7213492462312,0.350728835693606,"Mean"
42.2752773869347,10.7213492462312,0.342502931564134,"Mean"
42.3598763819095,10.7213492462312,0.336045499201464,"Mean"
42.4444753768844,10.7213492462312,0.330526333589412,"Mean"
42.5290743718593,10.7213492462312,0.322828268123601,"Mean"
42.6136733668342,10.7213492462312,0.320057170752868,"Mean"
34.5767688442211,10.789375879397,0.652544169299947,"Mean"
34.661367839196,10.789375879397,0.647543870689232,"Mean"
34.7459668341709,10.789375879397,0.580854039180724,"Mean"
34.8305658291457,10.789375879397,0.567764062557867,"Mean"
34.9151648241206,10.789375879397,0.55020606035159,"Mean"
34.9997638190955,10.789375879397,0.533025588802955,"Mean"
35.0843628140704,10.789375879397,0.512191468721364,"Mean"
35.1689618090452,10.789375879397,0.530981810636919,"Mean"
35.2535608040201,10.789375879397,0.456435514958585,"Mean"
35.338159798995,10.789375879397,0.435836510374354,"Mean"
35.4227587939698,10.789375879397,0.425020066881244,"Mean"
35.5073577889447,10.789375879397,0.402852739238038,"Mean"
35.5919567839196,10.789375879397,0.38836235178281,"Mean"
35.6765557788945,10.789375879397,0.368154540070151,"Mean"
35.7611547738694,10.789375879397,0.34378638008581,"Mean"
35.8457537688442,10.789375879397,0.329766462903259,"Mean"
35.9303527638191,10.789375879397,0.322276296109253,"Mean"
36.014951758794,10.789375879397,0.312908378270233,"Mean"
36.0995507537688,10.789375879397,0.311964231401432,"Mean"
36.1841497487437,10.789375879397,0.290910622638788,"Mean"
36.2687487437186,10.789375879397,0.262044744709025,"Mean"
36.3533477386935,10.789375879397,0.263983598032289,"Mean"
36.4379467336683,10.789375879397,0.260206970451937,"Mean"
36.5225457286432,10.789375879397,0.247852518036907,"Mean"
36.6071447236181,10.789375879397,0.276612464478121,"Mean"
36.691743718593,10.789375879397,0.253223098864283,"Mean"
36.7763427135678,10.789375879397,0.220060929069301,"Mean"
36.8609417085427,10.789375879397,0.207685599959761,"Mean"
36.9455407035176,10.789375879397,0.247592462638445,"Mean"
37.0301396984925,10.789375879397,0.284264395327968,"Mean"
37.1147386934673,10.789375879397,0.308081330357835,"Mean"
37.1993376884422,10.789375879397,0.323953485372431,"Mean"
37.2839366834171,10.789375879397,0.326057439629582,"Mean"
37.368535678392,10.789375879397,0.333455612086646,"Mean"
37.4531346733668,10.789375879397,0.340895533099648,"Mean"
37.5377336683417,10.789375879397,0.358042614688382,"Mean"
37.6223326633166,10.789375879397,0.355850537953781,"Mean"
37.7069316582915,10.789375879397,0.341349608689481,"Mean"
37.7915306532663,10.789375879397,0.329802350718503,"Mean"
37.8761296482412,10.789375879397,0.412949225966253,"Mean"
37.9607286432161,10.789375879397,0.39356273663915,"Mean"
38.045327638191,10.789375879397,0.374867390064181,"Mean"
38.1299266331658,10.789375879397,0.413756120242444,"Mean"
38.2145256281407,10.789375879397,0.451946474820723,"Mean"
38.2991246231156,10.789375879397,0.448547663777775,"Mean"
38.3837236180904,10.789375879397,0.457981275186518,"Mean"
38.4683226130653,10.789375879397,0.478627871446855,"Mean"
38.5529216080402,10.789375879397,0.516144234381039,"Mean"
38.6375206030151,10.789375879397,0.450243671323077,"Mean"
38.72211959799,10.789375879397,0.419449742192341,"Mean"
38.8067185929648,10.789375879397,0.421057839810527,"Mean"
38.8913175879397,10.789375879397,0.46494811992821,"Mean"
38.9759165829146,10.789375879397,0.489461557562683,"Mean"
39.0605155778894,10.789375879397,0.492875810837796,"Mean"
39.1451145728643,10.789375879397,0.520915807088448,"Mean"
39.2297135678392,10.789375879397,0.521164955004301,"Mean"
39.3143125628141,10.789375879397,0.522631648792451,"Mean"
39.3989115577889,10.789375879397,0.514389576962464,"Mean"
39.4835105527638,10.789375879397,0.542477595559046,"Mean"
39.5681095477387,10.789375879397,0.508406990621692,"Mean"
39.6527085427136,10.789375879397,0.477220979166923,"Mean"
39.7373075376884,10.789375879397,0.485804595473691,"Mean"
39.8219065326633,10.789375879397,0.524690931747495,"Mean"
39.9065055276382,10.789375879397,0.534203363857999,"Mean"
39.9911045226131,10.789375879397,0.567048459544288,"Mean"
40.0757035175879,10.789375879397,0.55718391256028,"Mean"
40.1603025125628,10.789375879397,0.57962425400468,"Mean"
40.2449015075377,10.789375879397,0.585677015773559,"Mean"
40.3295005025126,10.789375879397,0.578554220800038,"Mean"
40.4140994974874,10.789375879397,0.643892205894283,"Mean"
40.4986984924623,10.789375879397,0.622415688330737,"Mean"
40.5832974874372,10.789375879397,0.566924272203262,"Mean"
40.6678964824121,10.789375879397,0.617792936732243,"Mean"
40.7524954773869,10.789375879397,0.559233735083284,"Mean"
40.8370944723618,10.789375879397,0.552527708231847,"Mean"
40.9216934673367,10.789375879397,0.539570457145736,"Mean"
41.0062924623116,10.789375879397,0.488488593550619,"Mean"
41.0908914572864,10.789375879397,0.471405173560747,"Mean"
41.1754904522613,10.789375879397,0.47970942318214,"Mean"
41.2600894472362,10.789375879397,0.461371644918137,"Mean"
41.344688442211,10.789375879397,0.42319062138356,"Mean"
41.4292874371859,10.789375879397,0.424307868892979,"Mean"
41.5138864321608,10.789375879397,0.414330509229816,"Mean"
41.5984854271357,10.789375879397,0.403398618797716,"Mean"
41.6830844221106,10.789375879397,0.389488545652116,"Mean"
41.7676834170854,10.789375879397,0.378822712370403,"Mean"
41.8522824120603,10.789375879397,0.369407162341478,"Mean"
41.9368814070352,10.789375879397,0.360579123414288,"Mean"
42.02148040201,10.789375879397,0.352169966360043,"Mean"
42.1060793969849,10.789375879397,0.344440439460891,"Mean"
42.1906783919598,10.789375879397,0.335683237410703,"Mean"
42.2752773869347,10.789375879397,0.327905089209648,"Mean"
42.3598763819095,10.789375879397,0.323901728243084,"Mean"
42.4444753768844,10.789375879397,0.316562779945416,"Mean"
42.5290743718593,10.789375879397,0.311685425743212,"Mean"
42.6136733668342,10.789375879397,0.307844442076857,"Mean"
34.661367839196,10.8574025125628,0.601260701374154,"Mean"
34.7459668341709,10.8574025125628,0.570628603249871,"Mean"
34.8305658291457,10.8574025125628,0.543307828064076,"Mean"
34.9151648241206,10.8574025125628,0.533796230274837,"Mean"
34.9997638190955,10.8574025125628,0.520817346697855,"Mean"
35.0843628140704,10.8574025125628,0.50793440708789,"Mean"
35.1689618090452,10.8574025125628,0.486099385963794,"Mean"
35.2535608040201,10.8574025125628,0.462697040149808,"Mean"
35.338159798995,10.8574025125628,0.439770114411767,"Mean"
35.4227587939698,10.8574025125628,0.419228035742267,"Mean"
35.5073577889447,10.8574025125628,0.403689986847587,"Mean"
35.5919567839196,10.8574025125628,0.384722828730222,"Mean"
35.6765557788945,10.8574025125628,0.364946060167862,"Mean"
35.7611547738694,10.8574025125628,0.345257669571473,"Mean"
35.8457537688442,10.8574025125628,0.331091837048217,"Mean"
35.9303527638191,10.8574025125628,0.31816948838238,"Mean"
36.014951758794,10.8574025125628,0.324740086604283,"Mean"
36.0995507537688,10.8574025125628,0.314481310623534,"Mean"
36.1841497487437,10.8574025125628,0.301022215706682,"Mean"
36.2687487437186,10.8574025125628,0.298931846057411,"Mean"
36.3533477386935,10.8574025125628,0.250680807871189,"Mean"
36.4379467336683,10.8574025125628,0.254714274153781,"Mean"
36.5225457286432,10.8574025125628,0.266465132701438,"Mean"
36.6071447236181,10.8574025125628,0.275941206259731,"Mean"
36.691743718593,10.8574025125628,0.243403843657823,"Mean"
36.7763427135678,10.8574025125628,0.213188552316117,"Mean"
36.8609417085427,10.8574025125628,0.207396158230291,"Mean"
36.9455407035176,10.8574025125628,0.251433457510034,"Mean"
37.0301396984925,10.8574025125628,0.297726342325817,"Mean"
37.1147386934673,10.8574025125628,0.295038921803409,"Mean"
37.1993376884422,10.8574025125628,0.305860630949457,"Mean"
37.2839366834171,10.8574025125628,0.344483419393948,"Mean"
37.368535678392,10.8574025125628,0.327261666857287,"Mean"
37.4531346733668,10.8574025125628,0.328824430936028,"Mean"
37.5377336683417,10.8574025125628,0.34410818775502,"Mean"
37.6223326633166,10.8574025125628,0.365417802095486,"Mean"
37.7069316582915,10.8574025125628,0.294548056379415,"Mean"
37.7915306532663,10.8574025125628,0.329391863627164,"Mean"
37.8761296482412,10.8574025125628,0.365237824785948,"Mean"
37.9607286432161,10.8574025125628,0.373599435008223,"Mean"
38.045327638191,10.8574025125628,0.363591383994663,"Mean"
38.1299266331658,10.8574025125628,0.370155006302575,"Mean"
38.2145256281407,10.8574025125628,0.393166638275263,"Mean"
38.2991246231156,10.8574025125628,0.41094282326041,"Mean"
38.3837236180904,10.8574025125628,0.42320614658862,"Mean"
38.4683226130653,10.8574025125628,0.504940505821742,"Mean"
38.5529216080402,10.8574025125628,0.500726684512892,"Mean"
38.6375206030151,10.8574025125628,0.470058744711031,"Mean"
38.72211959799,10.8574025125628,0.436773381767004,"Mean"
38.8067185929648,10.8574025125628,0.472847988869474,"Mean"
38.8913175879397,10.8574025125628,0.477925042760472,"Mean"
38.9759165829146,10.8574025125628,0.496249047600434,"Mean"
39.0605155778894,10.8574025125628,0.565863650402244,"Mean"
39.1451145728643,10.8574025125628,0.564935537336345,"Mean"
39.2297135678392,10.8574025125628,0.547024771160203,"Mean"
39.3143125628141,10.8574025125628,0.528353720498224,"Mean"
39.3989115577889,10.8574025125628,0.507414250807241,"Mean"
39.4835105527638,10.8574025125628,0.486464468715543,"Mean"
39.5681095477387,10.8574025125628,0.511288960635707,"Mean"
39.6527085427136,10.8574025125628,0.448854368568606,"Mean"
39.7373075376884,10.8574025125628,0.499758445320783,"Mean"
39.8219065326633,10.8574025125628,0.4992261639679,"Mean"
39.9065055276382,10.8574025125628,0.522418207526019,"Mean"
39.9911045226131,10.8574025125628,0.550938624076166,"Mean"
40.0757035175879,10.8574025125628,0.555497227346367,"Mean"
40.1603025125628,10.8574025125628,0.585104431658264,"Mean"
40.2449015075377,10.8574025125628,0.571455349484059,"Mean"
40.3295005025126,10.8574025125628,0.582217662882816,"Mean"
40.4140994974874,10.8574025125628,0.650448365070589,"Mean"
40.4986984924623,10.8574025125628,0.644510091620353,"Mean"
40.5832974874372,10.8574025125628,0.574515627963682,"Mean"
40.6678964824121,10.8574025125628,0.555348980562691,"Mean"
40.7524954773869,10.8574025125628,0.536473541704874,"Mean"
40.8370944723618,10.8574025125628,0.532237527769817,"Mean"
40.9216934673367,10.8574025125628,0.480796003823282,"Mean"
41.0062924623116,10.8574025125628,0.47106585425465,"Mean"
41.0908914572864,10.8574025125628,0.474378981984004,"Mean"
41.1754904522613,10.8574025125628,0.454574951561255,"Mean"
41.2600894472362,10.8574025125628,0.440507733317789,"Mean"
41.344688442211,10.8574025125628,0.420526932030396,"Mean"
41.4292874371859,10.8574025125628,0.40168770471497,"Mean"
41.5138864321608,10.8574025125628,0.397084348882898,"Mean"
41.5984854271357,10.8574025125628,0.376563904137291,"Mean"
41.6830844221106,10.8574025125628,0.371859181349001,"Mean"
41.7676834170854,10.8574025125628,0.353168250066618,"Mean"
41.8522824120603,10.8574025125628,0.328792370221549,"Mean"
41.9368814070352,10.8574025125628,0.344421824193194,"Mean"
42.02148040201,10.8574025125628,0.323607797382034,"Mean"
42.1060793969849,10.8574025125628,0.329384249995869,"Mean"
42.1906783919598,10.8574025125628,0.322675795266057,"Mean"
42.2752773869347,10.8574025125628,0.316484507060557,"Mean"
42.3598763819095,10.8574025125628,0.310316173970357,"Mean"
42.4444753768844,10.8574025125628,0.30609512879602,"Mean"
42.5290743718593,10.8574025125628,0.300161856908809,"Mean"
42.6136733668342,10.8574025125628,0.295249821211515,"Mean"
42.698272361809,10.8574025125628,0.289562785993418,"Mean"
34.7459668341709,10.9254291457286,0.581642466213815,"Mean"
34.8305658291457,10.9254291457286,0.539072086393311,"Mean"
34.9151648241206,10.9254291457286,0.518741821350356,"Mean"
34.9997638190955,10.9254291457286,0.508947262155761,"Mean"
35.0843628140704,10.9254291457286,0.496782436127871,"Mean"
35.1689618090452,10.9254291457286,0.478284801530692,"Mean"
35.2535608040201,10.9254291457286,0.452933154943656,"Mean"
35.338159798995,10.9254291457286,0.437123678450717,"Mean"
35.4227587939698,10.9254291457286,0.415778346340475,"Mean"
35.5073577889447,10.9254291457286,0.398962837007024,"Mean"
35.5919567839196,10.9254291457286,0.366872295897732,"Mean"
35.6765557788945,10.9254291457286,0.388744492449841,"Mean"
35.7611547738694,10.9254291457286,0.343436267254532,"Mean"
35.8457537688442,10.9254291457286,0.335373541851476,"Mean"
35.9303527638191,10.9254291457286,0.314580121932183,"Mean"
36.014951758794,10.9254291457286,0.328089197028767,"Mean"
36.0995507537688,10.9254291457286,0.32125426110728,"Mean"
36.1841497487437,10.9254291457286,0.314063086141792,"Mean"
36.2687487437186,10.9254291457286,0.335983168906093,"Mean"
36.3533477386935,10.9254291457286,0.275856286653176,"Mean"
36.4379467336683,10.9254291457286,0.259598097153296,"Mean"
36.5225457286432,10.9254291457286,0.250857177478031,"Mean"
36.6071447236181,10.9254291457286,0.242392099847873,"Mean"
36.691743718593,10.9254291457286,0.247544609622595,"Mean"
36.7763427135678,10.9254291457286,0.251911874086095,"Mean"
36.8609417085427,10.9254291457286,0.269958983772162,"Mean"
36.9455407035176,10.9254291457286,0.292909744321099,"Mean"
37.0301396984925,10.9254291457286,0.299155648915318,"Mean"
37.1147386934673,10.9254291457286,0.272320706418769,"Mean"
37.1993376884422,10.9254291457286,0.28363764867889,"Mean"
37.2839366834171,10.9254291457286,0.332037773620518,"Mean"
37.368535678392,10.9254291457286,0.318628214999336,"Mean"
37.4531346733668,10.9254291457286,0.325433975684869,"Mean"
37.5377336683417,10.9254291457286,0.339508231321445,"Mean"
37.6223326633166,10.9254291457286,0.362113515745296,"Mean"
37.7069316582915,10.9254291457286,0.301506694273831,"Mean"
37.7915306532663,10.9254291457286,0.324682698365343,"Mean"
37.8761296482412,10.9254291457286,0.34323097208764,"Mean"
37.9607286432161,10.9254291457286,0.350270062331814,"Mean"
38.045327638191,10.9254291457286,0.358719813358144,"Mean"
38.1299266331658,10.9254291457286,0.367938968740826,"Mean"
38.2145256281407,10.9254291457286,0.407324565518729,"Mean"
38.2991246231156,10.9254291457286,0.431705088302933,"Mean"
38.3837236180904,10.9254291457286,0.49262329710072,"Mean"
38.4683226130653,10.9254291457286,0.493744294751627,"Mean"
38.5529216080402,10.9254291457286,0.456595766298764,"Mean"
38.6375206030151,10.9254291457286,0.469226409678935,"Mean"
38.72211959799,10.9254291457286,0.440552855912679,"Mean"
38.8067185929648,10.9254291457286,0.474086149736944,"Mean"
38.8913175879397,10.9254291457286,0.502900095473178,"Mean"
38.9759165829146,10.9254291457286,0.561345819596378,"Mean"
39.0605155778894,10.9254291457286,0.582482437959146,"Mean"
39.1451145728643,10.9254291457286,0.568131253064907,"Mean"
39.2297135678392,10.9254291457286,0.535001988275388,"Mean"
39.3143125628141,10.9254291457286,0.54944226794404,"Mean"
39.3989115577889,10.9254291457286,0.508266840030469,"Mean"
39.4835105527638,10.9254291457286,0.498381972851305,"Mean"
39.5681095477387,10.9254291457286,0.498540249395248,"Mean"
39.6527085427136,10.9254291457286,0.474760584583697,"Mean"
39.7373075376884,10.9254291457286,0.499224838056923,"Mean"
39.8219065326633,10.9254291457286,0.471055915985097,"Mean"
39.9065055276382,10.9254291457286,0.495780913475251,"Mean"
39.9911045226131,10.9254291457286,0.516514894001386,"Mean"
40.0757035175879,10.9254291457286,0.552763078237945,"Mean"
40.1603025125628,10.9254291457286,0.59995645801317,"Mean"
40.2449015075377,10.9254291457286,0.578619023878597,"Mean"
40.3295005025126,10.9254291457286,0.590020390838443,"Mean"
40.4140994974874,10.9254291457286,0.639420755372145,"Mean"
40.4986984924623,10.9254291457286,0.648491418915652,"Mean"
40.5832974874372,10.9254291457286,0.59046192734633,"Mean"
40.6678964824121,10.9254291457286,0.55776476020462,"Mean"
40.7524954773869,10.9254291457286,0.548396949998212,"Mean"
40.8370944723618,10.9254291457286,0.51696294613684,"Mean"
40.9216934673367,10.9254291457286,0.492294712069363,"Mean"
41.0062924623116,10.9254291457286,0.46352496730968,"Mean"
41.0908914572864,10.9254291457286,0.412251008334815,"Mean"
41.1754904522613,10.9254291457286,0.435968376294701,"Mean"
41.2600894472362,10.9254291457286,0.413573020875704,"Mean"
41.344688442211,10.9254291457286,0.402387182574316,"Mean"
41.4292874371859,10.9254291457286,0.388526528241632,"Mean"
41.5138864321608,10.9254291457286,0.377182188372483,"Mean"
41.5984854271357,10.9254291457286,0.364906700214459,"Mean"
41.6830844221106,10.9254291457286,0.354914945971392,"Mean"
41.7676834170854,10.9254291457286,0.325383284174184,"Mean"
41.8522824120603,10.9254291457286,0.333851767207329,"Mean"
41.9368814070352,10.9254291457286,0.32751548391495,"Mean"
42.02148040201,10.9254291457286,0.320833487429623,"Mean"
42.1060793969849,10.9254291457286,0.313646993223223,"Mean"
42.1906783919598,10.9254291457286,0.308775155574577,"Mean"
42.2752773869347,10.9254291457286,0.303224273172663,"Mean"
42.3598763819095,10.9254291457286,0.297514206324628,"Mean"
42.4444753768844,10.9254291457286,0.293248479574545,"Mean"
42.5290743718593,10.9254291457286,0.288080615723667,"Mean"
42.6136733668342,10.9254291457286,0.285809885443353,"Mean"
42.698272361809,10.9254291457286,0.2806945041991,"Mean"
34.8305658291457,10.9934557788945,0.543282053986309,"Mean"
34.9151648241206,10.9934557788945,0.543515613391694,"Mean"
34.9997638190955,10.9934557788945,0.505274419177453,"Mean"
35.0843628140704,10.9934557788945,0.487794396320691,"Mean"
35.1689618090452,10.9934557788945,0.599164173693325,"Mean"
35.2535608040201,10.9934557788945,0.448254252739051,"Mean"
35.338159798995,10.9934557788945,0.425980824501681,"Mean"
35.4227587939698,10.9934557788945,0.401503307987823,"Mean"
35.5073577889447,10.9934557788945,0.394215561508129,"Mean"
35.5919567839196,10.9934557788945,0.365545625801469,"Mean"
35.6765557788945,10.9934557788945,0.349968112241568,"Mean"
35.7611547738694,10.9934557788945,0.345537824934389,"Mean"
35.8457537688442,10.9934557788945,0.340413068081153,"Mean"
35.9303527638191,10.9934557788945,0.334406701546229,"Mean"
36.014951758794,10.9934557788945,0.327899229960896,"Mean"
36.0995507537688,10.9934557788945,0.320349699230307,"Mean"
36.1841497487437,10.9934557788945,0.310607242880735,"Mean"
36.2687487437186,10.9934557788945,0.314944149955513,"Mean"
36.3533477386935,10.9934557788945,0.291597479972764,"Mean"
36.4379467336683,10.9934557788945,0.249948805062638,"Mean"
36.5225457286432,10.9934557788945,0.255874963585377,"Mean"
36.6071447236181,10.9934557788945,0.237474289273329,"Mean"
36.691743718593,10.9934557788945,0.250569250470627,"Mean"
36.7763427135678,10.9934557788945,0.244069175127345,"Mean"
36.8609417085427,10.9934557788945,0.268034132544033,"Mean"
36.9455407035176,10.9934557788945,0.283068676156945,"Mean"
37.0301396984925,10.9934557788945,0.301343835575333,"Mean"
37.1147386934673,10.9934557788945,0.272263446757822,"Mean"
37.1993376884422,10.9934557788945,0.273760759216967,"Mean"
37.2839366834171,10.9934557788945,0.298569178159762,"Mean"
37.368535678392,10.9934557788945,0.319108801415694,"Mean"
37.4531346733668,10.9934557788945,0.312519327102162,"Mean"
37.5377336683417,10.9934557788945,0.332256132256316,"Mean"
37.6223326633166,10.9934557788945,0.34577448383158,"Mean"
37.7069316582915,10.9934557788945,0.294501777266488,"Mean"
37.7915306532663,10.9934557788945,0.318625344892877,"Mean"
37.8761296482412,10.9934557788945,0.338599215044904,"Mean"
37.9607286432161,10.9934557788945,0.338122351684136,"Mean"
38.045327638191,10.9934557788945,0.354113359993799,"Mean"
38.1299266331658,10.9934557788945,0.364449529728456,"Mean"
38.2145256281407,10.9934557788945,0.409031728645778,"Mean"
38.2991246231156,10.9934557788945,0.438457746661634,"Mean"
38.3837236180904,10.9934557788945,0.468805868497794,"Mean"
38.4683226130653,10.9934557788945,0.499809387749341,"Mean"
38.5529216080402,10.9934557788945,0.512314873562656,"Mean"
38.6375206030151,10.9934557788945,0.485475935038725,"Mean"
38.72211959799,10.9934557788945,0.434260707333798,"Mean"
38.8067185929648,10.9934557788945,0.448016019278851,"Mean"
38.8913175879397,10.9934557788945,0.467423020551109,"Mean"
38.9759165829146,10.9934557788945,0.527419300629996,"Mean"
39.0605155778894,10.9934557788945,0.50354310682486,"Mean"
39.1451145728643,10.9934557788945,0.555494007686274,"Mean"
39.2297135678392,10.9934557788945,0.566273987075916,"Mean"
39.3143125628141,10.9934557788945,0.538144529100427,"Mean"
39.3989115577889,10.9934557788945,0.503499981863673,"Mean"
39.4835105527638,10.9934557788945,0.488071051401248,"Mean"
39.5681095477387,10.9934557788945,0.490738630771404,"Mean"
39.6527085427136,10.9934557788945,0.471557202367882,"Mean"
39.7373075376884,10.9934557788945,0.498204432141397,"Mean"
39.8219065326633,10.9934557788945,0.453746895152058,"Mean"
39.9065055276382,10.9934557788945,0.492246443630448,"Mean"
39.9911045226131,10.9934557788945,0.515362098427038,"Mean"
40.0757035175879,10.9934557788945,0.556257570121193,"Mean"
40.1603025125628,10.9934557788945,0.599843274210426,"Mean"
40.2449015075377,10.9934557788945,0.581086867874508,"Mean"
40.3295005025126,10.9934557788945,0.594833865145966,"Mean"
40.4140994974874,10.9934557788945,0.644947122763026,"Mean"
40.4986984924623,10.9934557788945,0.619156996452791,"Mean"
40.5832974874372,10.9934557788945,0.581696921603753,"Mean"
40.6678964824121,10.9934557788945,0.55626663294745,"Mean"
40.7524954773869,10.9934557788945,0.530538666258359,"Mean"
40.8370944723618,10.9934557788945,0.505584668425176,"Mean"
40.9216934673367,10.9934557788945,0.466459625053147,"Mean"
41.0062924623116,10.9934557788945,0.436514310010252,"Mean"
41.0908914572864,10.9934557788945,0.422381283104444,"Mean"
41.1754904522613,10.9934557788945,0.40346310796643,"Mean"
41.2600894472362,10.9934557788945,0.392211057703376,"Mean"
41.344688442211,10.9934557788945,0.384692174393118,"Mean"
41.4292874371859,10.9934557788945,0.37219630304445,"Mean"
41.5138864321608,10.9934557788945,0.358074335109815,"Mean"
41.5984854271357,10.9934557788945,0.346556238186323,"Mean"
41.6830844221106,10.9934557788945,0.335003893246076,"Mean"
41.7676834170854,10.9934557788945,0.326350529910822,"Mean"
41.8522824120603,10.9934557788945,0.320889620304245,"Mean"
41.9368814070352,10.9934557788945,0.313168463780019,"Mean"
42.02148040201,10.9934557788945,0.306043225125786,"Mean"
42.1060793969849,10.9934557788945,0.293716461435679,"Mean"
42.1906783919598,10.9934557788945,0.294763232418367,"Mean"
42.2752773869347,10.9934557788945,0.289909645754984,"Mean"
42.3598763819095,10.9934557788945,0.284838189489486,"Mean"
42.4444753768844,10.9934557788945,0.279627865173463,"Mean"
42.5290743718593,10.9934557788945,0.278948831345101,"Mean"
42.6136733668342,10.9934557788945,0.273118848670237,"Mean"
34.8305658291457,11.0614824120603,0.558990329465683,"Mean"
34.9151648241206,11.0614824120603,0.521463180643145,"Mean"
34.9997638190955,11.0614824120603,0.508746013118698,"Mean"
35.0843628140704,11.0614824120603,0.490292402259923,"Mean"
35.1689618090452,11.0614824120603,0.476124828674738,"Mean"
35.2535608040201,11.0614824120603,0.482512340083093,"Mean"
35.338159798995,11.0614824120603,0.429429370726378,"Mean"
35.4227587939698,11.0614824120603,0.407299131420851,"Mean"
35.5073577889447,11.0614824120603,0.385598137174976,"Mean"
35.5919567839196,11.0614824120603,0.368798195328045,"Mean"
35.6765557788945,11.0614824120603,0.350547865570316,"Mean"
35.7611547738694,11.0614824120603,0.344841124076529,"Mean"
35.8457537688442,11.0614824120603,0.341433787931858,"Mean"
35.9303527638191,11.0614824120603,0.337762710514532,"Mean"
36.014951758794,11.0614824120603,0.324420424259882,"Mean"
36.0995507537688,11.0614824120603,0.315015990039845,"Mean"
36.1841497487437,11.0614824120603,0.320066647417323,"Mean"
36.2687487437186,11.0614824120603,0.318050506187717,"Mean"
36.3533477386935,11.0614824120603,0.327164906919312,"Mean"
36.4379467336683,11.0614824120603,0.282468996484174,"Mean"
36.5225457286432,11.0614824120603,0.243688321300666,"Mean"
36.6071447236181,11.0614824120603,0.231492653388156,"Mean"
36.691743718593,11.0614824120603,0.252947733776406,"Mean"
36.7763427135678,11.0614824120603,0.253929907828864,"Mean"
36.8609417085427,11.0614824120603,0.248902108004238,"Mean"
36.9455407035176,11.0614824120603,0.270279465552916,"Mean"
37.0301396984925,11.0614824120603,0.268685108942736,"Mean"
37.1147386934673,11.0614824120603,0.272075597701637,"Mean"
37.1993376884422,11.0614824120603,0.275443585724745,"Mean"
37.2839366834171,11.0614824120603,0.28306023794984,"Mean"
37.368535678392,11.0614824120603,0.304338246058406,"Mean"
37.4531346733668,11.0614824120603,0.311492641872285,"Mean"
37.5377336683417,11.0614824120603,0.340381317855793,"Mean"
37.6223326633166,11.0614824120603,0.316235952131392,"Mean"
37.7069316582915,11.0614824120603,0.319025714818715,"Mean"
37.7915306532663,11.0614824120603,0.316447048661935,"Mean"
37.8761296482412,11.0614824120603,0.344196456380322,"Mean"
37.9607286432161,11.0614824120603,0.352096799589238,"Mean"
38.045327638191,11.0614824120603,0.410465188600687,"Mean"
38.1299266331658,11.0614824120603,0.432074924472453,"Mean"
38.2145256281407,11.0614824120603,0.4538373308286,"Mean"
38.2991246231156,11.0614824120603,0.4635228669712,"Mean"
38.3837236180904,11.0614824120603,0.456784596246271,"Mean"
38.4683226130653,11.0614824120603,0.498926399766576,"Mean"
38.5529216080402,11.0614824120603,0.473381484869955,"Mean"
38.6375206030151,11.0614824120603,0.489101947339141,"Mean"
38.72211959799,11.0614824120603,0.496926025759461,"Mean"
38.8067185929648,11.0614824120603,0.485034568225162,"Mean"
38.8913175879397,11.0614824120603,0.493148245146731,"Mean"
38.9759165829146,11.0614824120603,0.50849928401023,"Mean"
39.0605155778894,11.0614824120603,0.558822009548814,"Mean"
39.1451145728643,11.0614824120603,0.522023524586486,"Mean"
39.2297135678392,11.0614824120603,0.518660485299776,"Mean"
39.3143125628141,11.0614824120603,0.515832535717511,"Mean"
39.3989115577889,11.0614824120603,0.537954804366524,"Mean"
39.4835105527638,11.0614824120603,0.484637358305922,"Mean"
39.5681095477387,11.0614824120603,0.487314879166467,"Mean"
39.6527085427136,11.0614824120603,0.489235781410241,"Mean"
39.7373075376884,11.0614824120603,0.498208815516713,"Mean"
39.8219065326633,11.0614824120603,0.449221215625968,"Mean"
39.9065055276382,11.0614824120603,0.507180909607009,"Mean"
39.9911045226131,11.0614824120603,0.530798577971956,"Mean"
40.0757035175879,11.0614824120603,0.597522828608868,"Mean"
40.1603025125628,11.0614824120603,0.595831343692504,"Mean"
40.2449015075377,11.0614824120603,0.581681344626174,"Mean"
40.3295005025126,11.0614824120603,0.611030973960335,"Mean"
40.4140994974874,11.0614824120603,0.615016882388337,"Mean"
40.4986984924623,11.0614824120603,0.548048137907945,"Mean"
40.5832974874372,11.0614824120603,0.53496492168792,"Mean"
40.6678964824121,11.0614824120603,0.533836114843797,"Mean"
40.7524954773869,11.0614824120603,0.490004325676868,"Mean"
40.8370944723618,11.0614824120603,0.466707071186031,"Mean"
40.9216934673367,11.0614824120603,0.442138496297727,"Mean"
41.0062924623116,11.0614824120603,0.382155694854265,"Mean"
41.0908914572864,11.0614824120603,0.407211673250643,"Mean"
41.1754904522613,11.0614824120603,0.380306336527977,"Mean"
41.2600894472362,11.0614824120603,0.338738783472942,"Mean"
41.344688442211,11.0614824120603,0.364366392155679,"Mean"
41.4292874371859,11.0614824120603,0.348226977005846,"Mean"
41.5138864321608,11.0614824120603,0.335767570317697,"Mean"
41.5984854271357,11.0614824120603,0.327206534799018,"Mean"
41.6830844221106,11.0614824120603,0.319022005178274,"Mean"
42.4444753768844,11.0614824120603,0.266517339252952,"Mean"
42.5290743718593,11.0614824120603,0.263922284404362,"Mean"
34.8305658291457,11.1295090452261,0.549987158539293,"Mean"
34.9151648241206,11.1295090452261,0.543091776565741,"Mean"
34.9997638190955,11.1295090452261,0.519495728073867,"Mean"
35.0843628140704,11.1295090452261,0.48933195429658,"Mean"
35.1689618090452,11.1295090452261,0.490656724540914,"Mean"
35.2535608040201,11.1295090452261,0.449932398501555,"Mean"
35.338159798995,11.1295090452261,0.466491615559609,"Mean"
35.4227587939698,11.1295090452261,0.402750624263316,"Mean"
35.5073577889447,11.1295090452261,0.380852939523797,"Mean"
35.5919567839196,11.1295090452261,0.359947707514084,"Mean"
35.6765557788945,11.1295090452261,0.35620015200596,"Mean"
35.7611547738694,11.1295090452261,0.344806396523395,"Mean"
35.8457537688442,11.1295090452261,0.343911934172272,"Mean"
35.9303527638191,11.1295090452261,0.336274490645536,"Mean"
36.014951758794,11.1295090452261,0.331624592584014,"Mean"
36.0995507537688,11.1295090452261,0.331809453626416,"Mean"
36.1841497487437,11.1295090452261,0.316505779071901,"Mean"
36.2687487437186,11.1295090452261,0.315538476241764,"Mean"
36.3533477386935,11.1295090452261,0.341468034050687,"Mean"
36.4379467336683,11.1295090452261,0.32278041692945,"Mean"
36.5225457286432,11.1295090452261,0.271192950044807,"Mean"
36.6071447236181,11.1295090452261,0.237914475037916,"Mean"
36.691743718593,11.1295090452261,0.250122408919073,"Mean"
36.7763427135678,11.1295090452261,0.252217327424205,"Mean"
36.8609417085427,11.1295090452261,0.236395611004432,"Mean"
36.9455407035176,11.1295090452261,0.247335732145287,"Mean"
37.0301396984925,11.1295090452261,0.260604855242795,"Mean"
37.1147386934673,11.1295090452261,0.280899252098042,"Mean"
37.1993376884422,11.1295090452261,0.317949729565973,"Mean"
37.2839366834171,11.1295090452261,0.312955168762359,"Mean"
37.368535678392,11.1295090452261,0.319019210232807,"Mean"
37.4531346733668,11.1295090452261,0.293136178442939,"Mean"
37.5377336683417,11.1295090452261,0.315724987228292,"Mean"
37.6223326633166,11.1295090452261,0.319314468923295,"Mean"
37.7069316582915,11.1295090452261,0.295058377363315,"Mean"
37.7915306532663,11.1295090452261,0.335501289024203,"Mean"
37.8761296482412,11.1295090452261,0.350502662260175,"Mean"
37.9607286432161,11.1295090452261,0.427355045016579,"Mean"
38.045327638191,11.1295090452261,0.410804391625069,"Mean"
38.1299266331658,11.1295090452261,0.43518529144017,"Mean"
38.2145256281407,11.1295090452261,0.431570757973383,"Mean"
38.2991246231156,11.1295090452261,0.467614263620318,"Mean"
38.3837236180904,11.1295090452261,0.463133769873848,"Mean"
38.4683226130653,11.1295090452261,0.454740271533542,"Mean"
38.5529216080402,11.1295090452261,0.489659559967877,"Mean"
38.6375206030151,11.1295090452261,0.432620790734316,"Mean"
38.72211959799,11.1295090452261,0.487565356069111,"Mean"
38.8067185929648,11.1295090452261,0.510444097625013,"Mean"
38.8913175879397,11.1295090452261,0.519125008628016,"Mean"
38.9759165829146,11.1295090452261,0.484612791622308,"Mean"
39.0605155778894,11.1295090452261,0.49634186281293,"Mean"
39.1451145728643,11.1295090452261,0.511237105381808,"Mean"
39.2297135678392,11.1295090452261,0.491722770615943,"Mean"
39.3143125628141,11.1295090452261,0.523656649263581,"Mean"
39.3989115577889,11.1295090452261,0.537219293362313,"Mean"
39.4835105527638,11.1295090452261,0.513152479610334,"Mean"
39.5681095477387,11.1295090452261,0.476286984708188,"Mean"
39.6527085427136,11.1295090452261,0.504102781765943,"Mean"
39.7373075376884,11.1295090452261,0.477356888090985,"Mean"
39.8219065326633,11.1295090452261,0.505758465913203,"Mean"
39.9065055276382,11.1295090452261,0.526770172538621,"Mean"
39.9911045226131,11.1295090452261,0.549465194984896,"Mean"
40.0757035175879,11.1295090452261,0.633002621772009,"Mean"
40.1603025125628,11.1295090452261,0.604118453188377,"Mean"
40.2449015075377,11.1295090452261,0.546126822862591,"Mean"
40.3295005025126,11.1295090452261,0.586485555000537,"Mean"
40.4140994974874,11.1295090452261,0.574366626028423,"Mean"
40.4986984924623,11.1295090452261,0.54942804311334,"Mean"
40.5832974874372,11.1295090452261,0.53002774421578,"Mean"
40.6678964824121,11.1295090452261,0.511211820743387,"Mean"
40.7524954773869,11.1295090452261,0.466324863125876,"Mean"
40.8370944723618,11.1295090452261,0.454484054774732,"Mean"
40.9216934673367,11.1295090452261,0.408912700308901,"Mean"
41.0062924623116,11.1295090452261,0.377939155041163,"Mean"
41.0908914572864,11.1295090452261,0.367898229515078,"Mean"
41.1754904522613,11.1295090452261,0.362423550853248,"Mean"
41.2600894472362,11.1295090452261,0.352202553323023,"Mean"
41.344688442211,11.1295090452261,0.34231916702928,"Mean"
41.4292874371859,11.1295090452261,0.331409459238413,"Mean"
41.5138864321608,11.1295090452261,0.317958591734111,"Mean"
41.5984854271357,11.1295090452261,0.308808413466489,"Mean"
41.6830844221106,11.1295090452261,0.303558329423966,"Mean"
34.8305658291457,11.197535678392,0.546256593382717,"Mean"
34.9151648241206,11.197535678392,0.52873080725193,"Mean"
34.9997638190955,11.197535678392,0.491613325015637,"Mean"
35.0843628140704,11.197535678392,0.578336225325361,"Mean"
35.1689618090452,11.197535678392,0.499212457988816,"Mean"
35.2535608040201,11.197535678392,0.444557528158265,"Mean"
35.338159798995,11.197535678392,0.426724938884535,"Mean"
35.4227587939698,11.197535678392,0.394892968633299,"Mean"
35.5073577889447,11.197535678392,0.371311630425175,"Mean"
35.5919567839196,11.197535678392,0.360613383863634,"Mean"
35.6765557788945,11.197535678392,0.361076696840801,"Mean"
35.7611547738694,11.197535678392,0.368333397257278,"Mean"
35.8457537688442,11.197535678392,0.378519921020994,"Mean"
35.9303527638191,11.197535678392,0.359866331396193,"Mean"
36.014951758794,11.197535678392,0.355986300713614,"Mean"
36.0995507537688,11.197535678392,0.32750181242185,"Mean"
36.1841497487437,11.197535678392,0.360174843464264,"Mean"
36.2687487437186,11.197535678392,0.312791355092033,"Mean"
36.3533477386935,11.197535678392,0.284979680624909,"Mean"
36.4379467336683,11.197535678392,0.317404261612409,"Mean"
36.5225457286432,11.197535678392,0.266557443998924,"Mean"
36.6071447236181,11.197535678392,0.244539481597835,"Mean"
36.691743718593,11.197535678392,0.232791685796636,"Mean"
36.7763427135678,11.197535678392,0.234030282944378,"Mean"
36.8609417085427,11.197535678392,0.235332843462862,"Mean"
36.9455407035176,11.197535678392,0.236425192446718,"Mean"
37.0301396984925,11.197535678392,0.252222532496877,"Mean"
37.1147386934673,11.197535678392,0.270994141195018,"Mean"
37.1993376884422,11.197535678392,0.289734050683933,"Mean"
37.2839366834171,11.197535678392,0.317496682862435,"Mean"
37.368535678392,11.197535678392,0.300742412388537,"Mean"
37.4531346733668,11.197535678392,0.282162372570847,"Mean"
37.5377336683417,11.197535678392,0.289945523074271,"Mean"
37.6223326633166,11.197535678392,0.301535585867721,"Mean"
37.7069316582915,11.197535678392,0.328709755258591,"Mean"
37.7915306532663,11.197535678392,0.376610650306485,"Mean"
37.8761296482412,11.197535678392,0.381471736928127,"Mean"
37.9607286432161,11.197535678392,0.409665561156889,"Mean"
38.045327638191,11.197535678392,0.437778799658818,"Mean"
38.1299266331658,11.197535678392,0.425460418919148,"Mean"
38.2145256281407,11.197535678392,0.398040965955423,"Mean"
38.2991246231156,11.197535678392,0.40916493117892,"Mean"
38.3837236180904,11.197535678392,0.439175687612281,"Mean"
38.4683226130653,11.197535678392,0.472438080402075,"Mean"
38.5529216080402,11.197535678392,0.48056916084411,"Mean"
38.6375206030151,11.197535678392,0.510952735160503,"Mean"
38.72211959799,11.197535678392,0.520101075338257,"Mean"
38.8067185929648,11.197535678392,0.527368775216092,"Mean"
38.8913175879397,11.197535678392,0.482855533942523,"Mean"
38.9759165829146,11.197535678392,0.485687076970733,"Mean"
39.0605155778894,11.197535678392,0.470969264753812,"Mean"
39.1451145728643,11.197535678392,0.458522861210934,"Mean"
39.2297135678392,11.197535678392,0.475047504452965,"Mean"
39.3143125628141,11.197535678392,0.540564750146849,"Mean"
39.3989115577889,11.197535678392,0.52326817778528,"Mean"
39.4835105527638,11.197535678392,0.506860207716015,"Mean"
39.5681095477387,11.197535678392,0.506463221633279,"Mean"
39.6527085427136,11.197535678392,0.492604114964911,"Mean"
39.7373075376884,11.197535678392,0.484488933265362,"Mean"
39.8219065326633,11.197535678392,0.485584521816096,"Mean"
39.9065055276382,11.197535678392,0.542115646365814,"Mean"
39.9911045226131,11.197535678392,0.566136145862912,"Mean"
40.0757035175879,11.197535678392,0.590237496487086,"Mean"
40.1603025125628,11.197535678392,0.578974097896464,"Mean"
40.2449015075377,11.197535678392,0.516426956875372,"Mean"
40.3295005025126,11.197535678392,0.493149203443031,"Mean"
40.4140994974874,11.197535678392,0.524984061968042,"Mean"
40.4986984924623,11.197535678392,0.519112849122475,"Mean"
40.5832974874372,11.197535678392,0.494050550564566,"Mean"
40.6678964824121,11.197535678392,0.471938696814949,"Mean"
40.7524954773869,11.197535678392,0.447999732737802,"Mean"
40.8370944723618,11.197535678392,0.38866464170508,"Mean"
40.9216934673367,11.197535678392,0.405621326680769,"Mean"
41.0062924623116,11.197535678392,0.364783054241454,"Mean"
41.0908914572864,11.197535678392,0.329990031740509,"Mean"
41.1754904522613,11.197535678392,0.343347474074428,"Mean"
41.2600894472362,11.197535678392,0.33508715437195,"Mean"
41.344688442211,11.197535678392,0.323795038624958,"Mean"
41.4292874371859,11.197535678392,0.307928536855086,"Mean"
41.5138864321608,11.197535678392,0.299347853042614,"Mean"
41.5984854271357,11.197535678392,0.284761305224072,"Mean"
41.6830844221106,11.197535678392,0.287194121547815,"Mean"
34.8305658291457,11.2655623115578,0.563327035220489,"Mean"
34.9151648241206,11.2655623115578,0.5582060407829,"Mean"
34.9997638190955,11.2655623115578,0.499675950006571,"Mean"
35.0843628140704,11.2655623115578,0.48199755583783,"Mean"
35.1689618090452,11.2655623115578,0.460453334356202,"Mean"
35.2535608040201,11.2655623115578,0.439666982064153,"Mean"
35.338159798995,11.2655623115578,0.438940762720789,"Mean"
35.4227587939698,11.2655623115578,0.400429478342796,"Mean"
35.5073577889447,11.2655623115578,0.376622558987889,"Mean"
35.5919567839196,11.2655623115578,0.369420254351626,"Mean"
35.6765557788945,11.2655623115578,0.384528959911354,"Mean"
35.7611547738694,11.2655623115578,0.373208262648602,"Mean"
35.8457537688442,11.2655623115578,0.388773495273178,"Mean"
35.9303527638191,11.2655623115578,0.340238368236,"Mean"
36.014951758794,11.2655623115578,0.359413374488735,"Mean"
36.0995507537688,11.2655623115578,0.357906813541702,"Mean"
36.1841497487437,11.2655623115578,0.33660642149122,"Mean"
36.2687487437186,11.2655623115578,0.293617296041785,"Mean"
36.3533477386935,11.2655623115578,0.290630284079869,"Mean"
36.4379467336683,11.2655623115578,0.266243718191331,"Mean"
36.5225457286432,11.2655623115578,0.2648830401431,"Mean"
36.6071447236181,11.2655623115578,0.265847633443445,"Mean"
36.691743718593,11.2655623115578,0.243608417451007,"Mean"
36.7763427135678,11.2655623115578,0.220662246951399,"Mean"
36.8609417085427,11.2655623115578,0.228096755914924,"Mean"
36.9455407035176,11.2655623115578,0.235746865959623,"Mean"
37.0301396984925,11.2655623115578,0.241684931893225,"Mean"
37.1147386934673,11.2655623115578,0.246799831568605,"Mean"
37.1993376884422,11.2655623115578,0.26894080609511,"Mean"
37.2839366834171,11.2655623115578,0.275718564142006,"Mean"
37.368535678392,11.2655623115578,0.255528667068133,"Mean"
37.4531346733668,11.2655623115578,0.278975886230486,"Mean"
37.5377336683417,11.2655623115578,0.285485705220293,"Mean"
37.6223326633166,11.2655623115578,0.317572057222949,"Mean"
37.7069316582915,11.2655623115578,0.349070330246577,"Mean"
37.7915306532663,11.2655623115578,0.358471266012056,"Mean"
37.8761296482412,11.2655623115578,0.328437415104008,"Mean"
37.9607286432161,11.2655623115578,0.366621670035623,"Mean"
38.045327638191,11.2655623115578,0.423301427297012,"Mean"
38.1299266331658,11.2655623115578,0.398667812892296,"Mean"
38.2145256281407,11.2655623115578,0.380761588656709,"Mean"
38.2991246231156,11.2655623115578,0.331633884818686,"Mean"
38.3837236180904,11.2655623115578,0.367124153821198,"Mean"
38.4683226130653,11.2655623115578,0.462781574905904,"Mean"
38.5529216080402,11.2655623115578,0.416974526948626,"Mean"
38.6375206030151,11.2655623115578,0.484648299190487,"Mean"
38.72211959799,11.2655623115578,0.4850538817864,"Mean"
38.8067185929648,11.2655623115578,0.456897198824152,"Mean"
38.8913175879397,11.2655623115578,0.480762194622213,"Mean"
38.9759165829146,11.2655623115578,0.498498577438396,"Mean"
39.0605155778894,11.2655623115578,0.462373564724348,"Mean"
39.1451145728643,11.2655623115578,0.48830491467646,"Mean"
39.2297135678392,11.2655623115578,0.499787411787347,"Mean"
39.3143125628141,11.2655623115578,0.517968273919056,"Mean"
39.3989115577889,11.2655623115578,0.528920411301753,"Mean"
39.4835105527638,11.2655623115578,0.508248523587453,"Mean"
39.5681095477387,11.2655623115578,0.510810720172864,"Mean"
39.6527085427136,11.2655623115578,0.477837496271368,"Mean"
39.7373075376884,11.2655623115578,0.479783611549124,"Mean"
39.8219065326633,11.2655623115578,0.50866763168505,"Mean"
39.9065055276382,11.2655623115578,0.539882184653658,"Mean"
39.9911045226131,11.2655623115578,0.563051946778265,"Mean"
40.0757035175879,11.2655623115578,0.593385147495271,"Mean"
40.1603025125628,11.2655623115578,0.53290967571183,"Mean"
40.2449015075377,11.2655623115578,0.480585921065241,"Mean"
40.3295005025126,11.2655623115578,0.4705262000237,"Mean"
40.4140994974874,11.2655623115578,0.514306707043184,"Mean"
40.4986984924623,11.2655623115578,0.494690817344017,"Mean"
40.5832974874372,11.2655623115578,0.461990474285046,"Mean"
40.6678964824121,11.2655623115578,0.43003499632477,"Mean"
40.7524954773869,11.2655623115578,0.416829481980171,"Mean"
40.8370944723618,11.2655623115578,0.360498050241432,"Mean"
40.9216934673367,11.2655623115578,0.336959328361127,"Mean"
41.0062924623116,11.2655623115578,0.353410206583468,"Mean"
41.0908914572864,11.2655623115578,0.30613712404845,"Mean"
41.1754904522613,11.2655623115578,0.289084530662931,"Mean"
41.2600894472362,11.2655623115578,0.312717583959019,"Mean"
41.344688442211,11.2655623115578,0.302299851998191,"Mean"
41.4292874371859,11.2655623115578,0.27440557617505,"Mean"
41.5138864321608,11.2655623115578,0.240817700936549,"Mean"
41.5984854271357,11.2655623115578,0.271638823451232,"Mean"
41.6830844221106,11.2655623115578,0.26539903625094,"Mean"
34.9151648241206,11.3335889447236,0.518498438071414,"Mean"
34.9997638190955,11.3335889447236,0.4705225376812,"Mean"
35.0843628140704,11.3335889447236,0.476031624955991,"Mean"
35.1689618090452,11.3335889447236,0.456507735292059,"Mean"
35.2535608040201,11.3335889447236,0.435812410180406,"Mean"
35.338159798995,11.3335889447236,0.424038494582528,"Mean"
35.4227587939698,11.3335889447236,0.385188232656383,"Mean"
35.5073577889447,11.3335889447236,0.37111297680416,"Mean"
35.5919567839196,11.3335889447236,0.383257025267299,"Mean"
35.6765557788945,11.3335889447236,0.367885355012889,"Mean"
35.7611547738694,11.3335889447236,0.385447758295967,"Mean"
35.8457537688442,11.3335889447236,0.355333658777315,"Mean"
35.9303527638191,11.3335889447236,0.342729168868811,"Mean"
36.014951758794,11.3335889447236,0.344334680351505,"Mean"
36.0995507537688,11.3335889447236,0.335198035966205,"Mean"
36.1841497487437,11.3335889447236,0.329723768183169,"Mean"
36.2687487437186,11.3335889447236,0.361953790945436,"Mean"
36.3533477386935,11.3335889447236,0.293661022766103,"Mean"
36.4379467336683,11.3335889447236,0.277502567452129,"Mean"
36.5225457286432,11.3335889447236,0.277895185050043,"Mean"
36.6071447236181,11.3335889447236,0.255650018626528,"Mean"
36.691743718593,11.3335889447236,0.275437275251234,"Mean"
36.7763427135678,11.3335889447236,0.230151007016494,"Mean"
36.8609417085427,11.3335889447236,0.237186090687167,"Mean"
36.9455407035176,11.3335889447236,0.233369050201655,"Mean"
37.0301396984925,11.3335889447236,0.234801846513368,"Mean"
37.1147386934673,11.3335889447236,0.246751407018343,"Mean"
37.1993376884422,11.3335889447236,0.258327161440753,"Mean"
37.2839366834171,11.3335889447236,0.259219894495579,"Mean"
37.368535678392,11.3335889447236,0.161020639438133,"Mean"
37.4531346733668,11.3335889447236,0.250113871857608,"Mean"
37.5377336683417,11.3335889447236,0.292186770774065,"Mean"
37.6223326633166,11.3335889447236,0.311866121125501,"Mean"
37.7069316582915,11.3335889447236,0.345871762460536,"Mean"
37.7915306532663,11.3335889447236,0.369748280648555,"Mean"
37.8761296482412,11.3335889447236,0.309237115934086,"Mean"
37.9607286432161,11.3335889447236,0.32001183254227,"Mean"
38.045327638191,11.3335889447236,0.389181208644964,"Mean"
38.1299266331658,11.3335889447236,0.379867939446794,"Mean"
38.2145256281407,11.3335889447236,0.309199177772153,"Mean"
38.2991246231156,11.3335889447236,0.327756111007006,"Mean"
38.3837236180904,11.3335889447236,0.436678532876563,"Mean"
38.4683226130653,11.3335889447236,0.42923488640816,"Mean"
38.5529216080402,11.3335889447236,0.410563248920289,"Mean"
38.6375206030151,11.3335889447236,0.481338394398921,"Mean"
38.72211959799,11.3335889447236,0.515303456777904,"Mean"
38.8067185929648,11.3335889447236,0.48549206788472,"Mean"
38.8913175879397,11.3335889447236,0.531110988388981,"Mean"
38.9759165829146,11.3335889447236,0.537011695615359,"Mean"
39.0605155778894,11.3335889447236,0.525572580441956,"Mean"
39.1451145728643,11.3335889447236,0.518721332494404,"Mean"
39.2297135678392,11.3335889447236,0.492070930929678,"Mean"
39.3143125628141,11.3335889447236,0.508360465391504,"Mean"
39.3989115577889,11.3335889447236,0.512646747482121,"Mean"
39.4835105527638,11.3335889447236,0.544285681806909,"Mean"
39.5681095477387,11.3335889447236,0.511707967694564,"Mean"
39.6527085427136,11.3335889447236,0.478117049696538,"Mean"
39.7373075376884,11.3335889447236,0.497754736727669,"Mean"
39.8219065326633,11.3335889447236,0.500759435303,"Mean"
39.9065055276382,11.3335889447236,0.521471578803228,"Mean"
39.9911045226131,11.3335889447236,0.582658499267674,"Mean"
40.0757035175879,11.3335889447236,0.542577685912473,"Mean"
40.1603025125628,11.3335889447236,0.491041908636218,"Mean"
40.2449015075377,11.3335889447236,0.44888480731466,"Mean"
40.3295005025126,11.3335889447236,0.439291195754392,"Mean"
40.4140994974874,11.3335889447236,0.483595635086399,"Mean"
40.4986984924623,11.3335889447236,0.453352070425209,"Mean"
40.5832974874372,11.3335889447236,0.434373716045917,"Mean"
40.6678964824121,11.3335889447236,0.397068046625717,"Mean"
40.7524954773869,11.3335889447236,0.374159972900372,"Mean"
40.8370944723618,11.3335889447236,0.355154988974831,"Mean"
40.9216934673367,11.3335889447236,0.285100333809418,"Mean"
41.0062924623116,11.3335889447236,0.329947532258292,"Mean"
41.0908914572864,11.3335889447236,0.292242581868057,"Mean"
41.1754904522613,11.3335889447236,0.26091572511126,"Mean"
41.2600894472362,11.3335889447236,0.273928596381517,"Mean"
41.344688442211,11.3335889447236,0.26615932839318,"Mean"
41.4292874371859,11.3335889447236,0.218814394305222,"Mean"
41.5138864321608,11.3335889447236,0.220008268743857,"Mean"
41.5984854271357,11.3335889447236,0.253396219802171,"Mean"
41.6830844221106,11.3335889447236,0.247701275034844,"Mean"
34.9151648241206,11.4016155778894,0.555719907853787,"Mean"
34.9997638190955,11.4016155778894,0.474841476028621,"Mean"
35.0843628140704,11.4016155778894,0.473345860450298,"Mean"
35.1689618090452,11.4016155778894,0.45461651798639,"Mean"
35.2535608040201,11.4016155778894,0.418118064588347,"Mean"
35.338159798995,11.4016155778894,0.408812332976851,"Mean"
35.4227587939698,11.4016155778894,0.387562890024458,"Mean"
35.5073577889447,11.4016155778894,0.376293384498509,"Mean"
35.5919567839196,11.4016155778894,0.382131655088833,"Mean"
35.6765557788945,11.4016155778894,0.367496715155063,"Mean"
35.7611547738694,11.4016155778894,0.368240707605984,"Mean"
35.8457537688442,11.4016155778894,0.355198644963656,"Mean"
35.9303527638191,11.4016155778894,0.350855801024579,"Mean"
36.014951758794,11.4016155778894,0.347945536367679,"Mean"
36.0995507537688,11.4016155778894,0.340277914667074,"Mean"
36.1841497487437,11.4016155778894,0.328375346432434,"Mean"
36.2687487437186,11.4016155778894,0.314927869839201,"Mean"
36.3533477386935,11.4016155778894,0.294757408058178,"Mean"
36.4379467336683,11.4016155778894,0.278861534792082,"Mean"
36.5225457286432,11.4016155778894,0.283346175385683,"Mean"
36.6071447236181,11.4016155778894,0.262139836815278,"Mean"
36.691743718593,11.4016155778894,0.260049975298542,"Mean"
36.7763427135678,11.4016155778894,0.229759834318238,"Mean"
36.8609417085427,11.4016155778894,0.232760710763091,"Mean"
36.9455407035176,11.4016155778894,0.235615973594355,"Mean"
37.0301396984925,11.4016155778894,0.233005643451849,"Mean"
37.1147386934673,11.4016155778894,0.24099752528018,"Mean"
37.1993376884422,11.4016155778894,0.253994708746215,"Mean"
37.2839366834171,11.4016155778894,0.250449092367835,"Mean"
37.368535678392,11.4016155778894,0.157447015772596,"Mean"
37.4531346733668,11.4016155778894,0.246107639692018,"Mean"
37.5377336683417,11.4016155778894,0.298802617283613,"Mean"
37.6223326633166,11.4016155778894,0.313341417059971,"Mean"
37.7069316582915,11.4016155778894,0.3408459821968,"Mean"
37.7915306532663,11.4016155778894,0.349461020722435,"Mean"
37.8761296482412,11.4016155778894,0.315684871750756,"Mean"
37.9607286432161,11.4016155778894,0.317651116398616,"Mean"
38.045327638191,11.4016155778894,0.36820887937818,"Mean"
38.1299266331658,11.4016155778894,0.35961585634245,"Mean"
38.2145256281407,11.4016155778894,0.306400832943512,"Mean"
38.2991246231156,11.4016155778894,0.356085749073166,"Mean"
38.3837236180904,11.4016155778894,0.396940247852978,"Mean"
38.4683226130653,11.4016155778894,0.399608586934327,"Mean"
38.5529216080402,11.4016155778894,0.419654122448036,"Mean"
38.6375206030151,11.4016155778894,0.454597394547163,"Mean"
38.72211959799,11.4016155778894,0.498519933967456,"Mean"
38.8067185929648,11.4016155778894,0.492139452336738,"Mean"
38.8913175879397,11.4016155778894,0.531774139514325,"Mean"
38.9759165829146,11.4016155778894,0.539079797240201,"Mean"
39.0605155778894,11.4016155778894,0.527019160678925,"Mean"
39.1451145728643,11.4016155778894,0.48866209171828,"Mean"
39.2297135678392,11.4016155778894,0.498662874698405,"Mean"
39.3143125628141,11.4016155778894,0.490697335759446,"Mean"
39.3989115577889,11.4016155778894,0.50526021003053,"Mean"
39.4835105527638,11.4016155778894,0.508917414825336,"Mean"
39.5681095477387,11.4016155778894,0.50569722907211,"Mean"
39.6527085427136,11.4016155778894,0.473650586735497,"Mean"
39.7373075376884,11.4016155778894,0.492345673733887,"Mean"
39.8219065326633,11.4016155778894,0.493186931524211,"Mean"
39.9065055276382,11.4016155778894,0.517125927190676,"Mean"
39.9911045226131,11.4016155778894,0.546779697892424,"Mean"
40.0757035175879,11.4016155778894,0.546651430197462,"Mean"
40.1603025125628,11.4016155778894,0.471486438520012,"Mean"
40.2449015075377,11.4016155778894,0.431794646092609,"Mean"
40.3295005025126,11.4016155778894,0.413906970828238,"Mean"
40.4140994974874,11.4016155778894,0.450397326788383,"Mean"
40.4986984924623,11.4016155778894,0.420558639990894,"Mean"
40.5832974874372,11.4016155778894,0.401217574534301,"Mean"
40.6678964824121,11.4016155778894,0.368364955005685,"Mean"
40.7524954773869,11.4016155778894,0.346497819639402,"Mean"
40.8370944723618,11.4016155778894,0.329638078102538,"Mean"
40.9216934673367,11.4016155778894,0.306596336767505,"Mean"
41.0062924623116,11.4016155778894,0.304660554161618,"Mean"
41.0908914572864,11.4016155778894,0.279625408278465,"Mean"
41.1754904522613,11.4016155778894,0.278086345771822,"Mean"
41.2600894472362,11.4016155778894,0.248816571005761,"Mean"
41.344688442211,11.4016155778894,0.255530484299599,"Mean"
41.4292874371859,11.4016155778894,0.219815215733148,"Mean"
41.5138864321608,11.4016155778894,0.232090151661611,"Mean"
41.5984854271357,11.4016155778894,0.207996799062233,"Mean"
41.6830844221106,11.4016155778894,0.274318128216611,"Mean"
34.9997638190955,11.4696422110553,0.529606246634724,"Mean"
35.0843628140704,11.4696422110553,0.478080631918627,"Mean"
35.1689618090452,11.4696422110553,0.479666331932422,"Mean"
35.2535608040201,11.4696422110553,0.434906405854015,"Mean"
35.338159798995,11.4696422110553,0.400015970400512,"Mean"
35.4227587939698,11.4696422110553,0.3848754059095,"Mean"
35.5073577889447,11.4696422110553,0.369433186125077,"Mean"
35.5919567839196,11.4696422110553,0.37776740996763,"Mean"
35.6765557788945,11.4696422110553,0.371018035807733,"Mean"
35.7611547738694,11.4696422110553,0.3975490297517,"Mean"
35.8457537688442,11.4696422110553,0.357973723898792,"Mean"
35.9303527638191,11.4696422110553,0.355727241733527,"Mean"
36.014951758794,11.4696422110553,0.346013738806655,"Mean"
36.0995507537688,11.4696422110553,0.345094098126103,"Mean"
36.1841497487437,11.4696422110553,0.335547604899251,"Mean"
36.2687487437186,11.4696422110553,0.333850772667841,"Mean"
36.3533477386935,11.4696422110553,0.330603537594943,"Mean"
36.4379467336683,11.4696422110553,0.325945376513,"Mean"
36.5225457286432,11.4696422110553,0.286104975155125,"Mean"
36.6071447236181,11.4696422110553,0.278392780385241,"Mean"
36.691743718593,11.4696422110553,0.275185927054125,"Mean"
36.7763427135678,11.4696422110553,0.258764328490995,"Mean"
36.8609417085427,11.4696422110553,0.240112541653281,"Mean"
36.9455407035176,11.4696422110553,0.236524509881945,"Mean"
37.0301396984925,11.4696422110553,0.247147429902058,"Mean"
37.1147386934673,11.4696422110553,0.240005002240085,"Mean"
37.1993376884422,11.4696422110553,0.225639718362849,"Mean"
37.2839366834171,11.4696422110553,0.14481269918351,"Mean"
37.368535678392,11.4696422110553,0.150513357350649,"Mean"
37.4531346733668,11.4696422110553,0.188636641154896,"Mean"
37.5377336683417,11.4696422110553,0.159861667614105,"Mean"
37.6223326633166,11.4696422110553,0.226638923764613,"Mean"
37.7069316582915,11.4696422110553,0.336622949285616,"Mean"
37.7915306532663,11.4696422110553,0.33483600109909,"Mean"
37.8761296482412,11.4696422110553,0.321195330461196,"Mean"
37.9607286432161,11.4696422110553,0.311513011886624,"Mean"
38.045327638191,11.4696422110553,0.338292298530617,"Mean"
38.1299266331658,11.4696422110553,0.350311075618488,"Mean"
38.2145256281407,11.4696422110553,0.32181891369191,"Mean"
38.2991246231156,11.4696422110553,0.340495772459245,"Mean"
38.3837236180904,11.4696422110553,0.367305768886074,"Mean"
38.4683226130653,11.4696422110553,0.382825513905027,"Mean"
38.5529216080402,11.4696422110553,0.448274055470946,"Mean"
38.6375206030151,11.4696422110553,0.471605927587717,"Mean"
38.72211959799,11.4696422110553,0.490089609174126,"Mean"
38.8067185929648,11.4696422110553,0.423428181204407,"Mean"
38.8913175879397,11.4696422110553,0.418159497389192,"Mean"
38.9759165829146,11.4696422110553,0.472894279054884,"Mean"
39.0605155778894,11.4696422110553,0.498421605776567,"Mean"
39.1451145728643,11.4696422110553,0.508058614546628,"Mean"
39.2297135678392,11.4696422110553,0.489412015752557,"Mean"
39.3143125628141,11.4696422110553,0.487570511090175,"Mean"
39.3989115577889,11.4696422110553,0.491321373870283,"Mean"
39.4835105527638,11.4696422110553,0.514940083316893,"Mean"
39.5681095477387,11.4696422110553,0.498481459565498,"Mean"
39.6527085427136,11.4696422110553,0.472919501507949,"Mean"
39.7373075376884,11.4696422110553,0.494041654822179,"Mean"
39.8219065326633,11.4696422110553,0.505997013076877,"Mean"
39.9065055276382,11.4696422110553,0.506385564371291,"Mean"
39.9911045226131,11.4696422110553,0.51673250489403,"Mean"
40.0757035175879,11.4696422110553,0.497425754470655,"Mean"
40.1603025125628,11.4696422110553,0.466129936430199,"Mean"
40.2449015075377,11.4696422110553,0.446975171611864,"Mean"
40.3295005025126,11.4696422110553,0.350302083388676,"Mean"
40.4140994974874,11.4696422110553,0.343039366636364,"Mean"
40.4986984924623,11.4696422110553,0.350697462420098,"Mean"
40.5832974874372,11.4696422110553,0.377161006508735,"Mean"
40.6678964824121,11.4696422110553,0.343444423674119,"Mean"
40.7524954773869,11.4696422110553,0.320317554440517,"Mean"
40.8370944723618,11.4696422110553,0.311117459892208,"Mean"
40.9216934673367,11.4696422110553,0.341495564113449,"Mean"
41.0062924623116,11.4696422110553,0.281079999920541,"Mean"
41.0908914572864,11.4696422110553,0.264003683957071,"Mean"
41.1754904522613,11.4696422110553,0.249034366831393,"Mean"
41.2600894472362,11.4696422110553,0.246765688221078,"Mean"
41.344688442211,11.4696422110553,0.19337830303647,"Mean"
41.4292874371859,11.4696422110553,0.215761242572801,"Mean"
41.5138864321608,11.4696422110553,0.179927660226358,"Mean"
41.5984854271357,11.4696422110553,0.183237896203993,"Mean"
41.6830844221106,11.4696422110553,0.216599896155455,"Mean"
34.9997638190955,11.5376688442211,0.499115725418601,"Mean"
35.0843628140704,11.5376688442211,0.487458865672487,"Mean"
35.1689618090452,11.5376688442211,0.479090349696431,"Mean"
35.2535608040201,11.5376688442211,0.420910421677515,"Mean"
35.338159798995,11.5376688442211,0.397384361370587,"Mean"
35.4227587939698,11.5376688442211,0.413324247967614,"Mean"
35.5073577889447,11.5376688442211,0.37724156054389,"Mean"
35.5919567839196,11.5376688442211,0.380388875003546,"Mean"
35.6765557788945,11.5376688442211,0.372781401788283,"Mean"
35.7611547738694,11.5376688442211,0.371097190493459,"Mean"
35.8457537688442,11.5376688442211,0.364258517584348,"Mean"
35.9303527638191,11.5376688442211,0.357904753418616,"Mean"
36.014951758794,11.5376688442211,0.349500634581761,"Mean"
36.0995507537688,11.5376688442211,0.340020637496679,"Mean"
36.1841497487437,11.5376688442211,0.340063174807654,"Mean"
36.2687487437186,11.5376688442211,0.335659315535588,"Mean"
36.3533477386935,11.5376688442211,0.345259384250441,"Mean"
36.4379467336683,11.5376688442211,0.295392500358712,"Mean"
36.5225457286432,11.5376688442211,0.331136306540039,"Mean"
36.6071447236181,11.5376688442211,0.283575749139088,"Mean"
36.691743718593,11.5376688442211,0.280191102537416,"Mean"
36.7763427135678,11.5376688442211,0.250234331900113,"Mean"
36.8609417085427,11.5376688442211,0.262166447457767,"Mean"
36.9455407035176,11.5376688442211,0.236619900637276,"Mean"
37.0301396984925,11.5376688442211,0.252311726614839,"Mean"
37.1147386934673,11.5376688442211,0.269768004160125,"Mean"
37.1993376884422,11.5376688442211,0.225465052420202,"Mean"
37.2839366834171,11.5376688442211,0.123556289905691,"Mean"
37.368535678392,11.5376688442211,0.102304532812553,"Mean"
37.4531346733668,11.5376688442211,0.134232606911974,"Mean"
37.5377336683417,11.5376688442211,0.243835023552133,"Mean"
37.6223326633166,11.5376688442211,0.319443251407028,"Mean"
37.7069316582915,11.5376688442211,0.302187394016793,"Mean"
37.7915306532663,11.5376688442211,0.309095488692645,"Mean"
37.8761296482412,11.5376688442211,0.318835350274388,"Mean"
37.9607286432161,11.5376688442211,0.309075622838515,"Mean"
38.045327638191,11.5376688442211,0.31599007958463,"Mean"
38.1299266331658,11.5376688442211,0.339916569562914,"Mean"
38.2145256281407,11.5376688442211,0.34410795743034,"Mean"
38.2991246231156,11.5376688442211,0.345193410016156,"Mean"
38.3837236180904,11.5376688442211,0.379001017484962,"Mean"
38.4683226130653,11.5376688442211,0.399163845245527,"Mean"
38.5529216080402,11.5376688442211,0.457603975417524,"Mean"
38.6375206030151,11.5376688442211,0.460174446938557,"Mean"
38.72211959799,11.5376688442211,0.491728996603862,"Mean"
38.8067185929648,11.5376688442211,0.43852539636663,"Mean"
38.8913175879397,11.5376688442211,0.494342993269354,"Mean"
38.9759165829146,11.5376688442211,0.511534032800365,"Mean"
39.0605155778894,11.5376688442211,0.448053807400117,"Mean"
39.1451145728643,11.5376688442211,0.49453891519812,"Mean"
39.2297135678392,11.5376688442211,0.48647955617754,"Mean"
39.3143125628141,11.5376688442211,0.466634732342645,"Mean"
39.3989115577889,11.5376688442211,0.498721091938383,"Mean"
39.4835105527638,11.5376688442211,0.546323820311312,"Mean"
39.5681095477387,11.5376688442211,0.530628349133741,"Mean"
39.6527085427136,11.5376688442211,0.477664580171255,"Mean"
39.7373075376884,11.5376688442211,0.481416080371434,"Mean"
39.8219065326633,11.5376688442211,0.510429985483696,"Mean"
39.9065055276382,11.5376688442211,0.497305864532788,"Mean"
39.9911045226131,11.5376688442211,0.472193997615904,"Mean"
40.0757035175879,11.5376688442211,0.464057287675855,"Mean"
40.1603025125628,11.5376688442211,0.430316835521053,"Mean"
40.2449015075377,11.5376688442211,0.375693832030358,"Mean"
40.3295005025126,11.5376688442211,0.335687734880972,"Mean"
40.4140994974874,11.5376688442211,0.296842110184558,"Mean"
40.4986984924623,11.5376688442211,0.342136728001463,"Mean"
40.5832974874372,11.5376688442211,0.330937092459162,"Mean"
40.6678964824121,11.5376688442211,0.315533554983153,"Mean"
40.7524954773869,11.5376688442211,0.298944156280505,"Mean"
40.8370944723618,11.5376688442211,0.291671849176123,"Mean"
40.9216934673367,11.5376688442211,0.284133536456151,"Mean"
41.0062924623116,11.5376688442211,0.253750076264717,"Mean"
41.0908914572864,11.5376688442211,0.242162908968439,"Mean"
41.1754904522613,11.5376688442211,0.234023871804029,"Mean"
41.2600894472362,11.5376688442211,0.183654639740505,"Mean"
41.344688442211,11.5376688442211,0.190636194685113,"Mean"
41.4292874371859,11.5376688442211,0.153734362573597,"Mean"
41.5138864321608,11.5376688442211,0.154404154632357,"Mean"
41.5984854271357,11.5376688442211,0.164472545440914,"Mean"
41.6830844221106,11.5376688442211,0.235770258815949,"Mean"
34.9997638190955,11.6056954773869,0.510535933858194,"Mean"
35.0843628140704,11.6056954773869,0.496539344270736,"Mean"
35.1689618090452,11.6056954773869,0.45753317966116,"Mean"
35.2535608040201,11.6056954773869,0.411414335355581,"Mean"
35.338159798995,11.6056954773869,0.409860654774069,"Mean"
35.4227587939698,11.6056954773869,0.394173642814704,"Mean"
35.5073577889447,11.6056954773869,0.382469377360403,"Mean"
35.5919567839196,11.6056954773869,0.383044655466796,"Mean"
35.6765557788945,11.6056954773869,0.369532096141356,"Mean"
35.7611547738694,11.6056954773869,0.366275252834112,"Mean"
35.8457537688442,11.6056954773869,0.364082317795055,"Mean"
35.9303527638191,11.6056954773869,0.358080365452555,"Mean"
36.014951758794,11.6056954773869,0.352988564014422,"Mean"
36.0995507537688,11.6056954773869,0.340182369165171,"Mean"
36.1841497487437,11.6056954773869,0.345830882940987,"Mean"
36.2687487437186,11.6056954773869,0.33902481435686,"Mean"
36.3533477386935,11.6056954773869,0.352272246117138,"Mean"
36.4379467336683,11.6056954773869,0.308052024628679,"Mean"
36.5225457286432,11.6056954773869,0.298947740280025,"Mean"
36.6071447236181,11.6056954773869,0.30002409501661,"Mean"
36.691743718593,11.6056954773869,0.296219423989341,"Mean"
36.7763427135678,11.6056954773869,0.263552447968212,"Mean"
36.8609417085427,11.6056954773869,0.274969819690157,"Mean"
36.9455407035176,11.6056954773869,0.226497189341938,"Mean"
37.0301396984925,11.6056954773869,0.246214282407122,"Mean"
37.1147386934673,11.6056954773869,0.222210055314852,"Mean"
37.1993376884422,11.6056954773869,0.182492315361853,"Mean"
37.2839366834171,11.6056954773869,0.129100562117692,"Mean"
37.368535678392,11.6056954773869,0.339217403178538,"Mean"
37.4531346733668,11.6056954773869,0.128736402609136,"Mean"
37.5377336683417,11.6056954773869,0.24836964751521,"Mean"
37.6223326633166,11.6056954773869,0.292923772882775,"Mean"
37.7069316582915,11.6056954773869,0.294087641731966,"Mean"
37.7915306532663,11.6056954773869,0.304771491374702,"Mean"
37.8761296482412,11.6056954773869,0.309828829602667,"Mean"
37.9607286432161,11.6056954773869,0.298879565348674,"Mean"
38.045327638191,11.6056954773869,0.30514085647275,"Mean"
38.1299266331658,11.6056954773869,0.321397079734246,"Mean"
38.2145256281407,11.6056954773869,0.344971393066561,"Mean"
38.2991246231156,11.6056954773869,0.355781767553934,"Mean"
38.3837236180904,11.6056954773869,0.385003425779135,"Mean"
38.4683226130653,11.6056954773869,0.380309482434149,"Mean"
38.5529216080402,11.6056954773869,0.401579885334141,"Mean"
38.6375206030151,11.6056954773869,0.43921691995638,"Mean"
38.72211959799,11.6056954773869,0.455267265183746,"Mean"
38.8067185929648,11.6056954773869,0.444655460755813,"Mean"
38.8913175879397,11.6056954773869,0.4387533289328,"Mean"
38.9759165829146,11.6056954773869,0.422760036397263,"Mean"
39.0605155778894,11.6056954773869,0.491297457826567,"Mean"
39.1451145728643,11.6056954773869,0.450541674523894,"Mean"
39.2297135678392,11.6056954773869,0.490945275302506,"Mean"
39.3143125628141,11.6056954773869,0.4995388449777,"Mean"
39.3989115577889,11.6056954773869,0.506114830045666,"Mean"
39.4835105527638,11.6056954773869,0.537500140052363,"Mean"
39.5681095477387,11.6056954773869,0.51554377910438,"Mean"
39.6527085427136,11.6056954773869,0.479161034379064,"Mean"
39.7373075376884,11.6056954773869,0.472032610007056,"Mean"
39.8219065326633,11.6056954773869,0.49817276510248,"Mean"
39.9065055276382,11.6056954773869,0.472596977839899,"Mean"
39.9911045226131,11.6056954773869,0.49544385965354,"Mean"
40.0757035175879,11.6056954773869,0.406625249167873,"Mean"
40.1603025125628,11.6056954773869,0.393022497903365,"Mean"
40.2449015075377,11.6056954773869,0.365622027016253,"Mean"
40.3295005025126,11.6056954773869,0.335126334393809,"Mean"
40.4140994974874,11.6056954773869,0.307726729519211,"Mean"
40.4986984924623,11.6056954773869,0.280174133717554,"Mean"
40.5832974874372,11.6056954773869,0.293961293610863,"Mean"
40.6678964824121,11.6056954773869,0.284669466872307,"Mean"
40.7524954773869,11.6056954773869,0.278846912546522,"Mean"
40.8370944723618,11.6056954773869,0.264229454166989,"Mean"
40.9216934673367,11.6056954773869,0.243786264528672,"Mean"
41.0062924623116,11.6056954773869,0.227333279707031,"Mean"
41.0908914572864,11.6056954773869,0.224824295696517,"Mean"
41.1754904522613,11.6056954773869,0.209268820875677,"Mean"
41.2600894472362,11.6056954773869,0.16790174263188,"Mean"
41.344688442211,11.6056954773869,0.149153034253771,"Mean"
41.4292874371859,11.6056954773869,0.182091240826328,"Mean"
41.5138864321608,11.6056954773869,0.144649965690088,"Mean"
41.5984854271357,11.6056954773869,0.148374332001405,"Mean"
35.0843628140704,11.6737221105528,0.508376994472808,"Mean"
35.1689618090452,11.6737221105528,0.458068247573866,"Mean"
35.2535608040201,11.6737221105528,0.408790569034709,"Mean"
35.338159798995,11.6737221105528,0.407133729835269,"Mean"
35.4227587939698,11.6737221105528,0.399643889416135,"Mean"
35.5073577889447,11.6737221105528,0.387842008010559,"Mean"
35.5919567839196,11.6737221105528,0.376074650706831,"Mean"
35.6765557788945,11.6737221105528,0.381450103264126,"Mean"
35.7611547738694,11.6737221105528,0.36801055608169,"Mean"
35.8457537688442,11.6737221105528,0.367151841697413,"Mean"
35.9303527638191,11.6737221105528,0.358476815060391,"Mean"
36.014951758794,11.6737221105528,0.361770242551382,"Mean"
36.0995507537688,11.6737221105528,0.352290675282089,"Mean"
36.1841497487437,11.6737221105528,0.343480893750059,"Mean"
36.2687487437186,11.6737221105528,0.373763515213031,"Mean"
36.3533477386935,11.6737221105528,0.323787138637435,"Mean"
36.4379467336683,11.6737221105528,0.324636067705285,"Mean"
36.5225457286432,11.6737221105528,0.317768003488364,"Mean"
36.6071447236181,11.6737221105528,0.295064320751611,"Mean"
36.691743718593,11.6737221105528,0.298737468860558,"Mean"
36.7763427135678,11.6737221105528,0.279112914128288,"Mean"
36.8609417085427,11.6737221105528,0.287107347675777,"Mean"
36.9455407035176,11.6737221105528,0.225602020996577,"Mean"
37.0301396984925,11.6737221105528,0.231433942693589,"Mean"
37.1147386934673,11.6737221105528,0.224033169662051,"Mean"
37.1993376884422,11.6737221105528,0.165282163600081,"Mean"
37.2839366834171,11.6737221105528,0.195776653974012,"Mean"
37.368535678392,11.6737221105528,0.478678511922409,"Mean"
37.4531346733668,11.6737221105528,0.190198934946766,"Mean"
37.5377336683417,11.6737221105528,0.269794133827099,"Mean"
37.6223326633166,11.6737221105528,0.276638582105124,"Mean"
37.7069316582915,11.6737221105528,0.294448904256102,"Mean"
37.7915306532663,11.6737221105528,0.308539287796241,"Mean"
37.8761296482412,11.6737221105528,0.32041271912435,"Mean"
37.9607286432161,11.6737221105528,0.317542725202894,"Mean"
38.045327638191,11.6737221105528,0.303483867790703,"Mean"
38.1299266331658,11.6737221105528,0.311287356234731,"Mean"
38.2145256281407,11.6737221105528,0.330282494952015,"Mean"
38.2991246231156,11.6737221105528,0.36441440379893,"Mean"
38.3837236180904,11.6737221105528,0.36508574648942,"Mean"
38.4683226130653,11.6737221105528,0.364157519179655,"Mean"
38.5529216080402,11.6737221105528,0.38684308151579,"Mean"
38.6375206030151,11.6737221105528,0.427733875016444,"Mean"
38.72211959799,11.6737221105528,0.415289302021125,"Mean"
38.8067185929648,11.6737221105528,0.395106421236485,"Mean"
38.8913175879397,11.6737221105528,0.404107310622535,"Mean"
38.9759165829146,11.6737221105528,0.415686340417329,"Mean"
39.0605155778894,11.6737221105528,0.420233514509259,"Mean"
39.1451145728643,11.6737221105528,0.485379617436016,"Mean"
39.2297135678392,11.6737221105528,0.437658520585788,"Mean"
39.3143125628141,11.6737221105528,0.473281557920301,"Mean"
39.3989115577889,11.6737221105528,0.522980846001674,"Mean"
39.4835105527638,11.6737221105528,0.518458371422398,"Mean"
39.5681095477387,11.6737221105528,0.487569124403645,"Mean"
39.6527085427136,11.6737221105528,0.478043567361307,"Mean"
39.7373075376884,11.6737221105528,0.484949505748185,"Mean"
39.8219065326633,11.6737221105528,0.470200346781737,"Mean"
39.9065055276382,11.6737221105528,0.436905162333911,"Mean"
39.9911045226131,11.6737221105528,0.393945898797352,"Mean"
40.0757035175879,11.6737221105528,0.379468063808158,"Mean"
40.1603025125628,11.6737221105528,0.341617028635391,"Mean"
40.2449015075377,11.6737221105528,0.352207192086537,"Mean"
40.3295005025126,11.6737221105528,0.334238994633374,"Mean"
40.4140994974874,11.6737221105528,0.281910201901599,"Mean"
40.4986984924623,11.6737221105528,0.256185590842343,"Mean"
40.5832974874372,11.6737221105528,0.271084752175654,"Mean"
40.6678964824121,11.6737221105528,0.258131223808506,"Mean"
40.7524954773869,11.6737221105528,0.264603362842631,"Mean"
40.8370944723618,11.6737221105528,0.232238114380682,"Mean"
40.9216934673367,11.6737221105528,0.225151208842504,"Mean"
41.0062924623116,11.6737221105528,0.212241190984573,"Mean"
41.0908914572864,11.6737221105528,0.200868105952213,"Mean"
41.1754904522613,11.6737221105528,0.154947472540896,"Mean"
41.2600894472362,11.6737221105528,0.154840880481978,"Mean"
41.344688442211,11.6737221105528,0.150084440612956,"Mean"
41.4292874371859,11.6737221105528,0.171490538534497,"Mean"
41.5138864321608,11.6737221105528,0.165062766660604,"Mean"
41.5984854271357,11.6737221105528,0.2006143167723,"Mean"
41.6830844221106,11.6737221105528,0.160595927735829,"Mean"
35.0843628140704,11.7417487437186,0.500591583549766,"Mean"
35.1689618090452,11.7417487437186,0.457209887666246,"Mean"
35.2535608040201,11.7417487437186,0.464413664777623,"Mean"
35.338159798995,11.7417487437186,0.431422203023133,"Mean"
35.4227587939698,11.7417487437186,0.406719247000351,"Mean"
35.5073577889447,11.7417487437186,0.380621126578296,"Mean"
35.5919567839196,11.7417487437186,0.390399180713629,"Mean"
35.6765557788945,11.7417487437186,0.374972525492545,"Mean"
35.7611547738694,11.7417487437186,0.372207725147212,"Mean"
35.8457537688442,11.7417487437186,0.377548579953306,"Mean"
35.9303527638191,11.7417487437186,0.362330364790853,"Mean"
36.014951758794,11.7417487437186,0.362753675317821,"Mean"
36.0995507537688,11.7417487437186,0.359883530390758,"Mean"
36.1841497487437,11.7417487437186,0.341340278263388,"Mean"
36.2687487437186,11.7417487437186,0.356136813443009,"Mean"
36.3533477386935,11.7417487437186,0.364258488663281,"Mean"
36.4379467336683,11.7417487437186,0.356408386240133,"Mean"
36.5225457286432,11.7417487437186,0.32171909165869,"Mean"
36.6071447236181,11.7417487437186,0.324060449691348,"Mean"
36.691743718593,11.7417487437186,0.315034167740715,"Mean"
36.7763427135678,11.7417487437186,0.294471016120444,"Mean"
36.8609417085427,11.7417487437186,0.26650807964255,"Mean"
36.9455407035176,11.7417487437186,0.225105649970698,"Mean"
37.0301396984925,11.7417487437186,0.228699499717057,"Mean"
37.1147386934673,11.7417487437186,0.228472441283276,"Mean"
37.1993376884422,11.7417487437186,0.162386346922969,"Mean"
37.2839366834171,11.7417487437186,0.189664551588608,"Mean"
37.368535678392,11.7417487437186,0.473272355605964,"Mean"
37.4531346733668,11.7417487437186,0.186491013953277,"Mean"
37.5377336683417,11.7417487437186,0.266787589371229,"Mean"
37.6223326633166,11.7417487437186,0.271779896252532,"Mean"
37.7069316582915,11.7417487437186,0.289551162147798,"Mean"
37.7915306532663,11.7417487437186,0.306649670646144,"Mean"
37.8761296482412,11.7417487437186,0.317297765700233,"Mean"
37.9607286432161,11.7417487437186,0.314003794608387,"Mean"
38.045327638191,11.7417487437186,0.301176575809684,"Mean"
38.1299266331658,11.7417487437186,0.312952609892901,"Mean"
38.2145256281407,11.7417487437186,0.332012017488771,"Mean"
38.2991246231156,11.7417487437186,0.352444750760211,"Mean"
38.3837236180904,11.7417487437186,0.371467220701324,"Mean"
38.4683226130653,11.7417487437186,0.367529142934606,"Mean"
38.5529216080402,11.7417487437186,0.411340474331157,"Mean"
38.6375206030151,11.7417487437186,0.410532200465478,"Mean"
38.72211959799,11.7417487437186,0.398649117479426,"Mean"
38.8067185929648,11.7417487437186,0.413884238603341,"Mean"
38.8913175879397,11.7417487437186,0.417700077386416,"Mean"
38.9759165829146,11.7417487437186,0.432975346019633,"Mean"
39.0605155778894,11.7417487437186,0.416014854816344,"Mean"
39.1451145728643,11.7417487437186,0.438426371375816,"Mean"
39.2297135678392,11.7417487437186,0.453547110771116,"Mean"
39.3143125628141,11.7417487437186,0.496811734147003,"Mean"
39.3989115577889,11.7417487437186,0.541037483090446,"Mean"
39.4835105527638,11.7417487437186,0.493705227516693,"Mean"
39.5681095477387,11.7417487437186,0.472571055047512,"Mean"
39.6527085427136,11.7417487437186,0.459326966629402,"Mean"
39.7373075376884,11.7417487437186,0.455824120791276,"Mean"
39.8219065326633,11.7417487437186,0.435573588554968,"Mean"
39.9065055276382,11.7417487437186,0.401709592553064,"Mean"
39.9911045226131,11.7417487437186,0.372925681167874,"Mean"
40.0757035175879,11.7417487437186,0.359542633944645,"Mean"
40.1603025125628,11.7417487437186,0.332310379357277,"Mean"
40.2449015075377,11.7417487437186,0.321005095107689,"Mean"
40.3295005025126,11.7417487437186,0.264437764127715,"Mean"
40.4140994974874,11.7417487437186,0.271434947763766,"Mean"
40.4986984924623,11.7417487437186,0.255832233997103,"Mean"
40.5832974874372,11.7417487437186,0.24648719301444,"Mean"
40.6678964824121,11.7417487437186,0.267075946346912,"Mean"
40.7524954773869,11.7417487437186,0.238853433356628,"Mean"
40.8370944723618,11.7417487437186,0.217612193066429,"Mean"
40.9216934673367,11.7417487437186,0.206155360225409,"Mean"
41.0062924623116,11.7417487437186,0.152257964484371,"Mean"
41.0908914572864,11.7417487437186,0.160769056220844,"Mean"
41.1754904522613,11.7417487437186,0.136687605738691,"Mean"
41.2600894472362,11.7417487437186,0.168605583743029,"Mean"
41.344688442211,11.7417487437186,0.163653836220281,"Mean"
41.4292874371859,11.7417487437186,0.153478999387611,"Mean"
41.5138864321608,11.7417487437186,0.146225016066268,"Mean"
41.5984854271357,11.7417487437186,0.145940410144367,"Mean"
41.6830844221106,11.7417487437186,0.145773157349424,"Mean"
35.1689618090452,11.8097753768844,0.436058899815603,"Mean"
35.2535608040201,11.8097753768844,0.467880072077113,"Mean"
35.338159798995,11.8097753768844,0.433298068656891,"Mean"
35.4227587939698,11.8097753768844,0.396846726280595,"Mean"
35.5073577889447,11.8097753768844,0.382910733378854,"Mean"
35.5919567839196,11.8097753768844,0.38055004947381,"Mean"
35.6765557788945,11.8097753768844,0.382735388667187,"Mean"
35.7611547738694,11.8097753768844,0.377657173398777,"Mean"
35.8457537688442,11.8097753768844,0.377530576204416,"Mean"
35.9303527638191,11.8097753768844,0.376519835830721,"Mean"
36.014951758794,11.8097753768844,0.375162243420285,"Mean"
36.0995507537688,11.8097753768844,0.382293937814803,"Mean"
36.1841497487437,11.8097753768844,0.35839416769432,"Mean"
36.2687487437186,11.8097753768844,0.353645376136431,"Mean"
36.3533477386935,11.8097753768844,0.37906650801285,"Mean"
36.4379467336683,11.8097753768844,0.38176993744267,"Mean"
36.5225457286432,11.8097753768844,0.310382070311186,"Mean"
36.6071447236181,11.8097753768844,0.305001927067624,"Mean"
36.691743718593,11.8097753768844,0.303981794409231,"Mean"
36.7763427135678,11.8097753768844,0.286549773809919,"Mean"
36.8609417085427,11.8097753768844,0.279724210532376,"Mean"
36.9455407035176,11.8097753768844,0.230812232591677,"Mean"
37.0301396984925,11.8097753768844,0.229384144809537,"Mean"
37.1147386934673,11.8097753768844,0.246029525502643,"Mean"
37.1993376884422,11.8097753768844,0.332322079785962,"Mean"
37.2839366834171,11.8097753768844,0.42371661135159,"Mean"
37.368535678392,11.8097753768844,0.467872584383236,"Mean"
37.4531346733668,11.8097753768844,0.475936020185537,"Mean"
37.5377336683417,11.8097753768844,0.260547440959535,"Mean"
37.6223326633166,11.8097753768844,0.26669331969471,"Mean"
37.7069316582915,11.8097753768844,0.266469424059161,"Mean"
37.7915306532663,11.8097753768844,0.285521718535812,"Mean"
37.8761296482412,11.8097753768844,0.304014681521783,"Mean"
37.9607286432161,11.8097753768844,0.301010805414347,"Mean"
38.045327638191,11.8097753768844,0.303583477352659,"Mean"
38.1299266331658,11.8097753768844,0.295631609187848,"Mean"
38.2145256281407,11.8097753768844,0.322678474376413,"Mean"
38.2991246231156,11.8097753768844,0.332011296530803,"Mean"
38.3837236180904,11.8097753768844,0.348115045755862,"Mean"
38.4683226130653,11.8097753768844,0.38144138837642,"Mean"
38.5529216080402,11.8097753768844,0.394875558827023,"Mean"
38.6375206030151,11.8097753768844,0.37165406833609,"Mean"
38.72211959799,11.8097753768844,0.391839357480092,"Mean"
38.8067185929648,11.8097753768844,0.451502911835765,"Mean"
38.8913175879397,11.8097753768844,0.474544704498227,"Mean"
38.9759165829146,11.8097753768844,0.443968570655691,"Mean"
39.0605155778894,11.8097753768844,0.393601323755117,"Mean"
39.1451145728643,11.8097753768844,0.399904430717747,"Mean"
39.2297135678392,11.8097753768844,0.45571074510029,"Mean"
39.3143125628141,11.8097753768844,0.487511596319075,"Mean"
39.3989115577889,11.8097753768844,0.488995176987236,"Mean"
39.4835105527638,11.8097753768844,0.467429016393252,"Mean"
39.5681095477387,11.8097753768844,0.436669042912537,"Mean"
39.6527085427136,11.8097753768844,0.456166793302767,"Mean"
39.7373075376884,11.8097753768844,0.424286408179173,"Mean"
39.8219065326633,11.8097753768844,0.418614960991176,"Mean"
39.9065055276382,11.8097753768844,0.397429264505601,"Mean"
39.9911045226131,11.8097753768844,0.323048172680911,"Mean"
40.0757035175879,11.8097753768844,0.293971613956709,"Mean"
40.1603025125628,11.8097753768844,0.286899414882906,"Mean"
40.2449015075377,11.8097753768844,0.255103241618319,"Mean"
40.3295005025126,11.8097753768844,0.298870044854033,"Mean"
40.4140994974874,11.8097753768844,0.249603094297412,"Mean"
40.4986984924623,11.8097753768844,0.258824474017427,"Mean"
40.5832974874372,11.8097753768844,0.248977247103853,"Mean"
40.6678964824121,11.8097753768844,0.230343617940803,"Mean"
40.7524954773869,11.8097753768844,0.217071943682798,"Mean"
40.8370944723618,11.8097753768844,0.202800105538725,"Mean"
40.9216934673367,11.8097753768844,0.185401314820427,"Mean"
41.0062924623116,11.8097753768844,0.174506752954145,"Mean"
41.0908914572864,11.8097753768844,0.152598696161766,"Mean"
41.1754904522613,11.8097753768844,0.157156794651913,"Mean"
41.2600894472362,11.8097753768844,0.147699696901121,"Mean"
41.344688442211,11.8097753768844,0.14615962958582,"Mean"
41.4292874371859,11.8097753768844,0.141669886258282,"Mean"
41.5138864321608,11.8097753768844,0.134911178679586,"Mean"
41.5984854271357,11.8097753768844,0.131799539543816,"Mean"
41.6830844221106,11.8097753768844,0.135077261422661,"Mean"
41.7676834170854,11.8097753768844,0.160083861925106,"Mean"
35.1689618090452,11.8778020100503,0.430925919594415,"Mean"
35.2535608040201,11.8778020100503,0.417535371563163,"Mean"
35.338159798995,11.8778020100503,0.410366710095993,"Mean"
35.4227587939698,11.8778020100503,0.409934558689134,"Mean"
35.5073577889447,11.8778020100503,0.381612649487453,"Mean"
35.5919567839196,11.8778020100503,0.387890326613216,"Mean"
35.6765557788945,11.8778020100503,0.393207636002048,"Mean"
35.7611547738694,11.8778020100503,0.380405354976186,"Mean"
35.8457537688442,11.8778020100503,0.376312981752773,"Mean"
35.9303527638191,11.8778020100503,0.414201293457318,"Mean"
36.014951758794,11.8778020100503,0.399833289917129,"Mean"
36.0995507537688,11.8778020100503,0.386072669292758,"Mean"
36.1841497487437,11.8778020100503,0.360025108641432,"Mean"
36.2687487437186,11.8778020100503,0.35274615226489,"Mean"
36.3533477386935,11.8778020100503,0.374864435115667,"Mean"
36.4379467336683,11.8778020100503,0.374065317907867,"Mean"
36.5225457286432,11.8778020100503,0.350573905775481,"Mean"
36.6071447236181,11.8778020100503,0.331993675022344,"Mean"
36.691743718593,11.8778020100503,0.335295287956143,"Mean"
36.7763427135678,11.8778020100503,0.286167426934823,"Mean"
36.8609417085427,11.8778020100503,0.269731917877623,"Mean"
36.9455407035176,11.8778020100503,0.250947038639883,"Mean"
37.0301396984925,11.8778020100503,0.292534615975143,"Mean"
37.1147386934673,11.8778020100503,0.296783101388544,"Mean"
37.1993376884422,11.8778020100503,0.446438123133886,"Mean"
37.2839366834171,11.8778020100503,0.45444743948664,"Mean"
37.368535678392,11.8778020100503,0.462480473745648,"Mean"
37.4531346733668,11.8778020100503,0.47053306949404,"Mean"
37.5377336683417,11.8778020100503,0.267124247729564,"Mean"
37.6223326633166,11.8778020100503,0.243254686465552,"Mean"
37.7069316582915,11.8778020100503,0.240382691995882,"Mean"
37.7915306532663,11.8778020100503,0.261965695687291,"Mean"
37.8761296482412,11.8778020100503,0.263872817082052,"Mean"
37.9607286432161,11.8778020100503,0.282998242867348,"Mean"
38.045327638191,11.8778020100503,0.29362307413984,"Mean"
38.1299266331658,11.8778020100503,0.325844177002966,"Mean"
38.2145256281407,11.8778020100503,0.325038907078046,"Mean"
38.2991246231156,11.8778020100503,0.360813839018446,"Mean"
38.3837236180904,11.8778020100503,0.389026837103278,"Mean"
38.4683226130653,11.8778020100503,0.401603969372453,"Mean"
38.5529216080402,11.8778020100503,0.420960210270384,"Mean"
38.6375206030151,11.8778020100503,0.438785876201835,"Mean"
38.72211959799,11.8778020100503,0.446133043314679,"Mean"
38.8067185929648,11.8778020100503,0.461241274357524,"Mean"
38.8913175879397,11.8778020100503,0.449992792800457,"Mean"
38.9759165829146,11.8778020100503,0.467561842518091,"Mean"
39.0605155778894,11.8778020100503,0.46808521098445,"Mean"
39.1451145728643,11.8778020100503,0.449619831457204,"Mean"
39.2297135678392,11.8778020100503,0.441621168159698,"Mean"
39.3143125628141,11.8778020100503,0.403762159952395,"Mean"
39.3989115577889,11.8778020100503,0.456527676822256,"Mean"
39.4835105527638,11.8778020100503,0.44457892372186,"Mean"
39.5681095477387,11.8778020100503,0.474536440557273,"Mean"
39.6527085427136,11.8778020100503,0.413464615091065,"Mean"
39.7373075376884,11.8778020100503,0.396096228228632,"Mean"
39.8219065326633,11.8778020100503,0.374570259067033,"Mean"
39.9065055276382,11.8778020100503,0.373052719705405,"Mean"
39.9911045226131,11.8778020100503,0.299250553730819,"Mean"
40.0757035175879,11.8778020100503,0.270007740558107,"Mean"
40.1603025125628,11.8778020100503,0.262149460424083,"Mean"
40.2449015075377,11.8778020100503,0.279213776451346,"Mean"
40.3295005025126,11.8778020100503,0.273775268523641,"Mean"
40.4140994974874,11.8778020100503,0.278093243609634,"Mean"
40.4986984924623,11.8778020100503,0.24913177067752,"Mean"
40.5832974874372,11.8778020100503,0.224754012849295,"Mean"
40.6678964824121,11.8778020100503,0.214382159468578,"Mean"
40.7524954773869,11.8778020100503,0.200475545990894,"Mean"
40.8370944723618,11.8778020100503,0.182667370996853,"Mean"
40.9216934673367,11.8778020100503,0.166145947719648,"Mean"
41.0062924623116,11.8778020100503,0.157698780080681,"Mean"
41.0908914572864,11.8778020100503,0.14836898456499,"Mean"
41.1754904522613,11.8778020100503,0.140668132146894,"Mean"
41.2600894472362,11.8778020100503,0.133438501288121,"Mean"
41.344688442211,11.8778020100503,0.131045932214104,"Mean"
41.4292874371859,11.8778020100503,0.125670810233182,"Mean"
41.5138864321608,11.8778020100503,0.124804556639888,"Mean"
41.5984854271357,11.8778020100503,0.119030799232832,"Mean"
41.6830844221106,11.8778020100503,0.122422960472012,"Mean"
41.7676834170854,11.8778020100503,0.109955035227293,"Mean"
35.2535608040201,11.9458286432161,0.450127746563342,"Mean"
35.338159798995,11.9458286432161,0.403192862113346,"Mean"
35.4227587939698,11.9458286432161,0.417329002669062,"Mean"
35.5073577889447,11.9458286432161,0.402052560739446,"Mean"
35.5919567839196,11.9458286432161,0.384654673108002,"Mean"
35.6765557788945,11.9458286432161,0.386250597268062,"Mean"
35.7611547738694,11.9458286432161,0.386858442176281,"Mean"
35.8457537688442,11.9458286432161,0.404223031386237,"Mean"
35.9303527638191,11.9458286432161,0.411327907104875,"Mean"
36.014951758794,11.9458286432161,0.396695574268458,"Mean"
36.0995507537688,11.9458286432161,0.38362366438803,"Mean"
36.1841497487437,11.9458286432161,0.393470394142394,"Mean"
36.2687487437186,11.9458286432161,0.380382248513512,"Mean"
36.3533477386935,11.9458286432161,0.386056267118196,"Mean"
36.4379467336683,11.9458286432161,0.354492693252213,"Mean"
36.5225457286432,11.9458286432161,0.32754423870197,"Mean"
36.6071447236181,11.9458286432161,0.326857898194456,"Mean"
36.691743718593,11.9458286432161,0.297622047698206,"Mean"
36.7763427135678,11.9458286432161,0.291417134714744,"Mean"
36.8609417085427,11.9458286432161,0.231077024706339,"Mean"
36.9455407035176,11.9458286432161,0.229064945790857,"Mean"
37.0301396984925,11.9458286432161,0.439264237911478,"Mean"
37.1147386934673,11.9458286432161,0.433357694027065,"Mean"
37.1993376884422,11.9458286432161,0.441088691237784,"Mean"
37.2839366834171,11.9458286432161,0.449079758829547,"Mean"
37.368535678392,11.9458286432161,0.457097291745132,"Mean"
37.4531346733668,11.9458286432161,0.465137166000439,"Mean"
37.5377336683417,11.9458286432161,0.473195210706086,"Mean"
37.6223326633166,11.9458286432161,0.283723286456473,"Mean"
37.7069316582915,11.9458286432161,0.235464465388006,"Mean"
37.7915306532663,11.9458286432161,0.250573746462758,"Mean"
37.8761296482412,11.9458286432161,0.259307538331096,"Mean"
37.9607286432161,11.9458286432161,0.283282005307544,"Mean"
38.045327638191,11.9458286432161,0.319716224819329,"Mean"
38.1299266331658,11.9458286432161,0.341937029156875,"Mean"
38.2145256281407,11.9458286432161,0.375579632516412,"Mean"
38.2991246231156,11.9458286432161,0.363315028385386,"Mean"
38.3837236180904,11.9458286432161,0.410970997014172,"Mean"
38.4683226130653,11.9458286432161,0.39561533932969,"Mean"
38.5529216080402,11.9458286432161,0.421253115447664,"Mean"
38.6375206030151,11.9458286432161,0.423442665075908,"Mean"
38.72211959799,11.9458286432161,0.448253882899161,"Mean"
38.8067185929648,11.9458286432161,0.444725361825621,"Mean"
38.8913175879397,11.9458286432161,0.431736825687452,"Mean"
38.9759165829146,11.9458286432161,0.444752652514744,"Mean"
39.0605155778894,11.9458286432161,0.429671426376816,"Mean"
39.1451145728643,11.9458286432161,0.462909161505684,"Mean"
39.2297135678392,11.9458286432161,0.444522273983212,"Mean"
39.3143125628141,11.9458286432161,0.469509074630987,"Mean"
39.3989115577889,11.9458286432161,0.463459775840307,"Mean"
39.4835105527638,11.9458286432161,0.470306449240618,"Mean"
39.5681095477387,11.9458286432161,0.440284745276411,"Mean"
39.6527085427136,11.9458286432161,0.398505294432598,"Mean"
39.7373075376884,11.9458286432161,0.368181507533232,"Mean"
39.8219065326633,11.9458286432161,0.363279117003638,"Mean"
39.9065055276382,11.9458286432161,0.358213054418386,"Mean"
39.9911045226131,11.9458286432161,0.262182098884798,"Mean"
40.0757035175879,11.9458286432161,0.283262585374977,"Mean"
40.1603025125628,11.9458286432161,0.266943208352338,"Mean"
40.2449015075377,11.9458286432161,0.267103394218654,"Mean"
40.3295005025126,11.9458286432161,0.274183987262081,"Mean"
40.4140994974874,11.9458286432161,0.243683769971505,"Mean"
40.4986984924623,11.9458286432161,0.232537210276956,"Mean"
40.5832974874372,11.9458286432161,0.212981552767476,"Mean"
40.6678964824121,11.9458286432161,0.197471119846659,"Mean"
40.7524954773869,11.9458286432161,0.181442488553536,"Mean"
40.8370944723618,11.9458286432161,0.167178717749223,"Mean"
40.9216934673367,11.9458286432161,0.153318467423074,"Mean"
41.0062924623116,11.9458286432161,0.140795705631397,"Mean"
41.0908914572864,11.9458286432161,0.132866016713242,"Mean"
41.1754904522613,11.9458286432161,0.125749159077047,"Mean"
41.2600894472362,11.9458286432161,0.119453167494957,"Mean"
41.344688442211,11.9458286432161,0.116199513917024,"Mean"
41.4292874371859,11.9458286432161,0.103192903952446,"Mean"
41.5138864321608,11.9458286432161,0.11134309379161,"Mean"
41.5984854271357,11.9458286432161,0.108266435230675,"Mean"
41.6830844221106,11.9458286432161,0.109313694551296,"Mean"
41.7676834170854,11.9458286432161,0.108862060424873,"Mean"
41.8522824120603,11.9458286432161,0.10921859776877,"Mean"
35.2535608040201,12.0138552763819,0.45164948953379,"Mean"
35.338159798995,12.0138552763819,0.418420390680481,"Mean"
35.4227587939698,12.0138552763819,0.405797763754687,"Mean"
35.5073577889447,12.0138552763819,0.405324593951667,"Mean"
35.5919567839196,12.0138552763819,0.415473290887292,"Mean"
35.6765557788945,12.0138552763819,0.391132697363304,"Mean"
35.7611547738694,12.0138552763819,0.418187917656948,"Mean"
35.8457537688442,12.0138552763819,0.42493536656543,"Mean"
35.9303527638191,12.0138552763819,0.393995168554313,"Mean"
36.014951758794,12.0138552763819,0.409526415216526,"Mean"
36.0995507537688,12.0138552763819,0.385968877408756,"Mean"
36.1841497487437,12.0138552763819,0.413385817849424,"Mean"
36.2687487437186,12.0138552763819,0.379584316474355,"Mean"
36.3533477386935,12.0138552763819,0.388869608272512,"Mean"
36.4379467336683,12.0138552763819,0.3561790185625,"Mean"
36.5225457286432,12.0138552763819,0.328857193299225,"Mean"
36.6071447236181,12.0138552763819,0.324604286865919,"Mean"
36.691743718593,12.0138552763819,0.289005345117338,"Mean"
36.7763427135678,12.0138552763819,0.266867221629064,"Mean"
36.8609417085427,12.0138552763819,0.247547086206754,"Mean"
36.9455407035176,12.0138552763819,0.230391057196748,"Mean"
37.0301396984925,12.0138552763819,0.442296435707639,"Mean"
37.1147386934673,12.0138552763819,0.436379980978263,"Mean"
37.1993376884422,12.0138552763819,0.435753118240001,"Mean"
37.2839366834171,12.0138552763819,0.443724114152503,"Mean"
37.368535678392,12.0138552763819,0.45172429778722,"Mean"
37.4531346733668,12.0138552763819,0.459749581358476,"Mean"
37.5377336683417,12.0138552763819,0.467795824520689,"Mean"
37.6223326633166,12.0138552763819,0.290576184499093,"Mean"
37.7069316582915,12.0138552763819,0.279506952133425,"Mean"
37.7915306532663,12.0138552763819,0.287301430042008,"Mean"
37.8761296482412,12.0138552763819,0.29213469470653,"Mean"
37.9607286432161,12.0138552763819,0.299468348696129,"Mean"
38.045327638191,12.0138552763819,0.31124736763212,"Mean"
38.1299266331658,12.0138552763819,0.364252457048911,"Mean"
38.2145256281407,12.0138552763819,0.331940951882435,"Mean"
38.2991246231156,12.0138552763819,0.363179680161576,"Mean"
38.3837236180904,12.0138552763819,0.412211967048817,"Mean"
38.4683226130653,12.0138552763819,0.394968083755282,"Mean"
38.5529216080402,12.0138552763819,0.406664648906362,"Mean"
38.6375206030151,12.0138552763819,0.426529429337844,"Mean"
38.72211959799,12.0138552763819,0.435484766143763,"Mean"
38.8067185929648,12.0138552763819,0.441547650323159,"Mean"
38.8913175879397,12.0138552763819,0.445504603476668,"Mean"
38.9759165829146,12.0138552763819,0.421941161725423,"Mean"
39.0605155778894,12.0138552763819,0.447624641228677,"Mean"
39.1451145728643,12.0138552763819,0.420202307715233,"Mean"
39.2297135678392,12.0138552763819,0.494471782199882,"Mean"
39.3143125628141,12.0138552763819,0.467905397401615,"Mean"
39.3989115577889,12.0138552763819,0.502161734290927,"Mean"
39.4835105527638,12.0138552763819,0.461086385150838,"Mean"
39.5681095477387,12.0138552763819,0.419895733315708,"Mean"
39.6527085427136,12.0138552763819,0.364911863194406,"Mean"
39.7373075376884,12.0138552763819,0.329874194385559,"Mean"
39.8219065326633,12.0138552763819,0.342759265350221,"Mean"
39.9065055276382,12.0138552763819,0.352051048392345,"Mean"
39.9911045226131,12.0138552763819,0.323048407397933,"Mean"
40.0757035175879,12.0138552763819,0.293516666561688,"Mean"
40.1603025125628,12.0138552763819,0.285403794573638,"Mean"
40.2449015075377,12.0138552763819,0.282131596572916,"Mean"
40.3295005025126,12.0138552763819,0.233842590943367,"Mean"
40.4140994974874,12.0138552763819,0.220978309717514,"Mean"
40.4986984924623,12.0138552763819,0.210886451860055,"Mean"
40.5832974874372,12.0138552763819,0.19182611043878,"Mean"
40.6678964824121,12.0138552763819,0.171733839274292,"Mean"
40.7524954773869,12.0138552763819,0.164583653208424,"Mean"
40.8370944723618,12.0138552763819,0.146155487873265,"Mean"
40.9216934673367,12.0138552763819,0.137859420921967,"Mean"
41.0062924623116,12.0138552763819,0.127723635534297,"Mean"
41.0908914572864,12.0138552763819,0.118446551954194,"Mean"
41.1754904522613,12.0138552763819,0.111682161833704,"Mean"
41.2600894472362,12.0138552763819,0.105814576291229,"Mean"
41.344688442211,12.0138552763819,0.102602563215767,"Mean"
41.4292874371859,12.0138552763819,0.0967945908519683,"Mean"
41.5138864321608,12.0138552763819,0.0987054948546899,"Mean"
41.5984854271357,12.0138552763819,0.0966551145521243,"Mean"
41.6830844221106,12.0138552763819,0.0941110276005339,"Mean"
41.7676834170854,12.0138552763819,0.0960964584777236,"Mean"
41.8522824120603,12.0138552763819,0.0958060890711313,"Mean"
41.9368814070352,12.0138552763819,0.0975895679816578,"Mean"
35.338159798995,12.0818819095477,0.435858815739019,"Mean"
35.4227587939698,12.0818819095477,0.400659583454682,"Mean"
35.5073577889447,12.0818819095477,0.398353376011261,"Mean"
35.5919567839196,12.0818819095477,0.409286431037516,"Mean"
35.6765557788945,12.0818819095477,0.3901585541556,"Mean"
35.7611547738694,12.0818819095477,0.412737068662705,"Mean"
35.8457537688442,12.0818819095477,0.374215461906209,"Mean"
35.9303527638191,12.0818819095477,0.426768123822092,"Mean"
36.014951758794,12.0818819095477,0.415129002977616,"Mean"
36.0995507537688,12.0818819095477,0.408148079597564,"Mean"
36.1841497487437,12.0818819095477,0.361798419419712,"Mean"
36.2687487437186,12.0818819095477,0.356171457951999,"Mean"
36.3533477386935,12.0818819095477,0.371240249485165,"Mean"
36.4379467336683,12.0818819095477,0.368312158220808,"Mean"
36.5225457286432,12.0818819095477,0.326992319169217,"Mean"
36.6071447236181,12.0818819095477,0.326754681401423,"Mean"
36.691743718593,12.0818819095477,0.306299931796875,"Mean"
36.7763427135678,12.0818819095477,0.271689943345928,"Mean"
36.8609417085427,12.0818819095477,0.244109706873499,"Mean"
36.9455407035176,12.0818819095477,0.236403785565732,"Mean"
37.0301396984925,12.0818819095477,0.440769294834583,"Mean"
37.1147386934673,12.0818819095477,0.439407550210157,"Mean"
37.1993376884422,12.0818819095477,0.433500507966959,"Mean"
37.2839366834171,12.0818819095477,0.438381738478856,"Mean"
37.368535678392,12.0818819095477,0.446362741442198,"Mean"
37.4531346733668,12.0818819095477,0.454371579142118,"Mean"
37.5377336683417,12.0818819095477,0.462404145575023,"Mean"
37.6223326633166,12.0818819095477,0.293619261946375,"Mean"
37.7069316582915,12.0818819095477,0.275280681174039,"Mean"
37.7915306532663,12.0818819095477,0.282339451792144,"Mean"
37.8761296482412,12.0818819095477,0.290046286320122,"Mean"
37.9607286432161,12.0818819095477,0.296333265363984,"Mean"
38.045327638191,12.0818819095477,0.295736899947323,"Mean"
38.1299266331658,12.0818819095477,0.332347847799747,"Mean"
38.2145256281407,12.0818819095477,0.376784149006191,"Mean"
38.2991246231156,12.0818819095477,0.374828347699619,"Mean"
38.3837236180904,12.0818819095477,0.399977805618849,"Mean"
38.4683226130653,12.0818819095477,0.39411076667485,"Mean"
38.5529216080402,12.0818819095477,0.427606925493368,"Mean"
38.6375206030151,12.0818819095477,0.444132958521159,"Mean"
38.72211959799,12.0818819095477,0.442776993191917,"Mean"
38.8067185929648,12.0818819095477,0.400644551319288,"Mean"
38.8913175879397,12.0818819095477,0.394560179530325,"Mean"
38.9759165829146,12.0818819095477,0.434269877515329,"Mean"
39.0605155778894,12.0818819095477,0.444461826175946,"Mean"
39.1451145728643,12.0818819095477,0.466399722527177,"Mean"
39.2297135678392,12.0818819095477,0.480731856240999,"Mean"
39.3143125628141,12.0818819095477,0.49134994459293,"Mean"
39.3989115577889,12.0818819095477,0.497678469604004,"Mean"
39.4835105527638,12.0818819095477,0.442324864945869,"Mean"
39.5681095477387,12.0818819095477,0.389242364329736,"Mean"
39.6527085427136,12.0818819095477,0.332100652807098,"Mean"
39.7373075376884,12.0818819095477,0.312617566784741,"Mean"
39.8219065326633,12.0818819095477,0.302022716618901,"Mean"
39.9065055276382,12.0818819095477,0.317586275523288,"Mean"
39.9911045226131,12.0818819095477,0.264642541778417,"Mean"
40.0757035175879,12.0818819095477,0.258753715098384,"Mean"
40.1603025125628,12.0818819095477,0.251685691087092,"Mean"
40.2449015075377,12.0818819095477,0.239292450974779,"Mean"
40.3295005025126,12.0818819095477,0.231226118017415,"Mean"
40.4140994974874,12.0818819095477,0.187453852029268,"Mean"
40.4986984924623,12.0818819095477,0.192806317841838,"Mean"
40.5832974874372,12.0818819095477,0.155161959322565,"Mean"
40.6678964824121,12.0818819095477,0.158726782967934,"Mean"
40.7524954773869,12.0818819095477,0.141888050758571,"Mean"
40.8370944723618,12.0818819095477,0.132737067499677,"Mean"
40.9216934673367,12.0818819095477,0.125322072538946,"Mean"
41.0062924623116,12.0818819095477,0.0986022643314702,"Mean"
41.0908914572864,12.0818819095477,0.105299333914489,"Mean"
41.1754904522613,12.0818819095477,0.0987383088606258,"Mean"
41.2600894472362,12.0818819095477,0.0939869282996869,"Mean"
41.344688442211,12.0818819095477,0.088372064188706,"Mean"
41.4292874371859,12.0818819095477,0.0887414474191223,"Mean"
41.5138864321608,12.0818819095477,0.087168245669885,"Mean"
41.5984854271357,12.0818819095477,0.0862076696557982,"Mean"
41.6830844221106,12.0818819095477,0.0850407369425088,"Mean"
41.7676834170854,12.0818819095477,0.0859884462664199,"Mean"
41.8522824120603,12.0818819095477,0.0853230662353192,"Mean"
41.9368814070352,12.0818819095477,0.0869891331567238,"Mean"
35.4227587939698,12.1499085427136,0.406126356310164,"Mean"
35.5073577889447,12.1499085427136,0.424302900538906,"Mean"
35.5919567839196,12.1499085427136,0.390002136053186,"Mean"
35.6765557788945,12.1499085427136,0.39999386211776,"Mean"
35.7611547738694,12.1499085427136,0.414901354894739,"Mean"
35.8457537688442,12.1499085427136,0.386926602599888,"Mean"
35.9303527638191,12.1499085427136,0.410098105211745,"Mean"
36.014951758794,12.1499085427136,0.379037545737733,"Mean"
36.0995507537688,12.1499085427136,0.389115692972722,"Mean"
36.1841497487437,12.1499085427136,0.362976598330362,"Mean"
36.2687487437186,12.1499085427136,0.353968817613401,"Mean"
36.3533477386935,12.1499085427136,0.350920560252155,"Mean"
36.4379467336683,12.1499085427136,0.377406269902359,"Mean"
36.5225457286432,12.1499085427136,0.353862131987281,"Mean"
36.6071447236181,12.1499085427136,0.330317861083404,"Mean"
36.691743718593,12.1499085427136,0.323417290484552,"Mean"
36.7763427135678,12.1499085427136,0.292537678186097,"Mean"
36.8609417085427,12.1499085427136,0.298649584359535,"Mean"
36.9455407035176,12.1499085427136,0.235731429679672,"Mean"
37.0301396984925,12.1499085427136,0.290499290729102,"Mean"
37.1147386934673,12.1499085427136,0.442440114849071,"Mean"
37.1993376884422,12.1499085427136,0.436523212555907,"Mean"
37.2839366834171,12.1499085427136,0.433053852150459,"Mean"
37.368535678392,12.1499085427136,0.441013861276734,"Mean"
37.4531346733668,12.1499085427136,0.449004413648196,"Mean"
37.5377336683417,12.1499085427136,0.457021441331661,"Mean"
37.6223326633166,12.1499085427136,0.276844483826844,"Mean"
37.7069316582915,12.1499085427136,0.264980385429514,"Mean"
37.7915306532663,12.1499085427136,0.274015674504103,"Mean"
37.8761296482412,12.1499085427136,0.305394485166235,"Mean"
37.9607286432161,12.1499085427136,0.306933615021829,"Mean"
38.045327638191,12.1499085427136,0.280730603095076,"Mean"
38.1299266331658,12.1499085427136,0.317347712361772,"Mean"
38.2145256281407,12.1499085427136,0.313352959133194,"Mean"
38.2991246231156,12.1499085427136,0.376174716766245,"Mean"
38.3837236180904,12.1499085427136,0.399413307486007,"Mean"
38.4683226130653,12.1499085427136,0.398653340319227,"Mean"
38.5529216080402,12.1499085427136,0.415239262552351,"Mean"
38.6375206030151,12.1499085427136,0.425024226108798,"Mean"
38.72211959799,12.1499085427136,0.415984174446504,"Mean"
38.8067185929648,12.1499085427136,0.413926637879646,"Mean"
38.8913175879397,12.1499085427136,0.426613626576371,"Mean"
38.9759165829146,12.1499085427136,0.436957172347529,"Mean"
39.0605155778894,12.1499085427136,0.443881483793909,"Mean"
39.1451145728643,12.1499085427136,0.472707138304184,"Mean"
39.2297135678392,12.1499085427136,0.47285876745476,"Mean"
39.3143125628141,12.1499085427136,0.446987229605702,"Mean"
39.3989115577889,12.1499085427136,0.444918376396171,"Mean"
39.4835105527638,12.1499085427136,0.391762422393371,"Mean"
39.5681095477387,12.1499085427136,0.349418965561524,"Mean"
39.6527085427136,12.1499085427136,0.299560649217543,"Mean"
39.7373075376884,12.1499085427136,0.284902875209229,"Mean"
39.8219065326633,12.1499085427136,0.256678398531503,"Mean"
39.9065055276382,12.1499085427136,0.263769586530535,"Mean"
39.9911045226131,12.1499085427136,0.235466027237991,"Mean"
40.0757035175879,12.1499085427136,0.257965086669196,"Mean"
40.1603025125628,12.1499085427136,0.239959314674979,"Mean"
40.2449015075377,12.1499085427136,0.227057319376854,"Mean"
40.3295005025126,12.1499085427136,0.19910923988064,"Mean"
40.4140994974874,12.1499085427136,0.194385104887651,"Mean"
40.4986984924623,12.1499085427136,0.158880019693505,"Mean"
40.5832974874372,12.1499085427136,0.15595516548418,"Mean"
40.6678964824121,12.1499085427136,0.145794064665455,"Mean"
40.7524954773869,12.1499085427136,0.13507942020344,"Mean"
40.8370944723618,12.1499085427136,0.124152375218293,"Mean"
40.9216934673367,12.1499085427136,0.109167565850489,"Mean"
41.0062924623116,12.1499085427136,0.100900059275842,"Mean"
41.0908914572864,12.1499085427136,0.0947067467701431,"Mean"
41.1754904522613,12.1499085427136,0.0883849061272103,"Mean"
41.2600894472362,12.1499085427136,0.0812659620395766,"Mean"
41.344688442211,12.1499085427136,0.0773736482605452,"Mean"
41.4292874371859,12.1499085427136,0.0774743651465719,"Mean"
41.5138864321608,12.1499085427136,0.0753362394098496,"Mean"
41.5984854271357,12.1499085427136,0.0751406967246433,"Mean"
41.6830844221106,12.1499085427136,0.0630451514799423,"Mean"
41.7676834170854,12.1499085427136,0.0667184775270457,"Mean"
41.8522824120603,12.1499085427136,0.0767011154540153,"Mean"
41.9368814070352,12.1499085427136,0.0775884643721093,"Mean"
42.02148040201,12.1499085427136,0.0786391432887806,"Mean"
35.5073577889447,12.2179351758794,0.465554178497265,"Mean"
35.5919567839196,12.2179351758794,0.423378278712792,"Mean"
35.6765557788945,12.2179351758794,0.403278748809788,"Mean"
35.7611547738694,12.2179351758794,0.395536316972532,"Mean"
35.8457537688442,12.2179351758794,0.400781350323779,"Mean"
35.9303527638191,12.2179351758794,0.420377207202567,"Mean"
36.014951758794,12.2179351758794,0.381333869492583,"Mean"
36.0995507537688,12.2179351758794,0.376432175452284,"Mean"
36.1841497487437,12.2179351758794,0.358803397806399,"Mean"
36.2687487437186,12.2179351758794,0.352787682260696,"Mean"
36.3533477386935,12.2179351758794,0.355339765803297,"Mean"
36.4379467336683,12.2179351758794,0.368611484832481,"Mean"
36.5225457286432,12.2179351758794,0.348270015734338,"Mean"
36.6071447236181,12.2179351758794,0.364796083089346,"Mean"
36.691743718593,12.2179351758794,0.350603066378589,"Mean"
36.7763427135678,12.2179351758794,0.305978790400588,"Mean"
36.8609417085427,12.2179351758794,0.323787915382412,"Mean"
36.9455407035176,12.2179351758794,0.247896335652428,"Mean"
37.0301396984925,12.2179351758794,0.245222763806564,"Mean"
37.1147386934673,12.2179351758794,0.445477385797892,"Mean"
37.1993376884422,12.2179351758794,0.257264811381401,"Mean"
37.2839366834171,12.2179351758794,0.284540538375447,"Mean"
37.368535678392,12.2179351758794,0.435678883708292,"Mean"
37.4531346733668,12.2179351758794,0.443649328718407,"Mean"
37.5377336683417,12.2179351758794,0.451648970538362,"Mean"
37.6223326633166,12.2179351758794,0.243965660054995,"Mean"
37.7069316582915,12.2179351758794,0.266258859387948,"Mean"
37.7915306532663,12.2179351758794,0.284835513401093,"Mean"
37.8761296482412,12.2179351758794,0.34738774800194,"Mean"
37.9607286432161,12.2179351758794,0.317478302463292,"Mean"
38.045327638191,12.2179351758794,0.313467658537697,"Mean"
38.1299266331658,12.2179351758794,0.317143345547819,"Mean"
38.2145256281407,12.2179351758794,0.35851910952232,"Mean"
38.2991246231156,12.2179351758794,0.392004703159913,"Mean"
38.3837236180904,12.2179351758794,0.416398367639814,"Mean"
38.4683226130653,12.2179351758794,0.424617599935185,"Mean"
38.5529216080402,12.2179351758794,0.429150067513848,"Mean"
38.6375206030151,12.2179351758794,0.361612625765667,"Mean"
38.72211959799,12.2179351758794,0.388342600841369,"Mean"
38.8067185929648,12.2179351758794,0.398252131499507,"Mean"
38.8913175879397,12.2179351758794,0.420593076567731,"Mean"
38.9759165829146,12.2179351758794,0.460352573567255,"Mean"
39.0605155778894,12.2179351758794,0.4453965502479,"Mean"
39.1451145728643,12.2179351758794,0.485793734314831,"Mean"
39.2297135678392,12.2179351758794,0.487042148752908,"Mean"
39.3143125628141,12.2179351758794,0.452886185449276,"Mean"
39.3989115577889,12.2179351758794,0.438193411058218,"Mean"
39.4835105527638,12.2179351758794,0.369654159690199,"Mean"
39.5681095477387,12.2179351758794,0.324094187215761,"Mean"
39.6527085427136,12.2179351758794,0.279307230077027,"Mean"
39.7373075376884,12.2179351758794,0.278077627122547,"Mean"
39.8219065326633,12.2179351758794,0.248960387752834,"Mean"
39.9065055276382,12.2179351758794,0.235905768908977,"Mean"
39.9911045226131,12.2179351758794,0.255079252121196,"Mean"
40.0757035175879,12.2179351758794,0.237363761973465,"Mean"
40.1603025125628,12.2179351758794,0.172532164250109,"Mean"
40.2449015075377,12.2179351758794,0.207505749317235,"Mean"
40.3295005025126,12.2179351758794,0.194454929616874,"Mean"
40.4140994974874,12.2179351758794,0.176006717994273,"Mean"
40.4986984924623,12.2179351758794,0.156036514722889,"Mean"
40.5832974874372,12.2179351758794,0.143332885246427,"Mean"
40.6678964824121,12.2179351758794,0.134863239164586,"Mean"
40.7524954773869,12.2179351758794,0.109106991589528,"Mean"
40.8370944723618,12.2179351758794,0.111637949939976,"Mean"
40.9216934673367,12.2179351758794,0.0991903668521258,"Mean"
41.0062924623116,12.2179351758794,0.0885286830689011,"Mean"
41.0908914572864,12.2179351758794,0.0842824902577467,"Mean"
41.1754904522613,12.2179351758794,0.0779222605346526,"Mean"
41.2600894472362,12.2179351758794,0.0732237218863183,"Mean"
41.344688442211,12.2179351758794,0.0683078309779265,"Mean"
41.4292874371859,12.2179351758794,0.0673045136892571,"Mean"
41.5138864321608,12.2179351758794,0.0673356114655331,"Mean"
41.5984854271357,12.2179351758794,0.0627878799188688,"Mean"
41.6830844221106,12.2179351758794,0.0649810356993926,"Mean"
41.7676834170854,12.2179351758794,0.065984860821916,"Mean"
41.8522824120603,12.2179351758794,0.0674441986388794,"Mean"
41.9368814070352,12.2179351758794,0.0684012138241299,"Mean"
42.02148040201,12.2179351758794,0.0696436978128675,"Mean"
35.5919567839196,12.2859618090452,0.432362665310987,"Mean"
35.6765557788945,12.2859618090452,0.43741356087593,"Mean"
35.7611547738694,12.2859618090452,0.456721157593155,"Mean"
35.8457537688442,12.2859618090452,0.397713143494312,"Mean"
35.9303527638191,12.2859618090452,0.437013889594226,"Mean"
36.014951758794,12.2859618090452,0.390777111897716,"Mean"
36.0995507537688,12.2859618090452,0.377131024594214,"Mean"
36.1841497487437,12.2859618090452,0.363469248804026,"Mean"
36.2687487437186,12.2859618090452,0.358506437897498,"Mean"
36.3533477386935,12.2859618090452,0.39898926929203,"Mean"
36.4379467336683,12.2859618090452,0.389759275742142,"Mean"
36.5225457286432,12.2859618090452,0.38445772430582,"Mean"
36.6071447236181,12.2859618090452,0.367463478396295,"Mean"
36.691743718593,12.2859618090452,0.345727677704724,"Mean"
36.7763427135678,12.2859618090452,0.340523782582964,"Mean"
36.8609417085427,12.2859618090452,0.327185957894262,"Mean"
36.9455407035176,12.2859618090452,0.316997932062936,"Mean"
37.0301396984925,12.2859618090452,0.264617269538603,"Mean"
37.1147386934673,12.2859618090452,0.240071073039955,"Mean"
37.1993376884422,12.2859618090452,0.225505948921278,"Mean"
37.2839366834171,12.2859618090452,0.235137636305434,"Mean"
37.368535678392,12.2859618090452,0.242385836296361,"Mean"
37.4531346733668,12.2859618090452,0.345617637826968,"Mean"
37.5377336683417,12.2859618090452,0.248181568328464,"Mean"
37.6223326633166,12.2859618090452,0.248848536506967,"Mean"
37.7069316582915,12.2859618090452,0.306118048159474,"Mean"
37.7915306532663,12.2859618090452,0.291147786732207,"Mean"
37.8761296482412,12.2859618090452,0.30117773894086,"Mean"
37.9607286432161,12.2859618090452,0.335161405904147,"Mean"
38.045327638191,12.2859618090452,0.314988162300822,"Mean"
38.1299266331658,12.2859618090452,0.356715203748836,"Mean"
38.2145256281407,12.2859618090452,0.358806918236134,"Mean"
38.2991246231156,12.2859618090452,0.374484364159498,"Mean"
38.3837236180904,12.2859618090452,0.403866409960431,"Mean"
38.4683226130653,12.2859618090452,0.407612078407885,"Mean"
38.5529216080402,12.2859618090452,0.418901058413975,"Mean"
38.6375206030151,12.2859618090452,0.393314538636161,"Mean"
38.72211959799,12.2859618090452,0.41525831990501,"Mean"
38.8067185929648,12.2859618090452,0.431780716547716,"Mean"
38.8913175879397,12.2859618090452,0.439479596005444,"Mean"
38.9759165829146,12.2859618090452,0.426475990587456,"Mean"
39.0605155778894,12.2859618090452,0.45396036490293,"Mean"
39.1451145728643,12.2859618090452,0.485904557103996,"Mean"
39.2297135678392,12.2859618090452,0.458246658977643,"Mean"
39.3143125628141,12.2859618090452,0.402930246100726,"Mean"
39.3989115577889,12.2859618090452,0.416827382332347,"Mean"
39.4835105527638,12.2859618090452,0.334550186977845,"Mean"
39.5681095477387,12.2859618090452,0.282835569189926,"Mean"
39.6527085427136,12.2859618090452,0.245877530990555,"Mean"
39.7373075376884,12.2859618090452,0.242015936405629,"Mean"
39.8219065326633,12.2859618090452,0.219490913935962,"Mean"
39.9065055276382,12.2859618090452,0.248897910499784,"Mean"
39.9911045226131,12.2859618090452,0.227395620557963,"Mean"
40.0757035175879,12.2859618090452,0.207330253501426,"Mean"
40.1603025125628,12.2859618090452,0.187381642707384,"Mean"
40.2449015075377,12.2859618090452,0.170738449296701,"Mean"
40.3295005025126,12.2859618090452,0.169483243473231,"Mean"
40.4140994974874,12.2859618090452,0.154418902857905,"Mean"
40.4986984924623,12.2859618090452,0.14136981874286,"Mean"
40.5832974874372,12.2859618090452,0.125726024495308,"Mean"
40.6678964824121,12.2859618090452,0.117436492653655,"Mean"
40.7524954773869,12.2859618090452,0.109312771623655,"Mean"
40.8370944723618,12.2859618090452,0.100157550952504,"Mean"
40.9216934673367,12.2859618090452,0.088871764952047,"Mean"
41.0062924623116,12.2859618090452,0.0721332389820079,"Mean"
41.0908914572864,12.2859618090452,0.0756065839344819,"Mean"
41.1754904522613,12.2859618090452,0.0701792426584707,"Mean"
41.2600894472362,12.2859618090452,0.0641849282388028,"Mean"
41.344688442211,12.2859618090452,0.0625171018424344,"Mean"
41.4292874371859,12.2859618090452,0.0541812095779941,"Mean"
41.5138864321608,12.2859618090452,0.0590056163533524,"Mean"
41.5984854271357,12.2859618090452,0.0583161641998571,"Mean"
41.6830844221106,12.2859618090452,0.0576140406467647,"Mean"
41.7676834170854,12.2859618090452,0.0581633078357754,"Mean"
41.8522824120603,12.2859618090452,0.0586188044004462,"Mean"
41.9368814070352,12.2859618090452,0.0600352891098686,"Mean"
42.02148040201,12.2859618090452,0.0614735153928221,"Mean"
42.1060793969849,12.2859618090452,0.0621577665266746,"Mean"
35.5919567839196,12.3539884422111,0.417028384171679,"Mean"
35.6765557788945,12.3539884422111,0.405710289814624,"Mean"
35.7611547738694,12.3539884422111,0.45533629801065,"Mean"
35.8457537688442,12.3539884422111,0.373349233254578,"Mean"
35.9303527638191,12.3539884422111,0.427281896598245,"Mean"
36.014951758794,12.3539884422111,0.421187067217019,"Mean"
36.0995507537688,12.3539884422111,0.391451938337015,"Mean"
36.1841497487437,12.3539884422111,0.374527663356578,"Mean"
36.2687487437186,12.3539884422111,0.380762256495849,"Mean"
36.3533477386935,12.3539884422111,0.363638332556719,"Mean"
36.4379467336683,12.3539884422111,0.380369423423484,"Mean"
36.5225457286432,12.3539884422111,0.365628598026364,"Mean"
36.6071447236181,12.3539884422111,0.344389854722363,"Mean"
36.691743718593,12.3539884422111,0.349206048510873,"Mean"
36.7763427135678,12.3539884422111,0.326354867605129,"Mean"
36.8609417085427,12.3539884422111,0.325778536201425,"Mean"
36.9455407035176,12.3539884422111,0.314309440607588,"Mean"
37.0301396984925,12.3539884422111,0.220089308331149,"Mean"
37.1147386934673,12.3539884422111,0.230204735042701,"Mean"
37.1993376884422,12.3539884422111,0.22658788127632,"Mean"
37.2839366834171,12.3539884422111,0.217253924077207,"Mean"
37.368535678392,12.3539884422111,0.222426289079271,"Mean"
37.4531346733668,12.3539884422111,0.230620254156119,"Mean"
37.5377336683417,12.3539884422111,0.230254795383514,"Mean"
37.6223326633166,12.3539884422111,0.259675507473491,"Mean"
37.7069316582915,12.3539884422111,0.253638438468806,"Mean"
37.7915306532663,12.3539884422111,0.292336704656979,"Mean"
37.8761296482412,12.3539884422111,0.283259126532546,"Mean"
37.9607286432161,12.3539884422111,0.310691380209402,"Mean"
38.045327638191,12.3539884422111,0.290668386200499,"Mean"
38.1299266331658,12.3539884422111,0.299068908278341,"Mean"
38.2145256281407,12.3539884422111,0.365300611077523,"Mean"
38.2991246231156,12.3539884422111,0.367257487386754,"Mean"
38.3837236180904,12.3539884422111,0.385368880326314,"Mean"
38.4683226130653,12.3539884422111,0.403139881885162,"Mean"
38.5529216080402,12.3539884422111,0.400411485652729,"Mean"
38.6375206030151,12.3539884422111,0.352617755716417,"Mean"
38.72211959799,12.3539884422111,0.392503394173022,"Mean"
38.8067185929648,12.3539884422111,0.398019222147942,"Mean"
38.8913175879397,12.3539884422111,0.387811219273439,"Mean"
38.9759165829146,12.3539884422111,0.426712486866511,"Mean"
39.0605155778894,12.3539884422111,0.467150472418523,"Mean"
39.1451145728643,12.3539884422111,0.452709824730067,"Mean"
39.2297135678392,12.3539884422111,0.410627889917328,"Mean"
39.3143125628141,12.3539884422111,0.356831466570587,"Mean"
39.3989115577889,12.3539884422111,0.337860281901399,"Mean"
39.4835105527638,12.3539884422111,0.294113201638657,"Mean"
39.5681095477387,12.3539884422111,0.247594906345464,"Mean"
39.6527085427136,12.3539884422111,0.226461082484135,"Mean"
39.7373075376884,12.3539884422111,0.218802658897737,"Mean"
39.8219065326633,12.3539884422111,0.212986239002058,"Mean"
39.9065055276382,12.3539884422111,0.24811641676497,"Mean"
39.9911045226131,12.3539884422111,0.236240301081147,"Mean"
40.0757035175879,12.3539884422111,0.213867475006532,"Mean"
40.1603025125628,12.3539884422111,0.153127814897057,"Mean"
40.2449015075377,12.3539884422111,0.167194772233733,"Mean"
40.3295005025126,12.3539884422111,0.125303291811259,"Mean"
40.4140994974874,12.3539884422111,0.130926509798539,"Mean"
40.4986984924623,12.3539884422111,0.127329553033842,"Mean"
40.5832974874372,12.3539884422111,0.117076006055183,"Mean"
40.6678964824121,12.3539884422111,0.104218120731197,"Mean"
40.7524954773869,12.3539884422111,0.0980846808944558,"Mean"
40.8370944723618,12.3539884422111,0.0922533173038371,"Mean"
40.9216934673367,12.3539884422111,0.0804356284684648,"Mean"
41.0062924623116,12.3539884422111,0.0740711448679039,"Mean"
41.0908914572864,12.3539884422111,0.0626843924798662,"Mean"
41.1754904522613,12.3539884422111,0.0623193649710677,"Mean"
41.2600894472362,12.3539884422111,0.0585278522382724,"Mean"
41.344688442211,12.3539884422111,0.0541280931446793,"Mean"
41.4292874371859,12.3539884422111,0.0518792549923094,"Mean"
41.5138864321608,12.3539884422111,0.0513365396465374,"Mean"
41.5984854271357,12.3539884422111,0.0509346289580282,"Mean"
41.6830844221106,12.3539884422111,0.0501174064553307,"Mean"
41.7676834170854,12.3539884422111,0.0508618813172232,"Mean"
41.8522824120603,12.3539884422111,0.0512110111856319,"Mean"
41.9368814070352,12.3539884422111,0.0525669324845985,"Mean"
42.02148040201,12.3539884422111,0.0538469449255859,"Mean"
42.1060793969849,12.3539884422111,0.0551055954791844,"Mean"
42.1906783919598,12.3539884422111,0.0568889522321876,"Mean"
35.6765557788945,12.4220150753769,0.408140452831683,"Mean"
35.7611547738694,12.4220150753769,0.452855092290867,"Mean"
35.8457537688442,12.4220150753769,0.438902477360997,"Mean"
35.9303527638191,12.4220150753769,0.429267628224198,"Mean"
36.014951758794,12.4220150753769,0.380650368822691,"Mean"
36.0995507537688,12.4220150753769,0.40335721443451,"Mean"
36.1841497487437,12.4220150753769,0.424083440807157,"Mean"
36.2687487437186,12.4220150753769,0.387091659108083,"Mean"
36.3533477386935,12.4220150753769,0.388889767623547,"Mean"
36.4379467336683,12.4220150753769,0.373263567899786,"Mean"
36.5225457286432,12.4220150753769,0.380335949440339,"Mean"
36.6071447236181,12.4220150753769,0.335118517316001,"Mean"
36.691743718593,12.4220150753769,0.37243973442086,"Mean"
36.7763427135678,12.4220150753769,0.324948128278827,"Mean"
36.8609417085427,12.4220150753769,0.311064075816385,"Mean"
36.9455407035176,12.4220150753769,0.286347305935461,"Mean"
37.0301396984925,12.4220150753769,0.220729421610939,"Mean"
37.1147386934673,12.4220150753769,0.234906050976874,"Mean"
37.1993376884422,12.4220150753769,0.236654537645684,"Mean"
37.2839366834171,12.4220150753769,0.222463457889616,"Mean"
37.368535678392,12.4220150753769,0.214683306452294,"Mean"
37.4531346733668,12.4220150753769,0.221880880973648,"Mean"
37.5377336683417,12.4220150753769,0.234916178287537,"Mean"
37.6223326633166,12.4220150753769,0.253125610679541,"Mean"
37.7069316582915,12.4220150753769,0.25161960070495,"Mean"
37.7915306532663,12.4220150753769,0.239528094622905,"Mean"
37.8761296482412,12.4220150753769,0.293096073390391,"Mean"
37.9607286432161,12.4220150753769,0.319924090171242,"Mean"
38.045327638191,12.4220150753769,0.312908563273727,"Mean"
38.1299266331658,12.4220150753769,0.303891480350098,"Mean"
38.2145256281407,12.4220150753769,0.363637964100903,"Mean"
38.2991246231156,12.4220150753769,0.373461697545,"Mean"
38.3837236180904,12.4220150753769,0.393348383095184,"Mean"
38.4683226130653,12.4220150753769,0.404985784793227,"Mean"
38.5529216080402,12.4220150753769,0.383001031895288,"Mean"
38.6375206030151,12.4220150753769,0.407686200769002,"Mean"
38.72211959799,12.4220150753769,0.378781053147008,"Mean"
38.8067185929648,12.4220150753769,0.400454686540259,"Mean"
38.8913175879397,12.4220150753769,0.371779287414987,"Mean"
38.9759165829146,12.4220150753769,0.417657513395156,"Mean"
39.0605155778894,12.4220150753769,0.42660298865845,"Mean"
39.1451145728643,12.4220150753769,0.410253977158568,"Mean"
39.2297135678392,12.4220150753769,0.410859984284412,"Mean"
39.3143125628141,12.4220150753769,0.336979180516119,"Mean"
39.3989115577889,12.4220150753769,0.375528728041183,"Mean"
39.4835105527638,12.4220150753769,0.281579120013483,"Mean"
39.5681095477387,12.4220150753769,0.244145998948488,"Mean"
39.6527085427136,12.4220150753769,0.200974476993266,"Mean"
39.7373075376884,12.4220150753769,0.206811713242916,"Mean"
39.8219065326633,12.4220150753769,0.18791246579004,"Mean"
39.9065055276382,12.4220150753769,0.194873425480151,"Mean"
39.9911045226131,12.4220150753769,0.176879314354898,"Mean"
40.0757035175879,12.4220150753769,0.178340486844385,"Mean"
40.1603025125628,12.4220150753769,0.145861856485204,"Mean"
40.2449015075377,12.4220150753769,0.148136693261136,"Mean"
40.3295005025126,12.4220150753769,0.140140537175983,"Mean"
40.4140994974874,12.4220150753769,0.124970402064776,"Mean"
40.4986984924623,12.4220150753769,0.11526944269251,"Mean"
40.5832974874372,12.4220150753769,0.106151540895852,"Mean"
40.6678964824121,12.4220150753769,0.0991446555845086,"Mean"
40.7524954773869,12.4220150753769,0.0908422069110448,"Mean"
40.8370944723618,12.4220150753769,0.083394766835844,"Mean"
40.9216934673367,12.4220150753769,0.0754203049606965,"Mean"
41.0062924623116,12.4220150753769,0.061857072181384,"Mean"
41.0908914572864,12.4220150753769,0.0553451923124783,"Mean"
41.1754904522613,12.4220150753769,0.0545981062286625,"Mean"
41.2600894472362,12.4220150753769,0.0521490666126106,"Mean"
41.344688442211,12.4220150753769,0.0489448260856252,"Mean"
41.4292874371859,12.4220150753769,0.0467738104493612,"Mean"
41.5138864321608,12.4220150753769,0.0450266809421209,"Mean"
41.5984854271357,12.4220150753769,0.0444045460091307,"Mean"
41.6830844221106,12.4220150753769,0.0432722583678207,"Mean"
41.7676834170854,12.4220150753769,0.0442898996608795,"Mean"
41.8522824120603,12.4220150753769,0.0446315912017793,"Mean"
41.9368814070352,12.4220150753769,0.0457849137608899,"Mean"
42.02148040201,12.4220150753769,0.0429368498981118,"Mean"
42.1060793969849,12.4220150753769,0.0483373520871197,"Mean"
42.1906783919598,12.4220150753769,0.0500326910831781,"Mean"
35.7611547738694,12.4900417085427,0.452021658825321,"Mean"
35.8457537688442,12.4900417085427,0.418936078270436,"Mean"
35.9303527638191,12.4900417085427,0.387206241648421,"Mean"
36.014951758794,12.4900417085427,0.407293494342419,"Mean"
36.0995507537688,12.4900417085427,0.427842063969007,"Mean"
36.1841497487437,12.4900417085427,0.393339588035234,"Mean"
36.2687487437186,12.4900417085427,0.364805442041499,"Mean"
36.3533477386935,12.4900417085427,0.40993829201557,"Mean"
36.4379467336683,12.4900417085427,0.391415788299201,"Mean"
36.5225457286432,12.4900417085427,0.36015301566112,"Mean"
36.6071447236181,12.4900417085427,0.327540970118083,"Mean"
36.691743718593,12.4900417085427,0.367021700460062,"Mean"
36.7763427135678,12.4900417085427,0.348091357829619,"Mean"
36.8609417085427,12.4900417085427,0.319687717152106,"Mean"
36.9455407035176,12.4900417085427,0.310320673682079,"Mean"
37.0301396984925,12.4900417085427,0.222467446670577,"Mean"
37.1147386934673,12.4900417085427,0.244090820551784,"Mean"
37.1993376884422,12.4900417085427,0.244626916492379,"Mean"
37.2839366834171,12.4900417085427,0.224728466735204,"Mean"
37.368535678392,12.4900417085427,0.216279995150896,"Mean"
37.4531346733668,12.4900417085427,0.225258853144068,"Mean"
37.5377336683417,12.4900417085427,0.234736837642041,"Mean"
37.6223326633166,12.4900417085427,0.241489781994618,"Mean"
37.7069316582915,12.4900417085427,0.293687809569678,"Mean"
37.7915306532663,12.4900417085427,0.23700865512536,"Mean"
37.8761296482412,12.4900417085427,0.269095999439013,"Mean"
37.9607286432161,12.4900417085427,0.314482644716529,"Mean"
38.045327638191,12.4900417085427,0.309276365055302,"Mean"
38.1299266331658,12.4900417085427,0.306525150441621,"Mean"
38.2145256281407,12.4900417085427,0.319397106920781,"Mean"
38.2991246231156,12.4900417085427,0.370627299622291,"Mean"
38.3837236180904,12.4900417085427,0.383027324617964,"Mean"
38.4683226130653,12.4900417085427,0.386277152386594,"Mean"
38.5529216080402,12.4900417085427,0.41707639216251,"Mean"
38.6375206030151,12.4900417085427,0.399803125312972,"Mean"
38.72211959799,12.4900417085427,0.399760589878261,"Mean"
38.8067185929648,12.4900417085427,0.387958536402464,"Mean"
38.8913175879397,12.4900417085427,0.380102723850865,"Mean"
38.9759165829146,12.4900417085427,0.410022575277438,"Mean"
39.0605155778894,12.4900417085427,0.396796647326632,"Mean"
39.1451145728643,12.4900417085427,0.407626523477732,"Mean"
39.2297135678392,12.4900417085427,0.357582976303756,"Mean"
39.3143125628141,12.4900417085427,0.360927303542583,"Mean"
39.3989115577889,12.4900417085427,0.304235495254756,"Mean"
39.4835105527638,12.4900417085427,0.272854039782284,"Mean"
39.5681095477387,12.4900417085427,0.217516696162894,"Mean"
39.6527085427136,12.4900417085427,0.177621765913636,"Mean"
39.7373075376884,12.4900417085427,0.209764563013977,"Mean"
39.8219065326633,12.4900417085427,0.172329150998192,"Mean"
39.9065055276382,12.4900417085427,0.181332585294677,"Mean"
39.9911045226131,12.4900417085427,0.194894407421027,"Mean"
40.0757035175879,12.4900417085427,0.156389493712959,"Mean"
40.1603025125628,12.4900417085427,0.152920579004508,"Mean"
40.2449015075377,12.4900417085427,0.137963372799209,"Mean"
40.3295005025126,12.4900417085427,0.119953533206978,"Mean"
40.4140994974874,12.4900417085427,0.11201981467049,"Mean"
40.4986984924623,12.4900417085427,0.104338447835178,"Mean"
40.5832974874372,12.4900417085427,0.0947682593265983,"Mean"
40.6678964824121,12.4900417085427,0.084172933960124,"Mean"
40.7524954773869,12.4900417085427,0.0835987463592469,"Mean"
40.8370944723618,12.4900417085427,0.0760545031254557,"Mean"
40.9216934673367,12.4900417085427,0.0672569069364104,"Mean"
41.0062924623116,12.4900417085427,0.0614246953545986,"Mean"
41.0908914572864,12.4900417085427,0.0546967649039766,"Mean"
41.1754904522613,12.4900417085427,0.0499799889871254,"Mean"
41.2600894472362,12.4900417085427,0.0462385246279566,"Mean"
41.344688442211,12.4900417085427,0.0420714933180129,"Mean"
41.4292874371859,12.4900417085427,0.0411792000769386,"Mean"
41.5138864321608,12.4900417085427,0.0395135031304051,"Mean"
41.5984854271357,12.4900417085427,0.0387776191011915,"Mean"
41.6830844221106,12.4900417085427,0.0373134432132239,"Mean"
41.7676834170854,12.4900417085427,0.0376949885123372,"Mean"
41.8522824120603,12.4900417085427,0.0389681828615565,"Mean"
41.9368814070352,12.4900417085427,0.0392273245193431,"Mean"
42.02148040201,12.4900417085427,0.0409432390996776,"Mean"
42.1060793969849,12.4900417085427,0.0422720686833319,"Mean"
42.1906783919598,12.4900417085427,0.0429468223252327,"Mean"
42.2752773869347,12.4900417085427,0.0452625565196116,"Mean"
35.8457537688442,12.5580683417085,0.412433079913124,"Mean"
35.9303527638191,12.5580683417085,0.431659340822874,"Mean"
36.014951758794,12.5580683417085,0.429930750889404,"Mean"
36.0995507537688,12.5580683417085,0.428971692295602,"Mean"
36.1841497487437,12.5580683417085,0.401754954687432,"Mean"
36.2687487437186,12.5580683417085,0.392581084550431,"Mean"
36.3533477386935,12.5580683417085,0.374472711024542,"Mean"
36.4379467336683,12.5580683417085,0.406618453370401,"Mean"
36.5225457286432,12.5580683417085,0.349653888782813,"Mean"
36.6071447236181,12.5580683417085,0.376775283495872,"Mean"
36.691743718593,12.5580683417085,0.328749690102782,"Mean"
36.7763427135678,12.5580683417085,0.323112859634697,"Mean"
36.8609417085427,12.5580683417085,0.318996077555258,"Mean"
36.9455407035176,12.5580683417085,0.294848060815118,"Mean"
37.0301396984925,12.5580683417085,0.224480478758331,"Mean"
37.1147386934673,12.5580683417085,0.21092548324973,"Mean"
37.1993376884422,12.5580683417085,0.226104363993142,"Mean"
37.2839366834171,12.5580683417085,0.218976116031092,"Mean"
37.368535678392,12.5580683417085,0.21948123792282,"Mean"
37.4531346733668,12.5580683417085,0.224417365453016,"Mean"
37.5377336683417,12.5580683417085,0.248074138184548,"Mean"
37.6223326633166,12.5580683417085,0.282707027810387,"Mean"
37.7069316582915,12.5580683417085,0.257844012580321,"Mean"
37.7915306532663,12.5580683417085,0.267361516812918,"Mean"
37.8761296482412,12.5580683417085,0.297882042634986,"Mean"
37.9607286432161,12.5580683417085,0.317357921145558,"Mean"
38.045327638191,12.5580683417085,0.294034224545881,"Mean"
38.1299266331658,12.5580683417085,0.331493247840595,"Mean"
38.2145256281407,12.5580683417085,0.335131721809196,"Mean"
38.2991246231156,12.5580683417085,0.339589017066504,"Mean"
38.3837236180904,12.5580683417085,0.400024218416353,"Mean"
38.4683226130653,12.5580683417085,0.400203348399763,"Mean"
38.5529216080402,12.5580683417085,0.422824220424991,"Mean"
38.6375206030151,12.5580683417085,0.429954617197542,"Mean"
38.72211959799,12.5580683417085,0.423177823267461,"Mean"
38.8067185929648,12.5580683417085,0.382063618018368,"Mean"
38.8913175879397,12.5580683417085,0.391716384641543,"Mean"
38.9759165829146,12.5580683417085,0.383199398493252,"Mean"
39.0605155778894,12.5580683417085,0.392205862734329,"Mean"
39.1451145728643,12.5580683417085,0.385666282238473,"Mean"
39.2297135678392,12.5580683417085,0.338628620063348,"Mean"
39.3143125628141,12.5580683417085,0.320383374206888,"Mean"
39.3989115577889,12.5580683417085,0.280297315710804,"Mean"
39.4835105527638,12.5580683417085,0.243353265865002,"Mean"
39.5681095477387,12.5580683417085,0.200989121874888,"Mean"
39.6527085427136,12.5580683417085,0.176525260409942,"Mean"
39.7373075376884,12.5580683417085,0.170898297510659,"Mean"
39.8219065326633,12.5580683417085,0.155459837229147,"Mean"
39.9065055276382,12.5580683417085,0.154507928784007,"Mean"
39.9911045226131,12.5580683417085,0.168634575938489,"Mean"
40.0757035175879,12.5580683417085,0.15932141323374,"Mean"
40.1603025125628,12.5580683417085,0.149571561314173,"Mean"
40.2449015075377,12.5580683417085,0.131515795262442,"Mean"
40.3295005025126,12.5580683417085,0.0876488939658063,"Mean"
40.4140994974874,12.5580683417085,0.101355975153654,"Mean"
40.4986984924623,12.5580683417085,0.0822298604064054,"Mean"
40.5832974874372,12.5580683417085,0.0860852472248323,"Mean"
40.6678964824121,12.5580683417085,0.066394608502659,"Mean"
40.7524954773869,12.5580683417085,0.075142300982693,"Mean"
40.8370944723618,12.5580683417085,0.0673440015757638,"Mean"
40.9216934673367,12.5580683417085,0.0614823609140278,"Mean"
41.0062924623116,12.5580683417085,0.0557532050554572,"Mean"
41.0908914572864,12.5580683417085,0.050538912244433,"Mean"
41.1754904522613,12.5580683417085,0.0453882510798694,"Mean"
41.2600894472362,12.5580683417085,0.0415848448785824,"Mean"
41.344688442211,12.5580683417085,0.038436495081834,"Mean"
41.4292874371859,12.5580683417085,0.036141599762835,"Mean"
41.5138864321608,12.5580683417085,0.0344647054195965,"Mean"
41.5984854271357,12.5580683417085,0.0338271342996265,"Mean"
41.6830844221106,12.5580683417085,0.0334133936915905,"Mean"
41.7676834170854,12.5580683417085,0.0333754335076295,"Mean"
41.8522824120603,12.5580683417085,0.0338113273252391,"Mean"
41.9368814070352,12.5580683417085,0.0337621409916628,"Mean"
42.02148040201,12.5580683417085,0.0354599131241111,"Mean"
42.1060793969849,12.5580683417085,0.0367273197434886,"Mean"
42.1906783919598,12.5580683417085,0.0380709162462105,"Mean"
42.2752773869347,12.5580683417085,0.0385734199574244,"Mean"
35.9303527638191,12.6260949748744,0.452279172885311,"Mean"
36.014951758794,12.6260949748744,0.423234011827947,"Mean"
36.0995507537688,12.6260949748744,0.389300092777934,"Mean"
36.1841497487437,12.6260949748744,0.371469468700453,"Mean"
36.2687487437186,12.6260949748744,0.402194227735375,"Mean"
36.3533477386935,12.6260949748744,0.364398119156939,"Mean"
36.4379467336683,12.6260949748744,0.364704496098094,"Mean"
36.5225457286432,12.6260949748744,0.379348266228154,"Mean"
36.6071447236181,12.6260949748744,0.354661568219645,"Mean"
36.691743718593,12.6260949748744,0.367653217814257,"Mean"
36.7763427135678,12.6260949748744,0.32265076824294,"Mean"
36.8609417085427,12.6260949748744,0.317750911939521,"Mean"
36.9455407035176,12.6260949748744,0.305187034781582,"Mean"
37.0301396984925,12.6260949748744,0.286357210010432,"Mean"
37.1147386934673,12.6260949748744,0.238909040508095,"Mean"
37.1993376884422,12.6260949748744,0.242726111228284,"Mean"
37.2839366834171,12.6260949748744,0.243824214471089,"Mean"
37.368535678392,12.6260949748744,0.237586365353636,"Mean"
37.4531346733668,12.6260949748744,0.236363741591846,"Mean"
37.5377336683417,12.6260949748744,0.247841485939944,"Mean"
37.6223326633166,12.6260949748744,0.241688608027449,"Mean"
37.7069316582915,12.6260949748744,0.278151384046507,"Mean"
37.7915306532663,12.6260949748744,0.300139028856287,"Mean"
37.8761296482412,12.6260949748744,0.292969751780344,"Mean"
37.9607286432161,12.6260949748744,0.278917946374533,"Mean"
38.045327638191,12.6260949748744,0.302477321105401,"Mean"
38.1299266331658,12.6260949748744,0.325205822758562,"Mean"
38.2145256281407,12.6260949748744,0.343888223487061,"Mean"
38.2991246231156,12.6260949748744,0.320644861349413,"Mean"
38.3837236180904,12.6260949748744,0.384584664719927,"Mean"
38.4683226130653,12.6260949748744,0.400702339917842,"Mean"
38.5529216080402,12.6260949748744,0.405238418637988,"Mean"
38.6375206030151,12.6260949748744,0.410988765407535,"Mean"
38.72211959799,12.6260949748744,0.418998941499696,"Mean"
38.8067185929648,12.6260949748744,0.406948831718931,"Mean"
38.8913175879397,12.6260949748744,0.434933877661561,"Mean"
38.9759165829146,12.6260949748744,0.428472220461051,"Mean"
39.0605155778894,12.6260949748744,0.367605205665467,"Mean"
39.1451145728643,12.6260949748744,0.348248772843548,"Mean"
39.2297135678392,12.6260949748744,0.30714468511214,"Mean"
39.3143125628141,12.6260949748744,0.270780542625275,"Mean"
39.3989115577889,12.6260949748744,0.273898821087456,"Mean"
39.4835105527638,12.6260949748744,0.230032590319575,"Mean"
39.5681095477387,12.6260949748744,0.184327281334776,"Mean"
39.6527085427136,12.6260949748744,0.164589160185584,"Mean"
39.7373075376884,12.6260949748744,0.143236601464612,"Mean"
39.8219065326633,12.6260949748744,0.136328072435231,"Mean"
39.9065055276382,12.6260949748744,0.135591353431906,"Mean"
39.9911045226131,12.6260949748744,0.143304088808679,"Mean"
40.0757035175879,12.6260949748744,0.138175152252715,"Mean"
40.1603025125628,12.6260949748744,0.122914334995899,"Mean"
40.2449015075377,12.6260949748744,0.08924198827681,"Mean"
40.3295005025126,12.6260949748744,0.0768572824296966,"Mean"
40.4140994974874,12.6260949748744,0.0927078826075113,"Mean"
40.4986984924623,12.6260949748744,0.0717872754101977,"Mean"
40.5832974874372,12.6260949748744,0.075525767324588,"Mean"
40.6678964824121,12.6260949748744,0.0733942159713148,"Mean"
40.7524954773869,12.6260949748744,0.0666836898432741,"Mean"
40.8370944723618,12.6260949748744,0.0618059300721697,"Mean"
40.9216934673367,12.6260949748744,0.0558912054998646,"Mean"
41.0062924623116,12.6260949748744,0.0504342778496558,"Mean"
41.0908914572864,12.6260949748744,0.0455813223145703,"Mean"
41.1754904522613,12.6260949748744,0.0413740442269085,"Mean"
41.2600894472362,12.6260949748744,0.0374274354468253,"Mean"
41.344688442211,12.6260949748744,0.0343724895950132,"Mean"
41.4292874371859,12.6260949748744,0.0321042544337201,"Mean"
41.5138864321608,12.6260949748744,0.0305590233457895,"Mean"
41.5984854271357,12.6260949748744,0.0295657216364647,"Mean"
41.6830844221106,12.6260949748744,0.0291018158203178,"Mean"
41.7676834170854,12.6260949748744,0.0289969386572125,"Mean"
41.8522824120603,12.6260949748744,0.0292393261948962,"Mean"
41.9368814070352,12.6260949748744,0.0293520792240953,"Mean"
42.02148040201,12.6260949748744,0.0303615020386203,"Mean"
42.1060793969849,12.6260949748744,0.0314645070716345,"Mean"
42.1906783919598,12.6260949748744,0.0266532399258685,"Mean"
35.9303527638191,12.6941216080402,0.430096841117672,"Mean"
36.014951758794,12.6941216080402,0.425610888214921,"Mean"
36.0995507537688,12.6941216080402,0.40037314098426,"Mean"
36.1841497487437,12.6941216080402,0.370528279846395,"Mean"
36.2687487437186,12.6941216080402,0.376274466870106,"Mean"
36.3533477386935,12.6941216080402,0.385487204662222,"Mean"
36.4379467336683,12.6941216080402,0.34834496670264,"Mean"
36.5225457286432,12.6941216080402,0.399270358787191,"Mean"
36.6071447236181,12.6941216080402,0.3797446720997,"Mean"
36.691743718593,12.6941216080402,0.360005752659876,"Mean"
36.7763427135678,12.6941216080402,0.351765944910419,"Mean"
36.8609417085427,12.6941216080402,0.340044762176189,"Mean"
36.9455407035176,12.6941216080402,0.345159925731494,"Mean"
37.0301396984925,12.6941216080402,0.335152460704862,"Mean"
37.1147386934673,12.6941216080402,0.309030604342624,"Mean"
37.1993376884422,12.6941216080402,0.277743153638121,"Mean"
37.2839366834171,12.6941216080402,0.272095354511348,"Mean"
37.368535678392,12.6941216080402,0.229541398234738,"Mean"
37.4531346733668,12.6941216080402,0.221705054952407,"Mean"
37.5377336683417,12.6941216080402,0.239810543877551,"Mean"
37.6223326633166,12.6941216080402,0.231783058229241,"Mean"
37.7069316582915,12.6941216080402,0.237416930926649,"Mean"
37.7915306532663,12.6941216080402,0.295975120066282,"Mean"
37.8761296482412,12.6941216080402,0.320624607931539,"Mean"
37.9607286432161,12.6941216080402,0.351339416257935,"Mean"
38.045327638191,12.6941216080402,0.351340574134809,"Mean"
38.1299266331658,12.6941216080402,0.342395454959564,"Mean"
38.2145256281407,12.6941216080402,0.354944897711533,"Mean"
38.2991246231156,12.6941216080402,0.358740391056485,"Mean"
38.3837236180904,12.6941216080402,0.379254475432353,"Mean"
38.4683226130653,12.6941216080402,0.388894396793058,"Mean"
38.5529216080402,12.6941216080402,0.391121186488205,"Mean"
38.6375206030151,12.6941216080402,0.383016671279836,"Mean"
38.72211959799,12.6941216080402,0.396055428974054,"Mean"
38.8067185929648,12.6941216080402,0.407900600080836,"Mean"
38.8913175879397,12.6941216080402,0.392016652585243,"Mean"
38.9759165829146,12.6941216080402,0.355365429445091,"Mean"
39.0605155778894,12.6941216080402,0.352135157586844,"Mean"
39.1451145728643,12.6941216080402,0.340729013633526,"Mean"
39.2297135678392,12.6941216080402,0.271519822167157,"Mean"
39.3143125628141,12.6941216080402,0.251959385554874,"Mean"
39.3989115577889,12.6941216080402,0.241882863061705,"Mean"
39.4835105527638,12.6941216080402,0.222402772904029,"Mean"
39.5681095477387,12.6941216080402,0.167307096655826,"Mean"
39.6527085427136,12.6941216080402,0.146742772913361,"Mean"
39.7373075376884,12.6941216080402,0.12999177856334,"Mean"
39.8219065326633,12.6941216080402,0.144650328570078,"Mean"
39.9065055276382,12.6941216080402,0.137775427270356,"Mean"
39.9911045226131,12.6941216080402,0.126710035426191,"Mean"
40.0757035175879,12.6941216080402,0.111534999844987,"Mean"
40.1603025125628,12.6941216080402,0.120121100166244,"Mean"
40.2449015075377,12.6941216080402,0.0834522970658317,"Mean"
40.3295005025126,12.6941216080402,0.0689975091644238,"Mean"
40.4140994974874,12.6941216080402,0.0844499764299275,"Mean"
40.4986984924623,12.6941216080402,0.0756644996361553,"Mean"
40.5832974874372,12.6941216080402,0.0685189271490617,"Mean"
40.6678964824121,12.6941216080402,0.0675177542654938,"Mean"
40.7524954773869,12.6941216080402,0.061719709164211,"Mean"
40.8370944723618,12.6941216080402,0.0555987364173802,"Mean"
40.9216934673367,12.6941216080402,0.0504146959828497,"Mean"
41.0062924623116,12.6941216080402,0.0456265787563343,"Mean"
41.0908914572864,12.6941216080402,0.0412605129231958,"Mean"
41.1754904522613,12.6941216080402,0.0373578783764427,"Mean"
41.2600894472362,12.6941216080402,0.0337596806238195,"Mean"
41.344688442211,12.6941216080402,0.0307526600185926,"Mean"
41.4292874371859,12.6941216080402,0.0285350930823696,"Mean"
41.5138864321608,12.6941216080402,0.0269612098436185,"Mean"
41.5984854271357,12.6941216080402,0.025995340479674,"Mean"
41.6830844221106,12.6941216080402,0.0253700525404292,"Mean"
41.7676834170854,12.6941216080402,0.0250708265061825,"Mean"
41.8522824120603,12.6941216080402,0.0252737053791334,"Mean"
41.9368814070352,12.6941216080402,0.0251835917323573,"Mean"
42.02148040201,12.6941216080402,0.0261237133919705,"Mean"
42.1060793969849,12.6941216080402,0.0273932493183846,"Mean"
42.1906783919598,12.6941216080402,0.0283756898900374,"Mean"
36.014951758794,12.762148241206,0.434609950419524,"Mean"
36.0995507537688,12.762148241206,0.418245616111798,"Mean"
36.1841497487437,12.762148241206,0.399285271697748,"Mean"
36.2687487437186,12.762148241206,0.396293393822928,"Mean"
36.3533477386935,12.762148241206,0.370891546572755,"Mean"
36.4379467336683,12.762148241206,0.39683424476042,"Mean"
36.5225457286432,12.762148241206,0.388617746477285,"Mean"
36.6071447236181,12.762148241206,0.390510263897301,"Mean"
36.691743718593,12.762148241206,0.365891849295457,"Mean"
36.7763427135678,12.762148241206,0.329330982403674,"Mean"
36.8609417085427,12.762148241206,0.369008863893135,"Mean"
36.9455407035176,12.762148241206,0.346034281201063,"Mean"
37.0301396984925,12.762148241206,0.300558836515942,"Mean"
37.1147386934673,12.762148241206,0.314188352288529,"Mean"
37.1993376884422,12.762148241206,0.310903523507003,"Mean"
37.2839366834171,12.762148241206,0.292673795697141,"Mean"
37.368535678392,12.762148241206,0.247974554708626,"Mean"
37.4531346733668,12.762148241206,0.238063279563419,"Mean"
37.5377336683417,12.762148241206,0.258210607659456,"Mean"
37.6223326633166,12.762148241206,0.236684252721577,"Mean"
37.7069316582915,12.762148241206,0.22786336360845,"Mean"
37.7915306532663,12.762148241206,0.246462526704642,"Mean"
37.8761296482412,12.762148241206,0.298754627113209,"Mean"
37.9607286432161,12.762148241206,0.331702889918358,"Mean"
38.045327638191,12.762148241206,0.353691979466125,"Mean"
38.1299266331658,12.762148241206,0.361374990702062,"Mean"
38.2145256281407,12.762148241206,0.366259894434401,"Mean"
38.2991246231156,12.762148241206,0.381192667075514,"Mean"
38.3837236180904,12.762148241206,0.378567157166971,"Mean"
38.4683226130653,12.762148241206,0.377344737423405,"Mean"
38.5529216080402,12.762148241206,0.387225361550088,"Mean"
38.6375206030151,12.762148241206,0.379068479327019,"Mean"
38.72211959799,12.762148241206,0.40146108822278,"Mean"
38.8067185929648,12.762148241206,0.387232163716718,"Mean"
38.8913175879397,12.762148241206,0.393452655768449,"Mean"
38.9759165829146,12.762148241206,0.371854900562874,"Mean"
39.0605155778894,12.762148241206,0.34422109285369,"Mean"
39.1451145728643,12.762148241206,0.303637807941509,"Mean"
39.2297135678392,12.762148241206,0.274032018445079,"Mean"
39.3143125628141,12.762148241206,0.225596703773444,"Mean"
39.3989115577889,12.762148241206,0.225888426121297,"Mean"
39.4835105527638,12.762148241206,0.19411053095562,"Mean"
39.5681095477387,12.762148241206,0.151329324009008,"Mean"
39.6527085427136,12.762148241206,0.12280397019394,"Mean"
39.7373075376884,12.762148241206,0.11749454671498,"Mean"
39.8219065326633,12.762148241206,0.128118807084059,"Mean"
39.9065055276382,12.762148241206,0.127433090008676,"Mean"
39.9911045226131,12.762148241206,0.121520637218931,"Mean"
40.0757035175879,12.762148241206,0.0994772872998205,"Mean"
40.1603025125628,12.762148241206,0.110131480889503,"Mean"
40.2449015075377,12.762148241206,0.0989055777392876,"Mean"
40.3295005025126,12.762148241206,0.0681742025975184,"Mean"
40.4140994974874,12.762148241206,0.0767496557005831,"Mean"
40.4986984924623,12.762148241206,0.0651378502124619,"Mean"
40.5832974874372,12.762148241206,0.0576504716602869,"Mean"
40.6678964824121,12.762148241206,0.0611970231493251,"Mean"
40.7524954773869,12.762148241206,0.0545008783633566,"Mean"
40.8370944723618,12.762148241206,0.0502553016171938,"Mean"
40.9216934673367,12.762148241206,0.0454628879047156,"Mean"
41.0062924623116,12.762148241206,0.0411560182582073,"Mean"
41.0908914572864,12.762148241206,0.0372652595335399,"Mean"
41.1754904522613,12.762148241206,0.0337403979879219,"Mean"
41.2600894472362,12.762148241206,0.0305412351260017,"Mean"
41.344688442211,12.762148241206,0.0276520426347849,"Mean"
41.4292874371859,12.762148241206,0.0254448647286937,"Mean"
41.5138864321608,12.762148241206,0.0238178840771615,"Mean"
41.5984854271357,12.762148241206,0.0227571315887628,"Mean"
41.6830844221106,12.762148241206,0.0221109642927494,"Mean"
41.7676834170854,12.762148241206,0.0218269243441507,"Mean"
41.8522824120603,12.762148241206,0.0218558320041031,"Mean"
41.9368814070352,12.762148241206,0.0218655579791816,"Mean"
42.02148040201,12.762148241206,0.0218146194856691,"Mean"
42.1060793969849,12.762148241206,0.0234353356177595,"Mean"
36.014951758794,12.8301748743719,0.425124852398957,"Mean"
36.0995507537688,12.8301748743719,0.43612051152611,"Mean"
36.1841497487437,12.8301748743719,0.410521535494853,"Mean"
36.2687487437186,12.8301748743719,0.404173203594351,"Mean"
36.3533477386935,12.8301748743719,0.405391448508682,"Mean"
36.4379467336683,12.8301748743719,0.394362131032945,"Mean"
36.5225457286432,12.8301748743719,0.39243394318995,"Mean"
36.6071447236181,12.8301748743719,0.405586047462689,"Mean"
36.691743718593,12.8301748743719,0.358559831916361,"Mean"
36.7763427135678,12.8301748743719,0.373456492579584,"Mean"
36.8609417085427,12.8301748743719,0.378367263785456,"Mean"
36.9455407035176,12.8301748743719,0.325282753675198,"Mean"
37.0301396984925,12.8301748743719,0.314955502174985,"Mean"
37.1147386934673,12.8301748743719,0.2882926503596,"Mean"
37.1993376884422,12.8301748743719,0.310757811744057,"Mean"
37.2839366834171,12.8301748743719,0.28173408553842,"Mean"
37.368535678392,12.8301748743719,0.251748072326704,"Mean"
37.4531346733668,12.8301748743719,0.238275232187346,"Mean"
37.5377336683417,12.8301748743719,0.248708006322744,"Mean"
37.6223326633166,12.8301748743719,0.254239779993836,"Mean"
37.7069316582915,12.8301748743719,0.230664332803829,"Mean"
37.7915306532663,12.8301748743719,0.244231328207154,"Mean"
37.8761296482412,12.8301748743719,0.313641834857607,"Mean"
37.9607286432161,12.8301748743719,0.341216116769682,"Mean"
38.045327638191,12.8301748743719,0.33897826691678,"Mean"
38.1299266331658,12.8301748743719,0.353376196352391,"Mean"
38.2145256281407,12.8301748743719,0.358456174187686,"Mean"
38.2991246231156,12.8301748743719,0.361939351582956,"Mean"
38.3837236180904,12.8301748743719,0.375851752245163,"Mean"
38.4683226130653,12.8301748743719,0.371274658494907,"Mean"
38.5529216080402,12.8301748743719,0.383802148947739,"Mean"
38.6375206030151,12.8301748743719,0.390519673258243,"Mean"
38.72211959799,12.8301748743719,0.398241572600662,"Mean"
38.8067185929648,12.8301748743719,0.383102055914078,"Mean"
38.8913175879397,12.8301748743719,0.350816066930531,"Mean"
38.9759165829146,12.8301748743719,0.333710219542345,"Mean"
39.0605155778894,12.8301748743719,0.304098135200488,"Mean"
39.1451145728643,12.8301748743719,0.301116699737981,"Mean"
39.2297135678392,12.8301748743719,0.242649866383058,"Mean"
39.3143125628141,12.8301748743719,0.205573054774365,"Mean"
39.3989115577889,12.8301748743719,0.193543413424106,"Mean"
39.4835105527638,12.8301748743719,0.177637427300196,"Mean"
39.5681095477387,12.8301748743719,0.14343959209148,"Mean"
39.6527085427136,12.8301748743719,0.111594569244277,"Mean"
39.7373075376884,12.8301748743719,0.100921879471433,"Mean"
39.8219065326633,12.8301748743719,0.120014612609876,"Mean"
39.9065055276382,12.8301748743719,0.121560489251291,"Mean"
39.9911045226131,12.8301748743719,0.108410876099309,"Mean"
40.0757035175879,12.8301748743719,0.0912511863010913,"Mean"
40.1603025125628,12.8301748743719,0.100226995616044,"Mean"
40.2449015075377,12.8301748743719,0.0890105691486227,"Mean"
40.3295005025126,12.8301748743719,0.0568302410029478,"Mean"
40.4140994974874,12.8301748743719,0.0692538757091269,"Mean"
40.4986984924623,12.8301748743719,0.0630115365685677,"Mean"
40.5832974874372,12.8301748743719,0.0578419489720052,"Mean"
40.6678964824121,12.8301748743719,0.0553235624852012,"Mean"
40.7524954773869,12.8301748743719,0.0497846756641661,"Mean"
40.8370944723618,12.8301748743719,0.0450262901419096,"Mean"
40.9216934673367,12.8301748743719,0.0409732250492715,"Mean"
41.0062924623116,12.8301748743719,0.0370977357883399,"Mean"
41.0908914572864,12.8301748743719,0.0335975362823972,"Mean"
41.1754904522613,12.8301748743719,0.0304269576442831,"Mean"
41.2600894472362,12.8301748743719,0.0275627128261906,"Mean"
41.344688442211,12.8301748743719,0.0249368909172177,"Mean"
41.4292874371859,12.8301748743719,0.0227570473233015,"Mean"
41.5138864321608,12.8301748743719,0.0194024923304171,"Mean"
41.5984854271357,12.8301748743719,0.0200437700606646,"Mean"
41.6830844221106,12.8301748743719,0.0193442533122539,"Mean"
41.7676834170854,12.8301748743719,0.0189907207125679,"Mean"
41.8522824120603,12.8301748743719,0.018912449220154,"Mean"
41.9368814070352,12.8301748743719,0.0191395230299591,"Mean"
42.02148040201,12.8301748743719,0.019580940922844,"Mean"
36.014951758794,12.8982015075377,0.458976566879311,"Mean"
36.0995507537688,12.8982015075377,0.454056005286189,"Mean"
36.1841497487437,12.8982015075377,0.395561332990445,"Mean"
36.2687487437186,12.8982015075377,0.39071260454372,"Mean"
36.3533477386935,12.8982015075377,0.394758328874971,"Mean"
36.4379467336683,12.8982015075377,0.393505961673435,"Mean"
36.5225457286432,12.8982015075377,0.416159090201517,"Mean"
36.6071447236181,12.8982015075377,0.400291564815456,"Mean"
36.691743718593,12.8982015075377,0.363889419897751,"Mean"
36.7763427135678,12.8982015075377,0.361340137862603,"Mean"
36.8609417085427,12.8982015075377,0.362636934667954,"Mean"
36.9455407035176,12.8982015075377,0.319494598497462,"Mean"
37.0301396984925,12.8982015075377,0.305499284162946,"Mean"
37.1147386934673,12.8982015075377,0.307311815361162,"Mean"
37.1993376884422,12.8982015075377,0.325405057526806,"Mean"
37.2839366834171,12.8982015075377,0.324623702512052,"Mean"
37.368535678392,12.8982015075377,0.262419446011904,"Mean"
37.4531346733668,12.8982015075377,0.266746394824231,"Mean"
37.5377336683417,12.8982015075377,0.275895357941227,"Mean"
37.6223326633166,12.8982015075377,0.291341290798542,"Mean"
37.7069316582915,12.8982015075377,0.229008665342653,"Mean"
37.7915306532663,12.8982015075377,0.237232172481447,"Mean"
37.8761296482412,12.8982015075377,0.29707424901197,"Mean"
37.9607286432161,12.8982015075377,0.332302647150087,"Mean"
38.045327638191,12.8982015075377,0.324216906622987,"Mean"
38.1299266331658,12.8982015075377,0.337922264466537,"Mean"
38.2145256281407,12.8982015075377,0.348175279513551,"Mean"
38.2991246231156,12.8982015075377,0.33977525274636,"Mean"
38.3837236180904,12.8982015075377,0.352068162633661,"Mean"
38.4683226130653,12.8982015075377,0.377692985548372,"Mean"
38.5529216080402,12.8982015075377,0.370309998036126,"Mean"
38.6375206030151,12.8982015075377,0.374473265384436,"Mean"
38.72211959799,12.8982015075377,0.39266161138516,"Mean"
38.8067185929648,12.8982015075377,0.375701909727259,"Mean"
38.8913175879397,12.8982015075377,0.311261820085363,"Mean"
38.9759165829146,12.8982015075377,0.307736580118711,"Mean"
39.0605155778894,12.8982015075377,0.291689649710673,"Mean"
39.1451145728643,12.8982015075377,0.285192609306838,"Mean"
39.2297135678392,12.8982015075377,0.218868442345912,"Mean"
39.3143125628141,12.8982015075377,0.179183280631565,"Mean"
39.3989115577889,12.8982015075377,0.160255537122173,"Mean"
39.4835105527638,12.8982015075377,0.160004986983924,"Mean"
39.5681095477387,12.8982015075377,0.1400884445261,"Mean"
39.6527085427136,12.8982015075377,0.109659301038034,"Mean"
39.7373075376884,12.8982015075377,0.096467297251251,"Mean"
39.8219065326633,12.8982015075377,0.11889867450199,"Mean"
39.9065055276382,12.8982015075377,0.116575392342821,"Mean"
39.9911045226131,12.8982015075377,0.091104836562737,"Mean"
40.0757035175879,12.8982015075377,0.0921578178793813,"Mean"
40.1603025125628,12.8982015075377,0.0906878387938741,"Mean"
40.2449015075377,12.8982015075377,0.0792777018224557,"Mean"
40.3295005025126,12.8982015075377,0.0527007412942379,"Mean"
40.4140994974874,12.8982015075377,0.0613817470607009,"Mean"
40.4986984924623,12.8982015075377,0.0561735515408222,"Mean"
40.5832974874372,12.8982015075377,0.0439090293296882,"Mean"
40.6678964824121,12.8982015075377,0.0498178161791338,"Mean"
40.7524954773869,12.8982015075377,0.0450873434425317,"Mean"
40.8370944723618,12.8982015075377,0.0408087371627039,"Mean"
40.9216934673367,12.8982015075377,0.0369319875389012,"Mean"
41.0062924623116,12.8982015075377,0.0334795271049757,"Mean"
41.0908914572864,12.8982015075377,0.0303314716503996,"Mean"
41.1754904522613,12.8982015075377,0.0274592684753638,"Mean"
41.2600894472362,12.8982015075377,0.0248862987748764,"Mean"
41.344688442211,12.8982015075377,0.0225953046543475,"Mean"
41.4292874371859,12.8982015075377,0.020466308851636,"Mean"
41.5138864321608,12.8982015075377,0.0187489730847311,"Mean"
41.5984854271357,12.8982015075377,0.017710845932632,"Mean"
41.6830844221106,12.8982015075377,0.0169721455911196,"Mean"
41.7676834170854,12.8982015075377,0.0165586199945389,"Mean"
41.8522824120603,12.8982015075377,0.0164044439375264,"Mean"
41.9368814070352,12.8982015075377,0.0162732014326441,"Mean"
36.0995507537688,12.9662281407035,0.42910305204937,"Mean"
36.1841497487437,12.9662281407035,0.432301887418011,"Mean"
36.2687487437186,12.9662281407035,0.397707917688223,"Mean"
36.3533477386935,12.9662281407035,0.413446366679209,"Mean"
36.4379467336683,12.9662281407035,0.376198698078659,"Mean"
36.5225457286432,12.9662281407035,0.413962465819719,"Mean"
36.6071447236181,12.9662281407035,0.379256046164812,"Mean"
36.691743718593,12.9662281407035,0.352598610144638,"Mean"
36.7763427135678,12.9662281407035,0.362180617187901,"Mean"
36.8609417085427,12.9662281407035,0.349584480614637,"Mean"
36.9455407035176,12.9662281407035,0.345688628131229,"Mean"
37.0301396984925,12.9662281407035,0.327638930061507,"Mean"
37.1147386934673,12.9662281407035,0.313762312900481,"Mean"
37.1993376884422,12.9662281407035,0.307899915690131,"Mean"
37.2839366834171,12.9662281407035,0.313736904193127,"Mean"
37.368535678392,12.9662281407035,0.281179992789879,"Mean"
37.4531346733668,12.9662281407035,0.292056244832041,"Mean"
37.5377336683417,12.9662281407035,0.288893188994105,"Mean"
37.6223326633166,12.9662281407035,0.287487359400746,"Mean"
37.7069316582915,12.9662281407035,0.241559323735222,"Mean"
37.7915306532663,12.9662281407035,0.223869563457839,"Mean"
37.8761296482412,12.9662281407035,0.240415780671481,"Mean"
37.9607286432161,12.9662281407035,0.315305095169913,"Mean"
38.045327638191,12.9662281407035,0.340140191346257,"Mean"
38.1299266331658,12.9662281407035,0.331180579306208,"Mean"
38.2145256281407,12.9662281407035,0.3196734636474,"Mean"
38.2991246231156,12.9662281407035,0.297151686370781,"Mean"
38.3837236180904,12.9662281407035,0.34518610896652,"Mean"
38.4683226130653,12.9662281407035,0.368764525999994,"Mean"
38.5529216080402,12.9662281407035,0.376250692994158,"Mean"
38.6375206030151,12.9662281407035,0.384333222527359,"Mean"
38.72211959799,12.9662281407035,0.397878818560423,"Mean"
38.8067185929648,12.9662281407035,0.357349688350171,"Mean"
38.8913175879397,12.9662281407035,0.285372227457198,"Mean"
38.9759165829146,12.9662281407035,0.288516269137577,"Mean"
39.0605155778894,12.9662281407035,0.27882915496126,"Mean"
39.1451145728643,12.9662281407035,0.235522492796792,"Mean"
39.2297135678392,12.9662281407035,0.220903060764031,"Mean"
39.3143125628141,12.9662281407035,0.16521350480347,"Mean"
39.3989115577889,12.9662281407035,0.144814678234867,"Mean"
39.4835105527638,12.9662281407035,0.134436962899072,"Mean"
39.5681095477387,12.9662281407035,0.137756318300109,"Mean"
39.6527085427136,12.9662281407035,0.107218786544519,"Mean"
39.7373075376884,12.9662281407035,0.10023456213553,"Mean"
39.8219065326633,12.9662281407035,0.115553862808608,"Mean"
39.9065055276382,12.9662281407035,0.10086834771868,"Mean"
39.9911045226131,12.9662281407035,0.0838715344499948,"Mean"
40.0757035175879,12.9662281407035,0.0844267455624386,"Mean"
40.1603025125628,12.9662281407035,0.0665915204070163,"Mean"
40.2449015075377,12.9662281407035,0.0721349058208176,"Mean"
40.3295005025126,12.9662281407035,0.0641086558848297,"Mean"
40.4140994974874,12.9662281407035,0.0581640744900068,"Mean"
40.4986984924623,12.9662281407035,0.0518920952637264,"Mean"
40.5832974874372,12.9662281407035,0.0459101605748815,"Mean"
40.6678964824121,12.9662281407035,0.0449737365005283,"Mean"
40.7524954773869,12.9662281407035,0.0406430937967619,"Mean"
40.8370944723618,12.9662281407035,0.0367790666984343,"Mean"
40.9216934673367,12.9662281407035,0.0332866069758592,"Mean"
41.0062924623116,12.9662281407035,0.030165840694544,"Mean"
41.0908914572864,12.9662281407035,0.0273187592906675,"Mean"
41.1754904522613,12.9662281407035,0.0247735000800751,"Mean"
41.2600894472362,12.9662281407035,0.0224782198217407,"Mean"
41.344688442211,12.9662281407035,0.0204035676934035,"Mean"
41.4292874371859,12.9662281407035,0.0184763929732189,"Mean"
41.5138864321608,12.9662281407035,0.016887826069174,"Mean"
41.5984854271357,12.9662281407035,0.0142469371767756,"Mean"
41.6830844221106,12.9662281407035,0.0149532047187105,"Mean"
41.7676834170854,12.9662281407035,0.0144828159645551,"Mean"
41.8522824120603,12.9662281407035,0.0142517203772273,"Mean"
41.9368814070352,12.9662281407035,0.0141994737842426,"Mean"
36.0995507537688,13.0342547738693,0.422467678558637,"Mean"
36.1841497487437,13.0342547738693,0.435704162356077,"Mean"
36.2687487437186,13.0342547738693,0.413308152705317,"Mean"
36.3533477386935,13.0342547738693,0.415091936108338,"Mean"
36.4379467336683,13.0342547738693,0.405015411738943,"Mean"
36.5225457286432,13.0342547738693,0.424212789865109,"Mean"
36.6071447236181,13.0342547738693,0.385047267347229,"Mean"
36.691743718593,13.0342547738693,0.37028551588165,"Mean"
36.7763427135678,13.0342547738693,0.39166194161456,"Mean"
36.8609417085427,13.0342547738693,0.349889920315374,"Mean"
36.9455407035176,13.0342547738693,0.366441327408266,"Mean"
37.0301396984925,13.0342547738693,0.363948690127741,"Mean"
37.1147386934673,13.0342547738693,0.31806295747393,"Mean"
37.1993376884422,13.0342547738693,0.32889550401662,"Mean"
37.2839366834171,13.0342547738693,0.304105182039416,"Mean"
37.368535678392,13.0342547738693,0.307888858290316,"Mean"
37.4531346733668,13.0342547738693,0.286811488639981,"Mean"
37.5377336683417,13.0342547738693,0.284486204073923,"Mean"
37.6223326633166,13.0342547738693,0.306207385273316,"Mean"
37.7069316582915,13.0342547738693,0.277847550802524,"Mean"
37.7915306532663,13.0342547738693,0.22826720481666,"Mean"
37.8761296482412,13.0342547738693,0.221629854537594,"Mean"
37.9607286432161,13.0342547738693,0.308437125259733,"Mean"
38.045327638191,13.0342547738693,0.291407286136441,"Mean"
38.1299266331658,13.0342547738693,0.271298786594895,"Mean"
38.2145256281407,13.0342547738693,0.286403235108027,"Mean"
38.2991246231156,13.0342547738693,0.315564304002203,"Mean"
38.3837236180904,13.0342547738693,0.322408776092094,"Mean"
38.4683226130653,13.0342547738693,0.363869095526179,"Mean"
38.5529216080402,13.0342547738693,0.371253351207782,"Mean"
38.6375206030151,13.0342547738693,0.452152006101517,"Mean"
38.72211959799,13.0342547738693,0.361704058677299,"Mean"
38.8067185929648,13.0342547738693,0.300107086055816,"Mean"
38.8913175879397,13.0342547738693,0.297002527083591,"Mean"
38.9759165829146,13.0342547738693,0.243613288704691,"Mean"
39.0605155778894,13.0342547738693,0.245586984441334,"Mean"
39.1451145728643,13.0342547738693,0.230180143958427,"Mean"
39.2297135678392,13.0342547738693,0.197224257667568,"Mean"
39.3143125628141,13.0342547738693,0.162521641725589,"Mean"
39.3989115577889,13.0342547738693,0.145102944293311,"Mean"
39.4835105527638,13.0342547738693,0.131259068614714,"Mean"
39.5681095477387,13.0342547738693,0.102374594883062,"Mean"
39.6527085427136,13.0342547738693,0.0997602752760234,"Mean"
39.7373075376884,13.0342547738693,0.0847990100522804,"Mean"
39.8219065326633,13.0342547738693,0.101812539624425,"Mean"
39.9065055276382,13.0342547738693,0.081004015517173,"Mean"
39.9911045226131,13.0342547738693,0.0811864205007865,"Mean"
40.0757035175879,13.0342547738693,0.0788392778582907,"Mean"
40.1603025125628,13.0342547738693,0.0672047282334808,"Mean"
40.2449015075377,13.0342547738693,0.0597353257151062,"Mean"
40.3295005025126,13.0342547738693,0.0578537387169756,"Mean"
40.4140994974874,13.0342547738693,0.0522086615264075,"Mean"
40.4986984924623,13.0342547738693,0.0477900653365134,"Mean"
40.5832974874372,13.0342547738693,0.0428835682307616,"Mean"
40.6678964824121,13.0342547738693,0.0403567094774537,"Mean"
40.7524954773869,13.0342547738693,0.0366259192428185,"Mean"
40.8370944723618,13.0342547738693,0.0330576479719815,"Mean"
40.9216934673367,13.0342547738693,0.0299861212176706,"Mean"
41.0062924623116,13.0342547738693,0.0271616330643894,"Mean"
41.0908914572864,13.0342547738693,0.0246106731629059,"Mean"
41.1754904522613,13.0342547738693,0.0223298669546378,"Mean"
41.2600894472362,13.0342547738693,0.0202711119379301,"Mean"
41.344688442211,13.0342547738693,0.018412736111906,"Mean"
41.4292874371859,13.0342547738693,0.0167262897582438,"Mean"
41.5138864321608,13.0342547738693,0.0151584736740206,"Mean"
41.5984854271357,13.0342547738693,0.0140190665401362,"Mean"
41.6830844221106,13.0342547738693,0.0132121463764944,"Mean"
41.7676834170854,13.0342547738693,0.0126967623199497,"Mean"
41.8522824120603,13.0342547738693,0.0124097076276096,"Mean"
36.0995507537688,13.1022814070352,0.460478332864633,"Mean"
36.1841497487437,13.1022814070352,0.429159803152217,"Mean"
36.2687487437186,13.1022814070352,0.423655490216688,"Mean"
36.3533477386935,13.1022814070352,0.409919929923293,"Mean"
36.4379467336683,13.1022814070352,0.420617797957624,"Mean"
36.5225457286432,13.1022814070352,0.416580472110431,"Mean"
36.6071447236181,13.1022814070352,0.400610571002822,"Mean"
36.691743718593,13.1022814070352,0.415125415695028,"Mean"
36.7763427135678,13.1022814070352,0.398186052240882,"Mean"
36.8609417085427,13.1022814070352,0.39145277685239,"Mean"
36.9455407035176,13.1022814070352,0.374170870328268,"Mean"
37.0301396984925,13.1022814070352,0.346976980725139,"Mean"
37.1147386934673,13.1022814070352,0.342592215753056,"Mean"
37.1993376884422,13.1022814070352,0.324158817824867,"Mean"
37.2839366834171,13.1022814070352,0.301020467565091,"Mean"
37.368535678392,13.1022814070352,0.335431415567556,"Mean"
37.4531346733668,13.1022814070352,0.327314444504626,"Mean"
37.5377336683417,13.1022814070352,0.314929061462205,"Mean"
37.6223326633166,13.1022814070352,0.29723687715885,"Mean"
37.7069316582915,13.1022814070352,0.293646738756341,"Mean"
37.7915306532663,13.1022814070352,0.266398677714893,"Mean"
37.8761296482412,13.1022814070352,0.226725412743263,"Mean"
37.9607286432161,13.1022814070352,0.263300412405914,"Mean"
38.045327638191,13.1022814070352,0.287565486377035,"Mean"
38.1299266331658,13.1022814070352,0.291677921091855,"Mean"
38.2145256281407,13.1022814070352,0.315259049905217,"Mean"
38.2991246231156,13.1022814070352,0.339982216748214,"Mean"
38.3837236180904,13.1022814070352,0.317129671942859,"Mean"
38.4683226130653,13.1022814070352,0.331916043338419,"Mean"
38.5529216080402,13.1022814070352,0.378229959030992,"Mean"
38.6375206030151,13.1022814070352,0.370500499888926,"Mean"
38.72211959799,13.1022814070352,0.428486159154991,"Mean"
38.8067185929648,13.1022814070352,0.284555720715869,"Mean"
38.8913175879397,13.1022814070352,0.273533662488602,"Mean"
38.9759165829146,13.1022814070352,0.249825855217231,"Mean"
39.0605155778894,13.1022814070352,0.233805171501529,"Mean"
39.1451145728643,13.1022814070352,0.172652230093958,"Mean"
39.2297135678392,13.1022814070352,0.181424715319597,"Mean"
39.3143125628141,13.1022814070352,0.142290871152008,"Mean"
39.3989115577889,13.1022814070352,0.129604074585446,"Mean"
39.4835105527638,13.1022814070352,0.129885256038253,"Mean"
39.5681095477387,13.1022814070352,0.0936066654696695,"Mean"
39.6527085427136,13.1022814070352,0.0990446844341418,"Mean"
39.7373075376884,13.1022814070352,0.0804592345713434,"Mean"
39.8219065326633,13.1022814070352,0.0765423719112913,"Mean"
39.9065055276382,13.1022814070352,0.0807502603657299,"Mean"
39.9911045226131,13.1022814070352,0.067457452787351,"Mean"
40.0757035175879,13.1022814070352,0.0724257481134863,"Mean"
40.1603025125628,13.1022814070352,0.0628257709938833,"Mean"
40.2449015075377,13.1022814070352,0.0563596172689752,"Mean"
40.3295005025126,13.1022814070352,0.0521981731005696,"Mean"
40.4140994974874,13.1022814070352,0.0475772120620227,"Mean"
40.4986984924623,13.1022814070352,0.0433663310191146,"Mean"
40.5832974874372,13.1022814070352,0.0378585153771651,"Mean"
40.6678964824121,13.1022814070352,0.0357434058419312,"Mean"
40.7524954773869,13.1022814070352,0.0329662389587468,"Mean"
40.8370944723618,13.1022814070352,0.0298375818456776,"Mean"
40.9216934673367,13.1022814070352,0.027013142043395,"Mean"
41.0062924623116,13.1022814070352,0.0244748397677695,"Mean"
41.0908914572864,13.1022814070352,0.0221915723528315,"Mean"
41.1754904522613,13.1022814070352,0.0201423393034824,"Mean"
41.2600894472362,13.1022814070352,0.018292109072615,"Mean"
41.344688442211,13.1022814070352,0.0166143641731691,"Mean"
41.4292874371859,13.1022814070352,0.0150914651600293,"Mean"
41.5138864321608,13.1022814070352,0.0136587633990891,"Mean"
41.5984854271357,13.1022814070352,0.0107628968077604,"Mean"
41.6830844221106,13.1022814070352,0.0116377745303941,"Mean"
41.7676834170854,13.1022814070352,0.0111510971353512,"Mean"
36.1841497487437,13.170308040201,0.414915978587018,"Mean"
36.2687487437186,13.170308040201,0.416680310410977,"Mean"
36.3533477386935,13.170308040201,0.418326147994386,"Mean"
36.4379467336683,13.170308040201,0.397169429726704,"Mean"
36.5225457286432,13.170308040201,0.430526444157043,"Mean"
36.6071447236181,13.170308040201,0.370414312461994,"Mean"
36.691743718593,13.170308040201,0.413043333106524,"Mean"
36.7763427135678,13.170308040201,0.414818600470225,"Mean"
36.8609417085427,13.170308040201,0.389889651798509,"Mean"
36.9455407035176,13.170308040201,0.387383461988493,"Mean"
37.0301396984925,13.170308040201,0.362034638573247,"Mean"
37.1147386934673,13.170308040201,0.332278983498563,"Mean"
37.1993376884422,13.170308040201,0.336217196171789,"Mean"
37.2839366834171,13.170308040201,0.327282881017872,"Mean"
37.368535678392,13.170308040201,0.296483040385062,"Mean"
37.4531346733668,13.170308040201,0.296640110819315,"Mean"
37.5377336683417,13.170308040201,0.301485524901818,"Mean"
37.6223326633166,13.170308040201,0.321501213359449,"Mean"
37.7069316582915,13.170308040201,0.330898376434383,"Mean"
37.7915306532663,13.170308040201,0.288578023214967,"Mean"
37.8761296482412,13.170308040201,0.245737957472242,"Mean"
37.9607286432161,13.170308040201,0.245380066110464,"Mean"
38.045327638191,13.170308040201,0.283801487726203,"Mean"
38.1299266331658,13.170308040201,0.273532094395793,"Mean"
38.2145256281407,13.170308040201,0.316745036184226,"Mean"
38.2991246231156,13.170308040201,0.344189108409505,"Mean"
38.3837236180904,13.170308040201,0.309264617883095,"Mean"
38.4683226130653,13.170308040201,0.293913702354391,"Mean"
38.5529216080402,13.170308040201,0.348752783494821,"Mean"
38.6375206030151,13.170308040201,0.320065721665045,"Mean"
38.72211959799,13.170308040201,0.398994126764126,"Mean"
38.8067185929648,13.170308040201,0.248359174896316,"Mean"
38.8913175879397,13.170308040201,0.231453241441377,"Mean"
38.9759165829146,13.170308040201,0.222684612144927,"Mean"
39.0605155778894,13.170308040201,0.199851417773283,"Mean"
39.1451145728643,13.170308040201,0.176642047299223,"Mean"
39.2297135678392,13.170308040201,0.147705352217593,"Mean"
39.3143125628141,13.170308040201,0.119694849735853,"Mean"
39.3989115577889,13.170308040201,0.110940502465274,"Mean"
39.4835105527638,13.170308040201,0.121405612769056,"Mean"
39.5681095477387,13.170308040201,0.0943174951782524,"Mean"
39.6527085427136,13.170308040201,0.085626739215621,"Mean"
39.7373075376884,13.170308040201,0.0728498849652495,"Mean"
39.8219065326633,13.170308040201,0.0775964164237924,"Mean"
39.9065055276382,13.170308040201,0.0767961676033944,"Mean"
39.9911045226131,13.170308040201,0.0625680262640928,"Mean"
40.0757035175879,13.170308040201,0.0652336422649707,"Mean"
40.1603025125628,13.170308040201,0.0594865997634945,"Mean"
40.2449015075377,13.170308040201,0.048350491020374,"Mean"
40.3295005025126,13.170308040201,0.0476404862978921,"Mean"
40.4140994974874,13.170308040201,0.0433767168024228,"Mean"
40.4986984924623,13.170308040201,0.0392063436585028,"Mean"
40.5832974874372,13.170308040201,0.0353281672086896,"Mean"
40.6678964824121,13.170308040201,0.0327775492368711,"Mean"
40.7524954773869,13.170308040201,0.0297258992872211,"Mean"
40.8370944723618,13.170308040201,0.0269091987457308,"Mean"
40.9216934673367,13.170308040201,0.0243504021044692,"Mean"
41.0062924623116,13.170308040201,0.0220627107165011,"Mean"
41.0908914572864,13.170308040201,0.0200126701313834,"Mean"
41.1754904522613,13.170308040201,0.0181743831387669,"Mean"
41.2600894472362,13.170308040201,0.016513105197972,"Mean"
41.344688442211,13.170308040201,0.0149972423195989,"Mean"
41.4292874371859,13.170308040201,0.0136268705637962,"Mean"
41.5138864321608,13.170308040201,0.0123717983874808,"Mean"
41.5984854271357,13.170308040201,0.00982155914119522,"Mean"
41.6830844221106,13.170308040201,0.0100734025177285,"Mean"
41.7676834170854,13.170308040201,0.00982408424592889,"Mean"
36.1841497487437,13.2383346733668,0.415156262048668,"Mean"
36.2687487437186,13.2383346733668,0.422394777884455,"Mean"
36.3533477386935,13.2383346733668,0.407436369292959,"Mean"
36.4379467336683,13.2383346733668,0.422021425971453,"Mean"
36.5225457286432,13.2383346733668,0.420545748594696,"Mean"
36.6071447236181,13.2383346733668,0.418136796150851,"Mean"
36.691743718593,13.2383346733668,0.417910640093827,"Mean"
36.7763427135678,13.2383346733668,0.415430468783791,"Mean"
36.8609417085427,13.2383346733668,0.387093512256297,"Mean"
36.9455407035176,13.2383346733668,0.386833378854511,"Mean"
37.0301396984925,13.2383346733668,0.364389921297254,"Mean"
37.1147386934673,13.2383346733668,0.363393619662718,"Mean"
37.1993376884422,13.2383346733668,0.337222369099021,"Mean"
37.2839366834171,13.2383346733668,0.334215979938584,"Mean"
37.368535678392,13.2383346733668,0.301911708601756,"Mean"
37.4531346733668,13.2383346733668,0.323444661484537,"Mean"
37.5377336683417,13.2383346733668,0.291238266814918,"Mean"
37.6223326633166,13.2383346733668,0.296164741156839,"Mean"
37.7069316582915,13.2383346733668,0.334020818893416,"Mean"
37.7915306532663,13.2383346733668,0.317860854514934,"Mean"
37.8761296482412,13.2383346733668,0.278136065223299,"Mean"
37.9607286432161,13.2383346733668,0.261672051850245,"Mean"
38.045327638191,13.2383346733668,0.305281566692033,"Mean"
38.1299266331658,13.2383346733668,0.322727112541267,"Mean"
38.2145256281407,13.2383346733668,0.355006417582294,"Mean"
38.2991246231156,13.2383346733668,0.317308239186615,"Mean"
38.3837236180904,13.2383346733668,0.345197208590096,"Mean"
38.4683226130653,13.2383346733668,0.295157335862294,"Mean"
38.5529216080402,13.2383346733668,0.320130083796812,"Mean"
38.6375206030151,13.2383346733668,0.315466643174736,"Mean"
38.72211959799,13.2383346733668,0.369799150412774,"Mean"
38.8067185929648,13.2383346733668,0.259867749114263,"Mean"
38.8913175879397,13.2383346733668,0.206471469945134,"Mean"
38.9759165829146,13.2383346733668,0.191901249625583,"Mean"
39.0605155778894,13.2383346733668,0.151780959202633,"Mean"
39.1451145728643,13.2383346733668,0.157761048580541,"Mean"
39.2297135678392,13.2383346733668,0.126493195783984,"Mean"
39.3143125628141,13.2383346733668,0.120596012429735,"Mean"
39.3989115577889,13.2383346733668,0.0986369918835546,"Mean"
39.4835105527638,13.2383346733668,0.0839221426696841,"Mean"
39.5681095477387,13.2383346733668,0.0760867572390937,"Mean"
39.6527085427136,13.2383346733668,0.0859638077112038,"Mean"
39.7373075376884,13.2383346733668,0.0698528630819037,"Mean"
39.8219065326633,13.2383346733668,0.0741976791587613,"Mean"
39.9065055276382,13.2383346733668,0.0634657692016826,"Mean"
39.9911045226131,13.2383346733668,0.0592660770509171,"Mean"
40.0757035175879,13.2383346733668,0.05742915493369,"Mean"
40.1603025125628,13.2383346733668,0.0518679335809751,"Mean"
40.2449015075377,13.2383346733668,0.0453638069028832,"Mean"
40.3295005025126,13.2383346733668,0.0430088153685279,"Mean"
40.4140994974874,13.2383346733668,0.0390258129279557,"Mean"
40.4986984924623,13.2383346733668,0.0353147258143342,"Mean"
40.5832974874372,13.2383346733668,0.0317966663753732,"Mean"
40.6678964824121,13.2383346733668,0.0295116915121799,"Mean"
40.7524954773869,13.2383346733668,0.0267719428248132,"Mean"
40.8370944723618,13.2383346733668,0.0242419784843711,"Mean"
40.9216934673367,13.2383346733668,0.0312039368275537,"Mean"
41.0062924623116,13.2383346733668,0.019890609490267,"Mean"
41.0908914572864,13.2383346733668,0.0180483001844768,"Mean"
41.1754904522613,13.2383346733668,0.0163977623215186,"Mean"
41.2600894472362,13.2383346733668,0.0149057858550606,"Mean"
41.344688442211,13.2383346733668,0.0135434877681235,"Mean"
41.4292874371859,13.2383346733668,0.0123144024095143,"Mean"
41.5138864321608,13.2383346733668,0.0111577854076344,"Mean"
41.5984854271357,13.2383346733668,0.00798910287917741,"Mean"
41.6830844221106,13.2383346733668,0.007664860868114,"Mean"
36.1841497487437,13.3063613065327,0.42887687420007,"Mean"
36.2687487437186,13.3063613065327,0.429266062218592,"Mean"
36.3533477386935,13.3063613065327,0.386174991824899,"Mean"
36.4379467336683,13.3063613065327,0.433984685390054,"Mean"
36.5225457286432,13.3063613065327,0.43621596525472,"Mean"
36.6071447236181,13.3063613065327,0.408882535371881,"Mean"
36.691743718593,13.3063613065327,0.429276603230819,"Mean"
36.7763427135678,13.3063613065327,0.382238607173047,"Mean"
36.8609417085427,13.3063613065327,0.401644572780288,"Mean"
36.9455407035176,13.3063613065327,0.405702614713795,"Mean"
37.0301396984925,13.3063613065327,0.36310636178467,"Mean"
37.1147386934673,13.3063613065327,0.335271795909259,"Mean"
37.1993376884422,13.3063613065327,0.355147205394055,"Mean"
37.2839366834171,13.3063613065327,0.340098560310867,"Mean"
37.368535678392,13.3063613065327,0.291497019758642,"Mean"
37.4531346733668,13.3063613065327,0.287745839556313,"Mean"
37.5377336683417,13.3063613065327,0.306543001325914,"Mean"
37.6223326633166,13.3063613065327,0.312078429467883,"Mean"
37.7069316582915,13.3063613065327,0.311272100263477,"Mean"
37.7915306532663,13.3063613065327,0.309810356385328,"Mean"
37.8761296482412,13.3063613065327,0.289696267530558,"Mean"
37.9607286432161,13.3063613065327,0.313564738014396,"Mean"
38.045327638191,13.3063613065327,0.265487419942827,"Mean"
38.1299266331658,13.3063613065327,0.270378669217807,"Mean"
38.2145256281407,13.3063613065327,0.278622240352496,"Mean"
38.2991246231156,13.3063613065327,0.335243391476883,"Mean"
38.3837236180904,13.3063613065327,0.325022160416925,"Mean"
38.4683226130653,13.3063613065327,0.302674414968762,"Mean"
38.5529216080402,13.3063613065327,0.304783408565637,"Mean"
38.6375206030151,13.3063613065327,0.289123111784956,"Mean"
38.72211959799,13.3063613065327,0.263855730512427,"Mean"
38.8067185929648,13.3063613065327,0.244690377790184,"Mean"
38.8913175879397,13.3063613065327,0.199000091585052,"Mean"
38.9759165829146,13.3063613065327,0.1894670239052,"Mean"
39.0605155778894,13.3063613065327,0.164207134352013,"Mean"
39.1451145728643,13.3063613065327,0.123975389224876,"Mean"
39.2297135678392,13.3063613065327,0.113859592626326,"Mean"
39.3143125628141,13.3063613065327,0.0887432152472261,"Mean"
39.3989115577889,13.3063613065327,0.0877553903235034,"Mean"
39.4835105527638,13.3063613065327,0.078412611821496,"Mean"
39.5681095477387,13.3063613065327,0.0862511297671232,"Mean"
39.6527085427136,13.3063613065327,0.0815831561871615,"Mean"
39.7373075376884,13.3063613065327,0.0590763557283398,"Mean"
39.8219065326633,13.3063613065327,0.0583264619483293,"Mean"
39.9065055276382,13.3063613065327,0.051146372148924,"Mean"
39.9911045226131,13.3063613065327,0.0524611521625256,"Mean"
40.0757035175879,13.3063613065327,0.0506873008933234,"Mean"
40.1603025125628,13.3063613065327,0.0455988269571666,"Mean"
40.2449015075377,13.3063613065327,0.0427748438954773,"Mean"
40.3295005025126,13.3063613065327,0.0391021549405458,"Mean"
40.4140994974874,13.3063613065327,0.0356136774731379,"Mean"
40.4986984924623,13.3063613065327,0.0320912183434354,"Mean"
40.5832974874372,13.3063613065327,0.0290320056328957,"Mean"
40.6678964824121,13.3063613065327,0.0266319731203852,"Mean"
40.7524954773869,13.3063613065327,0.0241299356911836,"Mean"
40.8370944723618,13.3063613065327,0.0218587209150592,"Mean"
40.9216934673367,13.3063613065327,0.0281780702532174,"Mean"
41.0062924623116,13.3063613065327,0.0179358228486349,"Mean"
41.0908914572864,13.3063613065327,0.0162860079553103,"Mean"
41.1754904522613,13.3063613065327,0.0148031392673226,"Mean"
41.2600894472362,13.3063613065327,0.0134620863540145,"Mean"
41.344688442211,13.3063613065327,0.0122347134476004,"Mean"
41.4292874371859,13.3063613065327,0.0111244771185493,"Mean"
41.5138864321608,13.3063613065327,0.0100810334439065,"Mean"
41.5984854271357,13.3063613065327,0.00784314139629197,"Mean"
41.6830844221106,13.3063613065327,0.00746114282580556,"Mean"
36.2687487437186,13.3743879396985,0.413394764587035,"Mean"
36.3533477386935,13.3743879396985,0.441104697347148,"Mean"
36.4379467336683,13.3743879396985,0.429984405594045,"Mean"
36.5225457286432,13.3743879396985,0.43963746617768,"Mean"
36.6071447236181,13.3743879396985,0.420060638075006,"Mean"
36.691743718593,13.3743879396985,0.433333947430781,"Mean"
36.7763427135678,13.3743879396985,0.403178264462699,"Mean"
36.8609417085427,13.3743879396985,0.387381634145326,"Mean"
36.9455407035176,13.3743879396985,0.391852202547494,"Mean"
37.0301396984925,13.3743879396985,0.354976418810299,"Mean"
37.1147386934673,13.3743879396985,0.348605571400791,"Mean"
37.1993376884422,13.3743879396985,0.34306589814502,"Mean"
37.2839366834171,13.3743879396985,0.316860432343551,"Mean"
37.368535678392,13.3743879396985,0.231467676687689,"Mean"
37.4531346733668,13.3743879396985,0.245742044859782,"Mean"
37.5377336683417,13.3743879396985,0.29567233622193,"Mean"
37.6223326633166,13.3743879396985,0.321676759213276,"Mean"
37.7069316582915,13.3743879396985,0.30577176760968,"Mean"
37.7915306532663,13.3743879396985,0.295082329610199,"Mean"
37.8761296482412,13.3743879396985,0.285513610865094,"Mean"
37.9607286432161,13.3743879396985,0.30616301452449,"Mean"
38.045327638191,13.3743879396985,0.280105871435667,"Mean"
38.1299266331658,13.3743879396985,0.268238949717783,"Mean"
38.2145256281407,13.3743879396985,0.27085028238675,"Mean"
38.2991246231156,13.3743879396985,0.323530145203552,"Mean"
38.3837236180904,13.3743879396985,0.290476624999004,"Mean"
38.4683226130653,13.3743879396985,0.296523004823146,"Mean"
38.5529216080402,13.3743879396985,0.283287381131842,"Mean"
38.6375206030151,13.3743879396985,0.26915001860584,"Mean"
38.72211959799,13.3743879396985,0.235614051569433,"Mean"
38.8067185929648,13.3743879396985,0.216598239527973,"Mean"
38.8913175879397,13.3743879396985,0.190705308737386,"Mean"
38.9759165829146,13.3743879396985,0.177415414086869,"Mean"
39.0605155778894,13.3743879396985,0.160819326366104,"Mean"
39.1451145728643,13.3743879396985,0.11727196577844,"Mean"
39.2297135678392,13.3743879396985,0.109344987964771,"Mean"
39.3143125628141,13.3743879396985,0.0875509430573993,"Mean"
39.3989115577889,13.3743879396985,0.086697404164602,"Mean"
39.4835105527638,13.3743879396985,0.0701907279499825,"Mean"
39.5681095477387,13.3743879396985,0.0601417580294819,"Mean"
39.6527085427136,13.3743879396985,0.0561355761343167,"Mean"
39.7373075376884,13.3743879396985,0.053922193228521,"Mean"
39.8219065326633,13.3743879396985,0.0590532440386469,"Mean"
39.9065055276382,13.3743879396985,0.0460762087247982,"Mean"
39.9911045226131,13.3743879396985,0.0508174817970738,"Mean"
40.0757035175879,13.3743879396985,0.0481654319708033,"Mean"
40.1603025125628,13.3743879396985,0.0423938770577908,"Mean"
40.2449015075377,13.3743879396985,0.0389423657450489,"Mean"
40.3295005025126,13.3743879396985,0.0354953383426517,"Mean"
40.4140994974874,13.3743879396985,0.0324116746474466,"Mean"
40.4986984924623,13.3743879396985,0.0292114179064322,"Mean"
40.5832974874372,13.3743879396985,0.0265016172695124,"Mean"
40.6678964824121,13.3743879396985,0.0239909073841011,"Mean"
40.7524954773869,13.3743879396985,0.0217231689956608,"Mean"
40.8370944723618,13.3743879396985,0.0196790339511741,"Mean"
40.9216934673367,13.3743879396985,0.0178488919414474,"Mean"
41.0062924623116,13.3743879396985,0.0161760758909503,"Mean"
41.0908914572864,13.3743879396985,0.0146982621673393,"Mean"
41.1754904522613,13.3743879396985,0.0133677261974274,"Mean"
41.2600894472362,13.3743879396985,0.0121578184048504,"Mean"
41.344688442211,13.3743879396985,0.0109324961690015,"Mean"
41.4292874371859,13.3743879396985,0.0100217179327176,"Mean"
41.5138864321608,13.3743879396985,0.00925626166377976,"Mean"
41.5984854271357,13.3743879396985,0.00698611178156257,"Mean"
36.2687487437186,13.4424145728643,0.393221544008724,"Mean"
36.3533477386935,13.4424145728643,0.391995583829369,"Mean"
36.4379467336683,13.4424145728643,0.400476252177195,"Mean"
36.5225457286432,13.4424145728643,0.419756117977772,"Mean"
36.6071447236181,13.4424145728643,0.418475462956601,"Mean"
36.691743718593,13.4424145728643,0.417634163061123,"Mean"
36.7763427135678,13.4424145728643,0.377395146250284,"Mean"
36.8609417085427,13.4424145728643,0.346059348091222,"Mean"
36.9455407035176,13.4424145728643,0.337241801848623,"Mean"
37.0301396984925,13.4424145728643,0.335411250518643,"Mean"
37.1147386934673,13.4424145728643,0.331200474612983,"Mean"
37.1993376884422,13.4424145728643,0.327490550737472,"Mean"
37.2839366834171,13.4424145728643,0.326588805563696,"Mean"
37.368535678392,13.4424145728643,0.245687801334582,"Mean"
37.4531346733668,13.4424145728643,0.272823490754129,"Mean"
37.5377336683417,13.4424145728643,0.303917620937867,"Mean"
37.6223326633166,13.4424145728643,0.322801928711548,"Mean"
37.7069316582915,13.4424145728643,0.320881455839911,"Mean"
37.7915306532663,13.4424145728643,0.307580581903991,"Mean"
37.8761296482412,13.4424145728643,0.295511307453844,"Mean"
37.9607286432161,13.4424145728643,0.289652159923407,"Mean"
38.045327638191,13.4424145728643,0.279856409324033,"Mean"
38.1299266331658,13.4424145728643,0.278400006717251,"Mean"
38.2145256281407,13.4424145728643,0.271195083606258,"Mean"
38.2991246231156,13.4424145728643,0.268157177450114,"Mean"
38.3837236180904,13.4424145728643,0.267669156215679,"Mean"
38.4683226130653,13.4424145728643,0.260820122137276,"Mean"
38.5529216080402,13.4424145728643,0.264353499483052,"Mean"
38.6375206030151,13.4424145728643,0.243744026275027,"Mean"
38.72211959799,13.4424145728643,0.219179284089723,"Mean"
38.8067185929648,13.4424145728643,0.192702990425573,"Mean"
38.8913175879397,13.4424145728643,0.151588428246282,"Mean"
38.9759165829146,13.4424145728643,0.153958068142329,"Mean"
39.0605155778894,13.4424145728643,0.134658539102678,"Mean"
39.1451145728643,13.4424145728643,0.114495752280531,"Mean"
39.2297135678392,13.4424145728643,0.103428658391528,"Mean"
39.3143125628141,13.4424145728643,0.0911131814383458,"Mean"
39.3989115577889,13.4424145728643,0.0765592686077946,"Mean"
39.4835105527638,13.4424145728643,0.0618482840894189,"Mean"
39.5681095477387,13.4424145728643,0.0532253314487854,"Mean"
39.6527085427136,13.4424145728643,0.0532317540364111,"Mean"
39.7373075376884,13.4424145728643,0.0458777819227832,"Mean"
39.8219065326633,13.4424145728643,0.0451525739731267,"Mean"
39.9065055276382,13.4424145728643,0.044288356036888,"Mean"
39.9911045226131,13.4424145728643,0.045849668246307,"Mean"
40.0757035175879,13.4424145728643,0.0405208195057654,"Mean"
40.1603025125628,13.4424145728643,0.0387533314470206,"Mean"
40.2449015075377,13.4424145728643,0.0357326804304956,"Mean"
40.3295005025126,13.4424145728643,0.0323620285837577,"Mean"
40.4140994974874,13.4424145728643,0.0292556653442473,"Mean"
40.4986984924623,13.4424145728643,0.0264125908025569,"Mean"
40.5832974874372,13.4424145728643,0.0238653927036641,"Mean"
40.6678964824121,13.4424145728643,0.0216040190279775,"Mean"
40.7524954773869,13.4424145728643,0.0195671110797757,"Mean"
40.8370944723618,13.4424145728643,0.017744273942885,"Mean"
40.9216934673367,13.4424145728643,0.0160930648644927,"Mean"
41.0062924623116,13.4424145728643,0.0146074007544433,"Mean"
41.0908914572864,13.4424145728643,0.0132774085688399,"Mean"
41.1754904522613,13.4424145728643,0.0120635182981907,"Mean"
41.2600894472362,13.4424145728643,0.0109700755592772,"Mean"
41.344688442211,13.4424145728643,0.00998530908546148,"Mean"
41.4292874371859,13.4424145728643,0.00906827007386348,"Mean"
41.5138864321608,13.4424145728643,0.00814512316089148,"Mean"
41.5984854271357,13.4424145728643,0.00730287708327399,"Mean"
36.2687487437186,13.5104412060302,0.437402112983511,"Mean"
36.3533477386935,13.5104412060302,0.398901447309261,"Mean"
36.4379467336683,13.5104412060302,0.391235529712332,"Mean"
36.5225457286432,13.5104412060302,0.405308801070405,"Mean"
36.6071447236181,13.5104412060302,0.425899369140297,"Mean"
36.691743718593,13.5104412060302,0.384787378416674,"Mean"
36.7763427135678,13.5104412060302,0.411224013970956,"Mean"
36.8609417085427,13.5104412060302,0.336143191390916,"Mean"
36.9455407035176,13.5104412060302,0.359049879895595,"Mean"
37.0301396984925,13.5104412060302,0.371083702108821,"Mean"
37.1147386934673,13.5104412060302,0.318108035926608,"Mean"
37.1993376884422,13.5104412060302,0.325701426931743,"Mean"
37.2839366834171,13.5104412060302,0.326031670675732,"Mean"
37.368535678392,13.5104412060302,0.324164488620469,"Mean"
37.4531346733668,13.5104412060302,0.316009837000566,"Mean"
37.5377336683417,13.5104412060302,0.319579784742778,"Mean"
37.6223326633166,13.5104412060302,0.31606321709373,"Mean"
37.7069316582915,13.5104412060302,0.315538677011375,"Mean"
37.7915306532663,13.5104412060302,0.321555343826007,"Mean"
37.8761296482412,13.5104412060302,0.301636754391606,"Mean"
37.9607286432161,13.5104412060302,0.296705946417739,"Mean"
38.045327638191,13.5104412060302,0.287035432682237,"Mean"
38.1299266331658,13.5104412060302,0.263912837367874,"Mean"
38.2145256281407,13.5104412060302,0.272815352056967,"Mean"
38.2991246231156,13.5104412060302,0.253916444244094,"Mean"
38.3837236180904,13.5104412060302,0.269344266712035,"Mean"
38.4683226130653,13.5104412060302,0.256323485576676,"Mean"
38.5529216080402,13.5104412060302,0.223900880784326,"Mean"
38.6375206030151,13.5104412060302,0.20746477277922,"Mean"
38.72211959799,13.5104412060302,0.193411273786481,"Mean"
38.8067185929648,13.5104412060302,0.155597581322608,"Mean"
38.8913175879397,13.5104412060302,0.147755134622865,"Mean"
38.9759165829146,13.5104412060302,0.13984131277286,"Mean"
39.0605155778894,13.5104412060302,0.117847072043114,"Mean"
39.1451145728643,13.5104412060302,0.101010025083474,"Mean"
39.2297135678392,13.5104412060302,0.0821095147615304,"Mean"
39.3143125628141,13.5104412060302,0.0714091572827377,"Mean"
39.3989115577889,13.5104412060302,0.0619714908969283,"Mean"
39.4835105527638,13.5104412060302,0.0534838662344557,"Mean"
39.5681095477387,13.5104412060302,0.0506983053855851,"Mean"
39.6527085427136,13.5104412060302,0.0459120054278938,"Mean"
39.7373075376884,13.5104412060302,0.0411067723395685,"Mean"
39.8219065326633,13.5104412060302,0.0402121325013487,"Mean"
39.9065055276382,13.5104412060302,0.0467503081177136,"Mean"
39.9911045226131,13.5104412060302,0.0430954394472456,"Mean"
40.0757035175879,13.5104412060302,0.039520115891643,"Mean"
40.1603025125628,13.5104412060302,0.0354561770354375,"Mean"
40.2449015075377,13.5104412060302,0.0322706623775117,"Mean"
40.3295005025126,13.5104412060302,0.0291405408417242,"Mean"
40.4140994974874,13.5104412060302,0.0262992752830877,"Mean"
40.4986984924623,13.5104412060302,0.0236528747501464,"Mean"
40.5832974874372,13.5104412060302,0.021468192390735,"Mean"
40.6678964824121,13.5104412060302,0.0194421972668561,"Mean"
40.7524954773869,13.5104412060302,0.017628956647286,"Mean"
40.8370944723618,13.5104412060302,0.0160050673567074,"Mean"
40.9216934673367,13.5104412060302,0.0145202230463803,"Mean"
41.0062924623116,13.5104412060302,0.0131813877903594,"Mean"
41.0908914572864,13.5104412060302,0.0119766937804084,"Mean"
41.1754904522613,13.5104412060302,0.0108894971278348,"Mean"
41.2600894472362,13.5104412060302,0.0099009965095095,"Mean"
41.344688442211,13.5104412060302,0.00897666369401102,"Mean"
41.4292874371859,13.5104412060302,0.00810103096283058,"Mean"
41.5138864321608,13.5104412060302,0.00727761151538637,"Mean"
36.3533477386935,13.578467839196,0.422527941812597,"Mean"
36.4379467336683,13.578467839196,0.421594692234266,"Mean"
36.5225457286432,13.578467839196,0.403890920859833,"Mean"
36.6071447236181,13.578467839196,0.421515641128381,"Mean"
36.691743718593,13.578467839196,0.425640104210293,"Mean"
36.7763427135678,13.578467839196,0.42880273743927,"Mean"
36.8609417085427,13.578467839196,0.362330430803364,"Mean"
36.9455407035176,13.578467839196,0.379659149996965,"Mean"
37.0301396984925,13.578467839196,0.366793036801699,"Mean"
37.1147386934673,13.578467839196,0.325402635058589,"Mean"
37.1993376884422,13.578467839196,0.339963917061685,"Mean"
37.2839366834171,13.578467839196,0.332057559463895,"Mean"
37.368535678392,13.578467839196,0.31841024870212,"Mean"
37.4531346733668,13.578467839196,0.290051773761563,"Mean"
37.5377336683417,13.578467839196,0.315803086392638,"Mean"
37.6223326633166,13.578467839196,0.319873800075612,"Mean"
37.7069316582915,13.578467839196,0.336088942596288,"Mean"
37.7915306532663,13.578467839196,0.302438756709625,"Mean"
37.8761296482412,13.578467839196,0.302655830033498,"Mean"
37.9607286432161,13.578467839196,0.316327751067372,"Mean"
38.045327638191,13.578467839196,0.279778265553885,"Mean"
38.1299266331658,13.578467839196,0.228453049728107,"Mean"
38.2145256281407,13.578467839196,0.23439580671766,"Mean"
38.2991246231156,13.578467839196,0.217029856394067,"Mean"
38.3837236180904,13.578467839196,0.229612995739287,"Mean"
38.4683226130653,13.578467839196,0.200133614868837,"Mean"
38.5529216080402,13.578467839196,0.209157575283009,"Mean"
38.6375206030151,13.578467839196,0.188728470540708,"Mean"
38.72211959799,13.578467839196,0.173208023347025,"Mean"
38.8067185929648,13.578467839196,0.150150911641764,"Mean"
38.8913175879397,13.578467839196,0.141733206664076,"Mean"
38.9759165829146,13.578467839196,0.11435570327308,"Mean"
39.0605155778894,13.578467839196,0.0942793577790289,"Mean"
39.1451145728643,13.578467839196,0.0744195388975693,"Mean"
39.2297135678392,13.578467839196,0.0732943913627552,"Mean"
39.3143125628141,13.578467839196,0.0621164205275802,"Mean"
39.3989115577889,13.578467839196,0.0563975553429008,"Mean"
39.4835105527638,13.578467839196,0.049505292361786,"Mean"
39.5681095477387,13.578467839196,0.0439173301180915,"Mean"
39.6527085427136,13.578467839196,0.03956123369146,"Mean"
39.7373075376884,13.578467839196,0.0409629110608158,"Mean"
39.8219065326633,13.578467839196,0.035612519882526,"Mean"
39.9065055276382,13.578467839196,0.0415086478121643,"Mean"
39.9911045226131,13.578467839196,0.0395911364128885,"Mean"
40.0757035175879,13.578467839196,0.0354547934460451,"Mean"
40.1603025125628,13.578467839196,0.0320019069212428,"Mean"
40.2449015075377,13.578467839196,0.0290336426586669,"Mean"
40.3295005025126,13.578467839196,0.026211317271493,"Mean"
40.4140994974874,13.578467839196,0.0236812057189458,"Mean"
40.4986984924623,13.578467839196,0.0212889306549648,"Mean"
40.5832974874372,13.578467839196,0.0193299748792012,"Mean"
40.6678964824121,13.578467839196,0.0175327584860341,"Mean"
40.7524954773869,13.578467839196,0.0158855295648207,"Mean"
40.8370944723618,13.578467839196,0.0144290142258371,"Mean"
40.9216934673367,13.578467839196,0.0130962787395703,"Mean"
41.0062924623116,13.578467839196,0.0118942624070621,"Mean"
41.0908914572864,13.578467839196,0.0108123704958587,"Mean"
41.1754904522613,13.578467839196,0.00983568126482895,"Mean"
41.2600894472362,13.578467839196,0.00894730501422129,"Mean"
41.344688442211,13.578467839196,0.00811316866795125,"Mean"
36.3533477386935,13.6464944723618,0.434554910984964,"Mean"
36.4379467336683,13.6464944723618,0.389886273049908,"Mean"
36.5225457286432,13.6464944723618,0.450445996398849,"Mean"
36.6071447236181,13.6464944723618,0.403625287135591,"Mean"
36.691743718593,13.6464944723618,0.434061598124832,"Mean"
36.7763427135678,13.6464944723618,0.352085934917637,"Mean"
36.8609417085427,13.6464944723618,0.394644785016275,"Mean"
36.9455407035176,13.6464944723618,0.34336919983776,"Mean"
37.0301396984925,13.6464944723618,0.376844115940861,"Mean"
37.1147386934673,13.6464944723618,0.357277111403912,"Mean"
37.1993376884422,13.6464944723618,0.345198508649867,"Mean"
37.2839366834171,13.6464944723618,0.32363258066929,"Mean"
37.368535678392,13.6464944723618,0.313058955013204,"Mean"
37.4531346733668,13.6464944723618,0.334434377212937,"Mean"
37.5377336683417,13.6464944723618,0.306393718174812,"Mean"
37.6223326633166,13.6464944723618,0.348787383070144,"Mean"
37.7069316582915,13.6464944723618,0.333903081617937,"Mean"
37.7915306532663,13.6464944723618,0.336496561313244,"Mean"
37.8761296482412,13.6464944723618,0.307384803820069,"Mean"
37.9607286432161,13.6464944723618,0.273359983772648,"Mean"
38.045327638191,13.6464944723618,0.240491862665729,"Mean"
38.1299266331658,13.6464944723618,0.201367835976725,"Mean"
38.2145256281407,13.6464944723618,0.188401213796605,"Mean"
38.2991246231156,13.6464944723618,0.21867972480357,"Mean"
38.3837236180904,13.6464944723618,0.19239016120876,"Mean"
38.4683226130653,13.6464944723618,0.182800478158013,"Mean"
38.5529216080402,13.6464944723618,0.18058411998468,"Mean"
38.6375206030151,13.6464944723618,0.169148744235391,"Mean"
38.72211959799,13.6464944723618,0.141141336187293,"Mean"
38.8067185929648,13.6464944723618,0.124886026132417,"Mean"
38.8913175879397,13.6464944723618,0.117501546947545,"Mean"
38.9759165829146,13.6464944723618,0.101645169891096,"Mean"
39.0605155778894,13.6464944723618,0.090133747901299,"Mean"
39.1451145728643,13.6464944723618,0.0657574616932722,"Mean"
39.2297135678392,13.6464944723618,0.0694526692893903,"Mean"
39.3143125628141,13.6464944723618,0.061360897770465,"Mean"
39.3989115577889,13.6464944723618,0.0511186547162125,"Mean"
39.4835105527638,13.6464944723618,0.0462169593030855,"Mean"
39.5681095477387,13.6464944723618,0.0433245733188752,"Mean"
39.6527085427136,13.6464944723618,0.0385601515955249,"Mean"
39.7373075376884,13.6464944723618,0.0316485768233667,"Mean"
39.8219065326633,13.6464944723618,0.0300207042528035,"Mean"
39.9065055276382,13.6464944723618,0.0349642550228048,"Mean"
39.9911045226131,13.6464944723618,0.0327663864485428,"Mean"
40.0757035175879,13.6464944723618,0.0308293833371676,"Mean"
40.1603025125628,13.6464944723618,0.028920204580749,"Mean"
40.2449015075377,13.6464944723618,0.0261081459952376,"Mean"
40.3295005025126,13.6464944723618,0.0235853057739418,"Mean"
40.4140994974874,13.6464944723618,0.02131908866672,"Mean"
40.4986984924623,13.6464944723618,0.0192433324278651,"Mean"
40.5832974874372,13.6464944723618,0.0174356787622758,"Mean"
40.6678964824121,13.6464944723618,0.0157909359102291,"Mean"
40.7524954773869,13.6464944723618,0.0143215507649033,"Mean"
40.8370944723618,13.6464944723618,0.0130095370553788,"Mean"
40.9216934673367,13.6464944723618,0.011810648519281,"Mean"
41.0062924623116,13.6464944723618,0.0107281510610017,"Mean"
41.0908914572864,13.6464944723618,0.00975358301307279,"Mean"
41.1754904522613,13.6464944723618,0.00888001642922921,"Mean"
41.2600894472362,13.6464944723618,0.00805081646497502,"Mean"
36.3533477386935,13.7145211055276,0.44768457291266,"Mean"
36.4379467336683,13.7145211055276,0.389766969355993,"Mean"
36.5225457286432,13.7145211055276,0.439746573962278,"Mean"
36.6071447236181,13.7145211055276,0.433124328909071,"Mean"
36.691743718593,13.7145211055276,0.385813105248724,"Mean"
36.7763427135678,13.7145211055276,0.43670849041196,"Mean"
36.8609417085427,13.7145211055276,0.428303555755347,"Mean"
36.9455407035176,13.7145211055276,0.397639660419192,"Mean"
37.0301396984925,13.7145211055276,0.398040498130749,"Mean"
37.1147386934673,13.7145211055276,0.36745281544776,"Mean"
37.1993376884422,13.7145211055276,0.352606045018712,"Mean"
37.2839366834171,13.7145211055276,0.290879549011387,"Mean"
37.368535678392,13.7145211055276,0.320494427420355,"Mean"
37.4531346733668,13.7145211055276,0.325058799187359,"Mean"
37.5377336683417,13.7145211055276,0.336486023907493,"Mean"
37.6223326633166,13.7145211055276,0.330933075166689,"Mean"
37.7069316582915,13.7145211055276,0.328705003731252,"Mean"
37.7915306532663,13.7145211055276,0.292314317743354,"Mean"
37.8761296482412,13.7145211055276,0.285846502520519,"Mean"
37.9607286432161,13.7145211055276,0.249987532697852,"Mean"
38.045327638191,13.7145211055276,0.209627508408118,"Mean"
38.1299266331658,13.7145211055276,0.19177463628231,"Mean"
38.2145256281407,13.7145211055276,0.166823047423217,"Mean"
38.2991246231156,13.7145211055276,0.168970000119483,"Mean"
38.3837236180904,13.7145211055276,0.175737233873069,"Mean"
38.4683226130653,13.7145211055276,0.178614779407822,"Mean"
38.5529216080402,13.7145211055276,0.164854898336418,"Mean"
38.6375206030151,13.7145211055276,0.152284106328311,"Mean"
38.72211959799,13.7145211055276,0.130078611332562,"Mean"
38.8067185929648,13.7145211055276,0.0979903060383216,"Mean"
38.8913175879397,13.7145211055276,0.104792102675549,"Mean"
38.9759165829146,13.7145211055276,0.0866435636850883,"Mean"
39.0605155778894,13.7145211055276,0.0814441265733222,"Mean"
39.1451145728643,13.7145211055276,0.0699110546736394,"Mean"
39.2297135678392,13.7145211055276,0.0617685857304885,"Mean"
39.3143125628141,13.7145211055276,0.0578330994286044,"Mean"
39.3989115577889,13.7145211055276,0.0499357923193363,"Mean"
39.4835105527638,13.7145211055276,0.0437635256950864,"Mean"
39.5681095477387,13.7145211055276,0.036410172251519,"Mean"
39.6527085427136,13.7145211055276,0.0317315624651568,"Mean"
39.7373075376884,13.7145211055276,0.0287596941520739,"Mean"
39.8219065326633,13.7145211055276,0.0260052847244622,"Mean"
39.9065055276382,13.7145211055276,0.0349002666855332,"Mean"
39.9911045226131,13.7145211055276,0.0319469964850275,"Mean"
40.0757035175879,13.7145211055276,0.028236529690901,"Mean"
40.1603025125628,13.7145211055276,0.0260001727854667,"Mean"
40.2449015075377,13.7145211055276,0.0234795765769262,"Mean"
40.3295005025126,13.7145211055276,0.0212186463505141,"Mean"
40.4140994974874,13.7145211055276,0.0191779960793487,"Mean"
40.4986984924623,13.7145211055276,0.0173602709068949,"Mean"
40.5832974874372,13.7145211055276,0.0157036616206942,"Mean"
40.6678964824121,13.7145211055276,0.0142511625323169,"Mean"
40.7524954773869,13.7145211055276,0.012925367849685,"Mean"
40.8370944723618,13.7145211055276,0.0117326921120827,"Mean"
40.9216934673367,13.7145211055276,0.0106539553860623,"Mean"
41.0062924623116,13.7145211055276,0.00968251498362146,"Mean"
41.0908914572864,13.7145211055276,0.00880911003853505,"Mean"
41.1754904522613,13.7145211055276,0.00796782470940154,"Mean"
36.3533477386935,13.7825477386935,0.463711228436157,"Mean"
36.4379467336683,13.7825477386935,0.459297491536993,"Mean"
36.5225457286432,13.7825477386935,0.433397981072001,"Mean"
36.6071447236181,13.7825477386935,0.418333012357525,"Mean"
36.691743718593,13.7825477386935,0.409169893391616,"Mean"
36.7763427135678,13.7825477386935,0.411768600283434,"Mean"
36.8609417085427,13.7825477386935,0.409040555356013,"Mean"
36.9455407035176,13.7825477386935,0.422557495233506,"Mean"
37.0301396984925,13.7825477386935,0.426639345469118,"Mean"
37.1147386934673,13.7825477386935,0.392789482879841,"Mean"
37.1993376884422,13.7825477386935,0.348722786174005,"Mean"
37.2839366834171,13.7825477386935,0.295174429620494,"Mean"
37.368535678392,13.7825477386935,0.303896044321977,"Mean"
37.4531346733668,13.7825477386935,0.309906330481504,"Mean"
37.5377336683417,13.7825477386935,0.328206275604613,"Mean"
37.6223326633166,13.7825477386935,0.296927204497442,"Mean"
37.7069316582915,13.7825477386935,0.257114010889903,"Mean"
37.7915306532663,13.7825477386935,0.232522765165138,"Mean"
37.8761296482412,13.7825477386935,0.190187694679384,"Mean"
37.9607286432161,13.7825477386935,0.174466115725462,"Mean"
38.045327638191,13.7825477386935,0.149862313147886,"Mean"
38.1299266331658,13.7825477386935,0.159929170185548,"Mean"
38.2145256281407,13.7825477386935,0.129638988931407,"Mean"
38.2991246231156,13.7825477386935,0.148470657705988,"Mean"
38.3837236180904,13.7825477386935,0.157721970121827,"Mean"
38.4683226130653,13.7825477386935,0.17307894929585,"Mean"
38.5529216080402,13.7825477386935,0.155658084766918,"Mean"
38.6375206030151,13.7825477386935,0.117833246933057,"Mean"
38.72211959799,13.7825477386935,0.111571687405722,"Mean"
38.8067185929648,13.7825477386935,0.096390778707387,"Mean"
38.8913175879397,13.7825477386935,0.0821928874371029,"Mean"
38.9759165829146,13.7825477386935,0.0817329488330712,"Mean"
39.0605155778894,13.7825477386935,0.0798110998394678,"Mean"
39.1451145728643,13.7825477386935,0.0587327854127156,"Mean"
39.2297135678392,13.7825477386935,0.067362298557686,"Mean"
39.3143125628141,13.7825477386935,0.052225408477619,"Mean"
39.3989115577889,13.7825477386935,0.0397943009658586,"Mean"
39.4835105527638,13.7825477386935,0.0354107032107035,"Mean"
39.5681095477387,13.7825477386935,0.0340574503006253,"Mean"
39.6527085427136,13.7825477386935,0.0281093191338154,"Mean"
39.7373075376884,13.7825477386935,0.0248525655084658,"Mean"
39.8219065326633,13.7825477386935,0.0233671155269362,"Mean"
39.9065055276382,13.7825477386935,0.0283514867067723,"Mean"
39.9911045226131,13.7825477386935,0.0279887089973796,"Mean"
40.0757035175879,13.7825477386935,0.0254605353834941,"Mean"
40.1603025125628,13.7825477386935,0.0233764708314627,"Mean"
40.2449015075377,13.7825477386935,0.0211179843713959,"Mean"
40.3295005025126,13.7825477386935,0.0190918918111198,"Mean"
40.4140994974874,13.7825477386935,0.0172685492667578,"Mean"
40.4986984924623,13.7825477386935,0.0156339197662074,"Mean"
40.5832974874372,13.7825477386935,0.0141665934699829,"Mean"
40.6678964824121,13.7825477386935,0.0128465024465756,"Mean"
40.7524954773869,13.7825477386935,0.0116591533609996,"Mean"
40.8370944723618,13.7825477386935,0.0105896565554333,"Mean"
40.9216934673367,13.7825477386935,0.00962606133495397,"Mean"
41.0062924623116,13.7825477386935,0.0087572757830718,"Mean"
41.0908914572864,13.7825477386935,0.00792242794169478,"Mean"
36.3533477386935,13.8505743718593,0.400291750451158,"Mean"
36.4379467336683,13.8505743718593,0.389454029722612,"Mean"
36.5225457286432,13.8505743718593,0.408888304633911,"Mean"
36.6071447236181,13.8505743718593,0.42175539873644,"Mean"
36.691743718593,13.8505743718593,0.421787841837962,"Mean"
36.7763427135678,13.8505743718593,0.426764744814548,"Mean"
36.8609417085427,13.8505743718593,0.381683426074433,"Mean"
36.9455407035176,13.8505743718593,0.430641281127627,"Mean"
37.0301396984925,13.8505743718593,0.404968290456244,"Mean"
37.1147386934673,13.8505743718593,0.361715849424769,"Mean"
37.1993376884422,13.8505743718593,0.34178876364764,"Mean"
37.2839366834171,13.8505743718593,0.308369084951219,"Mean"
37.368535678392,13.8505743718593,0.298462437130801,"Mean"
37.4531346733668,13.8505743718593,0.277886374823277,"Mean"
37.5377336683417,13.8505743718593,0.229405021667182,"Mean"
37.6223326633166,13.8505743718593,0.201093056858152,"Mean"
37.7069316582915,13.8505743718593,0.200654063199479,"Mean"
37.7915306532663,13.8505743718593,0.160253575846845,"Mean"
37.8761296482412,13.8505743718593,0.153908763608152,"Mean"
37.9607286432161,13.8505743718593,0.160817312338927,"Mean"
38.045327638191,13.8505743718593,0.145764058923498,"Mean"
38.1299266331658,13.8505743718593,0.102583732943914,"Mean"
38.2145256281407,13.8505743718593,0.0963274353238614,"Mean"
38.2991246231156,13.8505743718593,0.115691125047461,"Mean"
38.3837236180904,13.8505743718593,0.131471759686521,"Mean"
38.4683226130653,13.8505743718593,0.143063793954121,"Mean"
38.5529216080402,13.8505743718593,0.145411982602862,"Mean"
38.6375206030151,13.8505743718593,0.100588530336175,"Mean"
38.72211959799,13.8505743718593,0.0948718722689707,"Mean"
38.8067185929648,13.8505743718593,0.0948871001706015,"Mean"
38.8913175879397,13.8505743718593,0.0756003209829192,"Mean"
38.9759165829146,13.8505743718593,0.0783573459011341,"Mean"
39.0605155778894,13.8505743718593,0.067493888593021,"Mean"
39.1451145728643,13.8505743718593,0.0658063184564334,"Mean"
39.2297135678392,13.8505743718593,0.0591560838828692,"Mean"
39.3143125628141,13.8505743718593,0.0500445789057304,"Mean"
39.3989115577889,13.8505743718593,0.0354839887949207,"Mean"
39.4835105527638,13.8505743718593,0.0325858759911157,"Mean"
39.5681095477387,13.8505743718593,0.0316113741449244,"Mean"
39.6527085427136,13.8505743718593,0.0289649282733872,"Mean"
39.7373075376884,13.8505743718593,0.0221307128840962,"Mean"
39.8219065326633,13.8505743718593,0.0205736861684338,"Mean"
39.9065055276382,13.8505743718593,0.0240666140594215,"Mean"
39.9911045226131,13.8505743718593,0.0240772603743379,"Mean"
40.0757035175879,13.8505743718593,0.0198676189587701,"Mean"
40.1603025125628,13.8505743718593,0.021019607473907,"Mean"
40.2449015075377,13.8505743718593,0.0189960927283653,"Mean"
40.3295005025126,13.8505743718593,0.0171800872519178,"Mean"
40.4140994974874,13.8505743718593,0.0155281010092726,"Mean"
40.4986984924623,13.8505743718593,0.0140803873642912,"Mean"
40.5832974874372,13.8505743718593,0.0127638693264327,"Mean"
40.6678964824121,13.8505743718593,0.0115812397060863,"Mean"
40.7524954773869,13.8505743718593,0.0105154423148393,"Mean"
40.8370944723618,13.8505743718593,0.00955534751210262,"Mean"
40.9216934673367,13.8505743718593,0.0086901440395881,"Mean"
41.0062924623116,13.8505743718593,0.00772750138451151,"Mean"
41.0908914572864,13.8505743718593,0.00696929956403649,"Mean"
36.3533477386935,13.9186010050251,0.396167049131883,"Mean"
36.4379467336683,13.9186010050251,0.405844401146703,"Mean"
36.5225457286432,13.9186010050251,0.411139096731503,"Mean"
36.6071447236181,13.9186010050251,0.427173039564447,"Mean"
36.691743718593,13.9186010050251,0.428471129748887,"Mean"
36.7763427135678,13.9186010050251,0.421871634788349,"Mean"
36.8609417085427,13.9186010050251,0.394981300796181,"Mean"
36.9455407035176,13.9186010050251,0.370385913741279,"Mean"
37.0301396984925,13.9186010050251,0.339136030616765,"Mean"
37.1147386934673,13.9186010050251,0.301658578184752,"Mean"
37.1993376884422,13.9186010050251,0.290036322000969,"Mean"
37.2839366834171,13.9186010050251,0.264975458296289,"Mean"
37.368535678392,13.9186010050251,0.249084564789828,"Mean"
37.4531346733668,13.9186010050251,0.22023453734996,"Mean"
37.5377336683417,13.9186010050251,0.171636134586709,"Mean"
37.6223326633166,13.9186010050251,0.205092865105323,"Mean"
37.7069316582915,13.9186010050251,0.176363625280417,"Mean"
37.7915306532663,13.9186010050251,0.16306127651078,"Mean"
37.8761296482412,13.9186010050251,0.134236060451551,"Mean"
37.9607286432161,13.9186010050251,0.117605792080779,"Mean"
38.045327638191,13.9186010050251,0.101909536142975,"Mean"
38.1299266331658,13.9186010050251,0.0858944863395334,"Mean"
38.2145256281407,13.9186010050251,0.0774083999465867,"Mean"
38.2991246231156,13.9186010050251,0.0938264104600201,"Mean"
38.3837236180904,13.9186010050251,0.121009870773805,"Mean"
38.4683226130653,13.9186010050251,0.106539880020035,"Mean"
38.5529216080402,13.9186010050251,0.137586366012316,"Mean"
38.6375206030151,13.9186010050251,0.109056628223021,"Mean"
38.72211959799,13.9186010050251,0.102948876372652,"Mean"
38.8067185929648,13.9186010050251,0.089582807704458,"Mean"
38.8913175879397,13.9186010050251,0.0656295264512604,"Mean"
38.9759165829146,13.9186010050251,0.0706328506655104,"Mean"
39.0605155778894,13.9186010050251,0.0626196341732688,"Mean"
39.1451145728643,13.9186010050251,0.0564118810994584,"Mean"
39.2297135678392,13.9186010050251,0.0511723111976816,"Mean"
39.3143125628141,13.9186010050251,0.0452402111336445,"Mean"
39.3989115577889,13.9186010050251,0.0313884446593311,"Mean"
39.4835105527638,13.9186010050251,0.027697827375502,"Mean"
39.5681095477387,13.9186010050251,0.025421364523257,"Mean"
39.6527085427136,13.9186010050251,0.0279988969772788,"Mean"
39.7373075376884,13.9186010050251,0.019986011782854,"Mean"
39.8219065326633,13.9186010050251,0.0185382858398935,"Mean"
39.9065055276382,13.9186010050251,0.0222202146051602,"Mean"
39.9911045226131,13.9186010050251,0.0220224429799987,"Mean"
40.0757035175879,13.9186010050251,0.0203698375411761,"Mean"
40.1603025125628,13.9186010050251,0.0188564499981411,"Mean"
40.2449015075377,13.9186010050251,0.017089035477877,"Mean"
40.3295005025126,13.9186010050251,0.0154624047829163,"Mean"
40.4140994974874,13.9186010050251,0.0139988668459887,"Mean"
40.4986984924623,13.9186010050251,0.0138072968439668,"Mean"
40.5832974874372,13.9186010050251,0.0128790599549854,"Mean"
40.6678964824121,13.9186010050251,0.01044275565974,"Mean"
40.7524954773869,13.9186010050251,0.00948601856403495,"Mean"
40.8370944723618,13.9186010050251,0.00862424383694222,"Mean"
40.9216934673367,13.9186010050251,0.00784756530951395,"Mean"
41.0062924623116,13.9186010050251,0.00695793091217484,"Mean"
36.3533477386935,13.986627638191,0.410185342733239,"Mean"
36.4379467336683,13.986627638191,0.458683169948841,"Mean"
36.5225457286432,13.986627638191,0.423358603089562,"Mean"
36.6071447236181,13.986627638191,0.398570235150147,"Mean"
36.691743718593,13.986627638191,0.422737469082071,"Mean"
36.7763427135678,13.986627638191,0.379771030208309,"Mean"
36.8609417085427,13.986627638191,0.353429829420846,"Mean"
36.9455407035176,13.986627638191,0.322455935859432,"Mean"
37.0301396984925,13.986627638191,0.289332596694207,"Mean"
37.1147386934673,13.986627638191,0.269047475980301,"Mean"
37.1993376884422,13.986627638191,0.25627774688503,"Mean"
37.2839366834171,13.986627638191,0.205376219583261,"Mean"
37.368535678392,13.986627638191,0.201163428448949,"Mean"
37.4531346733668,13.986627638191,0.180289612681434,"Mean"
37.5377336683417,13.986627638191,0.158153268324173,"Mean"
37.6223326633166,13.986627638191,0.135067224288714,"Mean"
37.7069316582915,13.986627638191,0.150892585024267,"Mean"
37.7915306532663,13.986627638191,0.140561508887607,"Mean"
37.8761296482412,13.986627638191,0.126175876180568,"Mean"
37.9607286432161,13.986627638191,0.115115484858775,"Mean"
38.045327638191,13.986627638191,0.095216572563344,"Mean"
38.1299266331658,13.986627638191,0.0731680959558579,"Mean"
38.2145256281407,13.986627638191,0.0636775632950815,"Mean"
38.2991246231156,13.986627638191,0.080653133397221,"Mean"
38.3837236180904,13.986627638191,0.0958205367607405,"Mean"
38.4683226130653,13.986627638191,0.111507987353789,"Mean"
38.5529216080402,13.986627638191,0.107716918073502,"Mean"
38.6375206030151,13.986627638191,0.0883815790751023,"Mean"
38.72211959799,13.986627638191,0.0957944864632158,"Mean"
38.8067185929648,13.986627638191,0.0835381651181907,"Mean"
38.8913175879397,13.986627638191,0.0748317673263313,"Mean"
38.9759165829146,13.986627638191,0.0607336251214212,"Mean"
39.0605155778894,13.986627638191,0.0534456207662986,"Mean"
39.1451145728643,13.986627638191,0.0536069310265749,"Mean"
39.2297135678392,13.986627638191,0.0494844005461126,"Mean"
39.3143125628141,13.986627638191,0.0391895432324182,"Mean"
39.3989115577889,13.986627638191,0.0327120158701934,"Mean"
39.4835105527638,13.986627638191,0.0239279249547289,"Mean"
39.5681095477387,13.986627638191,0.0211297902096656,"Mean"
39.6527085427136,13.986627638191,0.0206153107615014,"Mean"
39.7373075376884,13.986627638191,0.0182302599985852,"Mean"
39.8219065326633,13.986627638191,0.0169217940693917,"Mean"
39.9065055276382,13.986627638191,0.0207558316033951,"Mean"
39.9911045226131,13.986627638191,0.0192769671549363,"Mean"
40.0757035175879,13.986627638191,0.0181635541495355,"Mean"
40.1603025125628,13.986627638191,0.0169721341785617,"Mean"
40.2449015075377,13.986627638191,0.0153767164801886,"Mean"
40.3295005025126,13.986627638191,0.0139191664267138,"Mean"
40.4140994974874,13.986627638191,0.0126074232068008,"Mean"
40.4986984924623,13.986627638191,0.0121625709662569,"Mean"
40.5832974874372,13.986627638191,0.0103711025399285,"Mean"
40.6678964824121,13.986627638191,0.00941839553503614,"Mean"
40.7524954773869,13.986627638191,0.00855983091134296,"Mean"
40.8370944723618,13.986627638191,0.00778620409630498,"Mean"
40.9216934673367,13.986627638191,0.00708870565008036,"Mean"
36.4379467336683,14.0546542713568,0.392629141064676,"Mean"
36.5225457286432,14.0546542713568,0.373228763147409,"Mean"
36.6071447236181,14.0546542713568,0.386093625218455,"Mean"
36.691743718593,14.0546542713568,0.37918049294741,"Mean"
36.7763427135678,14.0546542713568,0.329796739485218,"Mean"
36.8609417085427,14.0546542713568,0.295398388066974,"Mean"
36.9455407035176,14.0546542713568,0.255423282705655,"Mean"
37.0301396984925,14.0546542713568,0.260056449100133,"Mean"
37.1147386934673,14.0546542713568,0.212139685331924,"Mean"
37.1993376884422,14.0546542713568,0.221194996179837,"Mean"
37.2839366834171,14.0546542713568,0.189796277285443,"Mean"
37.368535678392,14.0546542713568,0.160825985056425,"Mean"
37.4531346733668,14.0546542713568,0.165134462636144,"Mean"
37.5377336683417,14.0546542713568,0.146810301698373,"Mean"
37.6223326633166,14.0546542713568,0.117073414666504,"Mean"
37.7069316582915,14.0546542713568,0.120834679129777,"Mean"
37.7915306532663,14.0546542713568,0.114334132828226,"Mean"
37.8761296482412,14.0546542713568,0.0873730175587708,"Mean"
37.9607286432161,14.0546542713568,0.0850136203532297,"Mean"
38.045327638191,14.0546542713568,0.0787182565162933,"Mean"
38.1299266331658,14.0546542713568,0.0619229899483016,"Mean"
38.2145256281407,14.0546542713568,0.0650070995261377,"Mean"
38.2991246231156,14.0546542713568,0.0633639409603776,"Mean"
38.3837236180904,14.0546542713568,0.0661783158792904,"Mean"
38.4683226130653,14.0546542713568,0.0797557680879399,"Mean"
38.5529216080402,14.0546542713568,0.0980354557939056,"Mean"
38.6375206030151,14.0546542713568,0.0867672593704359,"Mean"
38.72211959799,14.0546542713568,0.0788217400434418,"Mean"
38.8067185929648,14.0546542713568,0.0666808573350526,"Mean"
38.8913175879397,14.0546542713568,0.0675592394666727,"Mean"
38.9759165829146,14.0546542713568,0.0524747243231377,"Mean"
39.0605155778894,14.0546542713568,0.0475154942791566,"Mean"
39.1451145728643,14.0546542713568,0.0503599537325609,"Mean"
39.2297135678392,14.0546542713568,0.0386424095268007,"Mean"
39.3143125628141,14.0546542713568,0.0348522380365335,"Mean"
39.3989115577889,14.0546542713568,0.0335977176299878,"Mean"
39.4835105527638,14.0546542713568,0.0223364687334502,"Mean"
39.5681095477387,14.0546542713568,0.0211280563502473,"Mean"
39.6527085427136,14.0546542713568,0.0174112441696922,"Mean"
39.7373075376884,14.0546542713568,0.0183875558068929,"Mean"
39.8219065326633,14.0546542713568,0.0156514286280456,"Mean"
39.9065055276382,14.0546542713568,0.0183684202566455,"Mean"
39.9911045226131,14.0546542713568,0.0167699991156409,"Mean"
40.0757035175879,14.0546542713568,0.0163727794131118,"Mean"
40.1603025125628,14.0546542713568,0.0149718136968514,"Mean"
40.2449015075377,14.0546542713568,0.0135720618368494,"Mean"
40.3295005025126,14.0546542713568,0.012471557789349,"Mean"
40.4140994974874,14.0546542713568,0.0145675454513801,"Mean"
40.4986984924623,14.0546542713568,0.0103012708964221,"Mean"
40.5832974874372,14.0546542713568,0.00935131169621858,"Mean"
40.6678964824121,14.0546542713568,0.00849648513385047,"Mean"
40.7524954773869,14.0546542713568,0.00772624675210003,"Mean"
40.8370944723618,14.0546542713568,0.00703191405694799,"Mean"
40.9216934673367,14.0546542713568,0.00638605596318191,"Mean"
36.4379467336683,14.1226809045226,0.321659013544399,"Mean"
36.5225457286432,14.1226809045226,0.312179435029437,"Mean"
36.6071447236181,14.1226809045226,0.300479235651957,"Mean"
36.691743718593,14.1226809045226,0.273412838283368,"Mean"
36.7763427135678,14.1226809045226,0.297957402705713,"Mean"
36.8609417085427,14.1226809045226,0.255782875032405,"Mean"
36.9455407035176,14.1226809045226,0.234709969768815,"Mean"
37.0301396984925,14.1226809045226,0.185523782692729,"Mean"
37.1147386934673,14.1226809045226,0.18943019386294,"Mean"
37.1993376884422,14.1226809045226,0.155393166660921,"Mean"
37.2839366834171,14.1226809045226,0.155272643313064,"Mean"
37.368535678392,14.1226809045226,0.152808528332917,"Mean"
37.4531346733668,14.1226809045226,0.128761324839895,"Mean"
37.5377336683417,14.1226809045226,0.100134688373191,"Mean"
37.6223326633166,14.1226809045226,0.0933506914059545,"Mean"
37.7069316582915,14.1226809045226,0.0921273839272685,"Mean"
37.7915306532663,14.1226809045226,0.0868630429233361,"Mean"
37.8761296482412,14.1226809045226,0.0768306375749976,"Mean"
37.9607286432161,14.1226809045226,0.0738024566235188,"Mean"
38.045327638191,14.1226809045226,0.060661385479558,"Mean"
38.1299266331658,14.1226809045226,0.0482547796223946,"Mean"
38.2145256281407,14.1226809045226,0.0530254207794272,"Mean"
38.2991246231156,14.1226809045226,0.0509119308043228,"Mean"
38.3837236180904,14.1226809045226,0.0601749933996954,"Mean"
38.4683226130653,14.1226809045226,0.0698783953718394,"Mean"
38.5529216080402,14.1226809045226,0.0839302116430476,"Mean"
38.6375206030151,14.1226809045226,0.0845639428717314,"Mean"
38.72211959799,14.1226809045226,0.075458570449223,"Mean"
38.8067185929648,14.1226809045226,0.0639828491509433,"Mean"
38.8913175879397,14.1226809045226,0.0568979016866685,"Mean"
38.9759165829146,14.1226809045226,0.0493282052989524,"Mean"
39.0605155778894,14.1226809045226,0.0419672183996945,"Mean"
39.1451145728643,14.1226809045226,0.0396156508348794,"Mean"
39.2297135678392,14.1226809045226,0.0383986536044873,"Mean"
39.3143125628141,14.1226809045226,0.0287322785408275,"Mean"
39.3989115577889,14.1226809045226,0.0244752338055327,"Mean"
39.4835105527638,14.1226809045226,0.0205789868858779,"Mean"
39.5681095477387,14.1226809045226,0.018174558767663,"Mean"
39.6527085427136,14.1226809045226,0.0196339619674933,"Mean"
39.7373075376884,14.1226809045226,0.0176486126240806,"Mean"
39.8219065326633,14.1226809045226,0.0146878552899484,"Mean"
39.9065055276382,14.1226809045226,0.0145505305891126,"Mean"
39.9911045226131,14.1226809045226,0.0152479050406613,"Mean"
40.0757035175879,14.1226809045226,0.0143898289115758,"Mean"
40.1603025125628,14.1226809045226,0.0133093311539896,"Mean"
40.2449015075377,14.1226809045226,0.0122358548127435,"Mean"
40.3295005025126,14.1226809045226,0.0111254305129737,"Mean"
40.4140994974874,14.1226809045226,0.0101728544427337,"Mean"
40.4986984924623,14.1226809045226,0.00928626948778158,"Mean"
40.5832974874372,14.1226809045226,0.00843424288982771,"Mean"
40.6678964824121,14.1226809045226,0.00766682605811503,"Mean"
40.7524954773869,14.1226809045226,0.00697478767459455,"Mean"
40.8370944723618,14.1226809045226,0.00634239414961021,"Mean"
36.4379467336683,14.1907075376884,0.271787476015602,"Mean"
36.5225457286432,14.1907075376884,0.291017155745264,"Mean"
36.6071447236181,14.1907075376884,0.232928115230872,"Mean"
36.691743718593,14.1907075376884,0.221151214272521,"Mean"
36.7763427135678,14.1907075376884,0.204200743236348,"Mean"
36.8609417085427,14.1907075376884,0.19407630752906,"Mean"
36.9455407035176,14.1907075376884,0.199129652778214,"Mean"
37.0301396984925,14.1907075376884,0.160802161625584,"Mean"
37.1147386934673,14.1907075376884,0.149900977181176,"Mean"
37.1993376884422,14.1907075376884,0.13123706349374,"Mean"
37.2839366834171,14.1907075376884,0.145023923164715,"Mean"
37.368535678392,14.1907075376884,0.136449663093398,"Mean"
37.4531346733668,14.1907075376884,0.106189831674598,"Mean"
37.5377336683417,14.1907075376884,0.0917596865379257,"Mean"
37.6223326633166,14.1907075376884,0.0973645485132326,"Mean"
37.7069316582915,14.1907075376884,0.0828357941883144,"Mean"
37.7915306532663,14.1907075376884,0.0794349287118622,"Mean"
37.8761296482412,14.1907075376884,0.0595880626103097,"Mean"
37.9607286432161,14.1907075376884,0.0659181465431638,"Mean"
38.045327638191,14.1907075376884,0.0506119423680438,"Mean"
38.1299266331658,14.1907075376884,0.0468343750445092,"Mean"
38.2145256281407,14.1907075376884,0.0535746085928724,"Mean"
38.2991246231156,14.1907075376884,0.0448149712153067,"Mean"
38.3837236180904,14.1907075376884,0.0532410964936922,"Mean"
38.4683226130653,14.1907075376884,0.0805028240952492,"Mean"
38.5529216080402,14.1907075376884,0.0812277135450454,"Mean"
38.6375206030151,14.1907075376884,0.101337572263155,"Mean"
38.72211959799,14.1907075376884,0.0908884441989538,"Mean"
38.8067185929648,14.1907075376884,0.0749060746350616,"Mean"
38.8913175879397,14.1907075376884,0.0519344478767699,"Mean"
38.9759165829146,14.1907075376884,0.0453963283035085,"Mean"
39.0605155778894,14.1907075376884,0.0424783185053653,"Mean"
39.1451145728643,14.1907075376884,0.0379810774177973,"Mean"
39.2297135678392,14.1907075376884,0.0330706904929763,"Mean"
39.3143125628141,14.1907075376884,0.0289394273398389,"Mean"
39.3989115577889,14.1907075376884,0.0230958927184517,"Mean"
39.4835105527638,14.1907075376884,0.020679556935279,"Mean"
39.5681095477387,14.1907075376884,0.0184755418921138,"Mean"
39.6527085427136,14.1907075376884,0.0184252488373378,"Mean"
39.7373075376884,14.1907075376884,0.016957567307013,"Mean"
39.8219065326633,14.1907075376884,0.0147464873077427,"Mean"
39.9065055276382,14.1907075376884,0.015452870616556,"Mean"
39.9911045226131,14.1907075376884,0.0143304978892212,"Mean"
40.0757035175879,14.1907075376884,0.0128466657652391,"Mean"
40.1603025125628,14.1907075376884,0.0118454619190527,"Mean"
40.2449015075377,14.1907075376884,0.0108260413250338,"Mean"
40.3295005025126,14.1907075376884,0.00977005191152596,"Mean"
40.4140994974874,14.1907075376884,0.0091530265993507,"Mean"
40.4986984924623,14.1907075376884,0.00837341142508195,"Mean"
40.5832974874372,14.1907075376884,0.00760963513945131,"Mean"
40.6678964824121,14.1907075376884,0.00688291046752796,"Mean"
36.4379467336683,14.2587341708543,0.240002309178003,"Mean"
36.5225457286432,14.2587341708543,0.269741449310793,"Mean"
36.6071447236181,14.2587341708543,0.213485283819218,"Mean"
36.691743718593,14.2587341708543,0.218997220378444,"Mean"
36.7763427135678,14.2587341708543,0.174089998869337,"Mean"
36.8609417085427,14.2587341708543,0.161170180782361,"Mean"
36.9455407035176,14.2587341708543,0.144418864990902,"Mean"
37.0301396984925,14.2587341708543,0.145730223019841,"Mean"
37.1147386934673,14.2587341708543,0.133820752449866,"Mean"
37.1993376884422,14.2587341708543,0.129646714371455,"Mean"
37.2839366834171,14.2587341708543,0.109702867204389,"Mean"
37.6223326633166,14.2587341708543,0.0784864880948291,"Mean"
37.7069316582915,14.2587341708543,0.0695389977505075,"Mean"
37.7915306532663,14.2587341708543,0.0671705261945099,"Mean"
37.8761296482412,14.2587341708543,0.0554548815809369,"Mean"
37.9607286432161,14.2587341708543,0.051796298002595,"Mean"
38.045327638191,14.2587341708543,0.0399417685473308,"Mean"
38.1299266331658,14.2587341708543,0.046361402178517,"Mean"
38.2145256281407,14.2587341708543,0.0401639015857633,"Mean"
38.2991246231156,14.2587341708543,0.0469405593181303,"Mean"
38.3837236180904,14.2587341708543,0.0599952755763337,"Mean"
38.4683226130653,14.2587341708543,0.0766583243775124,"Mean"
38.5529216080402,14.2587341708543,0.0883170907197338,"Mean"
38.6375206030151,14.2587341708543,0.0946661638753356,"Mean"
38.72211959799,14.2587341708543,0.0982636623838127,"Mean"
38.8067185929648,14.2587341708543,0.084368848321814,"Mean"
38.8913175879397,14.2587341708543,0.0569951385135008,"Mean"
38.9759165829146,14.2587341708543,0.0529347007039315,"Mean"
39.0605155778894,14.2587341708543,0.0436950728086326,"Mean"
39.1451145728643,14.2587341708543,0.0380105605544014,"Mean"
39.2297135678392,14.2587341708543,0.0345050903015673,"Mean"
39.3143125628141,14.2587341708543,0.0281789055802501,"Mean"
39.3989115577889,14.2587341708543,0.0255143390937994,"Mean"
39.4835105527638,14.2587341708543,0.020831535366668,"Mean"
39.5681095477387,14.2587341708543,0.0191819916624372,"Mean"
39.6527085427136,14.2587341708543,0.0175783751603704,"Mean"
39.7373075376884,14.2587341708543,0.0138555102718983,"Mean"
39.8219065326633,14.2587341708543,0.0120379562421588,"Mean"
39.9065055276382,14.2587341708543,0.01397822152729,"Mean"
39.9911045226131,14.2587341708543,0.0131480516689092,"Mean"
40.0757035175879,14.2587341708543,0.0121294070942812,"Mean"
40.1603025125628,14.2587341708543,0.0109047645163955,"Mean"
40.2449015075377,14.2587341708543,0.00979808020833672,"Mean"
40.3295005025126,14.2587341708543,0.0085360747280427,"Mean"
40.4140994974874,14.2587341708543,0.00807979555753663,"Mean"
40.4986984924623,14.2587341708543,0.00742172258186752,"Mean"
40.5832974874372,14.2587341708543,0.00678238180346146,"Mean"
36.4379467336683,14.3267608040201,0.186076916771069,"Mean"
36.5225457286432,14.3267608040201,0.178169609466538,"Mean"
36.6071447236181,14.3267608040201,0.187898141011848,"Mean"
36.691743718593,14.3267608040201,0.185864597120335,"Mean"
36.7763427135678,14.3267608040201,0.14726192924394,"Mean"
36.8609417085427,14.3267608040201,0.148213183680667,"Mean"
36.9455407035176,14.3267608040201,0.128000962734994,"Mean"
37.7069316582915,14.3267608040201,0.0570691468376041,"Mean"
37.7915306532663,14.3267608040201,0.0531236942633356,"Mean"
37.8761296482412,14.3267608040201,0.0494792363773645,"Mean"
37.9607286432161,14.3267608040201,0.0370086097948599,"Mean"
38.045327638191,14.3267608040201,0.0363554715295285,"Mean"
38.1299266331658,14.3267608040201,0.0319813238303336,"Mean"
38.2145256281407,14.3267608040201,0.038742610021107,"Mean"
38.2991246231156,14.3267608040201,0.0443234857895452,"Mean"
38.3837236180904,14.3267608040201,0.0535106816658881,"Mean"
38.4683226130653,14.3267608040201,0.0631783858272804,"Mean"
38.5529216080402,14.3267608040201,0.0756447327549819,"Mean"
38.6375206030151,14.3267608040201,0.0896349608953189,"Mean"
38.72211959799,14.3267608040201,0.0952482524514699,"Mean"
38.8067185929648,14.3267608040201,0.0860294533005463,"Mean"
38.8913175879397,14.3267608040201,0.0702668424341666,"Mean"
38.9759165829146,14.3267608040201,0.0514044451639716,"Mean"
39.0605155778894,14.3267608040201,0.0508980340845327,"Mean"
39.1451145728643,14.3267608040201,0.038325203111645,"Mean"
39.2297135678392,14.3267608040201,0.0358448065425427,"Mean"
39.3143125628141,14.3267608040201,0.0284155552281799,"Mean"
39.3989115577889,14.3267608040201,0.0272129658596223,"Mean"
39.4835105527638,14.3267608040201,0.0202422263501627,"Mean"
39.5681095477387,14.3267608040201,0.0226487324105968,"Mean"
39.6527085427136,14.3267608040201,0.0209789032887621,"Mean"
39.7373075376884,14.3267608040201,0.0137391682041624,"Mean"
39.8219065326633,14.3267608040201,0.0156284547738215,"Mean"
39.9065055276382,14.3267608040201,0.0111533086313585,"Mean"
39.9911045226131,14.3267608040201,0.0129644312530344,"Mean"
40.0757035175879,14.3267608040201,0.010936557061079,"Mean"
40.1603025125628,14.3267608040201,0.0102316007026806,"Mean"
40.2449015075377,14.3267608040201,0.00760723694993388,"Mean"
40.3295005025126,14.3267608040201,0.00804049929231696,"Mean"
40.4140994974874,14.3267608040201,0.00735067017373314,"Mean"
36.4379467336683,14.3947874371859,0.184145270365987,"Mean"
36.5225457286432,14.3947874371859,0.153091094023751,"Mean"
37.7069316582915,14.3947874371859,0.0367547069908824,"Mean"
37.7915306532663,14.3947874371859,0.0435782188564147,"Mean"
37.8761296482412,14.3947874371859,0.039656345347352,"Mean"
37.9607286432161,14.3947874371859,0.0345661207963258,"Mean"
38.045327638191,14.3947874371859,0.0309888602781417,"Mean"
38.1299266331658,14.3947874371859,0.0312177713897224,"Mean"
38.2145256281407,14.3947874371859,0.0339727643914247,"Mean"
38.2991246231156,14.3947874371859,0.0407397213128826,"Mean"
38.3837236180904,14.3947874371859,0.049628015927795,"Mean"
38.4683226130653,14.3947874371859,0.060570191702824,"Mean"
38.5529216080402,14.3947874371859,0.0714280256920443,"Mean"
38.6375206030151,14.3947874371859,0.0799533236069393,"Mean"
38.72211959799,14.3947874371859,0.0958225650701581,"Mean"
38.8067185929648,14.3947874371859,0.0790745675088298,"Mean"
38.8913175879397,14.3947874371859,0.0715500683345293,"Mean"
38.9759165829146,14.3947874371859,0.0663639986416182,"Mean"
39.0605155778894,14.3947874371859,0.0529456710703579,"Mean"
39.1451145728643,14.3947874371859,0.0453374276553276,"Mean"
39.2297135678392,14.3947874371859,0.0382696339523009,"Mean"
39.3143125628141,14.3947874371859,0.0380893852559015,"Mean"
39.3989115577889,14.3947874371859,0.0257386552426649,"Mean"
39.4835105527638,14.3947874371859,0.0247119745558338,"Mean"
39.5681095477387,14.3947874371859,0.0226252687575218,"Mean"
39.6527085427136,14.3947874371859,0.0221216194546863,"Mean"
39.7373075376884,14.3947874371859,0.0193736788859689,"Mean"
39.8219065326633,14.3947874371859,0.0163386985984882,"Mean"
39.9065055276382,14.3947874371859,0.0144607780185876,"Mean"
39.9911045226131,14.3947874371859,0.0121537860296356,"Mean"
40.0757035175879,14.3947874371859,0.0111237660531579,"Mean"
40.1603025125628,14.3947874371859,0.00989315102975085,"Mean"
40.2449015075377,14.3947874371859,0.00863682376524798,"Mean"
37.7069316582915,14.4628140703518,0.0403835261791993,"Mean"
37.7915306532663,14.4628140703518,0.036510495500077,"Mean"
37.8761296482412,14.4628140703518,0.0333527674155029,"Mean"
37.9607286432161,14.4628140703518,0.0293654193952104,"Mean"
38.045327638191,14.4628140703518,0.0277637535343657,"Mean"
38.1299266331658,14.4628140703518,0.0302609742066411,"Mean"
38.2145256281407,14.4628140703518,0.0311631734586391,"Mean"
38.2991246231156,14.4628140703518,0.0340839451075752,"Mean"
38.3837236180904,14.4628140703518,0.0440163286854922,"Mean"
38.4683226130653,14.4628140703518,0.0521537857073267,"Mean"
38.5529216080402,14.4628140703518,0.0601779019355252,"Mean"
38.6375206030151,14.4628140703518,0.0662417108330622,"Mean"
38.72211959799,14.4628140703518,0.0796090432395539,"Mean"
38.8067185929648,14.4628140703518,0.0885755420706402,"Mean"
38.8913175879397,14.4628140703518,0.0828652609381758,"Mean"
38.9759165829146,14.4628140703518,0.070537091338437,"Mean"
39.0605155778894,14.4628140703518,0.055316025130673,"Mean"
39.1451145728643,14.4628140703518,0.048431369045542,"Mean"
39.2297135678392,14.4628140703518,0.0424572439648265,"Mean"
39.3143125628141,14.4628140703518,0.0395337098714158,"Mean"
39.3989115577889,14.4628140703518,0.0281401696391881,"Mean"
39.4835105527638,14.4628140703518,0.0256668703681169,"Mean"
39.5681095477387,14.4628140703518,0.0235238285964198,"Mean"
39.6527085427136,14.4628140703518,0.0197640887893906,"Mean"
39.7373075376884,14.4628140703518,0.0184849240049744,"Mean"
39.8219065326633,14.4628140703518,0.0144097761448067,"Mean"
39.9065055276382,14.4628140703518,0.0145133617389342,"Mean"
39.9911045226131,14.4628140703518,0.0130118455022677,"Mean"
40.0757035175879,14.4628140703518,0.011116091421745,"Mean"
37.7915306532663,14.5308407035176,0.0263378085656772,"Mean"
37.8761296482412,14.5308407035176,0.0287743111812383,"Mean"
37.9607286432161,14.5308407035176,0.025337610523374,"Mean"
38.045327638191,14.5308407035176,0.0260966109381911,"Mean"
38.1299266331658,14.5308407035176,0.0271259832994161,"Mean"
38.2145256281407,14.5308407035176,0.0298639750086964,"Mean"
38.2991246231156,14.5308407035176,0.0316611563504144,"Mean"
38.3837236180904,14.5308407035176,0.0350616237669582,"Mean"
38.4683226130653,14.5308407035176,0.0455273228190741,"Mean"
38.6375206030151,14.5308407035176,0.058574608062718,"Mean"
38.72211959799,14.5308407035176,0.0681840211827895,"Mean"
38.8067185929648,14.5308407035176,0.075457204002198,"Mean"
38.8913175879397,14.5308407035176,0.0730933108761133,"Mean"
38.9759165829146,14.5308407035176,0.0714067576783489,"Mean"
39.0605155778894,14.5308407035176,0.064999034133457,"Mean"
39.1451145728643,14.5308407035176,0.0563320457358215,"Mean"
39.2297135678392,14.5308407035176,0.0413808402658848,"Mean"
39.3143125628141,14.5308407035176,0.0383287189018128,"Mean"
37.7915306532663,14.5988673366834,0.0227947654739922,"Mean"
37.8761296482412,14.5988673366834,0.0231683096773454,"Mean"
37.9607286432161,14.5988673366834,0.0190412948107444,"Mean"
38.045327638191,14.5988673366834,0.0169972114140839,"Mean"
38.1299266331658,14.5988673366834,0.0233301616597321,"Mean"
38.2145256281407,14.5988673366834,0.0216532142654391,"Mean"
38.2991246231156,14.5988673366834,0.0244183436234579,"Mean"
38.3837236180904,14.5988673366834,0.0308483456042138,"Mean"
38.8067185929648,14.5988673366834,0.0788666328220845,"Mean"
38.8913175879397,14.5988673366834,0.0717086439875267,"Mean"
38.9759165829146,14.5988673366834,0.0717966036731409,"Mean"
39.0605155778894,14.5988673366834,0.0645835503328127,"Mean"
39.1451145728643,14.5988673366834,0.0569229908357113,"Mean"
39.2297135678392,14.5988673366834,0.0442244704820352,"Mean"
37.7915306532663,14.6668939698492,0.0196004927562513,"Mean"
37.8761296482412,14.6668939698492,0.0172183890585278,"Mean"
37.9607286432161,14.6668939698492,0.0147669466786506,"Mean"
38.045327638191,14.6668939698492,0.0141039502832908,"Mean"
38.1299266331658,14.6668939698492,0.0173726680193455,"Mean"
38.2145256281407,14.6668939698492,0.0176588250256386,"Mean"
38.9759165829146,14.6668939698492,0.0712520896912648,"Mean"
39.0605155778894,14.6668939698492,0.063168340888966,"Mean"
39.1451145728643,14.6668939698492,0.051964005623545,"Mean"
37.8761296482412,14.7349206030151,0.0130578555488372,"Mean"
37.9607286432161,14.7349206030151,0.0117442468247883,"Mean"
38.045327638191,14.7349206030151,0.0161362791936339,"Mean"
38.1299266331658,14.7349206030151,0.0141525403665018,"Mean"
37.8761296482412,14.8029472361809,0.0131831862970428,"Mean"
37.9607286432161,14.8029472361809,0.010440656211511,"Mean"
38.045327638191,14.8029472361809,0.0121152373531764,"Mean"
37.8761296482412,14.8709738693467,0.0122458564115623,"Mean"
37.9607286432161,14.8709738693467,0.00959161971961347,"Mean"
39.3989115577889,3.44249949748744,0.996525614005905,"2.5th percentile"
39.4835105527638,3.44249949748744,0.996825700057135,"2.5th percentile"
39.5681095477387,3.44249949748744,0.996711095349368,"2.5th percentile"
38.8913175879397,3.51052613065327,0.990049367493445,"2.5th percentile"
38.9759165829146,3.51052613065327,0.99292453983868,"2.5th percentile"
39.0605155778894,3.51052613065327,0.993645104490166,"2.5th percentile"
39.1451145728643,3.51052613065327,0.994217241564158,"2.5th percentile"
39.2297135678392,3.51052613065327,0.995226044870465,"2.5th percentile"
39.3143125628141,3.51052613065327,0.995898208106758,"2.5th percentile"
39.3989115577889,3.51052613065327,0.996351955530301,"2.5th percentile"
39.4835105527638,3.51052613065327,0.996699118928128,"2.5th percentile"
39.5681095477387,3.51052613065327,0.996948602783004,"2.5th percentile"
38.8067185929648,3.5785527638191,0.9886484654817,"2.5th percentile"
38.8913175879397,3.5785527638191,0.990276993087404,"2.5th percentile"
38.9759165829146,3.5785527638191,0.991724066202547,"2.5th percentile"
39.0605155778894,3.5785527638191,0.992758192878558,"2.5th percentile"
39.1451145728643,3.5785527638191,0.994011927442127,"2.5th percentile"
39.2297135678392,3.5785527638191,0.995193994725314,"2.5th percentile"
39.3143125628141,3.5785527638191,0.995374952479403,"2.5th percentile"
39.3989115577889,3.5785527638191,0.995836119354676,"2.5th percentile"
39.4835105527638,3.5785527638191,0.996171741544028,"2.5th percentile"
39.5681095477387,3.5785527638191,0.996452474977854,"2.5th percentile"
39.6527085427136,3.5785527638191,0.996161846045818,"2.5th percentile"
38.1299266331658,3.64657939698492,0.939558505943581,"2.5th percentile"
38.2145256281407,3.64657939698492,0.959846534364834,"2.5th percentile"
38.2991246231156,3.64657939698492,0.962112292159035,"2.5th percentile"
38.3837236180904,3.64657939698492,0.96899207744796,"2.5th percentile"
38.4683226130653,3.64657939698492,0.975271737925123,"2.5th percentile"
38.5529216080402,3.64657939698492,0.979912319795329,"2.5th percentile"
38.6375206030151,3.64657939698492,0.98301568394828,"2.5th percentile"
38.72211959799,3.64657939698492,0.986326286820289,"2.5th percentile"
38.8067185929648,3.64657939698492,0.98834218942496,"2.5th percentile"
38.8913175879397,3.64657939698492,0.990058538834823,"2.5th percentile"
38.9759165829146,3.64657939698492,0.991568819680206,"2.5th percentile"
39.0605155778894,3.64657939698492,0.992283791625368,"2.5th percentile"
39.1451145728643,3.64657939698492,0.993383983379594,"2.5th percentile"
39.2297135678392,3.64657939698492,0.994157896587521,"2.5th percentile"
39.3143125628141,3.64657939698492,0.994689043806066,"2.5th percentile"
39.3989115577889,3.64657939698492,0.995099330273086,"2.5th percentile"
39.4835105527638,3.64657939698492,0.995444957287201,"2.5th percentile"
39.5681095477387,3.64657939698492,0.995806731900189,"2.5th percentile"
39.6527085427136,3.64657939698492,0.995769345326194,"2.5th percentile"
37.9607286432161,3.71460603015075,0.935070585132278,"2.5th percentile"
38.045327638191,3.71460603015075,0.932515225772111,"2.5th percentile"
38.1299266331658,3.71460603015075,0.959388230022443,"2.5th percentile"
38.2145256281407,3.71460603015075,0.967523731766186,"2.5th percentile"
38.2991246231156,3.71460603015075,0.963421302036749,"2.5th percentile"
38.3837236180904,3.71460603015075,0.969969037474057,"2.5th percentile"
38.4683226130653,3.71460603015075,0.975774893442035,"2.5th percentile"
38.5529216080402,3.71460603015075,0.980552154906764,"2.5th percentile"
38.6375206030151,3.71460603015075,0.982870524473014,"2.5th percentile"
38.72211959799,3.71460603015075,0.985181267546008,"2.5th percentile"
38.8067185929648,3.71460603015075,0.987166043238719,"2.5th percentile"
38.8913175879397,3.71460603015075,0.989018973700008,"2.5th percentile"
38.9759165829146,3.71460603015075,0.990614630912743,"2.5th percentile"
39.0605155778894,3.71460603015075,0.99173158671768,"2.5th percentile"
39.1451145728643,3.71460603015075,0.992533571268876,"2.5th percentile"
39.2297135678392,3.71460603015075,0.993253405462346,"2.5th percentile"
39.3143125628141,3.71460603015075,0.993599290546812,"2.5th percentile"
39.3989115577889,3.71460603015075,0.99416083250151,"2.5th percentile"
39.4835105527638,3.71460603015075,0.994618107969358,"2.5th percentile"
39.5681095477387,3.71460603015075,0.995006851172201,"2.5th percentile"
39.6527085427136,3.71460603015075,0.995127704751549,"2.5th percentile"
39.7373075376884,3.71460603015075,0.994447543928137,"2.5th percentile"
37.8761296482412,3.78263266331658,0.912732192895144,"2.5th percentile"
37.9607286432161,3.78263266331658,0.930529746440521,"2.5th percentile"
38.045327638191,3.78263266331658,0.933621340515997,"2.5th percentile"
38.1299266331658,3.78263266331658,0.957550975389458,"2.5th percentile"
38.2145256281407,3.78263266331658,0.968737822317467,"2.5th percentile"
38.2991246231156,3.78263266331658,0.964963836933149,"2.5th percentile"
38.3837236180904,3.78263266331658,0.97051783666095,"2.5th percentile"
38.4683226130653,3.78263266331658,0.975552038219897,"2.5th percentile"
38.5529216080402,3.78263266331658,0.981142484654324,"2.5th percentile"
38.6375206030151,3.78263266331658,0.985160564523446,"2.5th percentile"
38.72211959799,3.78263266331658,0.984359416639825,"2.5th percentile"
38.8067185929648,3.78263266331658,0.98653084646709,"2.5th percentile"
38.8913175879397,3.78263266331658,0.988439080630457,"2.5th percentile"
38.9759165829146,3.78263266331658,0.989649304211661,"2.5th percentile"
39.0605155778894,3.78263266331658,0.990364952582354,"2.5th percentile"
39.1451145728643,3.78263266331658,0.991013357334022,"2.5th percentile"
39.2297135678392,3.78263266331658,0.992568721745676,"2.5th percentile"
39.3143125628141,3.78263266331658,0.992339734116799,"2.5th percentile"
39.3989115577889,3.78263266331658,0.992940672810982,"2.5th percentile"
39.4835105527638,3.78263266331658,0.993501688913037,"2.5th percentile"
39.5681095477387,3.78263266331658,0.994018499907325,"2.5th percentile"
39.6527085427136,3.78263266331658,0.994400832932972,"2.5th percentile"
39.7373075376884,3.78263266331658,0.993873598701385,"2.5th percentile"
37.7915306532663,3.85065929648241,0.905434004325237,"2.5th percentile"
37.8761296482412,3.85065929648241,0.913056959448502,"2.5th percentile"
37.9607286432161,3.85065929648241,0.932919719147974,"2.5th percentile"
38.045327638191,3.85065929648241,0.950597678764682,"2.5th percentile"
38.1299266331658,3.85065929648241,0.96239618309387,"2.5th percentile"
38.2145256281407,3.85065929648241,0.958524295081154,"2.5th percentile"
38.2991246231156,3.85065929648241,0.965414839367952,"2.5th percentile"
38.3837236180904,3.85065929648241,0.970633023025141,"2.5th percentile"
38.4683226130653,3.85065929648241,0.975079472752369,"2.5th percentile"
38.5529216080402,3.85065929648241,0.97866540603519,"2.5th percentile"
38.6375206030151,3.85065929648241,0.984778162059259,"2.5th percentile"
38.72211959799,3.85065929648241,0.983947996559893,"2.5th percentile"
38.8067185929648,3.85065929648241,0.985382314435162,"2.5th percentile"
38.8913175879397,3.85065929648241,0.986670587727438,"2.5th percentile"
38.9759165829146,3.85065929648241,0.990685105531138,"2.5th percentile"
39.0605155778894,3.85065929648241,0.990788416187575,"2.5th percentile"
39.1451145728643,3.85065929648241,0.989355911103068,"2.5th percentile"
39.2297135678392,3.85065929648241,0.990174614065865,"2.5th percentile"
39.3143125628141,3.85065929648241,0.990917106122277,"2.5th percentile"
39.3989115577889,3.85065929648241,0.99160467885831,"2.5th percentile"
39.4835105527638,3.85065929648241,0.992293521401618,"2.5th percentile"
39.5681095477387,3.85065929648241,0.993062714340582,"2.5th percentile"
39.6527085427136,3.85065929648241,0.993452473313954,"2.5th percentile"
39.7373075376884,3.85065929648241,0.992921862189195,"2.5th percentile"
39.8219065326633,3.85065929648241,0.991765614515533,"2.5th percentile"
37.7069316582915,3.91868592964824,0.883779587096435,"2.5th percentile"
37.7915306532663,3.91868592964824,0.907721631054335,"2.5th percentile"
37.8761296482412,3.91868592964824,0.92835676801831,"2.5th percentile"
37.9607286432161,3.91868592964824,0.93466165396409,"2.5th percentile"
38.045327638191,3.91868592964824,0.948663219467121,"2.5th percentile"
38.1299266331658,3.91868592964824,0.955170124808371,"2.5th percentile"
38.2145256281407,3.91868592964824,0.958464122008197,"2.5th percentile"
38.2991246231156,3.91868592964824,0.969580410945855,"2.5th percentile"
38.3837236180904,3.91868592964824,0.970156978134031,"2.5th percentile"
38.4683226130653,3.91868592964824,0.974308600514673,"2.5th percentile"
38.5529216080402,3.91868592964824,0.977292154054273,"2.5th percentile"
38.6375206030151,3.91868592964824,0.982958648133503,"2.5th percentile"
38.72211959799,3.91868592964824,0.981800978907884,"2.5th percentile"
38.8067185929648,3.91868592964824,0.983126193363779,"2.5th percentile"
38.8913175879397,3.91868592964824,0.984283033330574,"2.5th percentile"
38.9759165829146,3.91868592964824,0.985434141746964,"2.5th percentile"
39.0605155778894,3.91868592964824,0.98644014922929,"2.5th percentile"
39.1451145728643,3.91868592964824,0.98741117308168,"2.5th percentile"
39.2297135678392,3.91868592964824,0.988286989396501,"2.5th percentile"
39.3143125628141,3.91868592964824,0.989202094167624,"2.5th percentile"
39.3989115577889,3.91868592964824,0.989981041975763,"2.5th percentile"
39.4835105527638,3.91868592964824,0.990789785582024,"2.5th percentile"
39.5681095477387,3.91868592964824,0.991555061543931,"2.5th percentile"
39.6527085427136,3.91868592964824,0.992197952983942,"2.5th percentile"
39.7373075376884,3.91868592964824,0.992109175656962,"2.5th percentile"
39.8219065326633,3.91868592964824,0.99089433899592,"2.5th percentile"
39.9065055276382,3.91868592964824,0.989053042982115,"2.5th percentile"
39.9911045226131,3.91868592964824,0.98597277703638,"2.5th percentile"
37.6223326633166,3.98671256281407,0.865258193805345,"2.5th percentile"
37.7069316582915,3.98671256281407,0.87940660589149,"2.5th percentile"
37.7915306532663,3.98671256281407,0.895926687575846,"2.5th percentile"
37.8761296482412,3.98671256281407,0.918269540935314,"2.5th percentile"
37.9607286432161,3.98671256281407,0.944266705562278,"2.5th percentile"
38.045327638191,3.98671256281407,0.946201816100861,"2.5th percentile"
38.1299266331658,3.98671256281407,0.951114845138709,"2.5th percentile"
38.2145256281407,3.98671256281407,0.95737966424303,"2.5th percentile"
38.2991246231156,3.98671256281407,0.965237309644453,"2.5th percentile"
38.3837236180904,3.98671256281407,0.975236278304554,"2.5th percentile"
38.4683226130653,3.98671256281407,0.971745079109186,"2.5th percentile"
38.5529216080402,3.98671256281407,0.974761839146149,"2.5th percentile"
38.6375206030151,3.98671256281407,0.976612076837257,"2.5th percentile"
38.72211959799,3.98671256281407,0.979641041168826,"2.5th percentile"
38.8067185929648,3.98671256281407,0.983601533731295,"2.5th percentile"
38.8913175879397,3.98671256281407,0.981260610472857,"2.5th percentile"
38.9759165829146,3.98671256281407,0.982679470392722,"2.5th percentile"
39.0605155778894,3.98671256281407,0.983843674515335,"2.5th percentile"
39.1451145728643,3.98671256281407,0.984989550598057,"2.5th percentile"
39.2297135678392,3.98671256281407,0.98604124364154,"2.5th percentile"
39.3143125628141,3.98671256281407,0.987134795434726,"2.5th percentile"
39.3989115577889,3.98671256281407,0.988067707014774,"2.5th percentile"
39.4835105527638,3.98671256281407,0.988984413076841,"2.5th percentile"
39.5681095477387,3.98671256281407,0.989911941866522,"2.5th percentile"
39.6527085427136,3.98671256281407,0.990636406171269,"2.5th percentile"
39.7373075376884,3.98671256281407,0.991062244205387,"2.5th percentile"
39.8219065326633,3.98671256281407,0.989832667816798,"2.5th percentile"
39.9065055276382,3.98671256281407,0.98785582577724,"2.5th percentile"
39.9911045226131,3.98671256281407,0.984578031348916,"2.5th percentile"
40.0757035175879,3.98671256281407,0.978131477345395,"2.5th percentile"
40.1603025125628,3.98671256281407,0.967847091563803,"2.5th percentile"
41.1754904522613,3.98671256281407,0.313853715657807,"2.5th percentile"
41.2600894472362,3.98671256281407,0.233345042086193,"2.5th percentile"
41.344688442211,3.98671256281407,0.187526135245872,"2.5th percentile"
41.4292874371859,3.98671256281407,0.133063731918323,"2.5th percentile"
41.5138864321608,3.98671256281407,0.0998431836902152,"2.5th percentile"
41.5984854271357,3.98671256281407,0.0675208525199024,"2.5th percentile"
41.6830844221106,3.98671256281407,0.0367496188728148,"2.5th percentile"
41.7676834170854,3.98671256281407,0.0236732785435903,"2.5th percentile"
41.8522824120603,3.98671256281407,0.0208367178452499,"2.5th percentile"
37.4531346733668,4.0547391959799,0.822830646751108,"2.5th percentile"
37.5377336683417,4.0547391959799,0.83754436667479,"2.5th percentile"
37.6223326633166,4.0547391959799,0.864964597441468,"2.5th percentile"
37.7069316582915,4.0547391959799,0.884468953071105,"2.5th percentile"
37.7915306532663,4.0547391959799,0.894782783534124,"2.5th percentile"
37.8761296482412,4.0547391959799,0.92659213599989,"2.5th percentile"
37.9607286432161,4.0547391959799,0.928483368939822,"2.5th percentile"
38.045327638191,4.0547391959799,0.939498621211422,"2.5th percentile"
38.1299266331658,4.0547391959799,0.952111009402967,"2.5th percentile"
38.2145256281407,4.0547391959799,0.9676722261254,"2.5th percentile"
38.2991246231156,4.0547391959799,0.959221286963133,"2.5th percentile"
38.3837236180904,4.0547391959799,0.964509668496548,"2.5th percentile"
38.4683226130653,4.0547391959799,0.968144247048033,"2.5th percentile"
38.5529216080402,4.0547391959799,0.970074413390281,"2.5th percentile"
38.6375206030151,4.0547391959799,0.972200989383053,"2.5th percentile"
38.72211959799,4.0547391959799,0.974775850739318,"2.5th percentile"
38.8067185929648,4.0547391959799,0.976142149022985,"2.5th percentile"
38.8913175879397,4.0547391959799,0.977826474710253,"2.5th percentile"
38.9759165829146,4.0547391959799,0.980102199266776,"2.5th percentile"
39.0605155778894,4.0547391959799,0.98073092730962,"2.5th percentile"
39.1451145728643,4.0547391959799,0.982060837322998,"2.5th percentile"
39.2297135678392,4.0547391959799,0.983347879984425,"2.5th percentile"
39.3143125628141,4.0547391959799,0.984600752092869,"2.5th percentile"
39.3989115577889,4.0547391959799,0.985755610249907,"2.5th percentile"
39.4835105527638,4.0547391959799,0.98689535022435,"2.5th percentile"
39.5681095477387,4.0547391959799,0.987971395115241,"2.5th percentile"
39.6527085427136,4.0547391959799,0.988828269920988,"2.5th percentile"
39.7373075376884,4.0547391959799,0.989704117477731,"2.5th percentile"
39.8219065326633,4.0547391959799,0.988872558587598,"2.5th percentile"
39.9065055276382,4.0547391959799,0.98653236034567,"2.5th percentile"
39.9911045226131,4.0547391959799,0.983205460032965,"2.5th percentile"
40.0757035175879,4.0547391959799,0.97844834568006,"2.5th percentile"
40.1603025125628,4.0547391959799,0.970492016609049,"2.5th percentile"
40.2449015075377,4.0547391959799,0.95520575498912,"2.5th percentile"
41.0908914572864,4.0547391959799,0.376386507446846,"2.5th percentile"
41.1754904522613,4.0547391959799,0.300894579003546,"2.5th percentile"
41.2600894472362,4.0547391959799,0.231832673309801,"2.5th percentile"
41.344688442211,4.0547391959799,0.159523272569793,"2.5th percentile"
41.4292874371859,4.0547391959799,0.132162311050502,"2.5th percentile"
41.5138864321608,4.0547391959799,0.0937149136231772,"2.5th percentile"
41.5984854271357,4.0547391959799,0.0662850354123249,"2.5th percentile"
41.6830844221106,4.0547391959799,0.0416339996103875,"2.5th percentile"
41.7676834170854,4.0547391959799,0.027638940653777,"2.5th percentile"
41.8522824120603,4.0547391959799,0.0226822751111376,"2.5th percentile"
41.9368814070352,4.0547391959799,0.0131967994459647,"2.5th percentile"
37.368535678392,4.12276582914573,0.769163516550799,"2.5th percentile"
37.4531346733668,4.12276582914573,0.830769335579277,"2.5th percentile"
37.5377336683417,4.12276582914573,0.852367078096132,"2.5th percentile"
37.6223326633166,4.12276582914573,0.848168038416158,"2.5th percentile"
37.7069316582915,4.12276582914573,0.875204665590588,"2.5th percentile"
37.7915306532663,4.12276582914573,0.896934258625096,"2.5th percentile"
37.8761296482412,4.12276582914573,0.914093236443625,"2.5th percentile"
37.9607286432161,4.12276582914573,0.931758405751582,"2.5th percentile"
38.045327638191,4.12276582914573,0.93841230220483,"2.5th percentile"
38.1299266331658,4.12276582914573,0.945430432789488,"2.5th percentile"
38.2145256281407,4.12276582914573,0.952248333125346,"2.5th percentile"
38.2991246231156,4.12276582914573,0.957709038164213,"2.5th percentile"
38.3837236180904,4.12276582914573,0.968617086599157,"2.5th percentile"
38.4683226130653,4.12276582914573,0.961794405365447,"2.5th percentile"
38.5529216080402,4.12276582914573,0.968878652478173,"2.5th percentile"
38.6375206030151,4.12276582914573,0.969276624828861,"2.5th percentile"
38.72211959799,4.12276582914573,0.969232069936656,"2.5th percentile"
38.8067185929648,4.12276582914573,0.971559702718726,"2.5th percentile"
38.8913175879397,4.12276582914573,0.973615968969381,"2.5th percentile"
38.9759165829146,4.12276582914573,0.975465740514119,"2.5th percentile"
39.0605155778894,4.12276582914573,0.97736621969999,"2.5th percentile"
39.1451145728643,4.12276582914573,0.978917063248918,"2.5th percentile"
39.2297135678392,4.12276582914573,0.980559017187611,"2.5th percentile"
39.3143125628141,4.12276582914573,0.981929883032536,"2.5th percentile"
39.3989115577889,4.12276582914573,0.98316271103763,"2.5th percentile"
39.4835105527638,4.12276582914573,0.984364782960155,"2.5th percentile"
39.5681095477387,4.12276582914573,0.985673561312616,"2.5th percentile"
39.6527085427136,4.12276582914573,0.986724651637404,"2.5th percentile"
39.7373075376884,4.12276582914573,0.987678710078577,"2.5th percentile"
39.8219065326633,4.12276582914573,0.987238850950946,"2.5th percentile"
39.9065055276382,4.12276582914573,0.985079971070104,"2.5th percentile"
39.9911045226131,4.12276582914573,0.981659955758578,"2.5th percentile"
40.0757035175879,4.12276582914573,0.976245017357653,"2.5th percentile"
40.1603025125628,4.12276582914573,0.9685529884486,"2.5th percentile"
40.2449015075377,4.12276582914573,0.957323074905589,"2.5th percentile"
40.3295005025126,4.12276582914573,0.941378006724224,"2.5th percentile"
40.4140994974874,4.12276582914573,0.917414227221058,"2.5th percentile"
41.0062924623116,4.12276582914573,0.454275078530738,"2.5th percentile"
41.0908914572864,4.12276582914573,0.359847075610118,"2.5th percentile"
41.1754904522613,4.12276582914573,0.277117429965046,"2.5th percentile"
41.2600894472362,4.12276582914573,0.206511193055043,"2.5th percentile"
41.344688442211,4.12276582914573,0.148920482593647,"2.5th percentile"
41.4292874371859,4.12276582914573,0.106116270128852,"2.5th percentile"
41.5138864321608,4.12276582914573,0.0751182784416979,"2.5th percentile"
41.5984854271357,4.12276582914573,0.0675005715399735,"2.5th percentile"
41.6830844221106,4.12276582914573,0.0430804101064698,"2.5th percentile"
41.7676834170854,4.12276582914573,0.0326980157475156,"2.5th percentile"
41.8522824120603,4.12276582914573,0.0214042480935373,"2.5th percentile"
41.9368814070352,4.12276582914573,0.014231122754082,"2.5th percentile"
42.02148040201,4.12276582914573,0.008427495448915,"2.5th percentile"
37.2839366834171,4.19079246231156,0.749949998619629,"2.5th percentile"
37.368535678392,4.19079246231156,0.754646297835032,"2.5th percentile"
37.4531346733668,4.19079246231156,0.79336285624542,"2.5th percentile"
37.5377336683417,4.19079246231156,0.82367895527011,"2.5th percentile"
37.6223326633166,4.19079246231156,0.864000483994946,"2.5th percentile"
37.7069316582915,4.19079246231156,0.881100362667984,"2.5th percentile"
37.7915306532663,4.19079246231156,0.897817290897716,"2.5th percentile"
37.8761296482412,4.19079246231156,0.912950177133765,"2.5th percentile"
37.9607286432161,4.19079246231156,0.924295215768236,"2.5th percentile"
38.045327638191,4.19079246231156,0.933162556644109,"2.5th percentile"
38.1299266331658,4.19079246231156,0.954560536426278,"2.5th percentile"
38.2145256281407,4.19079246231156,0.95309562719002,"2.5th percentile"
38.2991246231156,4.19079246231156,0.96267536480559,"2.5th percentile"
38.3837236180904,4.19079246231156,0.963498776495984,"2.5th percentile"
38.4683226130653,4.19079246231156,0.956043610908113,"2.5th percentile"
38.5529216080402,4.19079246231156,0.957663395367847,"2.5th percentile"
38.6375206030151,4.19079246231156,0.96121599359997,"2.5th percentile"
38.72211959799,4.19079246231156,0.963385316894169,"2.5th percentile"
38.8067185929648,4.19079246231156,0.966172748164328,"2.5th percentile"
38.8913175879397,4.19079246231156,0.96865295401712,"2.5th percentile"
38.9759165829146,4.19079246231156,0.971072970551158,"2.5th percentile"
39.0605155778894,4.19079246231156,0.973197691817396,"2.5th percentile"
39.1451145728643,4.19079246231156,0.975153122745074,"2.5th percentile"
39.2297135678392,4.19079246231156,0.97699064934699,"2.5th percentile"
39.3143125628141,4.19079246231156,0.978625397508689,"2.5th percentile"
39.3989115577889,4.19079246231156,0.980195674708357,"2.5th percentile"
39.4835105527638,4.19079246231156,0.981610057922234,"2.5th percentile"
39.5681095477387,4.19079246231156,0.982918565307035,"2.5th percentile"
39.6527085427136,4.19079246231156,0.984190428775183,"2.5th percentile"
39.7373075376884,4.19079246231156,0.985303448252103,"2.5th percentile"
39.8219065326633,4.19079246231156,0.985584549803281,"2.5th percentile"
39.9065055276382,4.19079246231156,0.983422517131122,"2.5th percentile"
39.9911045226131,4.19079246231156,0.979765029862813,"2.5th percentile"
40.0757035175879,4.19079246231156,0.974174300822623,"2.5th percentile"
40.1603025125628,4.19079246231156,0.966076934211251,"2.5th percentile"
40.2449015075377,4.19079246231156,0.954601021181161,"2.5th percentile"
40.3295005025126,4.19079246231156,0.937019887220349,"2.5th percentile"
40.4140994974874,4.19079246231156,0.913171148933655,"2.5th percentile"
40.4986984924623,4.19079246231156,0.880409183169154,"2.5th percentile"
40.5832974874372,4.19079246231156,0.835625973775766,"2.5th percentile"
40.9216934673367,4.19079246231156,0.530125548251124,"2.5th percentile"
41.0062924623116,4.19079246231156,0.434258454009861,"2.5th percentile"
41.0908914572864,4.19079246231156,0.342778259756742,"2.5th percentile"
41.1754904522613,4.19079246231156,0.267872839948045,"2.5th percentile"
41.2600894472362,4.19079246231156,0.193160606331166,"2.5th percentile"
41.344688442211,4.19079246231156,0.139529144750581,"2.5th percentile"
41.4292874371859,4.19079246231156,0.0992126758638624,"2.5th percentile"
41.5138864321608,4.19079246231156,0.0717210131184687,"2.5th percentile"
41.5984854271357,4.19079246231156,0.066242979292564,"2.5th percentile"
41.6830844221106,4.19079246231156,0.0382307980428571,"2.5th percentile"
41.7676834170854,4.19079246231156,0.029265142949051,"2.5th percentile"
41.8522824120603,4.19079246231156,0.0195482145963432,"2.5th percentile"
41.9368814070352,4.19079246231156,0.0115213808719956,"2.5th percentile"
42.02148040201,4.19079246231156,0.00898603196081228,"2.5th percentile"
37.1993376884422,4.25881909547739,0.711842620649777,"2.5th percentile"
37.2839366834171,4.25881909547739,0.720383172875967,"2.5th percentile"
37.368535678392,4.25881909547739,0.757787751067057,"2.5th percentile"
37.4531346733668,4.25881909547739,0.803173879752279,"2.5th percentile"
37.5377336683417,4.25881909547739,0.831325037690389,"2.5th percentile"
37.6223326633166,4.25881909547739,0.859917525220775,"2.5th percentile"
37.7069316582915,4.25881909547739,0.894174501603268,"2.5th percentile"
37.7915306532663,4.25881909547739,0.895730583460354,"2.5th percentile"
37.8761296482412,4.25881909547739,0.908107214388836,"2.5th percentile"
37.9607286432161,4.25881909547739,0.917284914414387,"2.5th percentile"
38.045327638191,4.25881909547739,0.924045223892924,"2.5th percentile"
38.1299266331658,4.25881909547739,0.928318454597749,"2.5th percentile"
38.2145256281407,4.25881909547739,0.936795519082938,"2.5th percentile"
38.2991246231156,4.25881909547739,0.946601012551398,"2.5th percentile"
38.3837236180904,4.25881909547739,0.946775252408383,"2.5th percentile"
38.4683226130653,4.25881909547739,0.946205955957403,"2.5th percentile"
38.5529216080402,4.25881909547739,0.950923475534862,"2.5th percentile"
38.6375206030151,4.25881909547739,0.953590516879379,"2.5th percentile"
38.72211959799,4.25881909547739,0.957006896250603,"2.5th percentile"
38.8067185929648,4.25881909547739,0.960235008994873,"2.5th percentile"
38.8913175879397,4.25881909547739,0.963159414830997,"2.5th percentile"
38.9759165829146,4.25881909547739,0.965786506308761,"2.5th percentile"
39.0605155778894,4.25881909547739,0.968232712348846,"2.5th percentile"
39.1451145728643,4.25881909547739,0.970531869214252,"2.5th percentile"
39.2297135678392,4.25881909547739,0.972705673262427,"2.5th percentile"
39.3143125628141,4.25881909547739,0.974661263842688,"2.5th percentile"
39.3989115577889,4.25881909547739,0.976459983886807,"2.5th percentile"
39.4835105527638,4.25881909547739,0.978165290916403,"2.5th percentile"
39.5681095477387,4.25881909547739,0.979735536782303,"2.5th percentile"
39.6527085427136,4.25881909547739,0.981156099541537,"2.5th percentile"
39.7373075376884,4.25881909547739,0.982502844126229,"2.5th percentile"
39.8219065326633,4.25881909547739,0.983656393798897,"2.5th percentile"
39.9065055276382,4.25881909547739,0.981462701372491,"2.5th percentile"
39.9911045226131,4.25881909547739,0.977968838059682,"2.5th percentile"
40.0757035175879,4.25881909547739,0.972102940297,"2.5th percentile"
40.1603025125628,4.25881909547739,0.963191658819713,"2.5th percentile"
40.2449015075377,4.25881909547739,0.950615168186507,"2.5th percentile"
40.3295005025126,4.25881909547739,0.932401280015072,"2.5th percentile"
40.4140994974874,4.25881909547739,0.907097778215988,"2.5th percentile"
40.4986984924623,4.25881909547739,0.872131708818717,"2.5th percentile"
40.5832974874372,4.25881909547739,0.825539688212313,"2.5th percentile"
40.6678964824121,4.25881909547739,0.763552053791524,"2.5th percentile"
40.7524954773869,4.25881909547739,0.679804344568629,"2.5th percentile"
40.8370944723618,4.25881909547739,0.605044274497686,"2.5th percentile"
40.9216934673367,4.25881909547739,0.51110311196208,"2.5th percentile"
41.0062924623116,4.25881909547739,0.416125512979517,"2.5th percentile"
41.0908914572864,4.25881909547739,0.325874388819157,"2.5th percentile"
41.1754904522613,4.25881909547739,0.247511781374861,"2.5th percentile"
41.2600894472362,4.25881909547739,0.181366386880559,"2.5th percentile"
41.344688442211,4.25881909547739,0.130474757737576,"2.5th percentile"
41.4292874371859,4.25881909547739,0.0931156586005224,"2.5th percentile"
41.5138864321608,4.25881909547739,0.0715059784361571,"2.5th percentile"
41.5984854271357,4.25881909547739,0.0578363747523373,"2.5th percentile"
41.6830844221106,4.25881909547739,0.0349823525594108,"2.5th percentile"
41.7676834170854,4.25881909547739,0.0235853642695552,"2.5th percentile"
41.8522824120603,4.25881909547739,0.017046099992265,"2.5th percentile"
41.9368814070352,4.25881909547739,0.0114462254054959,"2.5th percentile"
42.02148040201,4.25881909547739,0.00837960012673174,"2.5th percentile"
42.1060793969849,4.25881909547739,0.00465107362228299,"2.5th percentile"
42.1906783919598,4.25881909547739,0.00339291688034954,"2.5th percentile"
42.2752773869347,4.25881909547739,0.00264851806334665,"2.5th percentile"
42.3598763819095,4.25881909547739,0.0017906710993401,"2.5th percentile"
42.4444753768844,4.25881909547739,0.0011953195614204,"2.5th percentile"
42.5290743718593,4.25881909547739,0.00084445495434564,"2.5th percentile"
42.6136733668342,4.25881909547739,0.000456728658209255,"2.5th percentile"
42.698272361809,4.25881909547739,0.000368831678832998,"2.5th percentile"
37.1147386934673,4.32684572864322,0.611480253416374,"2.5th percentile"
37.1993376884422,4.32684572864322,0.691421065653094,"2.5th percentile"
37.2839366834171,4.32684572864322,0.735908526154863,"2.5th percentile"
37.368535678392,4.32684572864322,0.770304035918592,"2.5th percentile"
37.4531346733668,4.32684572864322,0.815762874859533,"2.5th percentile"
37.5377336683417,4.32684572864322,0.832870641827069,"2.5th percentile"
37.6223326633166,4.32684572864322,0.857295273554226,"2.5th percentile"
37.7069316582915,4.32684572864322,0.874843389546398,"2.5th percentile"
37.7915306532663,4.32684572864322,0.908073194284312,"2.5th percentile"
37.8761296482412,4.32684572864322,0.896810885984329,"2.5th percentile"
37.9607286432161,4.32684572864322,0.903154437161009,"2.5th percentile"
38.045327638191,4.32684572864322,0.911591216592146,"2.5th percentile"
38.1299266331658,4.32684572864322,0.915557111980293,"2.5th percentile"
38.2145256281407,4.32684572864322,0.9418862418987,"2.5th percentile"
38.2991246231156,4.32684572864322,0.936063138055395,"2.5th percentile"
38.3837236180904,4.32684572864322,0.938456040663061,"2.5th percentile"
38.4683226130653,4.32684572864322,0.940001923802045,"2.5th percentile"
38.5529216080402,4.32684572864322,0.940963586368401,"2.5th percentile"
38.6375206030151,4.32684572864322,0.945157447715637,"2.5th percentile"
38.72211959799,4.32684572864322,0.949088065728985,"2.5th percentile"
38.8067185929648,4.32684572864322,0.952889494220243,"2.5th percentile"
38.8913175879397,4.32684572864322,0.956302759408565,"2.5th percentile"
38.9759165829146,4.32684572864322,0.959402930064667,"2.5th percentile"
39.0605155778894,4.32684572864322,0.962287592717733,"2.5th percentile"
39.1451145728643,4.32684572864322,0.965001341718325,"2.5th percentile"
39.2297135678392,4.32684572864322,0.967573990826986,"2.5th percentile"
39.3143125628141,4.32684572864322,0.96986090672078,"2.5th percentile"
39.3989115577889,4.32684572864322,0.972021689047315,"2.5th percentile"
39.4835105527638,4.32684572864322,0.974028640890089,"2.5th percentile"
39.5681095477387,4.32684572864322,0.975962111113153,"2.5th percentile"
39.6527085427136,4.32684572864322,0.977572082953569,"2.5th percentile"
39.7373075376884,4.32684572864322,0.97917481878929,"2.5th percentile"
39.8219065326633,4.32684572864322,0.980694135624306,"2.5th percentile"
39.9065055276382,4.32684572864322,0.979264089622499,"2.5th percentile"
39.9911045226131,4.32684572864322,0.975465056961389,"2.5th percentile"
40.0757035175879,4.32684572864322,0.969351816139823,"2.5th percentile"
40.1603025125628,4.32684572864322,0.96035674437197,"2.5th percentile"
40.2449015075377,4.32684572864322,0.946591905843201,"2.5th percentile"
40.3295005025126,4.32684572864322,0.927385812575908,"2.5th percentile"
40.4140994974874,4.32684572864322,0.90054638014996,"2.5th percentile"
40.4986984924623,4.32684572864322,0.863589053267288,"2.5th percentile"
40.5832974874372,4.32684572864322,0.81439966924242,"2.5th percentile"
40.6678964824121,4.32684572864322,0.749825305121549,"2.5th percentile"
40.7524954773869,4.32684572864322,0.67824823222571,"2.5th percentile"
40.8370944723618,4.32684572864322,0.587041564337778,"2.5th percentile"
40.9216934673367,4.32684572864322,0.492764571126244,"2.5th percentile"
41.0062924623116,4.32684572864322,0.397594473808996,"2.5th percentile"
41.0908914572864,4.32684572864322,0.30949256269225,"2.5th percentile"
41.1754904522613,4.32684572864322,0.24297364438732,"2.5th percentile"
41.2600894472362,4.32684572864322,0.17039362654654,"2.5th percentile"
41.344688442211,4.32684572864322,0.123167700152357,"2.5th percentile"
41.4292874371859,4.32684572864322,0.0893639429418482,"2.5th percentile"
41.5138864321608,4.32684572864322,0.0662311024893224,"2.5th percentile"
41.5984854271357,4.32684572864322,0.0455305093717334,"2.5th percentile"
41.6830844221106,4.32684572864322,0.0341410968213511,"2.5th percentile"
41.7676834170854,4.32684572864322,0.0204719624797701,"2.5th percentile"
41.8522824120603,4.32684572864322,0.0146062603619333,"2.5th percentile"
41.9368814070352,4.32684572864322,0.010922605364282,"2.5th percentile"
42.02148040201,4.32684572864322,0.00764084639548732,"2.5th percentile"
42.1060793969849,4.32684572864322,0.00470604080103824,"2.5th percentile"
42.1906783919598,4.32684572864322,0.00367590910806136,"2.5th percentile"
42.2752773869347,4.32684572864322,0.00233728406875963,"2.5th percentile"
42.3598763819095,4.32684572864322,0.00166912894014538,"2.5th percentile"
42.4444753768844,4.32684572864322,0.00111118157987814,"2.5th percentile"
42.5290743718593,4.32684572864322,0.000610810202489386,"2.5th percentile"
42.6136733668342,4.32684572864322,0.000449136712071026,"2.5th percentile"
42.698272361809,4.32684572864322,0.000355539504991422,"2.5th percentile"
42.7828713567839,4.32684572864322,0.000234760953627988,"2.5th percentile"
36.9455407035176,4.39487236180905,0.511098553748683,"2.5th percentile"
37.0301396984925,4.39487236180905,0.575956319988575,"2.5th percentile"
37.1147386934673,4.39487236180905,0.626150457458821,"2.5th percentile"
37.1993376884422,4.39487236180905,0.682085439109788,"2.5th percentile"
37.2839366834171,4.39487236180905,0.731017172831589,"2.5th percentile"
37.368535678392,4.39487236180905,0.787921908511077,"2.5th percentile"
37.4531346733668,4.39487236180905,0.806719269757762,"2.5th percentile"
37.5377336683417,4.39487236180905,0.830915050543495,"2.5th percentile"
37.6223326633166,4.39487236180905,0.849456742151587,"2.5th percentile"
37.7069316582915,4.39487236180905,0.862393805308732,"2.5th percentile"
37.7915306532663,4.39487236180905,0.871048399387052,"2.5th percentile"
37.8761296482412,4.39487236180905,0.878993567343539,"2.5th percentile"
37.9607286432161,4.39487236180905,0.886356792196319,"2.5th percentile"
38.045327638191,4.39487236180905,0.898484953135776,"2.5th percentile"
38.1299266331658,4.39487236180905,0.901867083445202,"2.5th percentile"
38.2145256281407,4.39487236180905,0.914277669091571,"2.5th percentile"
38.2991246231156,4.39487236180905,0.913436468783909,"2.5th percentile"
38.3837236180904,4.39487236180905,0.92244439413314,"2.5th percentile"
38.4683226130653,4.39487236180905,0.929379156546922,"2.5th percentile"
38.5529216080402,4.39487236180905,0.930740630600657,"2.5th percentile"
38.6375206030151,4.39487236180905,0.935663764224468,"2.5th percentile"
38.72211959799,4.39487236180905,0.940298499398179,"2.5th percentile"
38.8067185929648,4.39487236180905,0.944567521554622,"2.5th percentile"
38.8913175879397,4.39487236180905,0.948440755597845,"2.5th percentile"
38.9759165829146,4.39487236180905,0.954366385561988,"2.5th percentile"
39.0605155778894,4.39487236180905,0.955402387353071,"2.5th percentile"
39.1451145728643,4.39487236180905,0.958545008512985,"2.5th percentile"
39.2297135678392,4.39487236180905,0.961874920509932,"2.5th percentile"
39.3143125628141,4.39487236180905,0.966282393642965,"2.5th percentile"
39.3989115577889,4.39487236180905,0.966900371062131,"2.5th percentile"
39.4835105527638,4.39487236180905,0.96929800742935,"2.5th percentile"
39.5681095477387,4.39487236180905,0.971404691252902,"2.5th percentile"
39.6527085427136,4.39487236180905,0.973405766196695,"2.5th percentile"
39.7373075376884,4.39487236180905,0.975224707249809,"2.5th percentile"
39.8219065326633,4.39487236180905,0.976997477708879,"2.5th percentile"
39.9065055276382,4.39487236180905,0.976772371636065,"2.5th percentile"
39.9911045226131,4.39487236180905,0.972941786548968,"2.5th percentile"
40.0757035175879,4.39487236180905,0.966473537562954,"2.5th percentile"
40.1603025125628,4.39487236180905,0.956745757204926,"2.5th percentile"
40.2449015075377,4.39487236180905,0.942431979593187,"2.5th percentile"
40.3295005025126,4.39487236180905,0.922081814321665,"2.5th percentile"
40.4140994974874,4.39487236180905,0.893573983743214,"2.5th percentile"
40.4986984924623,4.39487236180905,0.854641868468104,"2.5th percentile"
40.5832974874372,4.39487236180905,0.803714527401162,"2.5th percentile"
40.6678964824121,4.39487236180905,0.736857611021001,"2.5th percentile"
40.7524954773869,4.39487236180905,0.657360504547328,"2.5th percentile"
40.8370944723618,4.39487236180905,0.568770230292616,"2.5th percentile"
40.9216934673367,4.39487236180905,0.473651115431162,"2.5th percentile"
41.0062924623116,4.39487236180905,0.379642602075405,"2.5th percentile"
41.0908914572864,4.39487236180905,0.293698217513975,"2.5th percentile"
41.1754904522613,4.39487236180905,0.219729653643314,"2.5th percentile"
41.2600894472362,4.39487236180905,0.160589496226893,"2.5th percentile"
41.344688442211,4.39487236180905,0.114177482213858,"2.5th percentile"
41.4292874371859,4.39487236180905,0.0806077683921979,"2.5th percentile"
41.5138864321608,4.39487236180905,0.0566110736911435,"2.5th percentile"
41.5984854271357,4.39487236180905,0.0393890069587554,"2.5th percentile"
41.6830844221106,4.39487236180905,0.028118186170715,"2.5th percentile"
41.7676834170854,4.39487236180905,0.0198941613217479,"2.5th percentile"
41.8522824120603,4.39487236180905,0.0141482298817761,"2.5th percentile"
41.9368814070352,4.39487236180905,0.0114021529727981,"2.5th percentile"
42.02148040201,4.39487236180905,0.00549972424924955,"2.5th percentile"
42.1060793969849,4.39487236180905,0.00447481019766997,"2.5th percentile"
42.1906783919598,4.39487236180905,0.00300317587597234,"2.5th percentile"
42.2752773869347,4.39487236180905,0.00230373110907634,"2.5th percentile"
42.3598763819095,4.39487236180905,0.00147780218712303,"2.5th percentile"
42.4444753768844,4.39487236180905,0.000992880288476723,"2.5th percentile"
42.5290743718593,4.39487236180905,0.000642436528655268,"2.5th percentile"
42.6136733668342,4.39487236180905,0.000467546252807273,"2.5th percentile"
42.698272361809,4.39487236180905,0.000327946945373911,"2.5th percentile"
42.7828713567839,4.39487236180905,0.00019619284388597,"2.5th percentile"
42.8674703517588,4.39487236180905,0.000147691326575694,"2.5th percentile"
36.1841497487437,4.46289899497487,0.43969761584697,"2.5th percentile"
36.2687487437186,4.46289899497487,0.198773515796805,"2.5th percentile"
36.3533477386935,4.46289899497487,0.138552496601965,"2.5th percentile"
36.4379467336683,4.46289899497487,0.199361461605671,"2.5th percentile"
36.5225457286432,4.46289899497487,0.274474269144265,"2.5th percentile"
36.6071447236181,4.46289899497487,0.320369150675565,"2.5th percentile"
36.691743718593,4.46289899497487,0.407707646423107,"2.5th percentile"
36.7763427135678,4.46289899497487,0.477957079906471,"2.5th percentile"
36.8609417085427,4.46289899497487,0.50940030680643,"2.5th percentile"
36.9455407035176,4.46289899497487,0.520628667932362,"2.5th percentile"
37.0301396984925,4.46289899497487,0.602604266975245,"2.5th percentile"
37.1147386934673,4.46289899497487,0.658166522482649,"2.5th percentile"
37.1993376884422,4.46289899497487,0.694041768969376,"2.5th percentile"
37.2839366834171,4.46289899497487,0.737866317978661,"2.5th percentile"
37.368535678392,4.46289899497487,0.77297372604183,"2.5th percentile"
37.4531346733668,4.46289899497487,0.815589560167478,"2.5th percentile"
37.5377336683417,4.46289899497487,0.81845045641127,"2.5th percentile"
37.6223326633166,4.46289899497487,0.82961028134058,"2.5th percentile"
37.7069316582915,4.46289899497487,0.83999161505277,"2.5th percentile"
37.7915306532663,4.46289899497487,0.849756561075321,"2.5th percentile"
37.8761296482412,4.46289899497487,0.859837327901157,"2.5th percentile"
37.9607286432161,4.46289899497487,0.867571917496937,"2.5th percentile"
38.045327638191,4.46289899497487,0.881113014749441,"2.5th percentile"
38.1299266331658,4.46289899497487,0.884144183609566,"2.5th percentile"
38.2145256281407,4.46289899497487,0.891441974344888,"2.5th percentile"
38.2991246231156,4.46289899497487,0.914253773505375,"2.5th percentile"
38.3837236180904,4.46289899497487,0.905399143758047,"2.5th percentile"
38.4683226130653,4.46289899497487,0.912784948995618,"2.5th percentile"
38.5529216080402,4.46289899497487,0.91899156710733,"2.5th percentile"
38.6375206030151,4.46289899497487,0.924575317693371,"2.5th percentile"
38.72211959799,4.46289899497487,0.934796643054392,"2.5th percentile"
38.8067185929648,4.46289899497487,0.934530849871238,"2.5th percentile"
38.8913175879397,4.46289899497487,0.939066367526415,"2.5th percentile"
38.9759165829146,4.46289899497487,0.943502638573745,"2.5th percentile"
39.0605155778894,4.46289899497487,0.94734800041836,"2.5th percentile"
39.1451145728643,4.46289899497487,0.950936937370756,"2.5th percentile"
39.2297135678392,4.46289899497487,0.954408980121742,"2.5th percentile"
39.3143125628141,4.46289899497487,0.95761102025371,"2.5th percentile"
39.3989115577889,4.46289899497487,0.960572080751327,"2.5th percentile"
39.4835105527638,4.46289899497487,0.963358093911502,"2.5th percentile"
39.5681095477387,4.46289899497487,0.965947354312794,"2.5th percentile"
39.6527085427136,4.46289899497487,0.968404697623529,"2.5th percentile"
39.7373075376884,4.46289899497487,0.97052008890633,"2.5th percentile"
39.8219065326633,4.46289899497487,0.972604258253714,"2.5th percentile"
39.9065055276382,4.46289899497487,0.973706541450998,"2.5th percentile"
39.9911045226131,4.46289899497487,0.969780020153971,"2.5th percentile"
40.0757035175879,4.46289899497487,0.963269928367658,"2.5th percentile"
40.1603025125628,4.46289899497487,0.95344221091042,"2.5th percentile"
40.2449015075377,4.46289899497487,0.937933793991524,"2.5th percentile"
40.3295005025126,4.46289899497487,0.916332075776298,"2.5th percentile"
40.4140994974874,4.46289899497487,0.887295284627262,"2.5th percentile"
40.4986984924623,4.46289899497487,0.845307210916868,"2.5th percentile"
40.5832974874372,4.46289899497487,0.791198990093289,"2.5th percentile"
40.6678964824121,4.46289899497487,0.721200049212393,"2.5th percentile"
40.7524954773869,4.46289899497487,0.64072806820046,"2.5th percentile"
40.8370944723618,4.46289899497487,0.550293441069759,"2.5th percentile"
40.9216934673367,4.46289899497487,0.454679203288464,"2.5th percentile"
41.0062924623116,4.46289899497487,0.36213694880048,"2.5th percentile"
41.0908914572864,4.46289899497487,0.278410672928459,"2.5th percentile"
41.1754904522613,4.46289899497487,0.206986188461585,"2.5th percentile"
41.2600894472362,4.46289899497487,0.1506090448958,"2.5th percentile"
41.344688442211,4.46289899497487,0.107895175148333,"2.5th percentile"
41.4292874371859,4.46289899497487,0.0746687443588525,"2.5th percentile"
41.5138864321608,4.46289899497487,0.0518317948089224,"2.5th percentile"
41.5984854271357,4.46289899497487,0.0356687556240407,"2.5th percentile"
41.6830844221106,4.46289899497487,0.0261810475994069,"2.5th percentile"
41.7676834170854,4.46289899497487,0.0196681097153937,"2.5th percentile"
41.8522824120603,4.46289899497487,0.0152130304432711,"2.5th percentile"
41.9368814070352,4.46289899497487,0.00901253310180601,"2.5th percentile"
42.02148040201,4.46289899497487,0.00596193254575052,"2.5th percentile"
42.1060793969849,4.46289899497487,0.00434710932412384,"2.5th percentile"
42.1906783919598,4.46289899497487,0.00285286975353157,"2.5th percentile"
42.2752773869347,4.46289899497487,0.00216551270684784,"2.5th percentile"
42.3598763819095,4.46289899497487,0.00138514945094058,"2.5th percentile"
42.4444753768844,4.46289899497487,0.000818011075046338,"2.5th percentile"
42.5290743718593,4.46289899497487,0.00058952033821424,"2.5th percentile"
42.6136733668342,4.46289899497487,0.000377870947828998,"2.5th percentile"
42.698272361809,4.46289899497487,0.000295004885913157,"2.5th percentile"
42.7828713567839,4.46289899497487,0.00016129887013799,"2.5th percentile"
42.8674703517588,4.46289899497487,0.00013411970370316,"2.5th percentile"
42.9520693467337,4.46289899497487,8.97853360408123e-05,"2.5th percentile"
36.0995507537688,4.5309256281407,0.506795088101275,"2.5th percentile"
36.1841497487437,4.5309256281407,0.264695118616423,"2.5th percentile"
36.2687487437186,4.5309256281407,0.191290588597337,"2.5th percentile"
36.3533477386935,4.5309256281407,0.154885349302148,"2.5th percentile"
36.4379467336683,4.5309256281407,0.207453138355253,"2.5th percentile"
36.5225457286432,4.5309256281407,0.291087720233268,"2.5th percentile"
36.6071447236181,4.5309256281407,0.318574719538102,"2.5th percentile"
36.691743718593,4.5309256281407,0.410545032214548,"2.5th percentile"
36.7763427135678,4.5309256281407,0.460942106509596,"2.5th percentile"
36.8609417085427,4.5309256281407,0.532401615881815,"2.5th percentile"
36.9455407035176,4.5309256281407,0.539428026902783,"2.5th percentile"
37.0301396984925,4.5309256281407,0.665403504027629,"2.5th percentile"
37.1147386934673,4.5309256281407,0.657966405085675,"2.5th percentile"
37.1993376884422,4.5309256281407,0.704196749770357,"2.5th percentile"
37.2839366834171,4.5309256281407,0.736182673975749,"2.5th percentile"
37.368535678392,4.5309256281407,0.762408182725115,"2.5th percentile"
37.4531346733668,4.5309256281407,0.781860200978826,"2.5th percentile"
37.5377336683417,4.5309256281407,0.791052258972578,"2.5th percentile"
37.6223326633166,4.5309256281407,0.803199729897629,"2.5th percentile"
37.7069316582915,4.5309256281407,0.814892074218487,"2.5th percentile"
37.7915306532663,4.5309256281407,0.8306435768708,"2.5th percentile"
37.8761296482412,4.5309256281407,0.836900843388184,"2.5th percentile"
37.9607286432161,4.5309256281407,0.8468686009347,"2.5th percentile"
38.045327638191,4.5309256281407,0.855725884148295,"2.5th percentile"
38.1299266331658,4.5309256281407,0.86462350805324,"2.5th percentile"
38.2145256281407,4.5309256281407,0.873141165883208,"2.5th percentile"
38.2991246231156,4.5309256281407,0.88789033655604,"2.5th percentile"
38.3837236180904,4.5309256281407,0.900444837922749,"2.5th percentile"
38.4683226130653,4.5309256281407,0.897988840674248,"2.5th percentile"
38.5529216080402,4.5309256281407,0.919082629304376,"2.5th percentile"
38.6375206030151,4.5309256281407,0.913855385875107,"2.5th percentile"
38.72211959799,4.5309256281407,0.918667910768492,"2.5th percentile"
38.8067185929648,4.5309256281407,0.930199724181062,"2.5th percentile"
38.8913175879397,4.5309256281407,0.928095447186571,"2.5th percentile"
38.9759165829146,4.5309256281407,0.93359582046519,"2.5th percentile"
39.0605155778894,4.5309256281407,0.938506357509391,"2.5th percentile"
39.1451145728643,4.5309256281407,0.942239187607295,"2.5th percentile"
39.2297135678392,4.5309256281407,0.946610323797459,"2.5th percentile"
39.3143125628141,4.5309256281407,0.949756145467264,"2.5th percentile"
39.3989115577889,4.5309256281407,0.953280667538918,"2.5th percentile"
39.4835105527638,4.5309256281407,0.956505726832011,"2.5th percentile"
39.5681095477387,4.5309256281407,0.959781520730077,"2.5th percentile"
39.6527085427136,4.5309256281407,0.962581074377853,"2.5th percentile"
39.7373075376884,4.5309256281407,0.96502804064433,"2.5th percentile"
39.8219065326633,4.5309256281407,0.967508247319179,"2.5th percentile"
39.9065055276382,4.5309256281407,0.969699337777214,"2.5th percentile"
39.9911045226131,4.5309256281407,0.96633184980287,"2.5th percentile"
40.0757035175879,4.5309256281407,0.959744544557271,"2.5th percentile"
40.1603025125628,4.5309256281407,0.94909044039095,"2.5th percentile"
40.2449015075377,4.5309256281407,0.934059555746432,"2.5th percentile"
40.3295005025126,4.5309256281407,0.910139626065912,"2.5th percentile"
40.4140994974874,4.5309256281407,0.878243142132531,"2.5th percentile"
40.4986984924623,4.5309256281407,0.835062879346179,"2.5th percentile"
40.5832974874372,4.5309256281407,0.778873552750639,"2.5th percentile"
40.6678964824121,4.5309256281407,0.706717867489967,"2.5th percentile"
40.7524954773869,4.5309256281407,0.624306343217353,"2.5th percentile"
40.8370944723618,4.5309256281407,0.531813505574244,"2.5th percentile"
40.9216934673367,4.5309256281407,0.436211107488334,"2.5th percentile"
41.0062924623116,4.5309256281407,0.345148126310421,"2.5th percentile"
41.0908914572864,4.5309256281407,0.263726604942322,"2.5th percentile"
41.1754904522613,4.5309256281407,0.194781242436947,"2.5th percentile"
41.2600894472362,4.5309256281407,0.140529114796098,"2.5th percentile"
41.344688442211,4.5309256281407,0.0995518225960807,"2.5th percentile"
41.4292874371859,4.5309256281407,0.0695224267959083,"2.5th percentile"
41.5138864321608,4.5309256281407,0.0498113462110226,"2.5th percentile"
41.5984854271357,4.5309256281407,0.0342781732555571,"2.5th percentile"
41.6830844221106,4.5309256281407,0.0226028958513026,"2.5th percentile"
41.7676834170854,4.5309256281407,0.0154518772932145,"2.5th percentile"
41.8522824120603,4.5309256281407,0.0126346835549551,"2.5th percentile"
41.9368814070352,4.5309256281407,0.00926185110037026,"2.5th percentile"
42.02148040201,4.5309256281407,0.00661594247955927,"2.5th percentile"
42.1060793969849,4.5309256281407,0.00401870394935029,"2.5th percentile"
42.1906783919598,4.5309256281407,0.00246413842357375,"2.5th percentile"
42.2752773869347,4.5309256281407,0.00180997641506559,"2.5th percentile"
42.3598763819095,4.5309256281407,0.0011487493175052,"2.5th percentile"
42.4444753768844,4.5309256281407,0.000823526888903494,"2.5th percentile"
42.5290743718593,4.5309256281407,0.000572459338517061,"2.5th percentile"
42.6136733668342,4.5309256281407,0.000385519992085375,"2.5th percentile"
42.698272361809,4.5309256281407,0.000213079755724432,"2.5th percentile"
42.7828713567839,4.5309256281407,0.000136657900646704,"2.5th percentile"
42.8674703517588,4.5309256281407,0.00012582389863392,"2.5th percentile"
42.9520693467337,4.5309256281407,7.32006783439991e-05,"2.5th percentile"
43.0366683417085,4.5309256281407,5.32841695500795e-05,"2.5th percentile"
43.1212673366834,4.5309256281407,3.77702647815841e-05,"2.5th percentile"
36.014951758794,4.59895226130653,0.532816261301671,"2.5th percentile"
36.0995507537688,4.59895226130653,0.397419782864329,"2.5th percentile"
36.1841497487437,4.59895226130653,0.30693111375849,"2.5th percentile"
36.2687487437186,4.59895226130653,0.217049594049007,"2.5th percentile"
36.3533477386935,4.59895226130653,0.199107361477698,"2.5th percentile"
36.4379467336683,4.59895226130653,0.223855730328001,"2.5th percentile"
36.5225457286432,4.59895226130653,0.276288554912941,"2.5th percentile"
36.6071447236181,4.59895226130653,0.296892178393951,"2.5th percentile"
36.691743718593,4.59895226130653,0.44232583921924,"2.5th percentile"
36.7763427135678,4.59895226130653,0.472652779825683,"2.5th percentile"
36.8609417085427,4.59895226130653,0.535765754164994,"2.5th percentile"
36.9455407035176,4.59895226130653,0.592357056591828,"2.5th percentile"
37.0301396984925,4.59895226130653,0.635022047670598,"2.5th percentile"
37.1147386934673,4.59895226130653,0.657041835154161,"2.5th percentile"
37.1993376884422,4.59895226130653,0.69381930860009,"2.5th percentile"
37.2839366834171,4.59895226130653,0.71572593929045,"2.5th percentile"
37.368535678392,4.59895226130653,0.731238123865786,"2.5th percentile"
37.4531346733668,4.59895226130653,0.745817723375905,"2.5th percentile"
37.5377336683417,4.59895226130653,0.762373399111391,"2.5th percentile"
37.6223326633166,4.59895226130653,0.773649280259077,"2.5th percentile"
37.7069316582915,4.59895226130653,0.786721077663796,"2.5th percentile"
37.7915306532663,4.59895226130653,0.800064911801111,"2.5th percentile"
37.8761296482412,4.59895226130653,0.815009361807076,"2.5th percentile"
37.9607286432161,4.59895226130653,0.821492896635945,"2.5th percentile"
38.045327638191,4.59895226130653,0.831804462871287,"2.5th percentile"
38.1299266331658,4.59895226130653,0.841934411620828,"2.5th percentile"
38.2145256281407,4.59895226130653,0.855057207333473,"2.5th percentile"
38.2991246231156,4.59895226130653,0.8676395937742,"2.5th percentile"
38.3837236180904,4.59895226130653,0.872035776603307,"2.5th percentile"
38.4683226130653,4.59895226130653,0.881094704745841,"2.5th percentile"
38.5529216080402,4.59895226130653,0.889209094019304,"2.5th percentile"
38.6375206030151,4.59895226130653,0.89671390050542,"2.5th percentile"
38.72211959799,4.59895226130653,0.903394100991888,"2.5th percentile"
38.8067185929648,4.59895226130653,0.909415784279083,"2.5th percentile"
38.8913175879397,4.59895226130653,0.915708966567364,"2.5th percentile"
38.9759165829146,4.59895226130653,0.921208960740472,"2.5th percentile"
39.0605155778894,4.59895226130653,0.926344741188066,"2.5th percentile"
39.1451145728643,4.59895226130653,0.931596412381257,"2.5th percentile"
39.2297135678392,4.59895226130653,0.93617858001002,"2.5th percentile"
39.3143125628141,4.59895226130653,0.941046642038552,"2.5th percentile"
39.3989115577889,4.59895226130653,0.944840559464025,"2.5th percentile"
39.4835105527638,4.59895226130653,0.948747147720319,"2.5th percentile"
39.5681095477387,4.59895226130653,0.952452383484599,"2.5th percentile"
39.6527085427136,4.59895226130653,0.95553555945574,"2.5th percentile"
39.7373075376884,4.59895226130653,0.958666051207834,"2.5th percentile"
39.8219065326633,4.59895226130653,0.961604930709821,"2.5th percentile"
39.9065055276382,4.59895226130653,0.964160557907937,"2.5th percentile"
39.9911045226131,4.59895226130653,0.962500653267203,"2.5th percentile"
40.0757035175879,4.59895226130653,0.955697235764835,"2.5th percentile"
40.1603025125628,4.59895226130653,0.948175601998913,"2.5th percentile"
40.2449015075377,4.59895226130653,0.927730895824808,"2.5th percentile"
40.3295005025126,4.59895226130653,0.90356487090322,"2.5th percentile"
40.4140994974874,4.59895226130653,0.869981402278888,"2.5th percentile"
40.4986984924623,4.59895226130653,0.82445446710544,"2.5th percentile"
40.5832974874372,4.59895226130653,0.765042724658397,"2.5th percentile"
40.6678964824121,4.59895226130653,0.692331427202203,"2.5th percentile"
40.7524954773869,4.59895226130653,0.607130741712432,"2.5th percentile"
40.8370944723618,4.59895226130653,0.513243808062735,"2.5th percentile"
40.9216934673367,4.59895226130653,0.417720726858686,"2.5th percentile"
41.0062924623116,4.59895226130653,0.32810510103678,"2.5th percentile"
41.0908914572864,4.59895226130653,0.248788619828162,"2.5th percentile"
41.1754904522613,4.59895226130653,0.183644118594624,"2.5th percentile"
41.2600894472362,4.59895226130653,0.131512777034144,"2.5th percentile"
41.344688442211,4.59895226130653,0.0930523691730279,"2.5th percentile"
41.4292874371859,4.59895226130653,0.0649934413538085,"2.5th percentile"
41.5138864321608,4.59895226130653,0.0448549879302277,"2.5th percentile"
41.5984854271357,4.59895226130653,0.0305224538433646,"2.5th percentile"
41.6830844221106,4.59895226130653,0.0255965095383046,"2.5th percentile"
41.7676834170854,4.59895226130653,0.0167504373227816,"2.5th percentile"
41.8522824120603,4.59895226130653,0.0131153801124324,"2.5th percentile"
41.9368814070352,4.59895226130653,0.00810179344289172,"2.5th percentile"
42.02148040201,4.59895226130653,0.00525539384801597,"2.5th percentile"
42.1060793969849,4.59895226130653,0.00336388004602179,"2.5th percentile"
42.1906783919598,4.59895226130653,0.00267239345282587,"2.5th percentile"
42.2752773869347,4.59895226130653,0.00169149765119275,"2.5th percentile"
42.3598763819095,4.59895226130653,0.00126831719679804,"2.5th percentile"
42.4444753768844,4.59895226130653,0.000663777881432712,"2.5th percentile"
42.5290743718593,4.59895226130653,0.000551730004372554,"2.5th percentile"
42.6136733668342,4.59895226130653,0.00029803185413741,"2.5th percentile"
42.698272361809,4.59895226130653,0.000226198138407491,"2.5th percentile"
42.7828713567839,4.59895226130653,0.000148861966368507,"2.5th percentile"
42.8674703517588,4.59895226130653,8.64463367081251e-05,"2.5th percentile"
42.9520693467337,4.59895226130653,7.51464110290909e-05,"2.5th percentile"
43.0366683417085,4.59895226130653,4.57204383687297e-05,"2.5th percentile"
43.1212673366834,4.59895226130653,3.18282189522877e-05,"2.5th percentile"
43.2058663316583,4.59895226130653,2.17632123084648e-05,"2.5th percentile"
36.014951758794,4.66697889447236,0.545085375605721,"2.5th percentile"
36.0995507537688,4.66697889447236,0.508734231773373,"2.5th percentile"
36.1841497487437,4.66697889447236,0.344847043101058,"2.5th percentile"
36.2687487437186,4.66697889447236,0.256335089958139,"2.5th percentile"
36.3533477386935,4.66697889447236,0.211698412370422,"2.5th percentile"
36.4379467336683,4.66697889447236,0.221499932834186,"2.5th percentile"
36.5225457286432,4.66697889447236,0.297288949408279,"2.5th percentile"
36.6071447236181,4.66697889447236,0.35780076022586,"2.5th percentile"
36.691743718593,4.66697889447236,0.446969851526527,"2.5th percentile"
36.7763427135678,4.66697889447236,0.481502377499121,"2.5th percentile"
36.8609417085427,4.66697889447236,0.541189598414849,"2.5th percentile"
36.9455407035176,4.66697889447236,0.590211487430715,"2.5th percentile"
37.0301396984925,4.66697889447236,0.623362864508402,"2.5th percentile"
37.1147386934673,4.66697889447236,0.648720352984074,"2.5th percentile"
37.1993376884422,4.66697889447236,0.66347270523751,"2.5th percentile"
37.2839366834171,4.66697889447236,0.67830696201832,"2.5th percentile"
37.368535678392,4.66697889447236,0.694566823399406,"2.5th percentile"
37.4531346733668,4.66697889447236,0.710358875741573,"2.5th percentile"
37.5377336683417,4.66697889447236,0.734897873262108,"2.5th percentile"
37.6223326633166,4.66697889447236,0.742788866901425,"2.5th percentile"
37.7069316582915,4.66697889447236,0.758538720628459,"2.5th percentile"
37.7915306532663,4.66697889447236,0.775716151788217,"2.5th percentile"
37.8761296482412,4.66697889447236,0.781973180812954,"2.5th percentile"
37.9607286432161,4.66697889447236,0.795419539331352,"2.5th percentile"
38.045327638191,4.66697889447236,0.804775795702515,"2.5th percentile"
38.1299266331658,4.66697889447236,0.816805121544366,"2.5th percentile"
38.2145256281407,4.66697889447236,0.825370377637973,"2.5th percentile"
38.2991246231156,4.66697889447236,0.83947340567106,"2.5th percentile"
38.3837236180904,4.66697889447236,0.850422482326037,"2.5th percentile"
38.4683226130653,4.66697889447236,0.869644004867752,"2.5th percentile"
38.5529216080402,4.66697889447236,0.872084234237539,"2.5th percentile"
38.6375206030151,4.66697889447236,0.879109172648765,"2.5th percentile"
38.72211959799,4.66697889447236,0.887108845663186,"2.5th percentile"
38.8067185929648,4.66697889447236,0.901144244786805,"2.5th percentile"
38.8913175879397,4.66697889447236,0.899874798894492,"2.5th percentile"
38.9759165829146,4.66697889447236,0.908710560116388,"2.5th percentile"
39.0605155778894,4.66697889447236,0.914111876701765,"2.5th percentile"
39.1451145728643,4.66697889447236,0.919307128412639,"2.5th percentile"
39.2297135678392,4.66697889447236,0.924785845197266,"2.5th percentile"
39.3143125628141,4.66697889447236,0.930255156286409,"2.5th percentile"
39.3989115577889,4.66697889447236,0.935418531018685,"2.5th percentile"
39.4835105527638,4.66697889447236,0.939596409859789,"2.5th percentile"
39.5681095477387,4.66697889447236,0.943576627170385,"2.5th percentile"
39.6527085427136,4.66697889447236,0.949418368560042,"2.5th percentile"
39.7373075376884,4.66697889447236,0.950772075189566,"2.5th percentile"
39.8219065326633,4.66697889447236,0.954286984372181,"2.5th percentile"
39.9065055276382,4.66697889447236,0.957814450705278,"2.5th percentile"
39.9911045226131,4.66697889447236,0.958598944676249,"2.5th percentile"
40.0757035175879,4.66697889447236,0.952451324821401,"2.5th percentile"
40.1603025125628,4.66697889447236,0.939578552013672,"2.5th percentile"
40.2449015075377,4.66697889447236,0.921968197067822,"2.5th percentile"
40.3295005025126,4.66697889447236,0.898193115233309,"2.5th percentile"
40.4140994974874,4.66697889447236,0.860995518159629,"2.5th percentile"
40.4986984924623,4.66697889447236,0.81326842196552,"2.5th percentile"
40.5832974874372,4.66697889447236,0.754660792096306,"2.5th percentile"
40.6678964824121,4.66697889447236,0.676618754954639,"2.5th percentile"
40.7524954773869,4.66697889447236,0.58974860744449,"2.5th percentile"
40.8370944723618,4.66697889447236,0.494861508023705,"2.5th percentile"
40.9216934673367,4.66697889447236,0.402271276191458,"2.5th percentile"
41.0062924623116,4.66697889447236,0.315614532336721,"2.5th percentile"
41.0908914572864,4.66697889447236,0.234888540441223,"2.5th percentile"
41.1754904522613,4.66697889447236,0.17324582146134,"2.5th percentile"
41.2600894472362,4.66697889447236,0.124342545692583,"2.5th percentile"
41.344688442211,4.66697889447236,0.0895843599486921,"2.5th percentile"
41.4292874371859,4.66697889447236,0.0603728155482102,"2.5th percentile"
41.5138864321608,4.66697889447236,0.0417160350897979,"2.5th percentile"
41.5984854271357,4.66697889447236,0.0315772333445753,"2.5th percentile"
41.6830844221106,4.66697889447236,0.0203949272024499,"2.5th percentile"
41.7676834170854,4.66697889447236,0.0140343815673694,"2.5th percentile"
41.8522824120603,4.66697889447236,0.0114490971423185,"2.5th percentile"
41.9368814070352,4.66697889447236,0.00600429092651685,"2.5th percentile"
42.02148040201,4.66697889447236,0.00526719305793043,"2.5th percentile"
42.1060793969849,4.66697889447236,0.00354125953929244,"2.5th percentile"
42.1906783919598,4.66697889447236,0.00219320501938956,"2.5th percentile"
42.2752773869347,4.66697889447236,0.00154444795090257,"2.5th percentile"
42.3598763819095,4.66697889447236,0.00112530155667931,"2.5th percentile"
42.4444753768844,4.66697889447236,0.000648107229821354,"2.5th percentile"
42.5290743718593,4.66697889447236,0.000415098479976095,"2.5th percentile"
42.6136733668342,4.66697889447236,0.000344644093126217,"2.5th percentile"
42.698272361809,4.66697889447236,0.000237968547699663,"2.5th percentile"
42.7828713567839,4.66697889447236,0.000160345697041127,"2.5th percentile"
42.8674703517588,4.66697889447236,8.87713030290472e-05,"2.5th percentile"
42.9520693467337,4.66697889447236,6.38733175071194e-05,"2.5th percentile"
43.0366683417085,4.66697889447236,3.97508609803872e-05,"2.5th percentile"
43.1212673366834,4.66697889447236,2.54801751907045e-05,"2.5th percentile"
43.2058663316583,4.66697889447236,2.03795835383762e-05,"2.5th percentile"
43.2904653266332,4.66697889447236,1.40191948212059e-05,"2.5th percentile"
35.9303527638191,4.73500552763819,0.789491957312373,"2.5th percentile"
36.014951758794,4.73500552763819,0.669759809697646,"2.5th percentile"
36.0995507537688,4.73500552763819,0.548274338984932,"2.5th percentile"
36.1841497487437,4.73500552763819,0.422496114522999,"2.5th percentile"
36.2687487437186,4.73500552763819,0.302968209712864,"2.5th percentile"
36.3533477386935,4.73500552763819,0.248578349522275,"2.5th percentile"
36.4379467336683,4.73500552763819,0.222852031066428,"2.5th percentile"
36.5225457286432,4.73500552763819,0.28318554639099,"2.5th percentile"
36.6071447236181,4.73500552763819,0.360716263728572,"2.5th percentile"
36.691743718593,4.73500552763819,0.438219298241629,"2.5th percentile"
36.7763427135678,4.73500552763819,0.598719526146597,"2.5th percentile"
36.8609417085427,4.73500552763819,0.563876820865884,"2.5th percentile"
36.9455407035176,4.73500552763819,0.5717580574554,"2.5th percentile"
37.0301396984925,4.73500552763819,0.59683319773415,"2.5th percentile"
37.1147386934673,4.73500552763819,0.600939840141177,"2.5th percentile"
37.1993376884422,4.73500552763819,0.619981582637458,"2.5th percentile"
37.2839366834171,4.73500552763819,0.65402900695279,"2.5th percentile"
37.368535678392,4.73500552763819,0.656894934367081,"2.5th percentile"
37.4531346733668,4.73500552763819,0.672818718079992,"2.5th percentile"
37.5377336683417,4.73500552763819,0.707098670445724,"2.5th percentile"
37.6223326633166,4.73500552763819,0.73096755584322,"2.5th percentile"
37.7069316582915,4.73500552763819,0.720810500871558,"2.5th percentile"
37.7915306532663,4.73500552763819,0.741428294923893,"2.5th percentile"
37.8761296482412,4.73500552763819,0.753642201325757,"2.5th percentile"
37.9607286432161,4.73500552763819,0.763379425771039,"2.5th percentile"
38.045327638191,4.73500552763819,0.77514511049654,"2.5th percentile"
38.1299266331658,4.73500552763819,0.787850931476184,"2.5th percentile"
38.2145256281407,4.73500552763819,0.812708292143873,"2.5th percentile"
38.2991246231156,4.73500552763819,0.819472076757236,"2.5th percentile"
38.3837236180904,4.73500552763819,0.841818479105437,"2.5th percentile"
38.4683226130653,4.73500552763819,0.860088389402503,"2.5th percentile"
38.5529216080402,4.73500552763819,0.850200477766412,"2.5th percentile"
38.6375206030151,4.73500552763819,0.858621772861167,"2.5th percentile"
38.72211959799,4.73500552763819,0.874262442818655,"2.5th percentile"
38.8067185929648,4.73500552763819,0.875463394668018,"2.5th percentile"
38.8913175879397,4.73500552763819,0.883875001462348,"2.5th percentile"
38.9759165829146,4.73500552763819,0.89325386500735,"2.5th percentile"
39.0605155778894,4.73500552763819,0.898859480408329,"2.5th percentile"
39.1451145728643,4.73500552763819,0.905427808861929,"2.5th percentile"
39.2297135678392,4.73500552763819,0.913817708591389,"2.5th percentile"
39.3143125628141,4.73500552763819,0.917212014627618,"2.5th percentile"
39.3989115577889,4.73500552763819,0.923209383021271,"2.5th percentile"
39.4835105527638,4.73500552763819,0.929074407170875,"2.5th percentile"
39.5681095477387,4.73500552763819,0.933450495072515,"2.5th percentile"
39.6527085427136,4.73500552763819,0.937088249697839,"2.5th percentile"
39.7373075376884,4.73500552763819,0.941651774764506,"2.5th percentile"
39.8219065326633,4.73500552763819,0.946464888871872,"2.5th percentile"
39.9065055276382,4.73500552763819,0.949748243599358,"2.5th percentile"
39.9911045226131,4.73500552763819,0.95499941885825,"2.5th percentile"
40.0757035175879,4.73500552763819,0.94612196548081,"2.5th percentile"
40.1603025125628,4.73500552763819,0.934305838844473,"2.5th percentile"
40.2449015075377,4.73500552763819,0.915852218157019,"2.5th percentile"
40.3295005025126,4.73500552763819,0.888897720230696,"2.5th percentile"
40.4140994974874,4.73500552763819,0.851683387547645,"2.5th percentile"
40.4986984924623,4.73500552763819,0.803272640890866,"2.5th percentile"
40.5832974874372,4.73500552763819,0.737431396753587,"2.5th percentile"
40.6678964824121,4.73500552763819,0.660582185380168,"2.5th percentile"
40.7524954773869,4.73500552763819,0.572386450593462,"2.5th percentile"
40.8370944723618,4.73500552763819,0.476156868771185,"2.5th percentile"
40.9216934673367,4.73500552763819,0.38255286972405,"2.5th percentile"
41.0062924623116,4.73500552763819,0.296014951385076,"2.5th percentile"
41.0908914572864,4.73500552763819,0.221563668311574,"2.5th percentile"
41.1754904522613,4.73500552763819,0.161413376765362,"2.5th percentile"
41.2600894472362,4.73500552763819,0.116462616451517,"2.5th percentile"
41.344688442211,4.73500552763819,0.0850183926198259,"2.5th percentile"
41.4292874371859,4.73500552763819,0.0562291599062928,"2.5th percentile"
41.5138864321608,4.73500552763819,0.0385841848195153,"2.5th percentile"
41.5984854271357,4.73500552763819,0.0290918909178234,"2.5th percentile"
41.6830844221106,4.73500552763819,0.0198532636041008,"2.5th percentile"
41.7676834170854,4.73500552763819,0.0143050578552884,"2.5th percentile"
41.8522824120603,4.73500552763819,0.0106520522808503,"2.5th percentile"
41.9368814070352,4.73500552763819,0.00780384147796656,"2.5th percentile"
42.02148040201,4.73500552763819,0.00452350083236275,"2.5th percentile"
42.1060793969849,4.73500552763819,0.0026235138969318,"2.5th percentile"
42.1906783919598,4.73500552763819,0.00234129905452986,"2.5th percentile"
42.2752773869347,4.73500552763819,0.00157622780467085,"2.5th percentile"
42.3598763819095,4.73500552763819,0.00100536030263085,"2.5th percentile"
42.4444753768844,4.73500552763819,0.00056046358183991,"2.5th percentile"
42.5290743718593,4.73500552763819,0.000413666825798141,"2.5th percentile"
42.6136733668342,4.73500552763819,0.000264326550428276,"2.5th percentile"
42.698272361809,4.73500552763819,0.000192952664688616,"2.5th percentile"
42.7828713567839,4.73500552763819,0.00010829796818825,"2.5th percentile"
42.8674703517588,4.73500552763819,9.45636961432401e-05,"2.5th percentile"
42.9520693467337,4.73500552763819,5.43121444894529e-05,"2.5th percentile"
43.0366683417085,4.73500552763819,3.7232273406244e-05,"2.5th percentile"
43.1212673366834,4.73500552763819,2.3897107377293e-05,"2.5th percentile"
43.2058663316583,4.73500552763819,1.78100511856621e-05,"2.5th percentile"
43.2904653266332,4.73500552763819,1.22455785864834e-05,"2.5th percentile"
43.375064321608,4.73500552763819,8.7125138282047e-06,"2.5th percentile"
35.8457537688442,4.80303216080402,0.849055496730689,"2.5th percentile"
35.9303527638191,4.80303216080402,0.793971398772338,"2.5th percentile"
36.014951758794,4.80303216080402,0.641346281652865,"2.5th percentile"
36.0995507537688,4.80303216080402,0.557815462467052,"2.5th percentile"
36.1841497487437,4.80303216080402,0.475365315046514,"2.5th percentile"
36.2687487437186,4.80303216080402,0.371480202686783,"2.5th percentile"
36.3533477386935,4.80303216080402,0.292896312079617,"2.5th percentile"
36.4379467336683,4.80303216080402,0.261711117582195,"2.5th percentile"
36.5225457286432,4.80303216080402,0.292928591811564,"2.5th percentile"
36.6071447236181,4.80303216080402,0.346381213078051,"2.5th percentile"
36.691743718593,4.80303216080402,0.402022016469051,"2.5th percentile"
36.7763427135678,4.80303216080402,0.544020528085671,"2.5th percentile"
36.8609417085427,4.80303216080402,0.492565940989957,"2.5th percentile"
36.9455407035176,4.80303216080402,0.524199290528569,"2.5th percentile"
37.0301396984925,4.80303216080402,0.541201391088415,"2.5th percentile"
37.1147386934673,4.80303216080402,0.560859931742026,"2.5th percentile"
37.1993376884422,4.80303216080402,0.57702054149929,"2.5th percentile"
37.2839366834171,4.80303216080402,0.595754015116267,"2.5th percentile"
37.368535678392,4.80303216080402,0.615384245383221,"2.5th percentile"
37.4531346733668,4.80303216080402,0.632162767805093,"2.5th percentile"
37.5377336683417,4.80303216080402,0.650565632606234,"2.5th percentile"
37.6223326633166,4.80303216080402,0.715716391147587,"2.5th percentile"
37.7069316582915,4.80303216080402,0.686279101138103,"2.5th percentile"
37.7915306532663,4.80303216080402,0.699938760477611,"2.5th percentile"
37.8761296482412,4.80303216080402,0.717393825230146,"2.5th percentile"
37.9607286432161,4.80303216080402,0.732804359982267,"2.5th percentile"
38.045327638191,4.80303216080402,0.755453322810672,"2.5th percentile"
38.1299266331658,4.80303216080402,0.760569846872402,"2.5th percentile"
38.2145256281407,4.80303216080402,0.786980386537239,"2.5th percentile"
38.2991246231156,4.80303216080402,0.810307009243318,"2.5th percentile"
38.3837236180904,4.80303216080402,0.815134583061504,"2.5th percentile"
38.4683226130653,4.80303216080402,0.855470946385679,"2.5th percentile"
38.5529216080402,4.80303216080402,0.852026821305598,"2.5th percentile"
38.6375206030151,4.80303216080402,0.836819368167661,"2.5th percentile"
38.72211959799,4.80303216080402,0.847975781732784,"2.5th percentile"
38.8067185929648,4.80303216080402,0.85369463040202,"2.5th percentile"
38.8913175879397,4.80303216080402,0.870889884953037,"2.5th percentile"
38.9759165829146,4.80303216080402,0.874713320927215,"2.5th percentile"
39.0605155778894,4.80303216080402,0.88135394315622,"2.5th percentile"
39.1451145728643,4.80303216080402,0.892600505996451,"2.5th percentile"
39.2297135678392,4.80303216080402,0.896562727290291,"2.5th percentile"
39.3143125628141,4.80303216080402,0.902818924739621,"2.5th percentile"
39.3989115577889,4.80303216080402,0.909491745982004,"2.5th percentile"
39.4835105527638,4.80303216080402,0.916281960962335,"2.5th percentile"
39.5681095477387,4.80303216080402,0.920434254152717,"2.5th percentile"
39.6527085427136,4.80303216080402,0.925562924846785,"2.5th percentile"
39.7373075376884,4.80303216080402,0.930341463195398,"2.5th percentile"
39.8219065326633,4.80303216080402,0.93596251747263,"2.5th percentile"
39.9065055276382,4.80303216080402,0.940415865712188,"2.5th percentile"
39.9911045226131,4.80303216080402,0.944587729110847,"2.5th percentile"
40.0757035175879,4.80303216080402,0.941224621394258,"2.5th percentile"
40.1603025125628,4.80303216080402,0.928474856510332,"2.5th percentile"
40.2449015075377,4.80303216080402,0.909205782735528,"2.5th percentile"
40.3295005025126,4.80303216080402,0.881034192705041,"2.5th percentile"
40.4140994974874,4.80303216080402,0.841962554144814,"2.5th percentile"
40.4986984924623,4.80303216080402,0.789446932152125,"2.5th percentile"
40.5832974874372,4.80303216080402,0.723179879771262,"2.5th percentile"
40.6678964824121,4.80303216080402,0.644221481313299,"2.5th percentile"
40.7524954773869,4.80303216080402,0.55450575524246,"2.5th percentile"
40.8370944723618,4.80303216080402,0.457645286353728,"2.5th percentile"
40.9216934673367,4.80303216080402,0.365901212419661,"2.5th percentile"
41.0062924623116,4.80303216080402,0.287629639955915,"2.5th percentile"
41.0908914572864,4.80303216080402,0.209886432626986,"2.5th percentile"
41.1754904522613,4.80303216080402,0.161477787192282,"2.5th percentile"
41.2600894472362,4.80303216080402,0.109678846970248,"2.5th percentile"
41.344688442211,4.80303216080402,0.0762109179251413,"2.5th percentile"
41.4292874371859,4.80303216080402,0.0554491733982775,"2.5th percentile"
41.5138864321608,4.80303216080402,0.0361534760186383,"2.5th percentile"
41.5984854271357,4.80303216080402,0.024647306806342,"2.5th percentile"
41.6830844221106,4.80303216080402,0.0210087263631699,"2.5th percentile"
41.7676834170854,4.80303216080402,0.0126283909984081,"2.5th percentile"
41.8522824120603,4.80303216080402,0.010769010888273,"2.5th percentile"
41.9368814070352,4.80303216080402,0.00653931305103333,"2.5th percentile"
42.02148040201,4.80303216080402,0.00394763373528248,"2.5th percentile"
42.1060793969849,4.80303216080402,0.00326460722528606,"2.5th percentile"
42.1906783919598,4.80303216080402,0.00182168625942936,"2.5th percentile"
42.2752773869347,4.80303216080402,0.00149422025088637,"2.5th percentile"
42.3598763819095,4.80303216080402,0.000901815853120367,"2.5th percentile"
42.4444753768844,4.80303216080402,0.000610783484249888,"2.5th percentile"
42.5290743718593,4.80303216080402,0.000420661857692706,"2.5th percentile"
42.6136733668342,4.80303216080402,0.000285574313387144,"2.5th percentile"
42.698272361809,4.80303216080402,0.000155945695464535,"2.5th percentile"
42.7828713567839,4.80303216080402,0.000100832186510212,"2.5th percentile"
42.8674703517588,4.80303216080402,8.72133352870727e-05,"2.5th percentile"
42.9520693467337,4.80303216080402,4.45968423953344e-05,"2.5th percentile"
43.0366683417085,4.80303216080402,3.0631460192284e-05,"2.5th percentile"
43.1212673366834,4.80303216080402,2.40942419628917e-05,"2.5th percentile"
43.2058663316583,4.80303216080402,1.77386455473182e-05,"2.5th percentile"
43.2904653266332,4.80303216080402,1.15380621629913e-05,"2.5th percentile"
43.375064321608,4.80303216080402,8.15248437013859e-06,"2.5th percentile"
43.4596633165829,4.80303216080402,5.4828364611194e-06,"2.5th percentile"
35.8457537688442,4.87105879396985,0.858904360404903,"2.5th percentile"
35.9303527638191,4.87105879396985,0.798519907281058,"2.5th percentile"
36.014951758794,4.87105879396985,0.688158631063559,"2.5th percentile"
36.0995507537688,4.87105879396985,0.603965023049685,"2.5th percentile"
36.1841497487437,4.87105879396985,0.58239984408409,"2.5th percentile"
36.2687487437186,4.87105879396985,0.458088750871738,"2.5th percentile"
36.3533477386935,4.87105879396985,0.395338235268404,"2.5th percentile"
36.4379467336683,4.87105879396985,0.315003499530902,"2.5th percentile"
36.5225457286432,4.87105879396985,0.299165557832356,"2.5th percentile"
36.6071447236181,4.87105879396985,0.349413658991328,"2.5th percentile"
36.691743718593,4.87105879396985,0.40139725826377,"2.5th percentile"
36.7763427135678,4.87105879396985,0.435423584106689,"2.5th percentile"
36.8609417085427,4.87105879396985,0.535076702026231,"2.5th percentile"
36.9455407035176,4.87105879396985,0.563626059646966,"2.5th percentile"
37.0301396984925,4.87105879396985,0.502088350925891,"2.5th percentile"
37.1147386934673,4.87105879396985,0.524862334815249,"2.5th percentile"
37.1993376884422,4.87105879396985,0.555132787545534,"2.5th percentile"
37.2839366834171,4.87105879396985,0.599078871351447,"2.5th percentile"
37.368535678392,4.87105879396985,0.603196526454762,"2.5th percentile"
37.4531346733668,4.87105879396985,0.595079495988866,"2.5th percentile"
37.5377336683417,4.87105879396985,0.607725835892039,"2.5th percentile"
37.6223326633166,4.87105879396985,0.70423805935707,"2.5th percentile"
37.7069316582915,4.87105879396985,0.650152431734071,"2.5th percentile"
37.7915306532663,4.87105879396985,0.660730669166448,"2.5th percentile"
37.8761296482412,4.87105879396985,0.678147449074974,"2.5th percentile"
37.9607286432161,4.87105879396985,0.69050678322581,"2.5th percentile"
38.045327638191,4.87105879396985,0.699931119018996,"2.5th percentile"
38.1299266331658,4.87105879396985,0.730879594868702,"2.5th percentile"
38.2145256281407,4.87105879396985,0.773616908166795,"2.5th percentile"
38.2991246231156,4.87105879396985,0.766684213926603,"2.5th percentile"
38.3837236180904,4.87105879396985,0.801271132928134,"2.5th percentile"
38.4683226130653,4.87105879396985,0.825230498946099,"2.5th percentile"
38.5529216080402,4.87105879396985,0.804649855401354,"2.5th percentile"
38.6375206030151,4.87105879396985,0.810945821314043,"2.5th percentile"
38.72211959799,4.87105879396985,0.82118705957768,"2.5th percentile"
38.8067185929648,4.87105879396985,0.837674561899791,"2.5th percentile"
38.8913175879397,4.87105879396985,0.854633441629594,"2.5th percentile"
38.9759165829146,4.87105879396985,0.851261664787598,"2.5th percentile"
39.0605155778894,4.87105879396985,0.86073619338553,"2.5th percentile"
39.1451145728643,4.87105879396985,0.869726090045403,"2.5th percentile"
39.2297135678392,4.87105879396985,0.881483327225241,"2.5th percentile"
39.3143125628141,4.87105879396985,0.887224452242894,"2.5th percentile"
39.3989115577889,4.87105879396985,0.898386090981323,"2.5th percentile"
39.4835105527638,4.87105879396985,0.905173511968632,"2.5th percentile"
39.5681095477387,4.87105879396985,0.909689098765814,"2.5th percentile"
39.6527085427136,4.87105879396985,0.912039982991469,"2.5th percentile"
39.7373075376884,4.87105879396985,0.91762160056348,"2.5th percentile"
39.8219065326633,4.87105879396985,0.924724482778902,"2.5th percentile"
39.9065055276382,4.87105879396985,0.929630900201158,"2.5th percentile"
39.9911045226131,4.87105879396985,0.934360417151915,"2.5th percentile"
40.0757035175879,4.87105879396985,0.93325043184682,"2.5th percentile"
40.1603025125628,4.87105879396985,0.921481998774283,"2.5th percentile"
40.2449015075377,4.87105879396985,0.901799290597137,"2.5th percentile"
40.3295005025126,4.87105879396985,0.872383027915127,"2.5th percentile"
40.4140994974874,4.87105879396985,0.831520161502566,"2.5th percentile"
40.4986984924623,4.87105879396985,0.776796693273089,"2.5th percentile"
40.5832974874372,4.87105879396985,0.708042365097519,"2.5th percentile"
40.6678964824121,4.87105879396985,0.627051976975646,"2.5th percentile"
40.7524954773869,4.87105879396985,0.540030578984834,"2.5th percentile"
40.8370944723618,4.87105879396985,0.438963963126041,"2.5th percentile"
40.9216934673367,4.87105879396985,0.34896491268038,"2.5th percentile"
41.0062924623116,4.87105879396985,0.265747754345458,"2.5th percentile"
41.0908914572864,4.87105879396985,0.19751789661019,"2.5th percentile"
41.1754904522613,4.87105879396985,0.143817436641638,"2.5th percentile"
41.2600894472362,4.87105879396985,0.100796166696095,"2.5th percentile"
41.344688442211,4.87105879396985,0.0705030026521511,"2.5th percentile"
41.4292874371859,4.87105879396985,0.0486337166231802,"2.5th percentile"
41.5138864321608,4.87105879396985,0.0332549069203983,"2.5th percentile"
41.5984854271357,4.87105879396985,0.0234029225564744,"2.5th percentile"
41.6830844221106,4.87105879396985,0.0178146398024988,"2.5th percentile"
41.7676834170854,4.87105879396985,0.0117176527675002,"2.5th percentile"
41.8522824120603,4.87105879396985,0.00968265276143195,"2.5th percentile"
41.9368814070352,4.87105879396985,0.00500573620374031,"2.5th percentile"
42.02148040201,4.87105879396985,0.00386646836188664,"2.5th percentile"
42.1060793969849,4.87105879396985,0.00303326953693901,"2.5th percentile"
42.1906783919598,4.87105879396985,0.00173472762494668,"2.5th percentile"
42.2752773869347,4.87105879396985,0.00129776512362184,"2.5th percentile"
42.3598763819095,4.87105879396985,0.000681144394601567,"2.5th percentile"
42.4444753768844,4.87105879396985,0.000484307839930254,"2.5th percentile"
42.5290743718593,4.87105879396985,0.000413561078112393,"2.5th percentile"
42.6136733668342,4.87105879396985,0.00026987315020521,"2.5th percentile"
42.698272361809,4.87105879396985,0.000136233640828826,"2.5th percentile"
42.7828713567839,4.87105879396985,0.000114888001414484,"2.5th percentile"
42.8674703517588,4.87105879396985,7.34843945859165e-05,"2.5th percentile"
42.9520693467337,4.87105879396985,4.69239875222734e-05,"2.5th percentile"
43.0366683417085,4.87105879396985,3.05017124106203e-05,"2.5th percentile"
43.1212673366834,4.87105879396985,1.85886450750808e-05,"2.5th percentile"
43.2058663316583,4.87105879396985,1.59937904887237e-05,"2.5th percentile"
43.2904653266332,4.87105879396985,9.70217592389041e-06,"2.5th percentile"
43.375064321608,4.87105879396985,6.81356907756316e-06,"2.5th percentile"
43.4596633165829,4.87105879396985,5.45013243226303e-06,"2.5th percentile"
43.5442623115578,4.87105879396985,4.12762813795133e-06,"2.5th percentile"
35.8457537688442,4.93908542713568,0.824463947250324,"2.5th percentile"
35.9303527638191,4.93908542713568,0.740021116142991,"2.5th percentile"
36.014951758794,4.93908542713568,0.723175993144514,"2.5th percentile"
36.0995507537688,4.93908542713568,0.580149812839674,"2.5th percentile"
36.1841497487437,4.93908542713568,0.594699572900495,"2.5th percentile"
36.2687487437186,4.93908542713568,0.454008532855042,"2.5th percentile"
36.3533477386935,4.93908542713568,0.439374207579396,"2.5th percentile"
36.4379467336683,4.93908542713568,0.351718714508865,"2.5th percentile"
36.5225457286432,4.93908542713568,0.304552060572828,"2.5th percentile"
36.6071447236181,4.93908542713568,0.323954837277844,"2.5th percentile"
36.691743718593,4.93908542713568,0.348013479092451,"2.5th percentile"
36.7763427135678,4.93908542713568,0.393012275424062,"2.5th percentile"
36.8609417085427,4.93908542713568,0.474894665162283,"2.5th percentile"
36.9455407035176,4.93908542713568,0.515251872850983,"2.5th percentile"
37.0301396984925,4.93908542713568,0.459073534284442,"2.5th percentile"
37.1147386934673,4.93908542713568,0.47117941414715,"2.5th percentile"
37.1993376884422,4.93908542713568,0.524723164695551,"2.5th percentile"
37.2839366834171,4.93908542713568,0.527385580477853,"2.5th percentile"
37.368535678392,4.93908542713568,0.542816585249126,"2.5th percentile"
37.4531346733668,4.93908542713568,0.593593381543149,"2.5th percentile"
37.5377336683417,4.93908542713568,0.562352197206267,"2.5th percentile"
37.6223326633166,4.93908542713568,0.652667460547048,"2.5th percentile"
37.7069316582915,4.93908542713568,0.651277042545543,"2.5th percentile"
37.7915306532663,4.93908542713568,0.639069155491503,"2.5th percentile"
37.8761296482412,4.93908542713568,0.632348677591727,"2.5th percentile"
37.9607286432161,4.93908542713568,0.664879701705669,"2.5th percentile"
38.045327638191,4.93908542713568,0.664111602888673,"2.5th percentile"
38.1299266331658,4.93908542713568,0.745630032005732,"2.5th percentile"
38.2145256281407,4.93908542713568,0.732201756121715,"2.5th percentile"
38.2991246231156,4.93908542713568,0.748123232677223,"2.5th percentile"
38.3837236180904,4.93908542713568,0.740315151283197,"2.5th percentile"
38.4683226130653,4.93908542713568,0.765646588753004,"2.5th percentile"
38.5529216080402,4.93908542713568,0.77334155267045,"2.5th percentile"
38.6375206030151,4.93908542713568,0.780832659264638,"2.5th percentile"
38.72211959799,4.93908542713568,0.793941222061513,"2.5th percentile"
38.8067185929648,4.93908542713568,0.807255028945951,"2.5th percentile"
38.8913175879397,4.93908542713568,0.828347436928209,"2.5th percentile"
38.9759165829146,4.93908542713568,0.826925761134376,"2.5th percentile"
39.0605155778894,4.93908542713568,0.838940526091877,"2.5th percentile"
39.1451145728643,4.93908542713568,0.848034400982979,"2.5th percentile"
39.2297135678392,4.93908542713568,0.861857260365352,"2.5th percentile"
39.3143125628141,4.93908542713568,0.866585391547488,"2.5th percentile"
39.3989115577889,4.93908542713568,0.879054370833277,"2.5th percentile"
39.4835105527638,4.93908542713568,0.883985216244829,"2.5th percentile"
39.5681095477387,4.93908542713568,0.895139010583844,"2.5th percentile"
39.6527085427136,4.93908542713568,0.897404901986995,"2.5th percentile"
39.7373075376884,4.93908542713568,0.902575852956638,"2.5th percentile"
39.8219065326633,4.93908542713568,0.910160425867785,"2.5th percentile"
39.9065055276382,4.93908542713568,0.917054700671847,"2.5th percentile"
39.9911045226131,4.93908542713568,0.922861510597097,"2.5th percentile"
40.0757035175879,4.93908542713568,0.925524395556435,"2.5th percentile"
40.1603025125628,4.93908542713568,0.913840773039348,"2.5th percentile"
40.2449015075377,4.93908542713568,0.89371137131539,"2.5th percentile"
40.3295005025126,4.93908542713568,0.863044739580484,"2.5th percentile"
40.4140994974874,4.93908542713568,0.82008450074755,"2.5th percentile"
40.4986984924623,4.93908542713568,0.763560311127926,"2.5th percentile"
40.5832974874372,4.93908542713568,0.698176725890669,"2.5th percentile"
40.6678964824121,4.93908542713568,0.616668897270511,"2.5th percentile"
40.7524954773869,4.93908542713568,0.534768497144074,"2.5th percentile"
40.8370944723618,4.93908542713568,0.420379148892267,"2.5th percentile"
40.9216934673367,4.93908542713568,0.330605878185331,"2.5th percentile"
41.0062924623116,4.93908542713568,0.251512922826165,"2.5th percentile"
41.0908914572864,4.93908542713568,0.185105467299243,"2.5th percentile"
41.1754904522613,4.93908542713568,0.135760585063099,"2.5th percentile"
41.2600894472362,4.93908542713568,0.098163101350186,"2.5th percentile"
41.344688442211,4.93908542713568,0.0657586331223999,"2.5th percentile"
41.4292874371859,4.93908542713568,0.0451773272044917,"2.5th percentile"
41.5138864321608,4.93908542713568,0.0309407535807855,"2.5th percentile"
41.5984854271357,4.93908542713568,0.02203707156341,"2.5th percentile"
41.6830844221106,4.93908542713568,0.0165607058895965,"2.5th percentile"
41.7676834170854,4.93908542713568,0.0114941820180445,"2.5th percentile"
41.8522824120603,4.93908542713568,0.00676795232965633,"2.5th percentile"
41.9368814070352,4.93908542713568,0.0050775776298309,"2.5th percentile"
42.02148040201,4.93908542713568,0.00296828150029075,"2.5th percentile"
42.1060793969849,4.93908542713568,0.00222882830454563,"2.5th percentile"
42.1906783919598,4.93908542713568,0.00144765754105191,"2.5th percentile"
42.2752773869347,4.93908542713568,0.00103446791794961,"2.5th percentile"
42.3598763819095,4.93908542713568,0.000858976033425388,"2.5th percentile"
42.4444753768844,4.93908542713568,0.000546995668380292,"2.5th percentile"
42.5290743718593,4.93908542713568,0.000327923597979259,"2.5th percentile"
42.6136733668342,4.93908542713568,0.000183356603057155,"2.5th percentile"
42.698272361809,4.93908542713568,0.000145620112228647,"2.5th percentile"
42.7828713567839,4.93908542713568,0.00010551244811342,"2.5th percentile"
42.8674703517588,4.93908542713568,6.80019252809839e-05,"2.5th percentile"
42.9520693467337,4.93908542713568,4.29230604150047e-05,"2.5th percentile"
43.0366683417085,4.93908542713568,3.13027475674782e-05,"2.5th percentile"
43.1212673366834,4.93908542713568,1.96487693698364e-05,"2.5th percentile"
43.2058663316583,4.93908542713568,1.34469201707895e-05,"2.5th percentile"
43.2904653266332,4.93908542713568,8.48549165811624e-06,"2.5th percentile"
43.375064321608,4.93908542713568,7.42043626265067e-06,"2.5th percentile"
43.4596633165829,4.93908542713568,5.50808104329188e-06,"2.5th percentile"
43.5442623115578,4.93908542713568,4.66410187611402e-06,"2.5th percentile"
43.6288613065327,4.93908542713568,3.237700914756e-06,"2.5th percentile"
35.8457537688442,5.00711206030151,0.768109045257081,"2.5th percentile"
35.9303527638191,5.00711206030151,0.704388501597392,"2.5th percentile"
36.014951758794,5.00711206030151,0.677062434427728,"2.5th percentile"
36.0995507537688,5.00711206030151,0.547947303277321,"2.5th percentile"
36.1841497487437,5.00711206030151,0.570980728129174,"2.5th percentile"
36.2687487437186,5.00711206030151,0.479387398113872,"2.5th percentile"
36.3533477386935,5.00711206030151,0.393420536788531,"2.5th percentile"
36.4379467336683,5.00711206030151,0.316070801555182,"2.5th percentile"
36.5225457286432,5.00711206030151,0.304291172826963,"2.5th percentile"
36.6071447236181,5.00711206030151,0.287136603772994,"2.5th percentile"
36.691743718593,5.00711206030151,0.303772412352646,"2.5th percentile"
36.7763427135678,5.00711206030151,0.35845042425552,"2.5th percentile"
36.8609417085427,5.00711206030151,0.424967322359993,"2.5th percentile"
36.9455407035176,5.00711206030151,0.390185475958088,"2.5th percentile"
37.0301396984925,5.00711206030151,0.414109920446552,"2.5th percentile"
37.1147386934673,5.00711206030151,0.438581053190745,"2.5th percentile"
37.1993376884422,5.00711206030151,0.440239238535755,"2.5th percentile"
37.2839366834171,5.00711206030151,0.46266831726006,"2.5th percentile"
37.368535678392,5.00711206030151,0.50722301710418,"2.5th percentile"
37.4531346733668,5.00711206030151,0.52106635543925,"2.5th percentile"
37.5377336683417,5.00711206030151,0.516928667044048,"2.5th percentile"
37.6223326633166,5.00711206030151,0.538229486529622,"2.5th percentile"
37.7069316582915,5.00711206030151,0.55575415708625,"2.5th percentile"
37.7915306532663,5.00711206030151,0.602169934233322,"2.5th percentile"
37.8761296482412,5.00711206030151,0.605398036959118,"2.5th percentile"
37.9607286432161,5.00711206030151,0.651314550724609,"2.5th percentile"
38.045327638191,5.00711206030151,0.644034441841477,"2.5th percentile"
38.1299266331658,5.00711206030151,0.685681639620411,"2.5th percentile"
38.2145256281407,5.00711206030151,0.686421679169917,"2.5th percentile"
38.2991246231156,5.00711206030151,0.704141257879891,"2.5th percentile"
38.3837236180904,5.00711206030151,0.704628236743893,"2.5th percentile"
38.4683226130653,5.00711206030151,0.71753518984539,"2.5th percentile"
38.5529216080402,5.00711206030151,0.735514427859455,"2.5th percentile"
38.6375206030151,5.00711206030151,0.748377657458252,"2.5th percentile"
38.72211959799,5.00711206030151,0.760760276254276,"2.5th percentile"
38.8067185929648,5.00711206030151,0.774868003485018,"2.5th percentile"
38.8913175879397,5.00711206030151,0.798377194851524,"2.5th percentile"
38.9759165829146,5.00711206030151,0.801997752744662,"2.5th percentile"
39.0605155778894,5.00711206030151,0.812466081984561,"2.5th percentile"
39.1451145728643,5.00711206030151,0.822670070806236,"2.5th percentile"
39.2297135678392,5.00711206030151,0.835257498214577,"2.5th percentile"
39.3143125628141,5.00711206030151,0.843239664171836,"2.5th percentile"
39.3989115577889,5.00711206030151,0.852906622321392,"2.5th percentile"
39.4835105527638,5.00711206030151,0.864014270698518,"2.5th percentile"
39.5681095477387,5.00711206030151,0.869720776758828,"2.5th percentile"
39.6527085427136,5.00711206030151,0.886623719659741,"2.5th percentile"
39.7373075376884,5.00711206030151,0.904254276650577,"2.5th percentile"
39.8219065326633,5.00711206030151,0.892503232050317,"2.5th percentile"
39.9065055276382,5.00711206030151,0.903625292409657,"2.5th percentile"
39.9911045226131,5.00711206030151,0.909655661457161,"2.5th percentile"
40.0757035175879,5.00711206030151,0.915693237941017,"2.5th percentile"
40.1603025125628,5.00711206030151,0.904998739881942,"2.5th percentile"
40.2449015075377,5.00711206030151,0.884763675551141,"2.5th percentile"
40.3295005025126,5.00711206030151,0.852985450563711,"2.5th percentile"
40.4140994974874,5.00711206030151,0.808238228753796,"2.5th percentile"
40.4986984924623,5.00711206030151,0.749701778649026,"2.5th percentile"
40.5832974874372,5.00711206030151,0.676042384651267,"2.5th percentile"
40.6678964824121,5.00711206030151,0.591256168461423,"2.5th percentile"
40.7524954773869,5.00711206030151,0.50432610688688,"2.5th percentile"
40.8370944723618,5.00711206030151,0.403590203384047,"2.5th percentile"
40.9216934673367,5.00711206030151,0.314909824704179,"2.5th percentile"
41.0062924623116,5.00711206030151,0.237192622438838,"2.5th percentile"
41.0908914572864,5.00711206030151,0.176643698992929,"2.5th percentile"
41.1754904522613,5.00711206030151,0.125520891235964,"2.5th percentile"
41.2600894472362,5.00711206030151,0.0882902231364991,"2.5th percentile"
41.344688442211,5.00711206030151,0.0610721656703762,"2.5th percentile"
41.4292874371859,5.00711206030151,0.0464867939021594,"2.5th percentile"
41.5138864321608,5.00711206030151,0.0286647465690652,"2.5th percentile"
41.5984854271357,5.00711206030151,0.0195748803083681,"2.5th percentile"
41.6830844221106,5.00711206030151,0.0135029397398733,"2.5th percentile"
41.7676834170854,5.00711206030151,0.00942259732709515,"2.5th percentile"
41.8522824120603,5.00711206030151,0.00841749443103851,"2.5th percentile"
41.9368814070352,5.00711206030151,0.00521056419119918,"2.5th percentile"
42.02148040201,5.00711206030151,0.00288700772118108,"2.5th percentile"
42.1060793969849,5.00711206030151,0.0020789582140672,"2.5th percentile"
42.1906783919598,5.00711206030151,0.00144477403981891,"2.5th percentile"
42.2752773869347,5.00711206030151,0.00091986854269135,"2.5th percentile"
42.3598763819095,5.00711206030151,0.000556202397788613,"2.5th percentile"
42.4444753768844,5.00711206030151,0.00037904425045692,"2.5th percentile"
42.5290743718593,5.00711206030151,0.000319736870228114,"2.5th percentile"
42.6136733668342,5.00711206030151,0.000202224975328889,"2.5th percentile"
42.698272361809,5.00711206030151,0.000135482219437294,"2.5th percentile"
42.7828713567839,5.00711206030151,9.51626627565974e-05,"2.5th percentile"
42.8674703517588,5.00711206030151,6.72011545319888e-05,"2.5th percentile"
42.9520693467337,5.00711206030151,3.80147247987846e-05,"2.5th percentile"
43.0366683417085,5.00711206030151,2.72584852097733e-05,"2.5th percentile"
43.1212673366834,5.00711206030151,1.69387612177547e-05,"2.5th percentile"
43.2058663316583,5.00711206030151,1.0551913087485e-05,"2.5th percentile"
43.2904653266332,5.00711206030151,9.84644895426335e-06,"2.5th percentile"
43.375064321608,5.00711206030151,8.35998007353016e-06,"2.5th percentile"
43.4596633165829,5.00711206030151,6.82291259449308e-06,"2.5th percentile"
43.5442623115578,5.00711206030151,5.09906115526506e-06,"2.5th percentile"
43.6288613065327,5.00711206030151,3.73379579007454e-06,"2.5th percentile"
43.7134603015075,5.00711206030151,2.73444793446953e-06,"2.5th percentile"
43.7980592964824,5.00711206030151,2.20747136852302e-06,"2.5th percentile"
43.8826582914573,5.00711206030151,1.58804049293735e-06,"2.5th percentile"
43.9672572864322,5.00711206030151,1.37870425863923e-06,"2.5th percentile"
44.051856281407,5.00711206030151,9.75606062029143e-07,"2.5th percentile"
44.1364552763819,5.00711206030151,8.22089081627152e-07,"2.5th percentile"
44.2210542713568,5.00711206030151,5.57987179611409e-07,"2.5th percentile"
44.3056532663317,5.00711206030151,4.26348514905886e-07,"2.5th percentile"
44.3902522613065,5.00711206030151,3.76110655493287e-07,"2.5th percentile"
44.4748512562814,5.00711206030151,2.89431719631092e-07,"2.5th percentile"
44.5594502512563,5.00711206030151,2.55300650220104e-07,"2.5th percentile"
44.6440492462312,5.00711206030151,1.75357707310352e-07,"2.5th percentile"
44.728648241206,5.00711206030151,1.54703517256372e-07,"2.5th percentile"
44.8132472361809,5.00711206030151,1.1745896119525e-07,"2.5th percentile"
44.8978462311558,5.00711206030151,7.82470869323783e-08,"2.5th percentile"
35.8457537688442,5.07513869346734,0.722678446684134,"2.5th percentile"
35.9303527638191,5.07513869346734,0.733796757497371,"2.5th percentile"
36.014951758794,5.07513869346734,0.64306633762266,"2.5th percentile"
36.0995507537688,5.07513869346734,0.532039700255013,"2.5th percentile"
36.1841497487437,5.07513869346734,0.496566028386116,"2.5th percentile"
36.2687487437186,5.07513869346734,0.431353748373122,"2.5th percentile"
36.3533477386935,5.07513869346734,0.357430505920964,"2.5th percentile"
36.4379467336683,5.07513869346734,0.294305047626497,"2.5th percentile"
36.5225457286432,5.07513869346734,0.297792421856725,"2.5th percentile"
36.6071447236181,5.07513869346734,0.299544085966241,"2.5th percentile"
36.691743718593,5.07513869346734,0.279474161648433,"2.5th percentile"
36.7763427135678,5.07513869346734,0.28812509611601,"2.5th percentile"
36.8609417085427,5.07513869346734,0.342639984223032,"2.5th percentile"
36.9455407035176,5.07513869346734,0.407865519033098,"2.5th percentile"
37.0301396984925,5.07513869346734,0.364552738827902,"2.5th percentile"
37.1147386934673,5.07513869346734,0.38156113574316,"2.5th percentile"
37.1993376884422,5.07513869346734,0.400578708692886,"2.5th percentile"
37.2839366834171,5.07513869346734,0.479739116754351,"2.5th percentile"
37.368535678392,5.07513869346734,0.490890646086935,"2.5th percentile"
37.4531346733668,5.07513869346734,0.459689627351783,"2.5th percentile"
37.5377336683417,5.07513869346734,0.50659118454362,"2.5th percentile"
37.6223326633166,5.07513869346734,0.510074123971193,"2.5th percentile"
37.7069316582915,5.07513869346734,0.513963156655299,"2.5th percentile"
37.7915306532663,5.07513869346734,0.534817826970058,"2.5th percentile"
37.8761296482412,5.07513869346734,0.552059678539361,"2.5th percentile"
37.9607286432161,5.07513869346734,0.567634309265259,"2.5th percentile"
38.045327638191,5.07513869346734,0.592688215365643,"2.5th percentile"
38.1299266331658,5.07513869346734,0.611971143630739,"2.5th percentile"
38.2145256281407,5.07513869346734,0.653298771028607,"2.5th percentile"
38.2991246231156,5.07513869346734,0.650990957166052,"2.5th percentile"
38.3837236180904,5.07513869346734,0.690194851535061,"2.5th percentile"
38.4683226130653,5.07513869346734,0.677468658106106,"2.5th percentile"
38.5529216080402,5.07513869346734,0.698118532014611,"2.5th percentile"
38.6375206030151,5.07513869346734,0.714443945975556,"2.5th percentile"
38.72211959799,5.07513869346734,0.726632274742138,"2.5th percentile"
38.8067185929648,5.07513869346734,0.74246860787058,"2.5th percentile"
38.8913175879397,5.07513869346734,0.759174807830878,"2.5th percentile"
38.9759165829146,5.07513869346734,0.771626545858803,"2.5th percentile"
39.0605155778894,5.07513869346734,0.783828937921252,"2.5th percentile"
39.1451145728643,5.07513869346734,0.794996521395395,"2.5th percentile"
39.2297135678392,5.07513869346734,0.806330526240115,"2.5th percentile"
39.3143125628141,5.07513869346734,0.818961377487254,"2.5th percentile"
39.3989115577889,5.07513869346734,0.829355621606585,"2.5th percentile"
39.4835105527638,5.07513869346734,0.840841225856864,"2.5th percentile"
39.5681095477387,5.07513869346734,0.851503486817192,"2.5th percentile"
39.6527085427136,5.07513869346734,0.880114228266616,"2.5th percentile"
39.7373075376884,5.07513869346734,0.892996160128616,"2.5th percentile"
39.8219065326633,5.07513869346734,0.87415481348665,"2.5th percentile"
39.9065055276382,5.07513869346734,0.903240074698528,"2.5th percentile"
39.9911045226131,5.07513869346734,0.892996433460983,"2.5th percentile"
40.0757035175879,5.07513869346734,0.900323124655354,"2.5th percentile"
40.1603025125628,5.07513869346734,0.895300085343599,"2.5th percentile"
40.2449015075377,5.07513869346734,0.874865031416365,"2.5th percentile"
40.3295005025126,5.07513869346734,0.842369481430268,"2.5th percentile"
40.4140994974874,5.07513869346734,0.797350402308759,"2.5th percentile"
40.4986984924623,5.07513869346734,0.748438652583294,"2.5th percentile"
40.5832974874372,5.07513869346734,0.68129198098012,"2.5th percentile"
40.6678964824121,5.07513869346734,0.594464100072458,"2.5th percentile"
40.7524954773869,5.07513869346734,0.484466272245836,"2.5th percentile"
40.8370944723618,5.07513869346734,0.385156803497397,"2.5th percentile"
40.9216934673367,5.07513869346734,0.298722504136478,"2.5th percentile"
41.0062924623116,5.07513869346734,0.22394386017959,"2.5th percentile"
41.0908914572864,5.07513869346734,0.16448386643524,"2.5th percentile"
41.1754904522613,5.07513869346734,0.116768443379158,"2.5th percentile"
41.2600894472362,5.07513869346734,0.0824070473173229,"2.5th percentile"
41.344688442211,5.07513869346734,0.0568128477560173,"2.5th percentile"
41.4292874371859,5.07513869346734,0.0389648713595424,"2.5th percentile"
41.5138864321608,5.07513869346734,0.0266045258429677,"2.5th percentile"
41.5984854271357,5.07513869346734,0.0180474767452538,"2.5th percentile"
41.6830844221106,5.07513869346734,0.0126268106158353,"2.5th percentile"
41.7676834170854,5.07513869346734,0.00903022909816064,"2.5th percentile"
41.8522824120603,5.07513869346734,0.00741050682999587,"2.5th percentile"
41.9368814070352,5.07513869346734,0.00382742990688126,"2.5th percentile"
42.02148040201,5.07513869346734,0.00340334407398787,"2.5th percentile"
42.1060793969849,5.07513869346734,0.00178324637854589,"2.5th percentile"
42.1906783919598,5.07513869346734,0.00119113747610621,"2.5th percentile"
42.2752773869347,5.07513869346734,0.000946281461089661,"2.5th percentile"
42.3598763819095,5.07513869346734,0.000525489838665984,"2.5th percentile"
42.4444753768844,5.07513869346734,0.000394548759152349,"2.5th percentile"
42.5290743718593,5.07513869346734,0.000259012528927024,"2.5th percentile"
42.6136733668342,5.07513869346734,0.000192275080885557,"2.5th percentile"
42.698272361809,5.07513869346734,0.000120382114734194,"2.5th percentile"
42.7828713567839,5.07513869346734,8.97105178543542e-05,"2.5th percentile"
42.8674703517588,5.07513869346734,5.37576383850258e-05,"2.5th percentile"
42.9520693467337,5.07513869346734,3.76952299206122e-05,"2.5th percentile"
43.0366683417085,5.07513869346734,2.72184881185818e-05,"2.5th percentile"
43.1212673366834,5.07513869346734,1.50664713319443e-05,"2.5th percentile"
43.2058663316583,5.07513869346734,1.37195537641297e-05,"2.5th percentile"
43.2904653266332,5.07513869346734,9.25914325033615e-06,"2.5th percentile"
43.375064321608,5.07513869346734,8.38748416005158e-06,"2.5th percentile"
43.4596633165829,5.07513869346734,6.95196704415344e-06,"2.5th percentile"
43.5442623115578,5.07513869346734,6.12482215770103e-06,"2.5th percentile"
43.6288613065327,5.07513869346734,3.83727402790606e-06,"2.5th percentile"
43.7134603015075,5.07513869346734,3.26596977637872e-06,"2.5th percentile"
43.7980592964824,5.07513869346734,2.50658851458776e-06,"2.5th percentile"
43.8826582914573,5.07513869346734,2.07262655484779e-06,"2.5th percentile"
43.9672572864322,5.07513869346734,1.75824816017124e-06,"2.5th percentile"
44.051856281407,5.07513869346734,1.24612283518585e-06,"2.5th percentile"
44.1364552763819,5.07513869346734,8.89824573871395e-07,"2.5th percentile"
44.2210542713568,5.07513869346734,7.90813353601308e-07,"2.5th percentile"
44.3056532663317,5.07513869346734,6.47156313586216e-07,"2.5th percentile"
44.3902522613065,5.07513869346734,3.77833672937114e-07,"2.5th percentile"
44.4748512562814,5.07513869346734,2.87176272651745e-07,"2.5th percentile"
44.5594502512563,5.07513869346734,2.48594464373723e-07,"2.5th percentile"
44.6440492462312,5.07513869346734,1.69292355246506e-07,"2.5th percentile"
44.728648241206,5.07513869346734,1.40203641443057e-07,"2.5th percentile"
44.8132472361809,5.07513869346734,1.13688903789089e-07,"2.5th percentile"
44.8978462311558,5.07513869346734,7.55130581790813e-08,"2.5th percentile"
44.9824452261307,5.07513869346734,7.68594795625657e-08,"2.5th percentile"
35.8457537688442,5.14316532663317,0.712857116273174,"2.5th percentile"
35.9303527638191,5.14316532663317,0.658075720179721,"2.5th percentile"
36.014951758794,5.14316532663317,0.599090184052204,"2.5th percentile"
36.0995507537688,5.14316532663317,0.462334212121789,"2.5th percentile"
36.1841497487437,5.14316532663317,0.502263668465044,"2.5th percentile"
36.2687487437186,5.14316532663317,0.394615710554305,"2.5th percentile"
36.3533477386935,5.14316532663317,0.334879132291121,"2.5th percentile"
36.4379467336683,5.14316532663317,0.295270778279112,"2.5th percentile"
36.5225457286432,5.14316532663317,0.291806614654427,"2.5th percentile"
36.6071447236181,5.14316532663317,0.304884837328216,"2.5th percentile"
36.691743718593,5.14316532663317,0.273648867194057,"2.5th percentile"
36.7763427135678,5.14316532663317,0.281404636765723,"2.5th percentile"
36.8609417085427,5.14316532663317,0.349732818457122,"2.5th percentile"
36.9455407035176,5.14316532663317,0.305282982997366,"2.5th percentile"
37.0301396984925,5.14316532663317,0.387718978874954,"2.5th percentile"
37.1147386934673,5.14316532663317,0.338140958403416,"2.5th percentile"
37.1993376884422,5.14316532663317,0.347472337466735,"2.5th percentile"
37.2839366834171,5.14316532663317,0.365015507333731,"2.5th percentile"
37.368535678392,5.14316532663317,0.395988556851786,"2.5th percentile"
37.4531346733668,5.14316532663317,0.486678811673612,"2.5th percentile"
37.5377336683417,5.14316532663317,0.427107343553105,"2.5th percentile"
37.6223326633166,5.14316532663317,0.473469560320155,"2.5th percentile"
37.7069316582915,5.14316532663317,0.468338317113369,"2.5th percentile"
37.7915306532663,5.14316532663317,0.489600618835737,"2.5th percentile"
37.8761296482412,5.14316532663317,0.543651577018697,"2.5th percentile"
37.9607286432161,5.14316532663317,0.530915955854171,"2.5th percentile"
38.045327638191,5.14316532663317,0.561574886186889,"2.5th percentile"
38.1299266331658,5.14316532663317,0.562225379504535,"2.5th percentile"
38.2145256281407,5.14316532663317,0.601477966171894,"2.5th percentile"
38.2991246231156,5.14316532663317,0.648844379212433,"2.5th percentile"
38.3837236180904,5.14316532663317,0.625399471439075,"2.5th percentile"
38.4683226130653,5.14316532663317,0.631533466140535,"2.5th percentile"
38.5529216080402,5.14316532663317,0.661604842379204,"2.5th percentile"
38.6375206030151,5.14316532663317,0.670342386118836,"2.5th percentile"
38.72211959799,5.14316532663317,0.683219054107601,"2.5th percentile"
38.8067185929648,5.14316532663317,0.70324860649894,"2.5th percentile"
38.8913175879397,5.14316532663317,0.717965789416523,"2.5th percentile"
38.9759165829146,5.14316532663317,0.740111126512754,"2.5th percentile"
39.0605155778894,5.14316532663317,0.756969631177333,"2.5th percentile"
39.1451145728643,5.14316532663317,0.769980868116777,"2.5th percentile"
39.2297135678392,5.14316532663317,0.777142575995061,"2.5th percentile"
39.3143125628141,5.14316532663317,0.79155540431744,"2.5th percentile"
39.3989115577889,5.14316532663317,0.805452967555621,"2.5th percentile"
39.4835105527638,5.14316532663317,0.831951593977205,"2.5th percentile"
39.5681095477387,5.14316532663317,0.8217311865329,"2.5th percentile"
39.6527085427136,5.14316532663317,0.860101679644358,"2.5th percentile"
39.7373075376884,5.14316532663317,0.856593366647623,"2.5th percentile"
39.8219065326633,5.14316532663317,0.853630224065971,"2.5th percentile"
39.9065055276382,5.14316532663317,0.872109355870042,"2.5th percentile"
39.9911045226131,5.14316532663317,0.881600714099973,"2.5th percentile"
40.0757035175879,5.14316532663317,0.883523423470937,"2.5th percentile"
40.1603025125628,5.14316532663317,0.88352481076217,"2.5th percentile"
40.2449015075377,5.14316532663317,0.864668740759932,"2.5th percentile"
40.3295005025126,5.14316532663317,0.830986982833503,"2.5th percentile"
40.4140994974874,5.14316532663317,0.782813022140166,"2.5th percentile"
40.4986984924623,5.14316532663317,0.762901356932812,"2.5th percentile"
40.5832974874372,5.14316532663317,0.66812969147121,"2.5th percentile"
40.6678964824121,5.14316532663317,0.555873820960918,"2.5th percentile"
40.7524954773869,5.14316532663317,0.464739545637936,"2.5th percentile"
40.8370944723618,5.14316532663317,0.36852259299688,"2.5th percentile"
40.9216934673367,5.14316532663317,0.284355729929525,"2.5th percentile"
41.0062924623116,5.14316532663317,0.214763619391156,"2.5th percentile"
41.0908914572864,5.14316532663317,0.153445361353008,"2.5th percentile"
41.1754904522613,5.14316532663317,0.108938442105291,"2.5th percentile"
41.2600894472362,5.14316532663317,0.0764171854825512,"2.5th percentile"
41.344688442211,5.14316532663317,0.0591165391154771,"2.5th percentile"
41.4292874371859,5.14316532663317,0.0361886804484108,"2.5th percentile"
41.5138864321608,5.14316532663317,0.0248588774557314,"2.5th percentile"
41.5984854271357,5.14316532663317,0.0167900556620961,"2.5th percentile"
41.6830844221106,5.14316532663317,0.0114323519925414,"2.5th percentile"
41.7676834170854,5.14316532663317,0.00780500286603326,"2.5th percentile"
41.8522824120603,5.14316532663317,0.00582700102151289,"2.5th percentile"
41.9368814070352,5.14316532663317,0.00393160153821701,"2.5th percentile"
42.02148040201,5.14316532663317,0.00299779788386622,"2.5th percentile"
42.1060793969849,5.14316532663317,0.0018491596943696,"2.5th percentile"
42.1906783919598,5.14316532663317,0.00132298141889723,"2.5th percentile"
42.2752773869347,5.14316532663317,0.000815895264186898,"2.5th percentile"
42.3598763819095,5.14316532663317,0.000473772963020799,"2.5th percentile"
42.4444753768844,5.14316532663317,0.000343613945162987,"2.5th percentile"
42.5290743718593,5.14316532663317,0.000223454720959737,"2.5th percentile"
42.6136733668342,5.14316532663317,0.000177245158013159,"2.5th percentile"
42.698272361809,5.14316532663317,0.000107629140996523,"2.5th percentile"
42.7828713567839,5.14316532663317,6.46007070792607e-05,"2.5th percentile"
42.8674703517588,5.14316532663317,4.6992485525446e-05,"2.5th percentile"
42.9520693467337,5.14316532663317,3.60848936363718e-05,"2.5th percentile"
43.0366683417085,5.14316532663317,2.07250851689079e-05,"2.5th percentile"
43.1212673366834,5.14316532663317,1.9132189383572e-05,"2.5th percentile"
43.2058663316583,5.14316532663317,1.55431198860359e-05,"2.5th percentile"
43.2904653266332,5.14316532663317,1.02202402787278e-05,"2.5th percentile"
43.375064321608,5.14316532663317,9.35680367479621e-06,"2.5th percentile"
43.4596633165829,5.14316532663317,7.72066185274212e-06,"2.5th percentile"
43.5442623115578,5.14316532663317,6.25286542726864e-06,"2.5th percentile"
43.6288613065327,5.14316532663317,4.94600382867067e-06,"2.5th percentile"
43.7134603015075,5.14316532663317,3.76131367453705e-06,"2.5th percentile"
43.7980592964824,5.14316532663317,2.78486941173955e-06,"2.5th percentile"
43.8826582914573,5.14316532663317,2.26861275790382e-06,"2.5th percentile"
43.9672572864322,5.14316532663317,1.75991038762389e-06,"2.5th percentile"
44.051856281407,5.14316532663317,1.29675017880783e-06,"2.5th percentile"
44.1364552763819,5.14316532663317,1.08555293232228e-06,"2.5th percentile"
44.2210542713568,5.14316532663317,8.10062538117453e-07,"2.5th percentile"
44.3056532663317,5.14316532663317,6.99589699081255e-07,"2.5th percentile"
44.3902522613065,5.14316532663317,5.30027585909721e-07,"2.5th percentile"
44.4748512562814,5.14316532663317,4.11483277283049e-07,"2.5th percentile"
44.5594502512563,5.14316532663317,3.03166104607875e-07,"2.5th percentile"
44.6440492462312,5.14316532663317,1.73443905690822e-07,"2.5th percentile"
44.728648241206,5.14316532663317,1.36071460136964e-07,"2.5th percentile"
44.8132472361809,5.14316532663317,9.90643030462806e-08,"2.5th percentile"
44.8978462311558,5.14316532663317,7.6397458788694e-08,"2.5th percentile"
44.9824452261307,5.14316532663317,6.41650170136283e-08,"2.5th percentile"
45.0670442211055,5.14316532663317,7.94692685356242e-08,"2.5th percentile"
35.8457537688442,5.211191959799,0.668544992166715,"2.5th percentile"
35.9303527638191,5.211191959799,0.57688542847179,"2.5th percentile"
36.014951758794,5.211191959799,0.548588708135561,"2.5th percentile"
36.0995507537688,5.211191959799,0.516590038231339,"2.5th percentile"
36.1841497487437,5.211191959799,0.501841714238499,"2.5th percentile"
36.2687487437186,5.211191959799,0.390331337337494,"2.5th percentile"
36.3533477386935,5.211191959799,0.317905226002668,"2.5th percentile"
36.4379467336683,5.211191959799,0.300062088228248,"2.5th percentile"
36.5225457286432,5.211191959799,0.295767069871815,"2.5th percentile"
36.6071447236181,5.211191959799,0.301042493790971,"2.5th percentile"
36.691743718593,5.211191959799,0.297002714382721,"2.5th percentile"
36.7763427135678,5.211191959799,0.273476709043424,"2.5th percentile"
36.8609417085427,5.211191959799,0.295507314099751,"2.5th percentile"
36.9455407035176,5.211191959799,0.365464968205627,"2.5th percentile"
37.0301396984925,5.211191959799,0.333314989226814,"2.5th percentile"
37.1147386934673,5.211191959799,0.333780217622196,"2.5th percentile"
37.1993376884422,5.211191959799,0.3081543200539,"2.5th percentile"
37.2839366834171,5.211191959799,0.320582609060803,"2.5th percentile"
37.368535678392,5.211191959799,0.338121537630203,"2.5th percentile"
37.4531346733668,5.211191959799,0.370519105420193,"2.5th percentile"
37.5377336683417,5.211191959799,0.383187815115438,"2.5th percentile"
37.6223326633166,5.211191959799,0.405426232180801,"2.5th percentile"
37.7069316582915,5.211191959799,0.425056904862617,"2.5th percentile"
37.7915306532663,5.211191959799,0.445773357220512,"2.5th percentile"
37.8761296482412,5.211191959799,0.46245142186621,"2.5th percentile"
37.9607286432161,5.211191959799,0.478523648392008,"2.5th percentile"
38.045327638191,5.211191959799,0.502817505933875,"2.5th percentile"
38.1299266331658,5.211191959799,0.526613598583083,"2.5th percentile"
38.2145256281407,5.211191959799,0.555045048506691,"2.5th percentile"
38.2991246231156,5.211191959799,0.597846944944424,"2.5th percentile"
38.3837236180904,5.211191959799,0.565903212147164,"2.5th percentile"
38.4683226130653,5.211191959799,0.577650381062072,"2.5th percentile"
38.5529216080402,5.211191959799,0.602051423832529,"2.5th percentile"
38.6375206030151,5.211191959799,0.623777372077132,"2.5th percentile"
38.72211959799,5.211191959799,0.643514433917544,"2.5th percentile"
38.8067185929648,5.211191959799,0.666319639864653,"2.5th percentile"
38.8913175879397,5.211191959799,0.689825107579557,"2.5th percentile"
38.9759165829146,5.211191959799,0.70542258982789,"2.5th percentile"
39.0605155778894,5.211191959799,0.721576396826843,"2.5th percentile"
39.1451145728643,5.211191959799,0.733615222590797,"2.5th percentile"
39.2297135678392,5.211191959799,0.745738274079398,"2.5th percentile"
39.3143125628141,5.211191959799,0.759895082148993,"2.5th percentile"
39.3989115577889,5.211191959799,0.774320588643557,"2.5th percentile"
39.4835105527638,5.211191959799,0.800389655743852,"2.5th percentile"
39.5681095477387,5.211191959799,0.79896795580995,"2.5th percentile"
39.6527085427136,5.211191959799,0.839786044097802,"2.5th percentile"
39.7373075376884,5.211191959799,0.818998671794863,"2.5th percentile"
39.8219065326633,5.211191959799,0.835346855946707,"2.5th percentile"
39.9065055276382,5.211191959799,0.863132692391156,"2.5th percentile"
39.9911045226131,5.211191959799,0.854092404937934,"2.5th percentile"
40.0757035175879,5.211191959799,0.864588165905506,"2.5th percentile"
40.1603025125628,5.211191959799,0.870050768320457,"2.5th percentile"
40.2449015075377,5.211191959799,0.854895777924076,"2.5th percentile"
40.3295005025126,5.211191959799,0.818963007541177,"2.5th percentile"
40.4140994974874,5.211191959799,0.770557843854253,"2.5th percentile"
40.4986984924623,5.211191959799,0.712603899308471,"2.5th percentile"
40.5832974874372,5.211191959799,0.632060769253115,"2.5th percentile"
40.6678964824121,5.211191959799,0.557118342435846,"2.5th percentile"
40.7524954773869,5.211191959799,0.441532377612497,"2.5th percentile"
40.8370944723618,5.211191959799,0.358364452389687,"2.5th percentile"
40.9216934673367,5.211191959799,0.270060714638756,"2.5th percentile"
41.0062924623116,5.211191959799,0.200506426633968,"2.5th percentile"
41.0908914572864,5.211191959799,0.144578489598917,"2.5th percentile"
41.1754904522613,5.211191959799,0.103659325030854,"2.5th percentile"
41.2600894472362,5.211191959799,0.0711004807883553,"2.5th percentile"
41.344688442211,5.211191959799,0.0500469770546009,"2.5th percentile"
41.4292874371859,5.211191959799,0.0340408510324599,"2.5th percentile"
41.5138864321608,5.211191959799,0.0230673351500708,"2.5th percentile"
41.5984854271357,5.211191959799,0.0156371141603624,"2.5th percentile"
41.6830844221106,5.211191959799,0.0105601371861192,"2.5th percentile"
41.7676834170854,5.211191959799,0.00709637200348946,"2.5th percentile"
41.8522824120603,5.211191959799,0.00531012479950236,"2.5th percentile"
41.9368814070352,5.211191959799,0.00327966514543663,"2.5th percentile"
42.02148040201,5.211191959799,0.00218040507141228,"2.5th percentile"
42.1060793969849,5.211191959799,0.0016804629459628,"2.5th percentile"
42.1906783919598,5.211191959799,0.00129592228360167,"2.5th percentile"
42.2752773869347,5.211191959799,0.000738450899567544,"2.5th percentile"
42.3598763819095,5.211191959799,0.000495088859345254,"2.5th percentile"
42.4444753768844,5.211191959799,0.000305979166856447,"2.5th percentile"
42.5290743718593,5.211191959799,0.000200852281714043,"2.5th percentile"
42.6136733668342,5.211191959799,0.00013257776759695,"2.5th percentile"
42.698272361809,5.211191959799,8.89104127810171e-05,"2.5th percentile"
42.7828713567839,5.211191959799,6.1788009770884e-05,"2.5th percentile"
42.8674703517588,5.211191959799,4.13052137274753e-05,"2.5th percentile"
42.9520693467337,5.211191959799,3.12215532161172e-05,"2.5th percentile"
43.0366683417085,5.211191959799,2.32697443958176e-05,"2.5th percentile"
43.1212673366834,5.211191959799,1.83300563428896e-05,"2.5th percentile"
43.2058663316583,5.211191959799,1.74012974966057e-05,"2.5th percentile"
43.2904653266332,5.211191959799,1.5357013059646e-05,"2.5th percentile"
43.375064321608,5.211191959799,1.00170595566311e-05,"2.5th percentile"
43.4596633165829,5.211191959799,8.27789804134672e-06,"2.5th percentile"
43.5442623115578,5.211191959799,7.42167421959673e-06,"2.5th percentile"
43.6288613065327,5.211191959799,5.33058934777595e-06,"2.5th percentile"
43.7134603015075,5.211191959799,3.86695731000622e-06,"2.5th percentile"
43.7980592964824,5.211191959799,2.58786907845626e-06,"2.5th percentile"
43.8826582914573,5.211191959799,2.58701652714192e-06,"2.5th percentile"
43.9672572864322,5.211191959799,1.93830750735325e-06,"2.5th percentile"
44.051856281407,5.211191959799,1.52771748249846e-06,"2.5th percentile"
44.1364552763819,5.211191959799,1.26752767414363e-06,"2.5th percentile"
44.2210542713568,5.211191959799,8.78372552299989e-07,"2.5th percentile"
44.3056532663317,5.211191959799,7.21306510481654e-07,"2.5th percentile"
44.3902522613065,5.211191959799,5.69234736617985e-07,"2.5th percentile"
44.4748512562814,5.211191959799,4.39840187528346e-07,"2.5th percentile"
44.5594502512563,5.211191959799,3.2588113583198e-07,"2.5th percentile"
44.6440492462312,5.211191959799,2.14993044979118e-07,"2.5th percentile"
44.728648241206,5.211191959799,1.51028859274183e-07,"2.5th percentile"
44.8132472361809,5.211191959799,1.05174367337848e-07,"2.5th percentile"
44.8978462311558,5.211191959799,8.9867605548459e-08,"2.5th percentile"
44.9824452261307,5.211191959799,7.06330282211241e-08,"2.5th percentile"
45.0670442211055,5.211191959799,7.21797725869771e-08,"2.5th percentile"
45.1516432160804,5.211191959799,7.19713880791176e-08,"2.5th percentile"
35.8457537688442,5.27921859296482,0.641836276161424,"2.5th percentile"
35.9303527638191,5.27921859296482,0.531694543556868,"2.5th percentile"
36.014951758794,5.27921859296482,0.482241348825453,"2.5th percentile"
36.0995507537688,5.27921859296482,0.438906831643859,"2.5th percentile"
36.1841497487437,5.27921859296482,0.405204530839343,"2.5th percentile"
36.2687487437186,5.27921859296482,0.31628761437253,"2.5th percentile"
36.3533477386935,5.27921859296482,0.30717831993113,"2.5th percentile"
36.4379467336683,5.27921859296482,0.316552623707407,"2.5th percentile"
36.5225457286432,5.27921859296482,0.313547697211839,"2.5th percentile"
36.6071447236181,5.27921859296482,0.308224471146546,"2.5th percentile"
36.691743718593,5.27921859296482,0.316959901623213,"2.5th percentile"
36.7763427135678,5.27921859296482,0.303445264623905,"2.5th percentile"
36.8609417085427,5.27921859296482,0.308241524693633,"2.5th percentile"
36.9455407035176,5.27921859296482,0.365785681128347,"2.5th percentile"
37.0301396984925,5.27921859296482,0.350710763839233,"2.5th percentile"
37.1147386934673,5.27921859296482,0.319920932186288,"2.5th percentile"
37.1993376884422,5.27921859296482,0.274858896428982,"2.5th percentile"
37.2839366834171,5.27921859296482,0.294145159960644,"2.5th percentile"
37.368535678392,5.27921859296482,0.274540059545334,"2.5th percentile"
37.4531346733668,5.27921859296482,0.308758019773805,"2.5th percentile"
37.5377336683417,5.27921859296482,0.333438888215937,"2.5th percentile"
37.6223326633166,5.27921859296482,0.389128256198158,"2.5th percentile"
37.7069316582915,5.27921859296482,0.38187823974966,"2.5th percentile"
37.7915306532663,5.27921859296482,0.398907264489065,"2.5th percentile"
37.8761296482412,5.27921859296482,0.417017103211718,"2.5th percentile"
37.9607286432161,5.27921859296482,0.415681031918604,"2.5th percentile"
38.045327638191,5.27921859296482,0.435647859747519,"2.5th percentile"
38.1299266331658,5.27921859296482,0.470474864143234,"2.5th percentile"
38.2145256281407,5.27921859296482,0.492378002411278,"2.5th percentile"
38.2991246231156,5.27921859296482,0.523737711552087,"2.5th percentile"
38.3837236180904,5.27921859296482,0.499450852523801,"2.5th percentile"
38.4683226130653,5.27921859296482,0.527828783602967,"2.5th percentile"
38.5529216080402,5.27921859296482,0.561431741430436,"2.5th percentile"
38.6375206030151,5.27921859296482,0.587094467619069,"2.5th percentile"
38.72211959799,5.27921859296482,0.601918843349773,"2.5th percentile"
38.8067185929648,5.27921859296482,0.638680580530441,"2.5th percentile"
38.8913175879397,5.27921859296482,0.64241291900911,"2.5th percentile"
38.9759165829146,5.27921859296482,0.657587245559751,"2.5th percentile"
39.0605155778894,5.27921859296482,0.677244203963807,"2.5th percentile"
39.1451145728643,5.27921859296482,0.695859995465555,"2.5th percentile"
39.2297135678392,5.27921859296482,0.718816979346544,"2.5th percentile"
39.3143125628141,5.27921859296482,0.739907259394533,"2.5th percentile"
39.3989115577889,5.27921859296482,0.75371304151477,"2.5th percentile"
39.4835105527638,5.27921859296482,0.776656022904765,"2.5th percentile"
39.5681095477387,5.27921859296482,0.798029599292967,"2.5th percentile"
39.6527085427136,5.27921859296482,0.79228420267363,"2.5th percentile"
39.7373075376884,5.27921859296482,0.802884692107123,"2.5th percentile"
39.8219065326633,5.27921859296482,0.802407294259622,"2.5th percentile"
39.9065055276382,5.27921859296482,0.81414840889335,"2.5th percentile"
39.9911045226131,5.27921859296482,0.828943788633928,"2.5th percentile"
40.0757035175879,5.27921859296482,0.840420426279994,"2.5th percentile"
40.1603025125628,5.27921859296482,0.850626179614071,"2.5th percentile"
40.2449015075377,5.27921859296482,0.838022834871638,"2.5th percentile"
40.3295005025126,5.27921859296482,0.805657327691737,"2.5th percentile"
40.4140994974874,5.27921859296482,0.755786612302162,"2.5th percentile"
40.4986984924623,5.27921859296482,0.689633978360689,"2.5th percentile"
40.5832974874372,5.27921859296482,0.607397098379726,"2.5th percentile"
40.6678964824121,5.27921859296482,0.550303395552035,"2.5th percentile"
40.7524954773869,5.27921859296482,0.432222028745399,"2.5th percentile"
40.8370944723618,5.27921859296482,0.338105073009448,"2.5th percentile"
40.9216934673367,5.27921859296482,0.253343710845785,"2.5th percentile"
41.0062924623116,5.27921859296482,0.18797151875148,"2.5th percentile"
41.0908914572864,5.27921859296482,0.134827067712872,"2.5th percentile"
41.1754904522613,5.27921859296482,0.0952918540787949,"2.5th percentile"
41.2600894472362,5.27921859296482,0.0662805782487082,"2.5th percentile"
41.344688442211,5.27921859296482,0.0456059608876544,"2.5th percentile"
41.4292874371859,5.27921859296482,0.0312207616516599,"2.5th percentile"
41.5138864321608,5.27921859296482,0.0214363046021633,"2.5th percentile"
41.5984854271357,5.27921859296482,0.0148266691112954,"2.5th percentile"
41.6830844221106,5.27921859296482,0.00982353225528358,"2.5th percentile"
41.7676834170854,5.27921859296482,0.00656835187076152,"2.5th percentile"
41.8522824120603,5.27921859296482,0.00505297481422574,"2.5th percentile"
41.9368814070352,5.27921859296482,0.0029433328694398,"2.5th percentile"
42.02148040201,5.27921859296482,0.00228302364104819,"2.5th percentile"
42.1060793969849,5.27921859296482,0.00156872271142803,"2.5th percentile"
42.1906783919598,5.27921859296482,0.00100140200639801,"2.5th percentile"
42.2752773869347,5.27921859296482,0.000626683235130108,"2.5th percentile"
42.3598763819095,5.27921859296482,0.000412935547692928,"2.5th percentile"
42.4444753768844,5.27921859296482,0.000271627557217415,"2.5th percentile"
42.5290743718593,5.27921859296482,0.000182116147148561,"2.5th percentile"
42.6136733668342,5.27921859296482,0.000128333788965906,"2.5th percentile"
42.698272361809,5.27921859296482,8.19414812870863e-05,"2.5th percentile"
42.7828713567839,5.27921859296482,5.51282677454267e-05,"2.5th percentile"
42.8674703517588,5.27921859296482,4.8014748933016e-05,"2.5th percentile"
42.9520693467337,5.27921859296482,4.18315497097164e-05,"2.5th percentile"
43.0366683417085,5.27921859296482,3.57348171526953e-05,"2.5th percentile"
43.1212673366834,5.27921859296482,2.17410048297457e-05,"2.5th percentile"
43.2058663316583,5.27921859296482,1.65465442061662e-05,"2.5th percentile"
43.2904653266332,5.27921859296482,1.58105504358201e-05,"2.5th percentile"
43.375064321608,5.27921859296482,1.26588083156413e-05,"2.5th percentile"
43.4596633165829,5.27921859296482,8.57478819106199e-06,"2.5th percentile"
43.5442623115578,5.27921859296482,6.92040729626668e-06,"2.5th percentile"
43.6288613065327,5.27921859296482,4.66656858922154e-06,"2.5th percentile"
43.7134603015075,5.27921859296482,3.92734701566609e-06,"2.5th percentile"
43.7980592964824,5.27921859296482,3.71086296394229e-06,"2.5th percentile"
43.8826582914573,5.27921859296482,2.69700957273816e-06,"2.5th percentile"
43.9672572864322,5.27921859296482,2.31103514131763e-06,"2.5th percentile"
44.051856281407,5.27921859296482,1.54007207407841e-06,"2.5th percentile"
44.1364552763819,5.27921859296482,1.2803758691597e-06,"2.5th percentile"
44.2210542713568,5.27921859296482,9.74165227105637e-07,"2.5th percentile"
44.3056532663317,5.27921859296482,7.96147247185045e-07,"2.5th percentile"
44.3902522613065,5.27921859296482,6.24903557182407e-07,"2.5th percentile"
44.4748512562814,5.27921859296482,4.62763670567274e-07,"2.5th percentile"
44.5594502512563,5.27921859296482,2.58361881101475e-07,"2.5th percentile"
44.6440492462312,5.27921859296482,2.01340737282321e-07,"2.5th percentile"
44.728648241206,5.27921859296482,1.45903478563267e-07,"2.5th percentile"
44.8132472361809,5.27921859296482,1.21131561033477e-07,"2.5th percentile"
44.8978462311558,5.27921859296482,8.60918181525709e-08,"2.5th percentile"
44.9824452261307,5.27921859296482,7.89684013796674e-08,"2.5th percentile"
45.0670442211055,5.27921859296482,7.82636758898871e-08,"2.5th percentile"
45.1516432160804,5.27921859296482,7.9228363340032e-08,"2.5th percentile"
35.8457537688442,5.34724522613065,0.592968935781972,"2.5th percentile"
35.9303527638191,5.34724522613065,0.545810348664305,"2.5th percentile"
36.014951758794,5.34724522613065,0.480463014998484,"2.5th percentile"
36.0995507537688,5.34724522613065,0.467384755868007,"2.5th percentile"
36.1841497487437,5.34724522613065,0.36396614735601,"2.5th percentile"
36.2687487437186,5.34724522613065,0.319613467039108,"2.5th percentile"
36.3533477386935,5.34724522613065,0.322843874700075,"2.5th percentile"
36.4379467336683,5.34724522613065,0.318530827483469,"2.5th percentile"
36.5225457286432,5.34724522613065,0.319295451920253,"2.5th percentile"
36.6071447236181,5.34724522613065,0.298877074983763,"2.5th percentile"
36.691743718593,5.34724522613065,0.3114875757232,"2.5th percentile"
36.7763427135678,5.34724522613065,0.334470667595129,"2.5th percentile"
36.8609417085427,5.34724522613065,0.305595976643401,"2.5th percentile"
36.9455407035176,5.34724522613065,0.370371604128665,"2.5th percentile"
37.0301396984925,5.34724522613065,0.313382602935162,"2.5th percentile"
37.1147386934673,5.34724522613065,0.334759254378687,"2.5th percentile"
37.1993376884422,5.34724522613065,0.260635220092233,"2.5th percentile"
37.2839366834171,5.34724522613065,0.259568233568975,"2.5th percentile"
37.368535678392,5.34724522613065,0.26786315860764,"2.5th percentile"
37.4531346733668,5.34724522613065,0.297278456429104,"2.5th percentile"
37.5377336683417,5.34724522613065,0.28659189606383,"2.5th percentile"
37.6223326633166,5.34724522613065,0.362958247705329,"2.5th percentile"
37.7069316582915,5.34724522613065,0.340849405558567,"2.5th percentile"
37.7915306532663,5.34724522613065,0.354295370237362,"2.5th percentile"
37.8761296482412,5.34724522613065,0.363231111528471,"2.5th percentile"
37.9607286432161,5.34724522613065,0.358096664590784,"2.5th percentile"
38.045327638191,5.34724522613065,0.389170455964677,"2.5th percentile"
38.1299266331658,5.34724522613065,0.412532717117014,"2.5th percentile"
38.2145256281407,5.34724522613065,0.420991810887207,"2.5th percentile"
38.2991246231156,5.34724522613065,0.415816765607984,"2.5th percentile"
38.3837236180904,5.34724522613065,0.466954072002465,"2.5th percentile"
38.4683226130653,5.34724522613065,0.492187911024107,"2.5th percentile"
38.5529216080402,5.34724522613065,0.525720204713161,"2.5th percentile"
38.6375206030151,5.34724522613065,0.548423195603558,"2.5th percentile"
38.72211959799,5.34724522613065,0.559902219925954,"2.5th percentile"
38.8067185929648,5.34724522613065,0.580169576125837,"2.5th percentile"
38.8913175879397,5.34724522613065,0.610138399702944,"2.5th percentile"
38.9759165829146,5.34724522613065,0.624830610963027,"2.5th percentile"
39.0605155778894,5.34724522613065,0.647091933896201,"2.5th percentile"
39.1451145728643,5.34724522613065,0.655801559225754,"2.5th percentile"
39.2297135678392,5.34724522613065,0.67404259011897,"2.5th percentile"
39.3143125628141,5.34724522613065,0.711787930965165,"2.5th percentile"
39.3989115577889,5.34724522613065,0.737524814146341,"2.5th percentile"
39.4835105527638,5.34724522613065,0.746517901843615,"2.5th percentile"
39.5681095477387,5.34724522613065,0.738454398459462,"2.5th percentile"
39.6527085427136,5.34724522613065,0.738689652806133,"2.5th percentile"
39.7373075376884,5.34724522613065,0.792216695549877,"2.5th percentile"
39.8219065326633,5.34724522613065,0.775143144156787,"2.5th percentile"
39.9065055276382,5.34724522613065,0.787085785614339,"2.5th percentile"
39.9911045226131,5.34724522613065,0.802161195053837,"2.5th percentile"
40.0757035175879,5.34724522613065,0.81543448959356,"2.5th percentile"
40.1603025125628,5.34724522613065,0.826042891462509,"2.5th percentile"
40.2449015075377,5.34724522613065,0.822027894369674,"2.5th percentile"
40.3295005025126,5.34724522613065,0.790621213381346,"2.5th percentile"
40.4140994974874,5.34724522613065,0.739925365694284,"2.5th percentile"
40.4986984924623,5.34724522613065,0.671814598832563,"2.5th percentile"
40.5832974874372,5.34724522613065,0.59539057981011,"2.5th percentile"
40.6678964824121,5.34724522613065,0.534146789369017,"2.5th percentile"
40.7524954773869,5.34724522613065,0.406416052578012,"2.5th percentile"
40.8370944723618,5.34724522613065,0.3195974931182,"2.5th percentile"
40.9216934673367,5.34724522613065,0.240912644703558,"2.5th percentile"
41.0062924623116,5.34724522613065,0.175971672314797,"2.5th percentile"
41.0908914572864,5.34724522613065,0.129778442489186,"2.5th percentile"
41.1754904522613,5.34724522613065,0.0894838430960663,"2.5th percentile"
41.2600894472362,5.34724522613065,0.0616793041810382,"2.5th percentile"
41.344688442211,5.34724522613065,0.0422994239298638,"2.5th percentile"
41.4292874371859,5.34724522613065,0.0296169631198923,"2.5th percentile"
41.5138864321608,5.34724522613065,0.0208681207112257,"2.5th percentile"
41.5984854271357,5.34724522613065,0.0143387366457655,"2.5th percentile"
41.6830844221106,5.34724522613065,0.00901037272713619,"2.5th percentile"
41.7676834170854,5.34724522613065,0.00604129711460876,"2.5th percentile"
41.8522824120603,5.34724522613065,0.00443125098120889,"2.5th percentile"
41.9368814070352,5.34724522613065,0.0029451069457215,"2.5th percentile"
42.02148040201,5.34724522613065,0.00218067388574544,"2.5th percentile"
42.1060793969849,5.34724522613065,0.00129447412592541,"2.5th percentile"
42.1906783919598,5.34724522613065,0.000888657446835004,"2.5th percentile"
42.2752773869347,5.34724522613065,0.000581280435602063,"2.5th percentile"
42.3598763819095,5.34724522613065,0.000409360774889976,"2.5th percentile"
42.4444753768844,5.34724522613065,0.000254144392119851,"2.5th percentile"
42.5290743718593,5.34724522613065,0.000171027616253268,"2.5th percentile"
42.6136733668342,5.34724522613065,0.00011292849626948,"2.5th percentile"
42.698272361809,5.34724522613065,7.57462953740584e-05,"2.5th percentile"
42.7828713567839,5.34724522613065,6.02465182239608e-05,"2.5th percentile"
42.8674703517588,5.34724522613065,5.85806165457041e-05,"2.5th percentile"
42.9520693467337,5.34724522613065,4.05269422510132e-05,"2.5th percentile"
43.0366683417085,5.34724522613065,3.86005560978434e-05,"2.5th percentile"
43.1212673366834,5.34724522613065,3.01830402183109e-05,"2.5th percentile"
43.2058663316583,5.34724522613065,1.87035365920248e-05,"2.5th percentile"
43.2904653266332,5.34724522613065,1.48915637801764e-05,"2.5th percentile"
43.375064321608,5.34724522613065,1.07722640963513e-05,"2.5th percentile"
43.4596633165829,5.34724522613065,1.02205204965167e-05,"2.5th percentile"
43.5442623115578,5.34724522613065,6.94615412933326e-06,"2.5th percentile"
43.6288613065327,5.34724522613065,6.0475493033476e-06,"2.5th percentile"
43.7134603015075,5.34724522613065,3.8813559262127e-06,"2.5th percentile"
43.7980592964824,5.34724522613065,3.72718395327131e-06,"2.5th percentile"
43.8826582914573,5.34724522613065,3.07968117198042e-06,"2.5th percentile"
43.9672572864322,5.34724522613065,2.47852218045237e-06,"2.5th percentile"
44.051856281407,5.34724522613065,1.87104878850414e-06,"2.5th percentile"
44.1364552763819,5.34724522613065,1.44842931934728e-06,"2.5th percentile"
44.2210542713568,5.34724522613065,1.1173167497577e-06,"2.5th percentile"
44.3056532663317,5.34724522613065,8.37372889304984e-07,"2.5th percentile"
44.3902522613065,5.34724522613065,6.52644006092986e-07,"2.5th percentile"
44.4748512562814,5.34724522613065,4.17830449811854e-07,"2.5th percentile"
44.5594502512563,5.34724522613065,2.96002328048694e-07,"2.5th percentile"
44.6440492462312,5.34724522613065,2.43192443559681e-07,"2.5th percentile"
44.728648241206,5.34724522613065,1.56136349761402e-07,"2.5th percentile"
44.8132472361809,5.34724522613065,1.18825053195803e-07,"2.5th percentile"
44.8978462311558,5.34724522613065,9.52258008292931e-08,"2.5th percentile"
44.9824452261307,5.34724522613065,1.14211218244654e-07,"2.5th percentile"
45.0670442211055,5.34724522613065,8.70406181567821e-08,"2.5th percentile"
45.1516432160804,5.34724522613065,9.32296845774392e-08,"2.5th percentile"
45.2362422110553,5.34724522613065,8.66306175365485e-08,"2.5th percentile"
35.5919567839196,5.41527185929648,0.78691237629576,"2.5th percentile"
35.6765557788945,5.41527185929648,0.759668974759481,"2.5th percentile"
35.7611547738694,5.41527185929648,0.659541746001725,"2.5th percentile"
35.8457537688442,5.41527185929648,0.581886132145507,"2.5th percentile"
35.9303527638191,5.41527185929648,0.500797361773978,"2.5th percentile"
36.014951758794,5.41527185929648,0.426654045176843,"2.5th percentile"
36.0995507537688,5.41527185929648,0.37842343235565,"2.5th percentile"
36.1841497487437,5.41527185929648,0.30628213622732,"2.5th percentile"
36.2687487437186,5.41527185929648,0.319935293563296,"2.5th percentile"
36.3533477386935,5.41527185929648,0.316366945263848,"2.5th percentile"
36.4379467336683,5.41527185929648,0.32959138387766,"2.5th percentile"
36.5225457286432,5.41527185929648,0.314271460673072,"2.5th percentile"
36.6071447236181,5.41527185929648,0.299296191221765,"2.5th percentile"
36.691743718593,5.41527185929648,0.321445979369979,"2.5th percentile"
36.7763427135678,5.41527185929648,0.322797635630874,"2.5th percentile"
36.8609417085427,5.41527185929648,0.307525674502631,"2.5th percentile"
36.9455407035176,5.41527185929648,0.341388916946319,"2.5th percentile"
37.0301396984925,5.41527185929648,0.300178253563354,"2.5th percentile"
37.1147386934673,5.41527185929648,0.306205709418332,"2.5th percentile"
37.1993376884422,5.41527185929648,0.272845901664897,"2.5th percentile"
37.2839366834171,5.41527185929648,0.254902586035334,"2.5th percentile"
37.368535678392,5.41527185929648,0.30008659158173,"2.5th percentile"
37.4531346733668,5.41527185929648,0.329151684746298,"2.5th percentile"
37.5377336683417,5.41527185929648,0.264601143113821,"2.5th percentile"
37.6223326633166,5.41527185929648,0.267866794131831,"2.5th percentile"
37.7069316582915,5.41527185929648,0.311431009042354,"2.5th percentile"
37.7915306532663,5.41527185929648,0.322990217895863,"2.5th percentile"
37.8761296482412,5.41527185929648,0.335805102212507,"2.5th percentile"
37.9607286432161,5.41527185929648,0.328345440712446,"2.5th percentile"
38.045327638191,5.41527185929648,0.34952892586588,"2.5th percentile"
38.1299266331658,5.41527185929648,0.404008062067543,"2.5th percentile"
38.2145256281407,5.41527185929648,0.400334513191461,"2.5th percentile"
38.2991246231156,5.41527185929648,0.37443377378713,"2.5th percentile"
38.3837236180904,5.41527185929648,0.423633147856208,"2.5th percentile"
38.4683226130653,5.41527185929648,0.452614710000702,"2.5th percentile"
38.5529216080402,5.41527185929648,0.478716415448401,"2.5th percentile"
38.6375206030151,5.41527185929648,0.501523496989328,"2.5th percentile"
38.72211959799,5.41527185929648,0.526916803270157,"2.5th percentile"
38.8067185929648,5.41527185929648,0.545436311119037,"2.5th percentile"
38.8913175879397,5.41527185929648,0.568530144867143,"2.5th percentile"
38.9759165829146,5.41527185929648,0.581447085964894,"2.5th percentile"
39.0605155778894,5.41527185929648,0.611239672315421,"2.5th percentile"
39.1451145728643,5.41527185929648,0.62932466299605,"2.5th percentile"
39.2297135678392,5.41527185929648,0.643459985565568,"2.5th percentile"
39.3143125628141,5.41527185929648,0.669082483001733,"2.5th percentile"
39.3989115577889,5.41527185929648,0.69860566687224,"2.5th percentile"
39.4835105527638,5.41527185929648,0.706620851706918,"2.5th percentile"
39.5681095477387,5.41527185929648,0.746267061979121,"2.5th percentile"
39.6527085427136,5.41527185929648,0.71743570611812,"2.5th percentile"
39.7373075376884,5.41527185929648,0.734737923758372,"2.5th percentile"
39.8219065326633,5.41527185929648,0.742314703035261,"2.5th percentile"
39.9065055276382,5.41527185929648,0.756011834974881,"2.5th percentile"
39.9911045226131,5.41527185929648,0.772081074533945,"2.5th percentile"
40.0757035175879,5.41527185929648,0.788180417366707,"2.5th percentile"
40.1603025125628,5.41527185929648,0.79892414700843,"2.5th percentile"
40.2449015075377,5.41527185929648,0.806611213333318,"2.5th percentile"
40.3295005025126,5.41527185929648,0.77484849311428,"2.5th percentile"
40.4140994974874,5.41527185929648,0.723741472271064,"2.5th percentile"
40.4986984924623,5.41527185929648,0.655798218954395,"2.5th percentile"
40.5832974874372,5.41527185929648,0.574530578251217,"2.5th percentile"
40.6678964824121,5.41527185929648,0.482643653081578,"2.5th percentile"
40.7524954773869,5.41527185929648,0.392994789328211,"2.5th percentile"
40.8370944723618,5.41527185929648,0.300431589888486,"2.5th percentile"
40.9216934673367,5.41527185929648,0.226687096990704,"2.5th percentile"
41.0062924623116,5.41527185929648,0.167465757955183,"2.5th percentile"
41.0908914572864,5.41527185929648,0.118470955491805,"2.5th percentile"
41.1754904522613,5.41527185929648,0.0828062227981458,"2.5th percentile"
41.2600894472362,5.41527185929648,0.0574673067500101,"2.5th percentile"
41.344688442211,5.41527185929648,0.0413792529551727,"2.5th percentile"
41.4292874371859,5.41527185929648,0.0294264132804633,"2.5th percentile"
41.5138864321608,5.41527185929648,0.019887975988363,"2.5th percentile"
41.5984854271357,5.41527185929648,0.013515037344276,"2.5th percentile"
41.6830844221106,5.41527185929648,0.00844650198783018,"2.5th percentile"
41.7676834170854,5.41527185929648,0.00559987461200463,"2.5th percentile"
41.8522824120603,5.41527185929648,0.00407265955031495,"2.5th percentile"
41.9368814070352,5.41527185929648,0.00272565895287516,"2.5th percentile"
42.02148040201,5.41527185929648,0.00169559348771602,"2.5th percentile"
42.1060793969849,5.41527185929648,0.00115925541797912,"2.5th percentile"
42.1906783919598,5.41527185929648,0.000780453882698452,"2.5th percentile"
42.2752773869347,5.41527185929648,0.000513734277883198,"2.5th percentile"
42.3598763819095,5.41527185929648,0.000357106320342717,"2.5th percentile"
42.4444753768844,5.41527185929648,0.000233262034443103,"2.5th percentile"
42.5290743718593,5.41527185929648,0.00015767369504066,"2.5th percentile"
42.6136733668342,5.41527185929648,0.000105080471610332,"2.5th percentile"
42.698272361809,5.41527185929648,8.45014104325532e-05,"2.5th percentile"
42.7828713567839,5.41527185929648,6.59812998749638e-05,"2.5th percentile"
42.8674703517588,5.41527185929648,5.20925585269148e-05,"2.5th percentile"
42.9520693467337,5.41527185929648,4.09051725989229e-05,"2.5th percentile"
43.0366683417085,5.41527185929648,3.72408826043903e-05,"2.5th percentile"
43.1212673366834,5.41527185929648,2.90238006682155e-05,"2.5th percentile"
43.2058663316583,5.41527185929648,2.20762943841747e-05,"2.5th percentile"
43.2904653266332,5.41527185929648,1.58218741665014e-05,"2.5th percentile"
43.375064321608,5.41527185929648,1.25910132468224e-05,"2.5th percentile"
43.4596633165829,5.41527185929648,9.25228120710678e-06,"2.5th percentile"
43.5442623115578,5.41527185929648,7.25169398005144e-06,"2.5th percentile"
43.6288613065327,5.41527185929648,5.5189749676907e-06,"2.5th percentile"
43.7134603015075,5.41527185929648,4.98429870213914e-06,"2.5th percentile"
43.7980592964824,5.41527185929648,4.17391962631961e-06,"2.5th percentile"
43.8826582914573,5.41527185929648,3.45568131474186e-06,"2.5th percentile"
43.9672572864322,5.41527185929648,2.70672691613202e-06,"2.5th percentile"
44.051856281407,5.41527185929648,2.07095858321358e-06,"2.5th percentile"
44.1364552763819,5.41527185929648,1.32568380112256e-06,"2.5th percentile"
44.2210542713568,5.41527185929648,1.17300838911233e-06,"2.5th percentile"
44.3056532663317,5.41527185929648,8.92866619888013e-07,"2.5th percentile"
44.3902522613065,5.41527185929648,6.84657509620996e-07,"2.5th percentile"
44.4748512562814,5.41527185929648,4.8022282927812e-07,"2.5th percentile"
44.5594502512563,5.41527185929648,3.19770011804839e-07,"2.5th percentile"
44.6440492462312,5.41527185929648,2.14290759443722e-07,"2.5th percentile"
44.728648241206,5.41527185929648,1.66951420080868e-07,"2.5th percentile"
44.8132472361809,5.41527185929648,1.30168885524474e-07,"2.5th percentile"
44.8978462311558,5.41527185929648,1.02163727389224e-07,"2.5th percentile"
44.9824452261307,5.41527185929648,1.29182007422017e-07,"2.5th percentile"
45.0670442211055,5.41527185929648,9.44999821606683e-08,"2.5th percentile"
45.1516432160804,5.41527185929648,9.67430089683539e-08,"2.5th percentile"
45.2362422110553,5.41527185929648,9.45583541055747e-08,"2.5th percentile"
45.3208412060302,5.41527185929648,9.24654481287714e-08,"2.5th percentile"
35.4227587939698,5.48329849246231,0.874604635715596,"2.5th percentile"
35.5073577889447,5.48329849246231,0.803525126717038,"2.5th percentile"
35.5919567839196,5.48329849246231,0.754568489711433,"2.5th percentile"
35.6765557788945,5.48329849246231,0.725248547816115,"2.5th percentile"
35.7611547738694,5.48329849246231,0.644601952853723,"2.5th percentile"
35.8457537688442,5.48329849246231,0.567920224587633,"2.5th percentile"
35.9303527638191,5.48329849246231,0.498788964716288,"2.5th percentile"
36.014951758794,5.48329849246231,0.428892725135836,"2.5th percentile"
36.0995507537688,5.48329849246231,0.345643815433419,"2.5th percentile"
36.1841497487437,5.48329849246231,0.315810113783077,"2.5th percentile"
36.2687487437186,5.48329849246231,0.3138616030456,"2.5th percentile"
36.3533477386935,5.48329849246231,0.31886188130845,"2.5th percentile"
36.4379467336683,5.48329849246231,0.330991629005662,"2.5th percentile"
36.5225457286432,5.48329849246231,0.327651178184807,"2.5th percentile"
36.6071447236181,5.48329849246231,0.311322742584497,"2.5th percentile"
36.691743718593,5.48329849246231,0.318679580410695,"2.5th percentile"
36.7763427135678,5.48329849246231,0.317839878435728,"2.5th percentile"
36.8609417085427,5.48329849246231,0.382426155740922,"2.5th percentile"
36.9455407035176,5.48329849246231,0.306037049947991,"2.5th percentile"
37.0301396984925,5.48329849246231,0.311995806427,"2.5th percentile"
37.1147386934673,5.48329849246231,0.304935171684349,"2.5th percentile"
37.1993376884422,5.48329849246231,0.279852089146817,"2.5th percentile"
37.2839366834171,5.48329849246231,0.281032939401755,"2.5th percentile"
37.368535678392,5.48329849246231,0.291399620731031,"2.5th percentile"
37.4531346733668,5.48329849246231,0.2700314256649,"2.5th percentile"
37.5377336683417,5.48329849246231,0.268122729629261,"2.5th percentile"
37.6223326633166,5.48329849246231,0.293042868203445,"2.5th percentile"
37.7069316582915,5.48329849246231,0.273183164354749,"2.5th percentile"
37.7915306532663,5.48329849246231,0.274363296641516,"2.5th percentile"
37.8761296482412,5.48329849246231,0.282501024370069,"2.5th percentile"
37.9607286432161,5.48329849246231,0.279541479401294,"2.5th percentile"
38.045327638191,5.48329849246231,0.305505896054068,"2.5th percentile"
38.1299266331658,5.48329849246231,0.326453554064575,"2.5th percentile"
38.2145256281407,5.48329849246231,0.34489944855943,"2.5th percentile"
38.2991246231156,5.48329849246231,0.352113317371754,"2.5th percentile"
38.3837236180904,5.48329849246231,0.38693050259544,"2.5th percentile"
38.4683226130653,5.48329849246231,0.423903437680686,"2.5th percentile"
38.5529216080402,5.48329849246231,0.452625435206969,"2.5th percentile"
38.6375206030151,5.48329849246231,0.45645015499655,"2.5th percentile"
38.72211959799,5.48329849246231,0.488742134581602,"2.5th percentile"
38.8067185929648,5.48329849246231,0.518931222888188,"2.5th percentile"
38.8913175879397,5.48329849246231,0.520758704755845,"2.5th percentile"
38.9759165829146,5.48329849246231,0.540224252094618,"2.5th percentile"
39.0605155778894,5.48329849246231,0.55758681782526,"2.5th percentile"
39.1451145728643,5.48329849246231,0.583829687409321,"2.5th percentile"
39.2297135678392,5.48329849246231,0.599749010908525,"2.5th percentile"
39.3143125628141,5.48329849246231,0.632189949700493,"2.5th percentile"
39.3989115577889,5.48329849246231,0.646872595592978,"2.5th percentile"
39.4835105527638,5.48329849246231,0.657940809426382,"2.5th percentile"
39.5681095477387,5.48329849246231,0.669443279525404,"2.5th percentile"
39.6527085427136,5.48329849246231,0.677740225456961,"2.5th percentile"
39.7373075376884,5.48329849246231,0.690444925175343,"2.5th percentile"
39.8219065326633,5.48329849246231,0.706786533149914,"2.5th percentile"
39.9065055276382,5.48329849246231,0.723346060325535,"2.5th percentile"
39.9911045226131,5.48329849246231,0.743300496970308,"2.5th percentile"
40.0757035175879,5.48329849246231,0.752706346517378,"2.5th percentile"
40.1603025125628,5.48329849246231,0.771552307138273,"2.5th percentile"
40.2449015075377,5.48329849246231,0.781538953933936,"2.5th percentile"
40.3295005025126,5.48329849246231,0.756493965769945,"2.5th percentile"
40.4140994974874,5.48329849246231,0.706804431579999,"2.5th percentile"
40.4986984924623,5.48329849246231,0.636412670128434,"2.5th percentile"
40.5832974874372,5.48329849246231,0.565914488093632,"2.5th percentile"
40.6678964824121,5.48329849246231,0.465137990706745,"2.5th percentile"
40.7524954773869,5.48329849246231,0.375502057671798,"2.5th percentile"
40.8370944723618,5.48329849246231,0.288129013014762,"2.5th percentile"
40.9216934673367,5.48329849246231,0.213106716537939,"2.5th percentile"
41.0062924623116,5.48329849246231,0.155451820373996,"2.5th percentile"
41.0908914572864,5.48329849246231,0.110477347323199,"2.5th percentile"
41.1754904522613,5.48329849246231,0.0777721987888244,"2.5th percentile"
41.2600894472362,5.48329849246231,0.0535592568069299,"2.5th percentile"
41.344688442211,5.48329849246231,0.0388350557782295,"2.5th percentile"
41.4292874371859,5.48329849246231,0.0274645865112144,"2.5th percentile"
41.5138864321608,5.48329849246231,0.0183606070503801,"2.5th percentile"
41.5984854271357,5.48329849246231,0.0119064381806791,"2.5th percentile"
41.6830844221106,5.48329849246231,0.00833935564317445,"2.5th percentile"
41.7676834170854,5.48329849246231,0.00516789592949812,"2.5th percentile"
41.8522824120603,5.48329849246231,0.00353467995598441,"2.5th percentile"
41.9368814070352,5.48329849246231,0.00237949756608665,"2.5th percentile"
42.02148040201,5.48329849246231,0.00157650116741416,"2.5th percentile"
42.1060793969849,5.48329849246231,0.00106204895050122,"2.5th percentile"
42.1906783919598,5.48329849246231,0.000746747531520752,"2.5th percentile"
42.2752773869347,5.48329849246231,0.000477352109967911,"2.5th percentile"
42.3598763819095,5.48329849246231,0.000328893744961762,"2.5th percentile"
42.4444753768844,5.48329849246231,0.000216867407737741,"2.5th percentile"
42.5290743718593,5.48329849246231,0.000149422874001771,"2.5th percentile"
42.6136733668342,5.48329849246231,0.000119593901886849,"2.5th percentile"
42.698272361809,5.48329849246231,9.42147474048432e-05,"2.5th percentile"
42.7828713567839,5.48329849246231,7.41403075491698e-05,"2.5th percentile"
42.8674703517588,5.48329849246231,5.84351346200711e-05,"2.5th percentile"
42.9520693467337,5.48329849246231,4.82536499243231e-05,"2.5th percentile"
43.0366683417085,5.48329849246231,4.52568678548747e-05,"2.5th percentile"
43.1212673366834,5.48329849246231,3.68945764523728e-05,"2.5th percentile"
43.2058663316583,5.48329849246231,2.37353943784963e-05,"2.5th percentile"
43.2904653266332,5.48329849246231,1.89487074876171e-05,"2.5th percentile"
43.375064321608,5.48329849246231,1.60008090988848e-05,"2.5th percentile"
43.4596633165829,5.48329849246231,1.00185602483871e-05,"2.5th percentile"
43.5442623115578,5.48329849246231,7.75243156709661e-06,"2.5th percentile"
43.6288613065327,5.48329849246231,6.07849699402618e-06,"2.5th percentile"
43.7134603015075,5.48329849246231,4.56286366810295e-06,"2.5th percentile"
43.7980592964824,5.48329849246231,3.46261073440841e-06,"2.5th percentile"
43.8826582914573,5.48329849246231,2.64866401506632e-06,"2.5th percentile"
43.9672572864322,5.48329849246231,2.75033272499166e-06,"2.5th percentile"
44.051856281407,5.48329849246231,2.06033915440409e-06,"2.5th percentile"
44.1364552763819,5.48329849246231,1.57311371070095e-06,"2.5th percentile"
44.2210542713568,5.48329849246231,1.08170912985817e-06,"2.5th percentile"
44.3056532663317,5.48329849246231,9.76779605525396e-07,"2.5th percentile"
44.3902522613065,5.48329849246231,7.19871089977595e-07,"2.5th percentile"
44.4748512562814,5.48329849246231,3.89473877863858e-07,"2.5th percentile"
44.5594502512563,5.48329849246231,2.9485364709491e-07,"2.5th percentile"
44.6440492462312,5.48329849246231,2.32791748607953e-07,"2.5th percentile"
44.728648241206,5.48329849246231,2.36820299336693e-07,"2.5th percentile"
44.8132472361809,5.48329849246231,1.33000548310141e-07,"2.5th percentile"
44.8978462311558,5.48329849246231,1.18055736734962e-07,"2.5th percentile"
44.9824452261307,5.48329849246231,1.19297669860222e-07,"2.5th percentile"
45.0670442211055,5.48329849246231,1.03387286528488e-07,"2.5th percentile"
45.1516432160804,5.48329849246231,1.03693400188701e-07,"2.5th percentile"
45.2362422110553,5.48329849246231,1.02811850211827e-07,"2.5th percentile"
45.3208412060302,5.48329849246231,1.00628849112349e-07,"2.5th percentile"
45.405440201005,5.48329849246231,9.71616654620728e-08,"2.5th percentile"
35.338159798995,5.55132512562814,0.872413226392437,"2.5th percentile"
35.4227587939698,5.55132512562814,0.854489281766788,"2.5th percentile"
35.5073577889447,5.55132512562814,0.796599806411406,"2.5th percentile"
35.5919567839196,5.55132512562814,0.732198343825856,"2.5th percentile"
35.6765557788945,5.55132512562814,0.711023289400745,"2.5th percentile"
35.7611547738694,5.55132512562814,0.650771769799313,"2.5th percentile"
35.8457537688442,5.55132512562814,0.546054341076616,"2.5th percentile"
35.9303527638191,5.55132512562814,0.444433942296835,"2.5th percentile"
36.014951758794,5.55132512562814,0.406973796129357,"2.5th percentile"
36.0995507537688,5.55132512562814,0.357562797180991,"2.5th percentile"
36.1841497487437,5.55132512562814,0.331711447871376,"2.5th percentile"
36.2687487437186,5.55132512562814,0.323418238683103,"2.5th percentile"
36.3533477386935,5.55132512562814,0.330597089016933,"2.5th percentile"
36.4379467336683,5.55132512562814,0.327105124396033,"2.5th percentile"
36.5225457286432,5.55132512562814,0.32329281978212,"2.5th percentile"
36.6071447236181,5.55132512562814,0.324322804643755,"2.5th percentile"
36.691743718593,5.55132512562814,0.309786085827028,"2.5th percentile"
36.7763427135678,5.55132512562814,0.324057616562306,"2.5th percentile"
36.8609417085427,5.55132512562814,0.330109746093737,"2.5th percentile"
36.9455407035176,5.55132512562814,0.317596168842835,"2.5th percentile"
37.0301396984925,5.55132512562814,0.329446124363182,"2.5th percentile"
37.1147386934673,5.55132512562814,0.307609354487426,"2.5th percentile"
37.1993376884422,5.55132512562814,0.275907878936827,"2.5th percentile"
37.2839366834171,5.55132512562814,0.26701571536523,"2.5th percentile"
37.368535678392,5.55132512562814,0.309918496621965,"2.5th percentile"
37.4531346733668,5.55132512562814,0.26905610235556,"2.5th percentile"
37.5377336683417,5.55132512562814,0.265187962086734,"2.5th percentile"
37.6223326633166,5.55132512562814,0.287561805454434,"2.5th percentile"
37.7069316582915,5.55132512562814,0.291785779684395,"2.5th percentile"
37.7915306532663,5.55132512562814,0.267586360829917,"2.5th percentile"
37.8761296482412,5.55132512562814,0.262234380129135,"2.5th percentile"
37.9607286432161,5.55132512562814,0.2539654747283,"2.5th percentile"
38.045327638191,5.55132512562814,0.271996607542817,"2.5th percentile"
38.1299266331658,5.55132512562814,0.273360160532824,"2.5th percentile"
38.2145256281407,5.55132512562814,0.304816574037524,"2.5th percentile"
38.2991246231156,5.55132512562814,0.303405177650349,"2.5th percentile"
38.3837236180904,5.55132512562814,0.343234611597472,"2.5th percentile"
38.4683226130653,5.55132512562814,0.375245494107563,"2.5th percentile"
38.5529216080402,5.55132512562814,0.401640183730069,"2.5th percentile"
38.6375206030151,5.55132512562814,0.423674299778484,"2.5th percentile"
38.72211959799,5.55132512562814,0.440203343345024,"2.5th percentile"
38.8067185929648,5.55132512562814,0.455945071511832,"2.5th percentile"
38.8913175879397,5.55132512562814,0.479966179199361,"2.5th percentile"
38.9759165829146,5.55132512562814,0.498222905828169,"2.5th percentile"
39.0605155778894,5.55132512562814,0.525258041419101,"2.5th percentile"
39.1451145728643,5.55132512562814,0.541866551752311,"2.5th percentile"
39.2297135678392,5.55132512562814,0.554097695752563,"2.5th percentile"
39.3143125628141,5.55132512562814,0.572735534152863,"2.5th percentile"
39.3989115577889,5.55132512562814,0.600278101447406,"2.5th percentile"
39.4835105527638,5.55132512562814,0.603166335056927,"2.5th percentile"
39.5681095477387,5.55132512562814,0.622553334510116,"2.5th percentile"
39.6527085427136,5.55132512562814,0.643350490910292,"2.5th percentile"
39.7373075376884,5.55132512562814,0.655926682398602,"2.5th percentile"
39.8219065326633,5.55132512562814,0.669485976926428,"2.5th percentile"
39.9065055276382,5.55132512562814,0.687060641817494,"2.5th percentile"
39.9911045226131,5.55132512562814,0.702368479077468,"2.5th percentile"
40.0757035175879,5.55132512562814,0.717604963425509,"2.5th percentile"
40.1603025125628,5.55132512562814,0.734445968188665,"2.5th percentile"
40.2449015075377,5.55132512562814,0.749535439360183,"2.5th percentile"
40.3295005025126,5.55132512562814,0.735570122430181,"2.5th percentile"
40.4140994974874,5.55132512562814,0.706217503876079,"2.5th percentile"
40.4986984924623,5.55132512562814,0.616131225095243,"2.5th percentile"
40.5832974874372,5.55132512562814,0.533306021063258,"2.5th percentile"
40.6678964824121,5.55132512562814,0.44369356264095,"2.5th percentile"
40.7524954773869,5.55132512562814,0.358554107108954,"2.5th percentile"
40.8370944723618,5.55132512562814,0.271778198452555,"2.5th percentile"
40.9216934673367,5.55132512562814,0.201611144427554,"2.5th percentile"
41.0062924623116,5.55132512562814,0.145533228479656,"2.5th percentile"
41.0908914572864,5.55132512562814,0.103011684023463,"2.5th percentile"
41.1754904522613,5.55132512562814,0.0721410868569662,"2.5th percentile"
41.2600894472362,5.55132512562814,0.0517023165611704,"2.5th percentile"
41.344688442211,5.55132512562814,0.035637225151996,"2.5th percentile"
41.4292874371859,5.55132512562814,0.0255550210644653,"2.5th percentile"
41.5138864321608,5.55132512562814,0.0172432400045622,"2.5th percentile"
41.5984854271357,5.55132512562814,0.0116555672445758,"2.5th percentile"
41.6830844221106,5.55132512562814,0.00748397918390992,"2.5th percentile"
41.7676834170854,5.55132512562814,0.00509490611040819,"2.5th percentile"
41.8522824120603,5.55132512562814,0.00322416802059096,"2.5th percentile"
41.9368814070352,5.55132512562814,0.0021782793066633,"2.5th percentile"
42.02148040201,5.55132512562814,0.00148186186255144,"2.5th percentile"
42.1060793969849,5.55132512562814,0.0010107251540519,"2.5th percentile"
42.1906783919598,5.55132512562814,0.000705376605386631,"2.5th percentile"
42.2752773869347,5.55132512562814,0.000449353872434642,"2.5th percentile"
42.3598763819095,5.55132512562814,0.000301987382178363,"2.5th percentile"
42.4444753768844,5.55132512562814,0.000213359337774904,"2.5th percentile"
42.5290743718593,5.55132512562814,0.000169660813721106,"2.5th percentile"
42.6136733668342,5.55132512562814,0.000135406614905268,"2.5th percentile"
42.698272361809,5.55132512562814,0.000111282673126322,"2.5th percentile"
42.7828713567839,5.55132512562814,8.34229440077332e-05,"2.5th percentile"
42.8674703517588,5.55132512562814,6.81025131331848e-05,"2.5th percentile"
42.9520693467337,5.55132512562814,5.26045831475408e-05,"2.5th percentile"
43.0366683417085,5.55132512562814,4.16074224645409e-05,"2.5th percentile"
43.1212673366834,5.55132512562814,3.1496807142755e-05,"2.5th percentile"
43.2058663316583,5.55132512562814,2.83085122463567e-05,"2.5th percentile"
43.2904653266332,5.55132512562814,1.84952612775761e-05,"2.5th percentile"
43.375064321608,5.55132512562814,1.40150294015325e-05,"2.5th percentile"
43.4596633165829,5.55132512562814,1.08360100333375e-05,"2.5th percentile"
43.5442623115578,5.55132512562814,8.23551005139301e-06,"2.5th percentile"
43.6288613065327,5.55132512562814,6.82293669591264e-06,"2.5th percentile"
43.7134603015075,5.55132512562814,4.89623053817424e-06,"2.5th percentile"
43.7980592964824,5.55132512562814,3.79201846894577e-06,"2.5th percentile"
43.8826582914573,5.55132512562814,2.84822090525278e-06,"2.5th percentile"
43.9672572864322,5.55132512562814,2.66414938604971e-06,"2.5th percentile"
44.051856281407,5.55132512562814,1.81327104362895e-06,"2.5th percentile"
44.1364552763819,5.55132512562814,1.33982020439687e-06,"2.5th percentile"
44.2210542713568,5.55132512562814,9.76389381814425e-07,"2.5th percentile"
44.3056532663317,5.55132512562814,9.21557765750008e-07,"2.5th percentile"
44.3902522613065,5.55132512562814,5.74096491883348e-07,"2.5th percentile"
44.4748512562814,5.55132512562814,3.96965883042954e-07,"2.5th percentile"
44.5594502512563,5.55132512562814,4.03070457963547e-07,"2.5th percentile"
44.6440492462312,5.55132512562814,2.3611281154158e-07,"2.5th percentile"
44.728648241206,5.55132512562814,1.79678765495193e-07,"2.5th percentile"
44.8132472361809,5.55132512562814,1.46628402324464e-07,"2.5th percentile"
44.8978462311558,5.55132512562814,1.11685783161721e-07,"2.5th percentile"
44.9824452261307,5.55132512562814,1.14114807219532e-07,"2.5th percentile"
45.0670442211055,5.55132512562814,1.12888599797354e-07,"2.5th percentile"
45.1516432160804,5.55132512562814,1.12728335070625e-07,"2.5th percentile"
45.2362422110553,5.55132512562814,1.11702203464667e-07,"2.5th percentile"
45.3208412060302,5.55132512562814,1.08955343531359e-07,"2.5th percentile"
45.405440201005,5.55132512562814,1.05068863254257e-07,"2.5th percentile"
35.2535608040201,5.61935175879397,0.904351015988688,"2.5th percentile"
35.338159798995,5.61935175879397,0.850225621506963,"2.5th percentile"
35.4227587939698,5.61935175879397,0.808887273327259,"2.5th percentile"
35.5073577889447,5.61935175879397,0.775934787081503,"2.5th percentile"
35.5919567839196,5.61935175879397,0.698574254629273,"2.5th percentile"
35.6765557788945,5.61935175879397,0.674839183231037,"2.5th percentile"
35.7611547738694,5.61935175879397,0.629808904894153,"2.5th percentile"
35.8457537688442,5.61935175879397,0.495664876562487,"2.5th percentile"
35.9303527638191,5.61935175879397,0.397352211500273,"2.5th percentile"
36.014951758794,5.61935175879397,0.388024474359041,"2.5th percentile"
36.0995507537688,5.61935175879397,0.322189320698931,"2.5th percentile"
36.1841497487437,5.61935175879397,0.311620213506402,"2.5th percentile"
36.2687487437186,5.61935175879397,0.328176641805675,"2.5th percentile"
36.3533477386935,5.61935175879397,0.332647766008125,"2.5th percentile"
36.4379467336683,5.61935175879397,0.333787844498624,"2.5th percentile"
36.5225457286432,5.61935175879397,0.327974712993044,"2.5th percentile"
36.6071447236181,5.61935175879397,0.319481665076701,"2.5th percentile"
36.691743718593,5.61935175879397,0.314938403567188,"2.5th percentile"
36.7763427135678,5.61935175879397,0.327685680536245,"2.5th percentile"
36.8609417085427,5.61935175879397,0.332718409667216,"2.5th percentile"
36.9455407035176,5.61935175879397,0.343125591368107,"2.5th percentile"
37.0301396984925,5.61935175879397,0.329934537499037,"2.5th percentile"
37.1147386934673,5.61935175879397,0.319036328195218,"2.5th percentile"
37.1993376884422,5.61935175879397,0.293129273353344,"2.5th percentile"
37.2839366834171,5.61935175879397,0.270489420361138,"2.5th percentile"
37.368535678392,5.61935175879397,0.269742273532133,"2.5th percentile"
37.4531346733668,5.61935175879397,0.282557625548088,"2.5th percentile"
37.5377336683417,5.61935175879397,0.266400388238813,"2.5th percentile"
37.6223326633166,5.61935175879397,0.277033079028486,"2.5th percentile"
37.7069316582915,5.61935175879397,0.281049671584838,"2.5th percentile"
37.7915306532663,5.61935175879397,0.271932154784475,"2.5th percentile"
37.8761296482412,5.61935175879397,0.265409582544055,"2.5th percentile"
37.9607286432161,5.61935175879397,0.252996749359196,"2.5th percentile"
38.045327638191,5.61935175879397,0.224947549336672,"2.5th percentile"
38.1299266331658,5.61935175879397,0.222989400699602,"2.5th percentile"
38.2145256281407,5.61935175879397,0.212126108405638,"2.5th percentile"
38.2991246231156,5.61935175879397,0.255297351893209,"2.5th percentile"
38.3837236180904,5.61935175879397,0.285823733606082,"2.5th percentile"
38.4683226130653,5.61935175879397,0.32358011525113,"2.5th percentile"
38.5529216080402,5.61935175879397,0.347102099656843,"2.5th percentile"
38.6375206030151,5.61935175879397,0.372250561066903,"2.5th percentile"
38.72211959799,5.61935175879397,0.398934504744876,"2.5th percentile"
38.8067185929648,5.61935175879397,0.413032003602105,"2.5th percentile"
38.8913175879397,5.61935175879397,0.428087732030146,"2.5th percentile"
38.9759165829146,5.61935175879397,0.450130614314766,"2.5th percentile"
39.0605155778894,5.61935175879397,0.475231133996976,"2.5th percentile"
39.1451145728643,5.61935175879397,0.48966433693127,"2.5th percentile"
39.2297135678392,5.61935175879397,0.507454125479025,"2.5th percentile"
39.3143125628141,5.61935175879397,0.526738029225102,"2.5th percentile"
39.3989115577889,5.61935175879397,0.533163203805882,"2.5th percentile"
39.4835105527638,5.61935175879397,0.558248310041776,"2.5th percentile"
39.5681095477387,5.61935175879397,0.576659138766759,"2.5th percentile"
39.6527085427136,5.61935175879397,0.604489426486813,"2.5th percentile"
39.7373075376884,5.61935175879397,0.611923471378868,"2.5th percentile"
39.8219065326633,5.61935175879397,0.636718106685652,"2.5th percentile"
39.9065055276382,5.61935175879397,0.646303616223718,"2.5th percentile"
39.9911045226131,5.61935175879397,0.676036176672926,"2.5th percentile"
40.0757035175879,5.61935175879397,0.712948890931455,"2.5th percentile"
40.1603025125628,5.61935175879397,0.704806559156387,"2.5th percentile"
40.2449015075377,5.61935175879397,0.722538262244746,"2.5th percentile"
40.3295005025126,5.61935175879397,0.713004571297062,"2.5th percentile"
40.4140994974874,5.61935175879397,0.667408255497183,"2.5th percentile"
40.4986984924623,5.61935175879397,0.596990514486114,"2.5th percentile"
40.5832974874372,5.61935175879397,0.514587788542629,"2.5th percentile"
40.6678964824121,5.61935175879397,0.42363610093726,"2.5th percentile"
40.7524954773869,5.61935175879397,0.336664552624725,"2.5th percentile"
40.8370944723618,5.61935175879397,0.256663410476471,"2.5th percentile"
40.9216934673367,5.61935175879397,0.189592332058436,"2.5th percentile"
41.0062924623116,5.61935175879397,0.1358288383923,"2.5th percentile"
41.0908914572864,5.61935175879397,0.0957275279873776,"2.5th percentile"
41.1754904522613,5.61935175879397,0.0677883808407264,"2.5th percentile"
41.2600894472362,5.61935175879397,0.0505683225973076,"2.5th percentile"
41.344688442211,5.61935175879397,0.0346658776218933,"2.5th percentile"
41.4292874371859,5.61935175879397,0.023685757971908,"2.5th percentile"
41.5138864321608,5.61935175879397,0.0159421417232801,"2.5th percentile"
41.5984854271357,5.61935175879397,0.0103753559337924,"2.5th percentile"
41.6830844221106,5.61935175879397,0.00684767398213671,"2.5th percentile"
41.7676834170854,5.61935175879397,0.00505214818326801,"2.5th percentile"
41.8522824120603,5.61935175879397,0.00306750805527587,"2.5th percentile"
41.9368814070352,5.61935175879397,0.00206108660676607,"2.5th percentile"
42.02148040201,5.61935175879397,0.00144578528578513,"2.5th percentile"
42.1060793969849,5.61935175879397,0.000959713101432908,"2.5th percentile"
42.1906783919598,5.61935175879397,0.000655743970933004,"2.5th percentile"
42.2752773869347,5.61935175879397,0.000434294177648735,"2.5th percentile"
42.3598763819095,5.61935175879397,0.0003072890658936,"2.5th percentile"
42.4444753768844,5.61935175879397,0.000247054289930613,"2.5th percentile"
42.5290743718593,5.61935175879397,0.000192840331062288,"2.5th percentile"
42.6136733668342,5.61935175879397,0.000151875171982518,"2.5th percentile"
42.698272361809,5.61935175879397,0.000117988993554101,"2.5th percentile"
42.7828713567839,5.61935175879397,0.00010245159302218,"2.5th percentile"
42.8674703517588,5.61935175879397,7.44882911161186e-05,"2.5th percentile"
42.9520693467337,5.61935175879397,6.24983546368027e-05,"2.5th percentile"
43.0366683417085,5.61935175879397,4.41967177133455e-05,"2.5th percentile"
43.1212673366834,5.61935175879397,3.79282147677721e-05,"2.5th percentile"
43.2058663316583,5.61935175879397,3.12505283715988e-05,"2.5th percentile"
43.2904653266332,5.61935175879397,2.02375399923317e-05,"2.5th percentile"
43.375064321608,5.61935175879397,1.51662187180062e-05,"2.5th percentile"
43.4596633165829,5.61935175879397,1.24020134494156e-05,"2.5th percentile"
43.5442623115578,5.61935175879397,1.10164166446149e-05,"2.5th percentile"
43.6288613065327,5.61935175879397,7.30199020707541e-06,"2.5th percentile"
43.7134603015075,5.61935175879397,5.13441088683272e-06,"2.5th percentile"
43.7980592964824,5.61935175879397,3.91259016845494e-06,"2.5th percentile"
43.8826582914573,5.61935175879397,3.24287338395654e-06,"2.5th percentile"
43.9672572864322,5.61935175879397,2.97806612329887e-06,"2.5th percentile"
44.051856281407,5.61935175879397,1.75223701261251e-06,"2.5th percentile"
44.1364552763819,5.61935175879397,1.552660561671e-06,"2.5th percentile"
44.2210542713568,5.61935175879397,1.32609499586837e-06,"2.5th percentile"
44.3056532663317,5.61935175879397,7.17046561994289e-07,"2.5th percentile"
44.3902522613065,5.61935175879397,5.65194088749387e-07,"2.5th percentile"
44.4748512562814,5.61935175879397,4.2591951505702e-07,"2.5th percentile"
44.5594502512563,5.61935175879397,4.63297312074476e-07,"2.5th percentile"
44.6440492462312,5.61935175879397,3.50104730619473e-07,"2.5th percentile"
44.728648241206,5.61935175879397,1.91606453844597e-07,"2.5th percentile"
44.8132472361809,5.61935175879397,1.48954790858026e-07,"2.5th percentile"
44.8978462311558,5.61935175879397,1.16707901095362e-07,"2.5th percentile"
44.9824452261307,5.61935175879397,1.19342765834621e-07,"2.5th percentile"
45.0670442211055,5.61935175879397,1.21302164537504e-07,"2.5th percentile"
45.1516432160804,5.61935175879397,1.21513469389866e-07,"2.5th percentile"
45.2362422110553,5.61935175879397,1.20132324626142e-07,"2.5th percentile"
45.3208412060302,5.61935175879397,1.17305260308023e-07,"2.5th percentile"
45.405440201005,5.61935175879397,1.13301974114985e-07,"2.5th percentile"
45.4900391959799,5.61935175879397,1.08916765588238e-07,"2.5th percentile"
35.2535608040201,5.6873783919598,0.8881327494415,"2.5th percentile"
35.338159798995,5.6873783919598,0.825982656565182,"2.5th percentile"
35.4227587939698,5.6873783919598,0.783944797860189,"2.5th percentile"
35.5073577889447,5.6873783919598,0.732754006861328,"2.5th percentile"
35.5919567839196,5.6873783919598,0.665828333957262,"2.5th percentile"
35.6765557788945,5.6873783919598,0.657335150822781,"2.5th percentile"
35.7611547738694,5.6873783919598,0.510097257324375,"2.5th percentile"
35.8457537688442,5.6873783919598,0.44229149603457,"2.5th percentile"
35.9303527638191,5.6873783919598,0.35796658982948,"2.5th percentile"
36.014951758794,5.6873783919598,0.304908270522589,"2.5th percentile"
36.0995507537688,5.6873783919598,0.335511633591344,"2.5th percentile"
36.1841497487437,5.6873783919598,0.317601877863671,"2.5th percentile"
36.2687487437186,5.6873783919598,0.329583848527916,"2.5th percentile"
36.3533477386935,5.6873783919598,0.327314020979442,"2.5th percentile"
36.4379467336683,5.6873783919598,0.319926737912012,"2.5th percentile"
36.5225457286432,5.6873783919598,0.303015367436476,"2.5th percentile"
36.6071447236181,5.6873783919598,0.277000617784292,"2.5th percentile"
36.691743718593,5.6873783919598,0.313235541854876,"2.5th percentile"
36.7763427135678,5.6873783919598,0.302045579526983,"2.5th percentile"
36.8609417085427,5.6873783919598,0.314794641593362,"2.5th percentile"
36.9455407035176,5.6873783919598,0.381165104618383,"2.5th percentile"
37.0301396984925,5.6873783919598,0.329665574336423,"2.5th percentile"
37.1147386934673,5.6873783919598,0.32735036200101,"2.5th percentile"
37.1993376884422,5.6873783919598,0.327030260849063,"2.5th percentile"
37.2839366834171,5.6873783919598,0.287997746648787,"2.5th percentile"
37.368535678392,5.6873783919598,0.298136066805534,"2.5th percentile"
37.4531346733668,5.6873783919598,0.291034250299031,"2.5th percentile"
37.5377336683417,5.6873783919598,0.28379362365635,"2.5th percentile"
37.6223326633166,5.6873783919598,0.277577391885714,"2.5th percentile"
37.7069316582915,5.6873783919598,0.287052139429028,"2.5th percentile"
37.7915306532663,5.6873783919598,0.263089055512163,"2.5th percentile"
37.8761296482412,5.6873783919598,0.251209523952235,"2.5th percentile"
37.9607286432161,5.6873783919598,0.248176834417067,"2.5th percentile"
38.045327638191,5.6873783919598,0.248939076753601,"2.5th percentile"
38.1299266331658,5.6873783919598,0.231898700121322,"2.5th percentile"
38.2145256281407,5.6873783919598,0.22048450223454,"2.5th percentile"
38.2991246231156,5.6873783919598,0.206147016344874,"2.5th percentile"
38.3837236180904,5.6873783919598,0.245228510419382,"2.5th percentile"
38.4683226130653,5.6873783919598,0.26672742451596,"2.5th percentile"
38.5529216080402,5.6873783919598,0.296637027789815,"2.5th percentile"
38.6375206030151,5.6873783919598,0.325081303255942,"2.5th percentile"
38.72211959799,5.6873783919598,0.346901031057494,"2.5th percentile"
38.8067185929648,5.6873783919598,0.372052469291899,"2.5th percentile"
38.8913175879397,5.6873783919598,0.385578663379289,"2.5th percentile"
38.9759165829146,5.6873783919598,0.405219878484769,"2.5th percentile"
39.0605155778894,5.6873783919598,0.430295390507399,"2.5th percentile"
39.1451145728643,5.6873783919598,0.444488564558962,"2.5th percentile"
39.2297135678392,5.6873783919598,0.457843598826189,"2.5th percentile"
39.3143125628141,5.6873783919598,0.476787934850767,"2.5th percentile"
39.3989115577889,5.6873783919598,0.492523786386096,"2.5th percentile"
39.4835105527638,5.6873783919598,0.520668528849487,"2.5th percentile"
39.5681095477387,5.6873783919598,0.533758478428026,"2.5th percentile"
39.6527085427136,5.6873783919598,0.600980334155466,"2.5th percentile"
39.7373075376884,5.6873783919598,0.608086761913929,"2.5th percentile"
39.8219065326633,5.6873783919598,0.610804337557779,"2.5th percentile"
39.9065055276382,5.6873783919598,0.608107911852551,"2.5th percentile"
39.9911045226131,5.6873783919598,0.62200340941459,"2.5th percentile"
40.0757035175879,5.6873783919598,0.639679898011125,"2.5th percentile"
40.1603025125628,5.6873783919598,0.662686907923591,"2.5th percentile"
40.2449015075377,5.6873783919598,0.68311173702876,"2.5th percentile"
40.3295005025126,5.6873783919598,0.691647902973809,"2.5th percentile"
40.4140994974874,5.6873783919598,0.646307939332798,"2.5th percentile"
40.4986984924623,5.6873783919598,0.578708370442607,"2.5th percentile"
40.5832974874372,5.6873783919598,0.497691970081796,"2.5th percentile"
40.6678964824121,5.6873783919598,0.413772816638265,"2.5th percentile"
40.7524954773869,5.6873783919598,0.320592999274848,"2.5th percentile"
40.8370944723618,5.6873783919598,0.241883974915373,"2.5th percentile"
40.9216934673367,5.6873783919598,0.185235821443162,"2.5th percentile"
41.0062924623116,5.6873783919598,0.127046437958641,"2.5th percentile"
41.0908914572864,5.6873783919598,0.0893859215469564,"2.5th percentile"
41.1754904522613,5.6873783919598,0.0623961711889665,"2.5th percentile"
41.2600894472362,5.6873783919598,0.042835412749747,"2.5th percentile"
41.344688442211,5.6873783919598,0.0321583606947407,"2.5th percentile"
41.4292874371859,5.6873783919598,0.021933888593168,"2.5th percentile"
41.5138864321608,5.6873783919598,0.0147110260050511,"2.5th percentile"
41.5984854271357,5.6873783919598,0.00993431163027966,"2.5th percentile"
41.6830844221106,5.6873783919598,0.00620733017961702,"2.5th percentile"
41.7676834170854,5.6873783919598,0.0043377217283628,"2.5th percentile"
41.8522824120603,5.6873783919598,0.00284091613739445,"2.5th percentile"
41.9368814070352,5.6873783919598,0.00198213769364453,"2.5th percentile"
42.02148040201,5.6873783919598,0.00132142458452877,"2.5th percentile"
42.1060793969849,5.6873783919598,0.000909163693956188,"2.5th percentile"
42.1906783919598,5.6873783919598,0.000590539297160433,"2.5th percentile"
42.2752773869347,5.6873783919598,0.000442935988777371,"2.5th percentile"
42.3598763819095,5.6873783919598,0.000345472361466329,"2.5th percentile"
42.4444753768844,5.6873783919598,0.000274156785776855,"2.5th percentile"
42.5290743718593,5.6873783919598,0.000213282671329112,"2.5th percentile"
42.6136733668342,5.6873783919598,0.000173689144656968,"2.5th percentile"
42.698272361809,5.6873783919598,0.000131379571335751,"2.5th percentile"
42.7828713567839,5.6873783919598,0.00011640144183219,"2.5th percentile"
42.8674703517588,5.6873783919598,0.000102229028325105,"2.5th percentile"
42.9520693467337,5.6873783919598,7.82640146403409e-05,"2.5th percentile"
43.0366683417085,5.6873783919598,5.49024325961336e-05,"2.5th percentile"
43.1212673366834,5.6873783919598,4.2909943058861e-05,"2.5th percentile"
43.2058663316583,5.6873783919598,2.99493717327295e-05,"2.5th percentile"
43.2904653266332,5.6873783919598,2.29478896519094e-05,"2.5th percentile"
43.375064321608,5.6873783919598,1.96883366275477e-05,"2.5th percentile"
43.4596633165829,5.6873783919598,1.51122365950896e-05,"2.5th percentile"
43.5442623115578,5.6873783919598,1.24928043252077e-05,"2.5th percentile"
43.6288613065327,5.6873783919598,9.44253111762493e-06,"2.5th percentile"
43.7134603015075,5.6873783919598,6.77973869524192e-06,"2.5th percentile"
43.7980592964824,5.6873783919598,5.20728155421085e-06,"2.5th percentile"
43.8826582914573,5.6873783919598,4.23855482582106e-06,"2.5th percentile"
43.9672572864322,5.6873783919598,3.26132951878037e-06,"2.5th percentile"
44.051856281407,5.6873783919598,2.45406767884164e-06,"2.5th percentile"
44.1364552763819,5.6873783919598,1.47203749372977e-06,"2.5th percentile"
44.2210542713568,5.6873783919598,1.093217571221e-06,"2.5th percentile"
44.3056532663317,5.6873783919598,7.63864685340006e-07,"2.5th percentile"
44.3902522613065,5.6873783919598,5.77198239882937e-07,"2.5th percentile"
44.4748512562814,5.6873783919598,4.66223151977989e-07,"2.5th percentile"
44.5594502512563,5.6873783919598,4.20371994901557e-07,"2.5th percentile"
44.6440492462312,5.6873783919598,2.97570889601567e-07,"2.5th percentile"
44.728648241206,5.6873783919598,2.18877100747509e-07,"2.5th percentile"
44.8132472361809,5.6873783919598,1.47709067763092e-07,"2.5th percentile"
44.8978462311558,5.6873783919598,1.32121504313143e-07,"2.5th percentile"
44.9824452261307,5.6873783919598,1.33271249819031e-07,"2.5th percentile"
45.0670442211055,5.6873783919598,1.32689861465888e-07,"2.5th percentile"
45.1516432160804,5.6873783919598,1.30951972912106e-07,"2.5th percentile"
45.2362422110553,5.6873783919598,1.30101793515952e-07,"2.5th percentile"
45.3208412060302,5.6873783919598,1.26712636409015e-07,"2.5th percentile"
45.405440201005,5.6873783919598,1.21089747094017e-07,"2.5th percentile"
45.4900391959799,5.6873783919598,1.14851254164489e-07,"2.5th percentile"
45.5746381909548,5.6873783919598,1.07467087533341e-07,"2.5th percentile"
35.1689618090452,5.75540502512563,0.902996966269674,"2.5th percentile"
35.2535608040201,5.75540502512563,0.863192952600434,"2.5th percentile"
35.338159798995,5.75540502512563,0.803593845472827,"2.5th percentile"
35.4227587939698,5.75540502512563,0.751981586683597,"2.5th percentile"
35.5073577889447,5.75540502512563,0.746025480658466,"2.5th percentile"
35.5919567839196,5.75540502512563,0.691599595555549,"2.5th percentile"
35.6765557788945,5.75540502512563,0.625593029833572,"2.5th percentile"
35.7611547738694,5.75540502512563,0.521801911749329,"2.5th percentile"
35.8457537688442,5.75540502512563,0.45966709259343,"2.5th percentile"
35.9303527638191,5.75540502512563,0.313547577394017,"2.5th percentile"
36.014951758794,5.75540502512563,0.299851367120305,"2.5th percentile"
36.0995507537688,5.75540502512563,0.301382767160399,"2.5th percentile"
36.1841497487437,5.75540502512563,0.305912290243439,"2.5th percentile"
36.2687487437186,5.75540502512563,0.31807753412163,"2.5th percentile"
36.3533477386935,5.75540502512563,0.311256918125124,"2.5th percentile"
36.4379467336683,5.75540502512563,0.353542110927069,"2.5th percentile"
36.5225457286432,5.75540502512563,0.265047513653856,"2.5th percentile"
36.6071447236181,5.75540502512563,0.271808171135982,"2.5th percentile"
36.691743718593,5.75540502512563,0.282279221744231,"2.5th percentile"
36.7763427135678,5.75540502512563,0.303887305201936,"2.5th percentile"
36.8609417085427,5.75540502512563,0.287974867383173,"2.5th percentile"
36.9455407035176,5.75540502512563,0.332201008816867,"2.5th percentile"
37.0301396984925,5.75540502512563,0.325854952269607,"2.5th percentile"
37.1147386934673,5.75540502512563,0.350697898920484,"2.5th percentile"
37.1993376884422,5.75540502512563,0.317441131977354,"2.5th percentile"
37.2839366834171,5.75540502512563,0.273874528185417,"2.5th percentile"
37.368535678392,5.75540502512563,0.28847834198144,"2.5th percentile"
37.4531346733668,5.75540502512563,0.289773199170329,"2.5th percentile"
37.5377336683417,5.75540502512563,0.407339591173942,"2.5th percentile"
37.6223326633166,5.75540502512563,0.285989303624933,"2.5th percentile"
37.7069316582915,5.75540502512563,0.286648876587924,"2.5th percentile"
37.7915306532663,5.75540502512563,0.2726735255916,"2.5th percentile"
37.8761296482412,5.75540502512563,0.255025674657373,"2.5th percentile"
37.9607286432161,5.75540502512563,0.254207814309489,"2.5th percentile"
38.045327638191,5.75540502512563,0.252692927409641,"2.5th percentile"
38.1299266331658,5.75540502512563,0.257956373093325,"2.5th percentile"
38.2145256281407,5.75540502512563,0.224828569933629,"2.5th percentile"
38.2991246231156,5.75540502512563,0.189537125362098,"2.5th percentile"
38.3837236180904,5.75540502512563,0.208101663774619,"2.5th percentile"
38.4683226130653,5.75540502512563,0.231092154438574,"2.5th percentile"
38.5529216080402,5.75540502512563,0.255767147376256,"2.5th percentile"
38.6375206030151,5.75540502512563,0.279717157205531,"2.5th percentile"
38.72211959799,5.75540502512563,0.304966057651145,"2.5th percentile"
38.8067185929648,5.75540502512563,0.325148782008663,"2.5th percentile"
38.8913175879397,5.75540502512563,0.34361082803736,"2.5th percentile"
38.9759165829146,5.75540502512563,0.343268264774605,"2.5th percentile"
39.0605155778894,5.75540502512563,0.353198429285981,"2.5th percentile"
39.1451145728643,5.75540502512563,0.389156707012176,"2.5th percentile"
39.2297135678392,5.75540502512563,0.405855041965303,"2.5th percentile"
39.3143125628141,5.75540502512563,0.404603539896078,"2.5th percentile"
39.3989115577889,5.75540502512563,0.447244243737549,"2.5th percentile"
39.4835105527638,5.75540502512563,0.484252179622886,"2.5th percentile"
39.5681095477387,5.75540502512563,0.498793119639436,"2.5th percentile"
39.6527085427136,5.75540502512563,0.572666948969518,"2.5th percentile"
39.7373075376884,5.75540502512563,0.537180354454687,"2.5th percentile"
39.8219065326633,5.75540502512563,0.547919886535597,"2.5th percentile"
39.9065055276382,5.75540502512563,0.568129384718646,"2.5th percentile"
39.9911045226131,5.75540502512563,0.582636445635934,"2.5th percentile"
40.0757035175879,5.75540502512563,0.598562599653668,"2.5th percentile"
40.1603025125628,5.75540502512563,0.626608615910336,"2.5th percentile"
40.2449015075377,5.75540502512563,0.636040212734048,"2.5th percentile"
40.3295005025126,5.75540502512563,0.654271285476626,"2.5th percentile"
40.4140994974874,5.75540502512563,0.625189550821131,"2.5th percentile"
40.4986984924623,5.75540502512563,0.558708473486858,"2.5th percentile"
40.5832974874372,5.75540502512563,0.479520907891815,"2.5th percentile"
40.6678964824121,5.75540502512563,0.386146591145622,"2.5th percentile"
40.7524954773869,5.75540502512563,0.30541624477816,"2.5th percentile"
40.8370944723618,5.75540502512563,0.229662495645297,"2.5th percentile"
40.9216934673367,5.75540502512563,0.16632243644133,"2.5th percentile"
41.0062924623116,5.75540502512563,0.118943564736024,"2.5th percentile"
41.0908914572864,5.75540502512563,0.0837736900565483,"2.5th percentile"
41.1754904522613,5.75540502512563,0.0579328519903977,"2.5th percentile"
41.2600894472362,5.75540502512563,0.0404837940524194,"2.5th percentile"
41.344688442211,5.75540502512563,0.0294575203408376,"2.5th percentile"
41.4292874371859,5.75540502512563,0.0199359879231261,"2.5th percentile"
41.5138864321608,5.75540502512563,0.013640899844044,"2.5th percentile"
41.5984854271357,5.75540502512563,0.00917633375175658,"2.5th percentile"
41.6830844221106,5.75540502512563,0.00581117746662998,"2.5th percentile"
41.7676834170854,5.75540502512563,0.00392166457146882,"2.5th percentile"
41.8522824120603,5.75540502512563,0.00278489894192777,"2.5th percentile"
41.9368814070352,5.75540502512563,0.00180695944240688,"2.5th percentile"
42.02148040201,5.75540502512563,0.00120022521111829,"2.5th percentile"
42.1060793969849,5.75540502512563,0.00080224524218767,"2.5th percentile"
42.1906783919598,5.75540502512563,0.000647127692677623,"2.5th percentile"
42.2752773869347,5.75540502512563,0.000509398699541619,"2.5th percentile"
42.3598763819095,5.75540502512563,0.000399227332313215,"2.5th percentile"
42.4444753768844,5.75540502512563,0.00030279473530737,"2.5th percentile"
42.5290743718593,5.75540502512563,0.000238411847658386,"2.5th percentile"
42.6136733668342,5.75540502512563,0.00019768916367019,"2.5th percentile"
42.698272361809,5.75540502512563,0.000178261417398387,"2.5th percentile"
42.7828713567839,5.75540502512563,0.000110071867578615,"2.5th percentile"
42.8674703517588,5.75540502512563,8.72087182441403e-05,"2.5th percentile"
42.9520693467337,5.75540502512563,7.38654303002108e-05,"2.5th percentile"
43.0366683417085,5.75540502512563,6.14451219463623e-05,"2.5th percentile"
43.1212673366834,5.75540502512563,3.9083697271647e-05,"2.5th percentile"
43.2058663316583,5.75540502512563,2.99745815345177e-05,"2.5th percentile"
43.2904653266332,5.75540502512563,2.67825808833895e-05,"2.5th percentile"
43.375064321608,5.75540502512563,2.30398123845248e-05,"2.5th percentile"
43.4596633165829,5.75540502512563,1.55936662583004e-05,"2.5th percentile"
43.5442623115578,5.75540502512563,1.35078220591395e-05,"2.5th percentile"
43.6288613065327,5.75540502512563,9.22090018291315e-06,"2.5th percentile"
43.7134603015075,5.75540502512563,6.16466247802094e-06,"2.5th percentile"
43.7980592964824,5.75540502512563,6.03163720243443e-06,"2.5th percentile"
43.8826582914573,5.75540502512563,4.59930880529827e-06,"2.5th percentile"
43.9672572864322,5.75540502512563,3.45429392331354e-06,"2.5th percentile"
44.051856281407,5.75540502512563,2.47688787365404e-06,"2.5th percentile"
44.1364552763819,5.75540502512563,1.41247904520525e-06,"2.5th percentile"
44.2210542713568,5.75540502512563,1.19411540597691e-06,"2.5th percentile"
44.3056532663317,5.75540502512563,1.1235239470265e-06,"2.5th percentile"
44.3902522613065,5.75540502512563,5.97686804703448e-07,"2.5th percentile"
44.4748512562814,5.75540502512563,4.58134611237645e-07,"2.5th percentile"
44.5594502512563,5.75540502512563,4.90121559925678e-07,"2.5th percentile"
44.6440492462312,5.75540502512563,3.0433048003618e-07,"2.5th percentile"
44.728648241206,5.75540502512563,2.03482206136459e-07,"2.5th percentile"
44.8132472361809,5.75540502512563,2.08039493646387e-07,"2.5th percentile"
44.8978462311558,5.75540502512563,1.80613804303474e-07,"2.5th percentile"
44.9824452261307,5.75540502512563,1.41747659988172e-07,"2.5th percentile"
45.0670442211055,5.75540502512563,1.49683869848534e-07,"2.5th percentile"
45.1516432160804,5.75540502512563,1.41777939399334e-07,"2.5th percentile"
45.2362422110553,5.75540502512563,1.40996971942439e-07,"2.5th percentile"
45.3208412060302,5.75540502512563,1.36834139901014e-07,"2.5th percentile"
45.405440201005,5.75540502512563,1.29931317011815e-07,"2.5th percentile"
45.4900391959799,5.75540502512563,1.27211087764972e-07,"2.5th percentile"
45.5746381909548,5.75540502512563,1.28749051588577e-07,"2.5th percentile"
45.6592371859296,5.75540502512563,1.12892159156693e-07,"2.5th percentile"
35.1689618090452,5.82343165829146,0.881506540262992,"2.5th percentile"
35.2535608040201,5.82343165829146,0.847600698716627,"2.5th percentile"
35.338159798995,5.82343165829146,0.775514495389153,"2.5th percentile"
35.4227587939698,5.82343165829146,0.738875312454563,"2.5th percentile"
35.5073577889447,5.82343165829146,0.71647628354838,"2.5th percentile"
35.5919567839196,5.82343165829146,0.651580414414401,"2.5th percentile"
35.6765557788945,5.82343165829146,0.57944185967231,"2.5th percentile"
35.7611547738694,5.82343165829146,0.48290429991123,"2.5th percentile"
35.8457537688442,5.82343165829146,0.432006506451273,"2.5th percentile"
35.9303527638191,5.82343165829146,0.292347924116456,"2.5th percentile"
36.014951758794,5.82343165829146,0.306543227833293,"2.5th percentile"
36.0995507537688,5.82343165829146,0.303415577175676,"2.5th percentile"
36.1841497487437,5.82343165829146,0.348482286826126,"2.5th percentile"
36.2687487437186,5.82343165829146,0.318677748400734,"2.5th percentile"
36.3533477386935,5.82343165829146,0.318582471071978,"2.5th percentile"
36.4379467336683,5.82343165829146,0.313305740954269,"2.5th percentile"
36.5225457286432,5.82343165829146,0.276803501560725,"2.5th percentile"
36.6071447236181,5.82343165829146,0.260332154073709,"2.5th percentile"
36.691743718593,5.82343165829146,0.277793991549303,"2.5th percentile"
36.7763427135678,5.82343165829146,0.312210844152902,"2.5th percentile"
36.8609417085427,5.82343165829146,0.296536346209804,"2.5th percentile"
36.9455407035176,5.82343165829146,0.322587127665547,"2.5th percentile"
37.0301396984925,5.82343165829146,0.337047297971199,"2.5th percentile"
37.1147386934673,5.82343165829146,0.326649240681344,"2.5th percentile"
37.1993376884422,5.82343165829146,0.31105512136934,"2.5th percentile"
37.2839366834171,5.82343165829146,0.286465234201345,"2.5th percentile"
37.368535678392,5.82343165829146,0.285972029356201,"2.5th percentile"
37.4531346733668,5.82343165829146,0.300861935380455,"2.5th percentile"
37.5377336683417,5.82343165829146,0.41049171699658,"2.5th percentile"
37.6223326633166,5.82343165829146,0.38882966681175,"2.5th percentile"
37.7069316582915,5.82343165829146,0.27282279034299,"2.5th percentile"
37.7915306532663,5.82343165829146,0.305556228027868,"2.5th percentile"
37.8761296482412,5.82343165829146,0.261713521879165,"2.5th percentile"
37.9607286432161,5.82343165829146,0.25512482193524,"2.5th percentile"
38.045327638191,5.82343165829146,0.261121750444589,"2.5th percentile"
38.1299266331658,5.82343165829146,0.254327856668107,"2.5th percentile"
38.2145256281407,5.82343165829146,0.222385344543705,"2.5th percentile"
38.2991246231156,5.82343165829146,0.209583585414487,"2.5th percentile"
38.3837236180904,5.82343165829146,0.214834460460611,"2.5th percentile"
38.4683226130653,5.82343165829146,0.219074381285726,"2.5th percentile"
38.5529216080402,5.82343165829146,0.22285641055156,"2.5th percentile"
38.6375206030151,5.82343165829146,0.236296379357659,"2.5th percentile"
38.72211959799,5.82343165829146,0.261505746112774,"2.5th percentile"
38.8067185929648,5.82343165829146,0.284120403443,"2.5th percentile"
38.8913175879397,5.82343165829146,0.295779332832604,"2.5th percentile"
38.9759165829146,5.82343165829146,0.299368079884938,"2.5th percentile"
39.0605155778894,5.82343165829146,0.31758979748038,"2.5th percentile"
39.1451145728643,5.82343165829146,0.349442008380252,"2.5th percentile"
39.2297135678392,5.82343165829146,0.364100593369358,"2.5th percentile"
39.3143125628141,5.82343165829146,0.356194745233557,"2.5th percentile"
39.3989115577889,5.82343165829146,0.406838691551013,"2.5th percentile"
39.4835105527638,5.82343165829146,0.443428925888379,"2.5th percentile"
39.5681095477387,5.82343165829146,0.460150671483937,"2.5th percentile"
39.6527085427136,5.82343165829146,0.486513541651929,"2.5th percentile"
39.7373075376884,5.82343165829146,0.491625835772093,"2.5th percentile"
39.8219065326633,5.82343165829146,0.501304485396888,"2.5th percentile"
39.9065055276382,5.82343165829146,0.536028754582063,"2.5th percentile"
39.9911045226131,5.82343165829146,0.531705561971413,"2.5th percentile"
40.0757035175879,5.82343165829146,0.554564166637609,"2.5th percentile"
40.1603025125628,5.82343165829146,0.576515999943401,"2.5th percentile"
40.2449015075377,5.82343165829146,0.595342575275952,"2.5th percentile"
40.3295005025126,5.82343165829146,0.611786600114553,"2.5th percentile"
40.4140994974874,5.82343165829146,0.60386063864266,"2.5th percentile"
40.4986984924623,5.82343165829146,0.539867943655913,"2.5th percentile"
40.5832974874372,5.82343165829146,0.457985828045735,"2.5th percentile"
40.6678964824121,5.82343165829146,0.375876401782104,"2.5th percentile"
40.7524954773869,5.82343165829146,0.288488319692497,"2.5th percentile"
40.8370944723618,5.82343165829146,0.214463193793961,"2.5th percentile"
40.9216934673367,5.82343165829146,0.155963194579085,"2.5th percentile"
41.0062924623116,5.82343165829146,0.111208355019798,"2.5th percentile"
41.0908914572864,5.82343165829146,0.0777024519345768,"2.5th percentile"
41.1754904522613,5.82343165829146,0.0539130285335636,"2.5th percentile"
41.2600894472362,5.82343165829146,0.0382877013032384,"2.5th percentile"
41.344688442211,5.82343165829146,0.0276753511759121,"2.5th percentile"
41.4292874371859,5.82343165829146,0.0187048263588332,"2.5th percentile"
41.5138864321608,5.82343165829146,0.01268717821912,"2.5th percentile"
41.5984854271357,5.82343165829146,0.00797996383380552,"2.5th percentile"
41.6830844221106,5.82343165829146,0.00530737102618952,"2.5th percentile"
41.7676834170854,5.82343165829146,0.00356910199979059,"2.5th percentile"
41.8522824120603,5.82343165829146,0.00257947804092555,"2.5th percentile"
41.9368814070352,5.82343165829146,0.00190404247337675,"2.5th percentile"
42.02148040201,5.82343165829146,0.00113173842694297,"2.5th percentile"
42.1060793969849,5.82343165829146,0.000914359838173434,"2.5th percentile"
42.1906783919598,5.82343165829146,0.00074341421522734,"2.5th percentile"
42.2752773869347,5.82343165829146,0.000556923204163709,"2.5th percentile"
42.3598763819095,5.82343165829146,0.00043721622673813,"2.5th percentile"
42.4444753768844,5.82343165829146,0.000338927614240726,"2.5th percentile"
42.5290743718593,5.82343165829146,0.000259446093772493,"2.5th percentile"
42.6136733668342,5.82343165829146,0.000205086566081421,"2.5th percentile"
42.698272361809,5.82343165829146,0.000185997720795341,"2.5th percentile"
42.7828713567839,5.82343165829146,0.000142919414377613,"2.5th percentile"
42.8674703517588,5.82343165829146,0.000116486143885277,"2.5th percentile"
42.9520693467337,5.82343165829146,7.35000055434036e-05,"2.5th percentile"
43.0366683417085,5.82343165829146,6.38522317712664e-05,"2.5th percentile"
43.1212673366834,5.82343165829146,4.24209951128605e-05,"2.5th percentile"
43.2058663316583,5.82343165829146,3.40268040272982e-05,"2.5th percentile"
43.2904653266332,5.82343165829146,2.84523774460304e-05,"2.5th percentile"
43.375064321608,5.82343165829146,1.85906468843002e-05,"2.5th percentile"
43.4596633165829,5.82343165829146,1.59211680262463e-05,"2.5th percentile"
43.5442623115578,5.82343165829146,1.2863629251099e-05,"2.5th percentile"
43.6288613065327,5.82343165829146,1.1087489283236e-05,"2.5th percentile"
43.7134603015075,5.82343165829146,8.03598331633142e-06,"2.5th percentile"
43.7980592964824,5.82343165829146,6.02797991017591e-06,"2.5th percentile"
43.8826582914573,5.82343165829146,3.32812130090783e-06,"2.5th percentile"
43.9672572864322,5.82343165829146,2.51883803510651e-06,"2.5th percentile"
44.051856281407,5.82343165829146,2.10410056212707e-06,"2.5th percentile"
44.1364552763819,5.82343165829146,1.70847997556214e-06,"2.5th percentile"
44.2210542713568,5.82343165829146,1.31689134567463e-06,"2.5th percentile"
44.3056532663317,5.82343165829146,8.42567481479603e-07,"2.5th percentile"
44.3902522613065,5.82343165829146,8.08430947279067e-07,"2.5th percentile"
44.4748512562814,5.82343165829146,4.64238145178472e-07,"2.5th percentile"
44.5594502512563,5.82343165829146,3.94337502193028e-07,"2.5th percentile"
44.6440492462312,5.82343165829146,3.1660481070187e-07,"2.5th percentile"
44.728648241206,5.82343165829146,2.11320227709987e-07,"2.5th percentile"
44.8132472361809,5.82343165829146,1.61167090345331e-07,"2.5th percentile"
44.8978462311558,5.82343165829146,1.56742237211302e-07,"2.5th percentile"
44.9824452261307,5.82343165829146,1.5821607399493e-07,"2.5th percentile"
45.0670442211055,5.82343165829146,1.49858592238969e-07,"2.5th percentile"
45.1516432160804,5.82343165829146,1.50437168251858e-07,"2.5th percentile"
45.2362422110553,5.82343165829146,1.48907785686549e-07,"2.5th percentile"
45.3208412060302,5.82343165829146,1.43527657214374e-07,"2.5th percentile"
45.405440201005,5.82343165829146,1.37463129229551e-07,"2.5th percentile"
45.4900391959799,5.82343165829146,1.29851816156437e-07,"2.5th percentile"
45.5746381909548,5.82343165829146,1.28044335619488e-07,"2.5th percentile"
45.6592371859296,5.82343165829146,1.1526475601438e-07,"2.5th percentile"
35.1689618090452,5.89145829145729,0.864714490185658,"2.5th percentile"
35.2535608040201,5.89145829145729,0.822090571153455,"2.5th percentile"
35.338159798995,5.89145829145729,0.762204790345216,"2.5th percentile"
35.4227587939698,5.89145829145729,0.720559704455599,"2.5th percentile"
35.5073577889447,5.89145829145729,0.63530872813926,"2.5th percentile"
35.5919567839196,5.89145829145729,0.611060395060979,"2.5th percentile"
35.6765557788945,5.89145829145729,0.510445767432844,"2.5th percentile"
35.7611547738694,5.89145829145729,0.463034809272842,"2.5th percentile"
35.8457537688442,5.89145829145729,0.316722668265862,"2.5th percentile"
35.9303527638191,5.89145829145729,0.286760551002589,"2.5th percentile"
36.014951758794,5.89145829145729,0.316968213695985,"2.5th percentile"
36.0995507537688,5.89145829145729,0.293931106412543,"2.5th percentile"
36.1841497487437,5.89145829145729,0.336826390198936,"2.5th percentile"
36.2687487437186,5.89145829145729,0.364135935173075,"2.5th percentile"
36.3533477386935,5.89145829145729,0.329989897577363,"2.5th percentile"
36.4379467336683,5.89145829145729,0.314065158512488,"2.5th percentile"
36.5225457286432,5.89145829145729,0.283673509889784,"2.5th percentile"
36.6071447236181,5.89145829145729,0.282292238068605,"2.5th percentile"
36.691743718593,5.89145829145729,0.303694673719051,"2.5th percentile"
36.7763427135678,5.89145829145729,0.312707713846119,"2.5th percentile"
36.8609417085427,5.89145829145729,0.318412825787767,"2.5th percentile"
36.9455407035176,5.89145829145729,0.330547774151031,"2.5th percentile"
37.0301396984925,5.89145829145729,0.341384929146427,"2.5th percentile"
37.1147386934673,5.89145829145729,0.290680260843271,"2.5th percentile"
37.1993376884422,5.89145829145729,0.280466128814311,"2.5th percentile"
37.2839366834171,5.89145829145729,0.271846692172597,"2.5th percentile"
37.368535678392,5.89145829145729,0.276083193548333,"2.5th percentile"
37.4531346733668,5.89145829145729,0.276091125732658,"2.5th percentile"
37.5377336683417,5.89145829145729,0.41364708082444,"2.5th percentile"
37.6223326633166,5.89145829145729,0.408065804791541,"2.5th percentile"
37.7069316582915,5.89145829145729,0.302149501586199,"2.5th percentile"
37.7915306532663,5.89145829145729,0.293419097583793,"2.5th percentile"
37.8761296482412,5.89145829145729,0.283954719865788,"2.5th percentile"
37.9607286432161,5.89145829145729,0.265507205140641,"2.5th percentile"
38.045327638191,5.89145829145729,0.259988528316697,"2.5th percentile"
38.1299266331658,5.89145829145729,0.251585927270604,"2.5th percentile"
38.2145256281407,5.89145829145729,0.22500377503251,"2.5th percentile"
38.2991246231156,5.89145829145729,0.215950791783347,"2.5th percentile"
38.3837236180904,5.89145829145729,0.222566503022918,"2.5th percentile"
38.4683226130653,5.89145829145729,0.216983581039024,"2.5th percentile"
38.5529216080402,5.89145829145729,0.215142353605853,"2.5th percentile"
38.6375206030151,5.89145829145729,0.220612679000759,"2.5th percentile"
38.72211959799,5.89145829145729,0.230549133239498,"2.5th percentile"
38.8067185929648,5.89145829145729,0.235702194907474,"2.5th percentile"
38.8913175879397,5.89145829145729,0.242139573912265,"2.5th percentile"
38.9759165829146,5.89145829145729,0.225506791034011,"2.5th percentile"
39.0605155778894,5.89145829145729,0.253726042595665,"2.5th percentile"
39.1451145728643,5.89145829145729,0.296216915439801,"2.5th percentile"
39.2297135678392,5.89145829145729,0.313571569097893,"2.5th percentile"
39.3143125628141,5.89145829145729,0.331352860579337,"2.5th percentile"
39.3989115577889,5.89145829145729,0.366775047075326,"2.5th percentile"
39.4835105527638,5.89145829145729,0.398779792434458,"2.5th percentile"
39.5681095477387,5.89145829145729,0.408909885653711,"2.5th percentile"
39.6527085427136,5.89145829145729,0.420169743463951,"2.5th percentile"
39.7373075376884,5.89145829145729,0.445115326694714,"2.5th percentile"
39.8219065326633,5.89145829145729,0.450846415330444,"2.5th percentile"
39.9065055276382,5.89145829145729,0.468836414818567,"2.5th percentile"
39.9911045226131,5.89145829145729,0.490984805112569,"2.5th percentile"
40.0757035175879,5.89145829145729,0.51179106630878,"2.5th percentile"
40.1603025125628,5.89145829145729,0.534311493913934,"2.5th percentile"
40.2449015075377,5.89145829145729,0.55177057708469,"2.5th percentile"
40.3295005025126,5.89145829145729,0.570284633983325,"2.5th percentile"
40.4140994974874,5.89145829145729,0.582567728497274,"2.5th percentile"
40.4986984924623,5.89145829145729,0.519789331769448,"2.5th percentile"
40.5832974874372,5.89145829145729,0.450626666418213,"2.5th percentile"
40.6678964824121,5.89145829145729,0.357040244342114,"2.5th percentile"
40.7524954773869,5.89145829145729,0.272127018874817,"2.5th percentile"
40.8370944723618,5.89145829145729,0.202292953486905,"2.5th percentile"
40.9216934673367,5.89145829145729,0.146364523152257,"2.5th percentile"
41.0062924623116,5.89145829145729,0.105983246173546,"2.5th percentile"
41.0908914572864,5.89145829145729,0.0763418774283459,"2.5th percentile"
41.1754904522613,5.89145829145729,0.0541931207947742,"2.5th percentile"
41.2600894472362,5.89145829145729,0.0357715402274692,"2.5th percentile"
41.344688442211,5.89145829145729,0.0241509796396949,"2.5th percentile"
41.4292874371859,5.89145829145729,0.0169823687514199,"2.5th percentile"
41.5138864321608,5.89145829145729,0.0115790896733429,"2.5th percentile"
41.5984854271357,5.89145829145729,0.00722849144280638,"2.5th percentile"
41.6830844221106,5.89145829145729,0.00493106163709433,"2.5th percentile"
41.7676834170854,5.89145829145729,0.0033970872668848,"2.5th percentile"
41.8522824120603,5.89145829145729,0.00235070468678538,"2.5th percentile"
41.9368814070352,5.89145829145729,0.00160061402311784,"2.5th percentile"
42.02148040201,5.89145829145729,0.00139191340247738,"2.5th percentile"
42.1060793969849,5.89145829145729,0.00108012902180072,"2.5th percentile"
42.1906783919598,5.89145829145729,0.000851718459900056,"2.5th percentile"
42.2752773869347,5.89145829145729,0.000663134936989829,"2.5th percentile"
42.3598763819095,5.89145829145729,0.000490705453080088,"2.5th percentile"
42.4444753768844,5.89145829145729,0.000372908369543085,"2.5th percentile"
42.5290743718593,5.89145829145729,0.000286029416277004,"2.5th percentile"
42.6136733668342,5.89145829145729,0.000216787067058868,"2.5th percentile"
42.698272361809,5.89145829145729,0.000177052584254005,"2.5th percentile"
42.7828713567839,5.89145829145729,0.000131467810975518,"2.5th percentile"
42.8674703517588,5.89145829145729,0.00010700370599193,"2.5th percentile"
42.9520693467337,5.89145829145729,8.88155856058503e-05,"2.5th percentile"
43.0366683417085,5.89145829145729,6.80481619647174e-05,"2.5th percentile"
43.1212673366834,5.89145829145729,5.03860873652542e-05,"2.5th percentile"
43.2058663316583,5.89145829145729,3.68147977177749e-05,"2.5th percentile"
43.2904653266332,5.89145829145729,3.15943104538253e-05,"2.5th percentile"
43.375064321608,5.89145829145729,2.67649178709474e-05,"2.5th percentile"
43.4596633165829,5.89145829145729,2.01524733146186e-05,"2.5th percentile"
43.5442623115578,5.89145829145729,1.50821932575315e-05,"2.5th percentile"
43.6288613065327,5.89145829145729,1.11179580654861e-05,"2.5th percentile"
43.7134603015075,5.89145829145729,8.61600157626897e-06,"2.5th percentile"
43.7980592964824,5.89145829145729,5.6669621644623e-06,"2.5th percentile"
43.8826582914573,5.89145829145729,3.46772413279673e-06,"2.5th percentile"
43.9672572864322,5.89145829145729,3.03941901901583e-06,"2.5th percentile"
44.051856281407,5.89145829145729,2.00564648012644e-06,"2.5th percentile"
44.1364552763819,5.89145829145729,1.48300521539955e-06,"2.5th percentile"
44.2210542713568,5.89145829145729,1.16960093682928e-06,"2.5th percentile"
44.3056532663317,5.89145829145729,1.17831298184385e-06,"2.5th percentile"
44.3902522613065,5.89145829145729,6.47995478567461e-07,"2.5th percentile"
44.4748512562814,5.89145829145729,4.87699210108923e-07,"2.5th percentile"
44.5594502512563,5.89145829145729,3.6030920923321e-07,"2.5th percentile"
44.6440492462312,5.89145829145729,2.81730160494127e-07,"2.5th percentile"
44.728648241206,5.89145829145729,2.19192361695804e-07,"2.5th percentile"
44.8132472361809,5.89145829145729,1.51903571572605e-07,"2.5th percentile"
44.8978462311558,5.89145829145729,1.73219102735708e-07,"2.5th percentile"
44.9824452261307,5.89145829145729,1.58941025912735e-07,"2.5th percentile"
45.0670442211055,5.89145829145729,1.60229480412672e-07,"2.5th percentile"
45.1516432160804,5.89145829145729,1.69264927322981e-07,"2.5th percentile"
45.2362422110553,5.89145829145729,1.56689455148194e-07,"2.5th percentile"
45.3208412060302,5.89145829145729,1.51673105056039e-07,"2.5th percentile"
45.405440201005,5.89145829145729,1.54802897297352e-07,"2.5th percentile"
45.4900391959799,5.89145829145729,1.47445392121183e-07,"2.5th percentile"
45.5746381909548,5.89145829145729,1.34371279520481e-07,"2.5th percentile"
45.6592371859296,5.89145829145729,1.17121299879341e-07,"2.5th percentile"
45.7438361809045,5.89145829145729,1.15982487352414e-07,"2.5th percentile"
35.0843628140704,5.95948492462312,0.871068385188485,"2.5th percentile"
35.1689618090452,5.95948492462312,0.839050061699589,"2.5th percentile"
35.2535608040201,5.95948492462312,0.804924022679841,"2.5th percentile"
35.338159798995,5.95948492462312,0.757480798092167,"2.5th percentile"
35.4227587939698,5.95948492462312,0.675213369571755,"2.5th percentile"
35.5073577889447,5.95948492462312,0.571826377951914,"2.5th percentile"
35.5919567839196,5.95948492462312,0.502711052543257,"2.5th percentile"
35.6765557788945,5.95948492462312,0.441369982918888,"2.5th percentile"
35.7611547738694,5.95948492462312,0.369675070353717,"2.5th percentile"
35.8457537688442,5.95948492462312,0.365678594245209,"2.5th percentile"
35.9303527638191,5.95948492462312,0.363573856348864,"2.5th percentile"
36.014951758794,5.95948492462312,0.315685605098698,"2.5th percentile"
36.0995507537688,5.95948492462312,0.368536449264282,"2.5th percentile"
36.1841497487437,5.95948492462312,0.374214088137844,"2.5th percentile"
36.2687487437186,5.95948492462312,0.37130591366228,"2.5th percentile"
36.3533477386935,5.95948492462312,0.356350386698821,"2.5th percentile"
36.4379467336683,5.95948492462312,0.320619996720284,"2.5th percentile"
36.5225457286432,5.95948492462312,0.28790656986417,"2.5th percentile"
36.6071447236181,5.95948492462312,0.285591500144483,"2.5th percentile"
36.691743718593,5.95948492462312,0.293894346587398,"2.5th percentile"
36.7763427135678,5.95948492462312,0.30715982732512,"2.5th percentile"
36.8609417085427,5.95948492462312,0.324850104550615,"2.5th percentile"
36.9455407035176,5.95948492462312,0.337090846500818,"2.5th percentile"
37.0301396984925,5.95948492462312,0.326479901551171,"2.5th percentile"
37.1147386934673,5.95948492462312,0.287004165857258,"2.5th percentile"
37.1993376884422,5.95948492462312,0.259576136814156,"2.5th percentile"
37.2839366834171,5.95948492462312,0.231341504311964,"2.5th percentile"
37.368535678392,5.95948492462312,0.249464229975626,"2.5th percentile"
37.4531346733668,5.95948492462312,0.278122424617617,"2.5th percentile"
37.5377336683417,5.95948492462312,0.288249001637026,"2.5th percentile"
37.6223326633166,5.95948492462312,0.287603709339274,"2.5th percentile"
37.7069316582915,5.95948492462312,0.290967859846955,"2.5th percentile"
37.7915306532663,5.95948492462312,0.292389332745915,"2.5th percentile"
37.8761296482412,5.95948492462312,0.292068808615706,"2.5th percentile"
37.9607286432161,5.95948492462312,0.277396098428183,"2.5th percentile"
38.045327638191,5.95948492462312,0.265639639996032,"2.5th percentile"
38.1299266331658,5.95948492462312,0.260050831731005,"2.5th percentile"
38.2145256281407,5.95948492462312,0.234023959987752,"2.5th percentile"
38.2991246231156,5.95948492462312,0.224685484104728,"2.5th percentile"
38.3837236180904,5.95948492462312,0.216168853002556,"2.5th percentile"
38.4683226130653,5.95948492462312,0.208187463184916,"2.5th percentile"
38.5529216080402,5.95948492462312,0.217338275857322,"2.5th percentile"
38.6375206030151,5.95948492462312,0.208459968559788,"2.5th percentile"
38.72211959799,5.95948492462312,0.217573051950421,"2.5th percentile"
38.8067185929648,5.95948492462312,0.226176243440991,"2.5th percentile"
38.8913175879397,5.95948492462312,0.213809011842062,"2.5th percentile"
38.9759165829146,5.95948492462312,0.219612806065956,"2.5th percentile"
39.0605155778894,5.95948492462312,0.233979011708043,"2.5th percentile"
39.1451145728643,5.95948492462312,0.26222702329054,"2.5th percentile"
39.2297135678392,5.95948492462312,0.28309192127724,"2.5th percentile"
39.3143125628141,5.95948492462312,0.311737385804386,"2.5th percentile"
39.3989115577889,5.95948492462312,0.322594309881658,"2.5th percentile"
39.4835105527638,5.95948492462312,0.366858016265583,"2.5th percentile"
39.5681095477387,5.95948492462312,0.356296135566404,"2.5th percentile"
39.6527085427136,5.95948492462312,0.370017833458264,"2.5th percentile"
39.7373075376884,5.95948492462312,0.391095453010775,"2.5th percentile"
39.8219065326633,5.95948492462312,0.411818160004459,"2.5th percentile"
39.9065055276382,5.95948492462312,0.449035108189404,"2.5th percentile"
39.9911045226131,5.95948492462312,0.448043132659429,"2.5th percentile"
40.0757035175879,5.95948492462312,0.501857836881879,"2.5th percentile"
40.1603025125628,5.95948492462312,0.492700702777177,"2.5th percentile"
40.2449015075377,5.95948492462312,0.506384802608301,"2.5th percentile"
40.3295005025126,5.95948492462312,0.526405415884561,"2.5th percentile"
40.4140994974874,5.95948492462312,0.543726204988741,"2.5th percentile"
40.4986984924623,5.95948492462312,0.498335114475724,"2.5th percentile"
40.5832974874372,5.95948492462312,0.425455045518555,"2.5th percentile"
40.6678964824121,5.95948492462312,0.337744081713309,"2.5th percentile"
40.7524954773869,5.95948492462312,0.259915715405017,"2.5th percentile"
40.8370944723618,5.95948492462312,0.190527563270594,"2.5th percentile"
40.9216934673367,5.95948492462312,0.137493247191517,"2.5th percentile"
41.0062924623116,5.95948492462312,0.0985373912915593,"2.5th percentile"
41.0908914572864,5.95948492462312,0.069786611666811,"2.5th percentile"
41.1754904522613,5.95948492462312,0.0487460986888916,"2.5th percentile"
41.2600894472362,5.95948492462312,0.0336756304285685,"2.5th percentile"
41.344688442211,5.95948492462312,0.0237106269444734,"2.5th percentile"
41.4292874371859,5.95948492462312,0.0159931824981675,"2.5th percentile"
41.5138864321608,5.95948492462312,0.0104016770374566,"2.5th percentile"
41.5984854271357,5.95948492462312,0.00696833354349183,"2.5th percentile"
41.6830844221106,5.95948492462312,0.00488580166386486,"2.5th percentile"
41.7676834170854,5.95948492462312,0.00314094074017903,"2.5th percentile"
41.8522824120603,5.95948492462312,0.00288645297469656,"2.5th percentile"
41.9368814070352,5.95948492462312,0.00185708931510204,"2.5th percentile"
42.02148040201,5.95948492462312,0.00152390356044585,"2.5th percentile"
42.1060793969849,5.95948492462312,0.00115505518094336,"2.5th percentile"
42.1906783919598,5.95948492462312,0.000939714690549286,"2.5th percentile"
42.2752773869347,5.95948492462312,0.000692108066823521,"2.5th percentile"
42.3598763819095,5.95948492462312,0.000547522029041893,"2.5th percentile"
42.4444753768844,5.95948492462312,0.000399324190060489,"2.5th percentile"
42.5290743718593,5.95948492462312,0.000314799243832072,"2.5th percentile"
42.6136733668342,5.95948492462312,0.000247365821240252,"2.5th percentile"
42.698272361809,5.95948492462312,0.000199658790225595,"2.5th percentile"
42.7828713567839,5.95948492462312,0.00016117617911807,"2.5th percentile"
42.8674703517588,5.95948492462312,0.000140429589121685,"2.5th percentile"
42.9520693467337,5.95948492462312,0.000110014291591902,"2.5th percentile"
43.0366683417085,5.95948492462312,7.79163781228856e-05,"2.5th percentile"
43.1212673366834,5.95948492462312,5.5921640680243e-05,"2.5th percentile"
43.2058663316583,5.95948492462312,3.79927257957292e-05,"2.5th percentile"
43.2904653266332,5.95948492462312,3.67609741957238e-05,"2.5th percentile"
43.375064321608,5.95948492462312,2.66259339374995e-05,"2.5th percentile"
43.4596633165829,5.95948492462312,2.05061218707055e-05,"2.5th percentile"
43.5442623115578,5.95948492462312,1.37171493723767e-05,"2.5th percentile"
43.6288613065327,5.95948492462312,1.18000871961226e-05,"2.5th percentile"
43.7134603015075,5.95948492462312,8.56794755925531e-06,"2.5th percentile"
43.7980592964824,5.95948492462312,4.79232346140704e-06,"2.5th percentile"
43.8826582914573,5.95948492462312,3.56353535002099e-06,"2.5th percentile"
43.9672572864322,5.95948492462312,3.22966317844167e-06,"2.5th percentile"
44.051856281407,5.95948492462312,2.0411084170213e-06,"2.5th percentile"
44.1364552763819,5.95948492462312,1.51439888631452e-06,"2.5th percentile"
44.2210542713568,5.95948492462312,1.28477351300665e-06,"2.5th percentile"
44.3056532663317,5.95948492462312,1.03183759818243e-06,"2.5th percentile"
44.3902522613065,5.95948492462312,6.98630805900439e-07,"2.5th percentile"
44.4748512562814,5.95948492462312,5.81830328772409e-07,"2.5th percentile"
44.5594502512563,5.95948492462312,3.82440093186076e-07,"2.5th percentile"
44.6440492462312,5.95948492462312,2.89891513796465e-07,"2.5th percentile"
44.728648241206,5.95948492462312,2.04000786277558e-07,"2.5th percentile"
44.8132472361809,5.95948492462312,1.55640921189339e-07,"2.5th percentile"
44.8978462311558,5.95948492462312,1.62561554727306e-07,"2.5th percentile"
44.9824452261307,5.95948492462312,1.66079212072822e-07,"2.5th percentile"
45.0670442211055,5.95948492462312,1.70653695116015e-07,"2.5th percentile"
45.1516432160804,5.95948492462312,1.68242993811075e-07,"2.5th percentile"
45.2362422110553,5.95948492462312,1.64727016184466e-07,"2.5th percentile"
45.3208412060302,5.95948492462312,2.00957303245424e-07,"2.5th percentile"
45.405440201005,5.95948492462312,1.54236470737098e-07,"2.5th percentile"
45.4900391959799,5.95948492462312,1.60002978235819e-07,"2.5th percentile"
45.5746381909548,5.95948492462312,1.55185512014391e-07,"2.5th percentile"
45.6592371859296,5.95948492462312,1.33958836776147e-07,"2.5th percentile"
45.7438361809045,5.95948492462312,1.10666695103249e-07,"2.5th percentile"
45.8284351758794,5.95948492462312,1.10815690677592e-07,"2.5th percentile"
35.0843628140704,6.02751155778894,0.84768707694674,"2.5th percentile"
35.1689618090452,6.02751155778894,0.794482941097013,"2.5th percentile"
35.2535608040201,6.02751155778894,0.757350249898884,"2.5th percentile"
35.338159798995,6.02751155778894,0.672894580363336,"2.5th percentile"
35.4227587939698,6.02751155778894,0.600899457658733,"2.5th percentile"
35.5073577889447,6.02751155778894,0.514656146057747,"2.5th percentile"
35.5919567839196,6.02751155778894,0.456466583285559,"2.5th percentile"
35.6765557788945,6.02751155778894,0.398389558174884,"2.5th percentile"
35.7611547738694,6.02751155778894,0.367933630167715,"2.5th percentile"
35.8457537688442,6.02751155778894,0.365735051225451,"2.5th percentile"
35.9303527638191,6.02751155778894,0.364639965229979,"2.5th percentile"
36.014951758794,6.02751155778894,0.310264196559772,"2.5th percentile"
36.0995507537688,6.02751155778894,0.320354387904908,"2.5th percentile"
36.1841497487437,6.02751155778894,0.375761613129669,"2.5th percentile"
36.2687487437186,6.02751155778894,0.321216767979819,"2.5th percentile"
36.3533477386935,6.02751155778894,0.324985063633468,"2.5th percentile"
36.4379467336683,6.02751155778894,0.342025810754562,"2.5th percentile"
36.5225457286432,6.02751155778894,0.314524630771188,"2.5th percentile"
36.6071447236181,6.02751155778894,0.318288038900895,"2.5th percentile"
36.691743718593,6.02751155778894,0.308496954703743,"2.5th percentile"
36.7763427135678,6.02751155778894,0.290824825114422,"2.5th percentile"
36.8609417085427,6.02751155778894,0.311604182693998,"2.5th percentile"
36.9455407035176,6.02751155778894,0.332517120404583,"2.5th percentile"
37.0301396984925,6.02751155778894,0.34019946439359,"2.5th percentile"
37.1147386934673,6.02751155778894,0.276870954657329,"2.5th percentile"
37.1993376884422,6.02751155778894,0.23753240195186,"2.5th percentile"
37.2839366834171,6.02751155778894,0.239095726706411,"2.5th percentile"
37.368535678392,6.02751155778894,0.248092837019096,"2.5th percentile"
37.4531346733668,6.02751155778894,0.269183476436685,"2.5th percentile"
37.5377336683417,6.02751155778894,0.284002505472736,"2.5th percentile"
37.6223326633166,6.02751155778894,0.414363329315036,"2.5th percentile"
37.7069316582915,6.02751155778894,0.350797427679835,"2.5th percentile"
37.7915306532663,6.02751155778894,0.295307536225078,"2.5th percentile"
37.8761296482412,6.02751155778894,0.28469724607851,"2.5th percentile"
37.9607286432161,6.02751155778894,0.293211529471553,"2.5th percentile"
38.045327638191,6.02751155778894,0.280346342258458,"2.5th percentile"
38.1299266331658,6.02751155778894,0.251526384341011,"2.5th percentile"
38.2145256281407,6.02751155778894,0.233852426951964,"2.5th percentile"
38.2991246231156,6.02751155778894,0.220561988826955,"2.5th percentile"
38.3837236180904,6.02751155778894,0.209408316304814,"2.5th percentile"
38.4683226130653,6.02751155778894,0.216130630097707,"2.5th percentile"
38.5529216080402,6.02751155778894,0.215476442455626,"2.5th percentile"
38.6375206030151,6.02751155778894,0.207380852323264,"2.5th percentile"
38.72211959799,6.02751155778894,0.218870076990002,"2.5th percentile"
38.8067185929648,6.02751155778894,0.204817836774411,"2.5th percentile"
38.8913175879397,6.02751155778894,0.216443118499426,"2.5th percentile"
38.9759165829146,6.02751155778894,0.207963324219399,"2.5th percentile"
39.0605155778894,6.02751155778894,0.198829353959693,"2.5th percentile"
39.1451145728643,6.02751155778894,0.225899957119024,"2.5th percentile"
39.2297135678392,6.02751155778894,0.248370395180858,"2.5th percentile"
39.3143125628141,6.02751155778894,0.264983167649579,"2.5th percentile"
39.3989115577889,6.02751155778894,0.289737671305693,"2.5th percentile"
39.4835105527638,6.02751155778894,0.322376319897946,"2.5th percentile"
39.5681095477387,6.02751155778894,0.322936287662682,"2.5th percentile"
39.6527085427136,6.02751155778894,0.344576894105328,"2.5th percentile"
39.7373075376884,6.02751155778894,0.353864036473349,"2.5th percentile"
39.8219065326633,6.02751155778894,0.372682836733206,"2.5th percentile"
39.9065055276382,6.02751155778894,0.384671435378582,"2.5th percentile"
39.9911045226131,6.02751155778894,0.402184590077184,"2.5th percentile"
40.0757035175879,6.02751155778894,0.481001437169642,"2.5th percentile"
40.1603025125628,6.02751155778894,0.453571154692038,"2.5th percentile"
40.2449015075377,6.02751155778894,0.45944988979936,"2.5th percentile"
40.3295005025126,6.02751155778894,0.482894534688842,"2.5th percentile"
40.4140994974874,6.02751155778894,0.500124532524209,"2.5th percentile"
40.4986984924623,6.02751155778894,0.475079216916784,"2.5th percentile"
40.5832974874372,6.02751155778894,0.402975597692308,"2.5th percentile"
40.6678964824121,6.02751155778894,0.318699900128293,"2.5th percentile"
40.7524954773869,6.02751155778894,0.243100329496034,"2.5th percentile"
40.8370944723618,6.02751155778894,0.178784231665276,"2.5th percentile"
40.9216934673367,6.02751155778894,0.129882805082056,"2.5th percentile"
41.0062924623116,6.02751155778894,0.0912553406841991,"2.5th percentile"
41.0908914572864,6.02751155778894,0.0627651127326022,"2.5th percentile"
41.1754904522613,6.02751155778894,0.04470168253516,"2.5th percentile"
41.2600894472362,6.02751155778894,0.0302596293631143,"2.5th percentile"
41.344688442211,6.02751155778894,0.0216472892032983,"2.5th percentile"
41.4292874371859,6.02751155778894,0.0138085427144095,"2.5th percentile"
41.5138864321608,6.02751155778894,0.00937719744075613,"2.5th percentile"
41.5984854271357,6.02751155778894,0.0062059342092842,"2.5th percentile"
41.6830844221106,6.02751155778894,0.00443296170286159,"2.5th percentile"
41.7676834170854,6.02751155778894,0.00357203020683113,"2.5th percentile"
41.8522824120603,6.02751155778894,0.0025929672609678,"2.5th percentile"
41.9368814070352,6.02751155778894,0.0021702051325904,"2.5th percentile"
42.02148040201,6.02751155778894,0.00160384309432942,"2.5th percentile"
42.1060793969849,6.02751155778894,0.00129852899349014,"2.5th percentile"
42.1906783919598,6.02751155778894,0.000967220229999666,"2.5th percentile"
42.2752773869347,6.02751155778894,0.000724579091660284,"2.5th percentile"
42.3598763819095,6.02751155778894,0.000556745051873768,"2.5th percentile"
42.4444753768844,6.02751155778894,0.000424603540655497,"2.5th percentile"
42.5290743718593,6.02751155778894,0.000325915414589328,"2.5th percentile"
42.6136733668342,6.02751155778894,0.000246825301126034,"2.5th percentile"
42.698272361809,6.02751155778894,0.000206102429111425,"2.5th percentile"
42.7828713567839,6.02751155778894,0.000166524432881152,"2.5th percentile"
42.8674703517588,6.02751155778894,0.000131414906987143,"2.5th percentile"
42.9520693467337,6.02751155778894,0.000104762867660661,"2.5th percentile"
43.0366683417085,6.02751155778894,6.49666749288353e-05,"2.5th percentile"
43.1212673366834,6.02751155778894,6.57940721447077e-05,"2.5th percentile"
43.2058663316583,6.02751155778894,3.67744064878993e-05,"2.5th percentile"
43.2904653266332,6.02751155778894,3.63848417416548e-05,"2.5th percentile"
43.375064321608,6.02751155778894,2.49520991537636e-05,"2.5th percentile"
43.4596633165829,6.02751155778894,1.98545139807501e-05,"2.5th percentile"
43.5442623115578,6.02751155778894,1.47600621898542e-05,"2.5th percentile"
43.6288613065327,6.02751155778894,1.20995171704545e-05,"2.5th percentile"
43.7134603015075,6.02751155778894,9.04716781978431e-06,"2.5th percentile"
43.7980592964824,6.02751155778894,4.92571260324619e-06,"2.5th percentile"
43.8826582914573,6.02751155778894,3.63339057437277e-06,"2.5th percentile"
43.9672572864322,6.02751155778894,3.00099764965638e-06,"2.5th percentile"
44.051856281407,6.02751155778894,2.26748625823866e-06,"2.5th percentile"
44.1364552763819,6.02751155778894,2.1120483486421e-06,"2.5th percentile"
44.2210542713568,6.02751155778894,1.18752628015024e-06,"2.5th percentile"
44.3056532663317,6.02751155778894,9.21256940599146e-07,"2.5th percentile"
44.3902522613065,6.02751155778894,9.26714140640109e-07,"2.5th percentile"
44.4748512562814,6.02751155778894,5.79267007608576e-07,"2.5th percentile"
44.5594502512563,6.02751155778894,4.09631221531162e-07,"2.5th percentile"
44.6440492462312,6.02751155778894,2.82288710029392e-07,"2.5th percentile"
44.728648241206,6.02751155778894,2.0556622227784e-07,"2.5th percentile"
44.8132472361809,6.02751155778894,1.64238375489049e-07,"2.5th percentile"
44.8978462311558,6.02751155778894,1.71479587592901e-07,"2.5th percentile"
44.9824452261307,6.02751155778894,1.74632080432653e-07,"2.5th percentile"
45.0670442211055,6.02751155778894,1.77241701826696e-07,"2.5th percentile"
45.1516432160804,6.02751155778894,1.7777440246967e-07,"2.5th percentile"
45.2362422110553,6.02751155778894,2.4056704897817e-07,"2.5th percentile"
45.3208412060302,6.02751155778894,2.33823582364245e-07,"2.5th percentile"
45.405440201005,6.02751155778894,2.17613459397265e-07,"2.5th percentile"
45.4900391959799,6.02751155778894,1.95679720348657e-07,"2.5th percentile"
45.5746381909548,6.02751155778894,1.38734396971321e-07,"2.5th percentile"
45.6592371859296,6.02751155778894,1.27372220940561e-07,"2.5th percentile"
45.7438361809045,6.02751155778894,1.14637315207743e-07,"2.5th percentile"
45.8284351758794,6.02751155778894,1.02621168055371e-07,"2.5th percentile"
45.9130341708543,6.02751155778894,1.22273449905328e-07,"2.5th percentile"
34.9997638190955,6.09553819095477,0.875229182433136,"2.5th percentile"
35.0843628140704,6.09553819095477,0.814020021647945,"2.5th percentile"
35.1689618090452,6.09553819095477,0.759398218325144,"2.5th percentile"
35.2535608040201,6.09553819095477,0.692028788974417,"2.5th percentile"
35.338159798995,6.09553819095477,0.615507263013036,"2.5th percentile"
35.4227587939698,6.09553819095477,0.558663382913188,"2.5th percentile"
35.5073577889447,6.09553819095477,0.478699163570426,"2.5th percentile"
35.5919567839196,6.09553819095477,0.401892337203853,"2.5th percentile"
35.6765557788945,6.09553819095477,0.346057377725382,"2.5th percentile"
35.7611547738694,6.09553819095477,0.357266096538633,"2.5th percentile"
35.8457537688442,6.09553819095477,0.331337413684863,"2.5th percentile"
35.9303527638191,6.09553819095477,0.309154849714189,"2.5th percentile"
36.014951758794,6.09553819095477,0.342783080924087,"2.5th percentile"
36.0995507537688,6.09553819095477,0.301537083302818,"2.5th percentile"
36.1841497487437,6.09553819095477,0.313886570147024,"2.5th percentile"
36.2687487437186,6.09553819095477,0.324800084187101,"2.5th percentile"
36.3533477386935,6.09553819095477,0.342725623080975,"2.5th percentile"
36.4379467336683,6.09553819095477,0.373450939768326,"2.5th percentile"
36.5225457286432,6.09553819095477,0.328493229640209,"2.5th percentile"
36.6071447236181,6.09553819095477,0.317608907292854,"2.5th percentile"
36.691743718593,6.09553819095477,0.337735228901056,"2.5th percentile"
36.7763427135678,6.09553819095477,0.299111471774534,"2.5th percentile"
36.8609417085427,6.09553819095477,0.305222533912894,"2.5th percentile"
36.9455407035176,6.09553819095477,0.311640548298118,"2.5th percentile"
37.0301396984925,6.09553819095477,0.32048456584774,"2.5th percentile"
37.1147386934673,6.09553819095477,0.292947022527306,"2.5th percentile"
37.1993376884422,6.09553819095477,0.252138055330686,"2.5th percentile"
37.2839366834171,6.09553819095477,0.250215969140072,"2.5th percentile"
37.368535678392,6.09553819095477,0.285383666097111,"2.5th percentile"
37.4531346733668,6.09553819095477,0.271853777780177,"2.5th percentile"
37.5377336683417,6.09553819095477,0.268143541847362,"2.5th percentile"
37.6223326633166,6.09553819095477,0.377949228564374,"2.5th percentile"
37.7069316582915,6.09553819095477,0.41190797792436,"2.5th percentile"
37.7915306532663,6.09553819095477,0.353284959894962,"2.5th percentile"
37.8761296482412,6.09553819095477,0.28342326181229,"2.5th percentile"
37.9607286432161,6.09553819095477,0.295547294697027,"2.5th percentile"
38.045327638191,6.09553819095477,0.301739581413807,"2.5th percentile"
38.1299266331658,6.09553819095477,0.258631918613283,"2.5th percentile"
38.2145256281407,6.09553819095477,0.25714703703448,"2.5th percentile"
38.2991246231156,6.09553819095477,0.254075824652887,"2.5th percentile"
38.3837236180904,6.09553819095477,0.222514986153973,"2.5th percentile"
38.4683226130653,6.09553819095477,0.220671802201532,"2.5th percentile"
38.5529216080402,6.09553819095477,0.214028008691547,"2.5th percentile"
38.6375206030151,6.09553819095477,0.219450102798893,"2.5th percentile"
38.72211959799,6.09553819095477,0.195907861814272,"2.5th percentile"
38.8067185929648,6.09553819095477,0.222603233009518,"2.5th percentile"
38.8913175879397,6.09553819095477,0.21914743088785,"2.5th percentile"
38.9759165829146,6.09553819095477,0.205280441496251,"2.5th percentile"
39.0605155778894,6.09553819095477,0.207346384620414,"2.5th percentile"
39.1451145728643,6.09553819095477,0.203294865380737,"2.5th percentile"
39.2297135678392,6.09553819095477,0.208141212344121,"2.5th percentile"
39.3143125628141,6.09553819095477,0.222652392100954,"2.5th percentile"
39.3989115577889,6.09553819095477,0.248623779480667,"2.5th percentile"
39.4835105527638,6.09553819095477,0.267224042585674,"2.5th percentile"
39.5681095477387,6.09553819095477,0.282426013401091,"2.5th percentile"
39.6527085427136,6.09553819095477,0.305437471107539,"2.5th percentile"
39.7373075376884,6.09553819095477,0.329677027535689,"2.5th percentile"
39.8219065326633,6.09553819095477,0.331865431371627,"2.5th percentile"
39.9065055276382,6.09553819095477,0.356330761771767,"2.5th percentile"
39.9911045226131,6.09553819095477,0.374977102552679,"2.5th percentile"
40.0757035175879,6.09553819095477,0.396716751131323,"2.5th percentile"
40.1603025125628,6.09553819095477,0.462798165881256,"2.5th percentile"
40.2449015075377,6.09553819095477,0.415166636486561,"2.5th percentile"
40.3295005025126,6.09553819095477,0.435161188141836,"2.5th percentile"
40.4140994974874,6.09553819095477,0.455211128578644,"2.5th percentile"
40.4986984924623,6.09553819095477,0.45064340618413,"2.5th percentile"
40.5832974874372,6.09553819095477,0.38813337733063,"2.5th percentile"
40.6678964824121,6.09553819095477,0.303078334027308,"2.5th percentile"
40.7524954773869,6.09553819095477,0.229572492099261,"2.5th percentile"
40.8370944723618,6.09553819095477,0.168687562425478,"2.5th percentile"
40.9216934673367,6.09553819095477,0.120165638257251,"2.5th percentile"
41.0062924623116,6.09553819095477,0.0850234933133617,"2.5th percentile"
41.0908914572864,6.09553819095477,0.0605667618734979,"2.5th percentile"
41.1754904522613,6.09553819095477,0.0459304075671682,"2.5th percentile"
41.2600894472362,6.09553819095477,0.0338129909758383,"2.5th percentile"
41.344688442211,6.09553819095477,0.0188723804233652,"2.5th percentile"
41.4292874371859,6.09553819095477,0.0128836918481346,"2.5th percentile"
41.5138864321608,6.09553819095477,0.00848238919081685,"2.5th percentile"
41.5984854271357,6.09553819095477,0.0058820823128845,"2.5th percentile"
41.6830844221106,6.09553819095477,0.00489316487375356,"2.5th percentile"
41.7676834170854,6.09553819095477,0.00384999031082537,"2.5th percentile"
41.8522824120603,6.09553819095477,0.00311697767808327,"2.5th percentile"
41.9368814070352,6.09553819095477,0.0022046710170695,"2.5th percentile"
42.02148040201,6.09553819095477,0.00193762061686113,"2.5th percentile"
42.1060793969849,6.09553819095477,0.00132483665946573,"2.5th percentile"
42.1906783919598,6.09553819095477,0.00100857479437807,"2.5th percentile"
42.2752773869347,6.09553819095477,0.000782335827175898,"2.5th percentile"
42.3598763819095,6.09553819095477,0.000592892984123279,"2.5th percentile"
42.4444753768844,6.09553819095477,0.000455173351634549,"2.5th percentile"
42.5290743718593,6.09553819095477,0.000351815771327618,"2.5th percentile"
42.6136733668342,6.09553819095477,0.000265288736690489,"2.5th percentile"
42.698272361809,6.09553819095477,0.000200787921405284,"2.5th percentile"
42.7828713567839,6.09553819095477,0.000170962621035944,"2.5th percentile"
42.8674703517588,6.09553819095477,0.000129517073942484,"2.5th percentile"
42.9520693467337,6.09553819095477,0.000117555210315374,"2.5th percentile"
43.0366683417085,6.09553819095477,9.03932816331864e-05,"2.5th percentile"
43.1212673366834,6.09553819095477,4.96130320779114e-05,"2.5th percentile"
43.2058663316583,6.09553819095477,4.64399097079279e-05,"2.5th percentile"
43.2904653266332,6.09553819095477,3.6833214683103e-05,"2.5th percentile"
43.375064321608,6.09553819095477,2.5656613144446e-05,"2.5th percentile"
43.4596633165829,6.09553819095477,2.15945425195383e-05,"2.5th percentile"
43.5442623115578,6.09553819095477,1.51242413358341e-05,"2.5th percentile"
43.6288613065327,6.09553819095477,1.24191084043518e-05,"2.5th percentile"
43.7134603015075,6.09553819095477,9.28432690970839e-06,"2.5th percentile"
43.7980592964824,6.09553819095477,4.91245330444594e-06,"2.5th percentile"
43.8826582914573,6.09553819095477,4.30938171985408e-06,"2.5th percentile"
43.9672572864322,6.09553819095477,2.98268810711551e-06,"2.5th percentile"
44.051856281407,6.09553819095477,2.12537234539421e-06,"2.5th percentile"
44.1364552763819,6.09553819095477,1.57970266471541e-06,"2.5th percentile"
44.2210542713568,6.09553819095477,1.25544471397759e-06,"2.5th percentile"
44.3056532663317,6.09553819095477,9.32891126213931e-07,"2.5th percentile"
44.3902522613065,6.09553819095477,6.85308306592143e-07,"2.5th percentile"
44.4748512562814,6.09553819095477,4.95166256024504e-07,"2.5th percentile"
44.5594502512563,6.09553819095477,4.11687176407483e-07,"2.5th percentile"
44.6440492462312,6.09553819095477,2.86696284939157e-07,"2.5th percentile"
44.728648241206,6.09553819095477,2.03962842984735e-07,"2.5th percentile"
44.8132472361809,6.09553819095477,1.72194234956905e-07,"2.5th percentile"
44.8978462311558,6.09553819095477,1.7844829255331e-07,"2.5th percentile"
44.9824452261307,6.09553819095477,1.82654151086286e-07,"2.5th percentile"
45.0670442211055,6.09553819095477,1.88385109686392e-07,"2.5th percentile"
45.1516432160804,6.09553819095477,2.07395757403889e-07,"2.5th percentile"
45.2362422110553,6.09553819095477,2.34967568578766e-07,"2.5th percentile"
45.3208412060302,6.09553819095477,2.49260903404892e-07,"2.5th percentile"
45.405440201005,6.09553819095477,2.14953936007425e-07,"2.5th percentile"
45.4900391959799,6.09553819095477,1.72512446040561e-07,"2.5th percentile"
45.5746381909548,6.09553819095477,1.56149848912981e-07,"2.5th percentile"
45.6592371859296,6.09553819095477,1.32162513357972e-07,"2.5th percentile"
45.7438361809045,6.09553819095477,1.62971424751209e-07,"2.5th percentile"
45.8284351758794,6.09553819095477,1.10834074963369e-07,"2.5th percentile"
45.9130341708543,6.09553819095477,1.12023277811293e-07,"2.5th percentile"
34.9997638190955,6.1635648241206,0.83627504792223,"2.5th percentile"
35.0843628140704,6.1635648241206,0.774532932842168,"2.5th percentile"
35.1689618090452,6.1635648241206,0.744119880056845,"2.5th percentile"
35.2535608040201,6.1635648241206,0.652527729583564,"2.5th percentile"
35.338159798995,6.1635648241206,0.567874424701537,"2.5th percentile"
35.4227587939698,6.1635648241206,0.506967166402004,"2.5th percentile"
35.5073577889447,6.1635648241206,0.443956080661326,"2.5th percentile"
35.5919567839196,6.1635648241206,0.361207808042279,"2.5th percentile"
35.6765557788945,6.1635648241206,0.314715065856126,"2.5th percentile"
35.7611547738694,6.1635648241206,0.304968216492541,"2.5th percentile"
35.8457537688442,6.1635648241206,0.3608473655411,"2.5th percentile"
35.9303527638191,6.1635648241206,0.330683608941342,"2.5th percentile"
36.014951758794,6.1635648241206,0.312787666784265,"2.5th percentile"
36.0995507537688,6.1635648241206,0.354980037948007,"2.5th percentile"
36.1841497487437,6.1635648241206,0.348940966874763,"2.5th percentile"
36.2687487437186,6.1635648241206,0.328829994554926,"2.5th percentile"
36.3533477386935,6.1635648241206,0.328761002576692,"2.5th percentile"
36.4379467336683,6.1635648241206,0.335901706411289,"2.5th percentile"
36.5225457286432,6.1635648241206,0.328930000841,"2.5th percentile"
36.6071447236181,6.1635648241206,0.32157145920749,"2.5th percentile"
36.691743718593,6.1635648241206,0.319553667425265,"2.5th percentile"
36.7763427135678,6.1635648241206,0.333481307828972,"2.5th percentile"
36.8609417085427,6.1635648241206,0.315340798694498,"2.5th percentile"
36.9455407035176,6.1635648241206,0.330209627691365,"2.5th percentile"
37.0301396984925,6.1635648241206,0.324876104966831,"2.5th percentile"
37.1147386934673,6.1635648241206,0.311118045430238,"2.5th percentile"
37.1993376884422,6.1635648241206,0.253881322746895,"2.5th percentile"
37.2839366834171,6.1635648241206,0.24066031914499,"2.5th percentile"
37.368535678392,6.1635648241206,0.264600256008536,"2.5th percentile"
37.4531346733668,6.1635648241206,0.278821129108219,"2.5th percentile"
37.5377336683417,6.1635648241206,0.265068278966256,"2.5th percentile"
37.6223326633166,6.1635648241206,0.280007156511868,"2.5th percentile"
37.7069316582915,6.1635648241206,0.391045324118097,"2.5th percentile"
37.7915306532663,6.1635648241206,0.409439509962402,"2.5th percentile"
37.8761296482412,6.1635648241206,0.303682525150064,"2.5th percentile"
37.9607286432161,6.1635648241206,0.291218008110311,"2.5th percentile"
38.045327638191,6.1635648241206,0.289938169322527,"2.5th percentile"
38.1299266331658,6.1635648241206,0.25945586840007,"2.5th percentile"
38.2145256281407,6.1635648241206,0.263551407378316,"2.5th percentile"
38.2991246231156,6.1635648241206,0.245225308445028,"2.5th percentile"
38.3837236180904,6.1635648241206,0.22462628055704,"2.5th percentile"
38.4683226130653,6.1635648241206,0.224188765360772,"2.5th percentile"
38.5529216080402,6.1635648241206,0.217003047834252,"2.5th percentile"
38.6375206030151,6.1635648241206,0.231685313286128,"2.5th percentile"
38.72211959799,6.1635648241206,0.206929160208051,"2.5th percentile"
38.8067185929648,6.1635648241206,0.199731485559174,"2.5th percentile"
38.8913175879397,6.1635648241206,0.223572752569473,"2.5th percentile"
38.9759165829146,6.1635648241206,0.20873982760397,"2.5th percentile"
39.0605155778894,6.1635648241206,0.211813917065398,"2.5th percentile"
39.1451145728643,6.1635648241206,0.200831939699444,"2.5th percentile"
39.2297135678392,6.1635648241206,0.210410606834709,"2.5th percentile"
39.3143125628141,6.1635648241206,0.202441542109564,"2.5th percentile"
39.3989115577889,6.1635648241206,0.20982945995961,"2.5th percentile"
39.4835105527638,6.1635648241206,0.232483725587059,"2.5th percentile"
39.5681095477387,6.1635648241206,0.240871191233959,"2.5th percentile"
39.6527085427136,6.1635648241206,0.266972862457709,"2.5th percentile"
39.7373075376884,6.1635648241206,0.278438857040672,"2.5th percentile"
39.8219065326633,6.1635648241206,0.286537021465353,"2.5th percentile"
39.9065055276382,6.1635648241206,0.318374421573338,"2.5th percentile"
39.9911045226131,6.1635648241206,0.324210852016061,"2.5th percentile"
40.0757035175879,6.1635648241206,0.384670635106668,"2.5th percentile"
40.1603025125628,6.1635648241206,0.353613781146495,"2.5th percentile"
40.2449015075377,6.1635648241206,0.375674693344671,"2.5th percentile"
40.3295005025126,6.1635648241206,0.391873408574171,"2.5th percentile"
40.4140994974874,6.1635648241206,0.412490758241006,"2.5th percentile"
40.4986984924623,6.1635648241206,0.422040497038253,"2.5th percentile"
40.5832974874372,6.1635648241206,0.362825611672085,"2.5th percentile"
40.6678964824121,6.1635648241206,0.286759427156761,"2.5th percentile"
40.7524954773869,6.1635648241206,0.217238098116184,"2.5th percentile"
40.8370944723618,6.1635648241206,0.159845319367648,"2.5th percentile"
40.9216934673367,6.1635648241206,0.113171316098745,"2.5th percentile"
41.0062924623116,6.1635648241206,0.0784985577626675,"2.5th percentile"
41.0908914572864,6.1635648241206,0.0750576303486713,"2.5th percentile"
41.1754904522613,6.1635648241206,0.0397564890006773,"2.5th percentile"
41.2600894472362,6.1635648241206,0.0270156460901795,"2.5th percentile"
41.344688442211,6.1635648241206,0.0177589126713289,"2.5th percentile"
41.4292874371859,6.1635648241206,0.0115748559250973,"2.5th percentile"
41.5138864321608,6.1635648241206,0.00843711048763651,"2.5th percentile"
41.5984854271357,6.1635648241206,0.00707245757517853,"2.5th percentile"
41.6830844221106,6.1635648241206,0.00513093927728008,"2.5th percentile"
41.7676834170854,6.1635648241206,0.00405140858367396,"2.5th percentile"
41.8522824120603,6.1635648241206,0.00310158148024807,"2.5th percentile"
41.9368814070352,6.1635648241206,0.00244525597967614,"2.5th percentile"
42.02148040201,6.1635648241206,0.00208710810992417,"2.5th percentile"
42.1060793969849,6.1635648241206,0.00144055908310078,"2.5th percentile"
42.1906783919598,6.1635648241206,0.00107299493349363,"2.5th percentile"
42.2752773869347,6.1635648241206,0.000816593663100601,"2.5th percentile"
42.3598763819095,6.1635648241206,0.000634595152120453,"2.5th percentile"
42.4444753768844,6.1635648241206,0.000487510647193445,"2.5th percentile"
42.5290743718593,6.1635648241206,0.000372967866555869,"2.5th percentile"
42.6136733668342,6.1635648241206,0.000309847501490132,"2.5th percentile"
42.698272361809,6.1635648241206,0.000230848061312861,"2.5th percentile"
42.7828713567839,6.1635648241206,0.000189414529762271,"2.5th percentile"
42.8674703517588,6.1635648241206,0.000134346162105862,"2.5th percentile"
42.9520693467337,6.1635648241206,0.000113760860663666,"2.5th percentile"
43.0366683417085,6.1635648241206,8.09589843390621e-05,"2.5th percentile"
43.1212673366834,6.1635648241206,5.42754967020532e-05,"2.5th percentile"
43.2058663316583,6.1635648241206,4.32284553523922e-05,"2.5th percentile"
43.2904653266332,6.1635648241206,3.21383928273199e-05,"2.5th percentile"
43.375064321608,6.1635648241206,2.58645108571577e-05,"2.5th percentile"
43.4596633165829,6.1635648241206,2.12738587612216e-05,"2.5th percentile"
43.5442623115578,6.1635648241206,1.62232923404677e-05,"2.5th percentile"
43.6288613065327,6.1635648241206,1.24863860514992e-05,"2.5th percentile"
43.7134603015075,6.1635648241206,9.38704295965906e-06,"2.5th percentile"
43.7980592964824,6.1635648241206,6.14427802947515e-06,"2.5th percentile"
43.8826582914573,6.1635648241206,3.69330513471732e-06,"2.5th percentile"
43.9672572864322,6.1635648241206,2.96560490957077e-06,"2.5th percentile"
44.051856281407,6.1635648241206,2.15456183181762e-06,"2.5th percentile"
44.1364552763819,6.1635648241206,1.96681204111646e-06,"2.5th percentile"
44.2210542713568,6.1635648241206,1.16834776409828e-06,"2.5th percentile"
44.3056532663317,6.1635648241206,1.05026768483688e-06,"2.5th percentile"
44.3902522613065,6.1635648241206,8.52861585904521e-07,"2.5th percentile"
44.4748512562814,6.1635648241206,4.93270133053521e-07,"2.5th percentile"
44.5594502512563,6.1635648241206,3.92394637044462e-07,"2.5th percentile"
44.6440492462312,6.1635648241206,2.74889638593669e-07,"2.5th percentile"
44.728648241206,6.1635648241206,2.11140422406858e-07,"2.5th percentile"
44.8132472361809,6.1635648241206,1.79077014341332e-07,"2.5th percentile"
44.8978462311558,6.1635648241206,1.85915319706722e-07,"2.5th percentile"
44.9824452261307,6.1635648241206,1.90079607395112e-07,"2.5th percentile"
45.0670442211055,6.1635648241206,1.99471078168679e-07,"2.5th percentile"
45.1516432160804,6.1635648241206,1.91593326796987e-07,"2.5th percentile"
45.2362422110553,6.1635648241206,2.6091987759715e-07,"2.5th percentile"
45.3208412060302,6.1635648241206,2.57385071197342e-07,"2.5th percentile"
45.405440201005,6.1635648241206,2.29511748300653e-07,"2.5th percentile"
45.4900391959799,6.1635648241206,1.63788605579315e-07,"2.5th percentile"
45.5746381909548,6.1635648241206,1.48277071334522e-07,"2.5th percentile"
45.6592371859296,6.1635648241206,1.38436251159263e-07,"2.5th percentile"
45.7438361809045,6.1635648241206,1.7275630843821e-07,"2.5th percentile"
45.8284351758794,6.1635648241206,1.17592953817877e-07,"2.5th percentile"
45.9130341708543,6.1635648241206,1.11788686070073e-07,"2.5th percentile"
45.9976331658291,6.1635648241206,9.52639115610999e-08,"2.5th percentile"
34.9151648241206,6.23159145728643,0.869936573264255,"2.5th percentile"
34.9997638190955,6.23159145728643,0.798192149244384,"2.5th percentile"
35.0843628140704,6.23159145728643,0.7531643075094,"2.5th percentile"
35.1689618090452,6.23159145728643,0.691889280223948,"2.5th percentile"
35.2535608040201,6.23159145728643,0.621035718205303,"2.5th percentile"
35.338159798995,6.23159145728643,0.584247399999768,"2.5th percentile"
35.4227587939698,6.23159145728643,0.46970477649381,"2.5th percentile"
35.5073577889447,6.23159145728643,0.399788314152895,"2.5th percentile"
35.5919567839196,6.23159145728643,0.316988342989695,"2.5th percentile"
35.6765557788945,6.23159145728643,0.303678764106511,"2.5th percentile"
35.7611547738694,6.23159145728643,0.320066279850313,"2.5th percentile"
35.8457537688442,6.23159145728643,0.329108259675496,"2.5th percentile"
35.9303527638191,6.23159145728643,0.293180043187074,"2.5th percentile"
36.014951758794,6.23159145728643,0.326438796145493,"2.5th percentile"
36.0995507537688,6.23159145728643,0.308823375906603,"2.5th percentile"
36.1841497487437,6.23159145728643,0.336395171968215,"2.5th percentile"
36.2687487437186,6.23159145728643,0.323134965348514,"2.5th percentile"
36.3533477386935,6.23159145728643,0.324364976372207,"2.5th percentile"
36.4379467336683,6.23159145728643,0.343870264698588,"2.5th percentile"
36.5225457286432,6.23159145728643,0.316601002168102,"2.5th percentile"
36.6071447236181,6.23159145728643,0.306924155391977,"2.5th percentile"
36.691743718593,6.23159145728643,0.30699670090832,"2.5th percentile"
36.7763427135678,6.23159145728643,0.301704449910308,"2.5th percentile"
36.8609417085427,6.23159145728643,0.302860657884303,"2.5th percentile"
36.9455407035176,6.23159145728643,0.327483752013528,"2.5th percentile"
37.0301396984925,6.23159145728643,0.313278452668259,"2.5th percentile"
37.1147386934673,6.23159145728643,0.311742448434692,"2.5th percentile"
37.1993376884422,6.23159145728643,0.307510314995329,"2.5th percentile"
37.2839366834171,6.23159145728643,0.2780455852808,"2.5th percentile"
37.368535678392,6.23159145728643,0.269020820297235,"2.5th percentile"
37.4531346733668,6.23159145728643,0.311969744058573,"2.5th percentile"
37.5377336683417,6.23159145728643,0.252804543147752,"2.5th percentile"
37.6223326633166,6.23159145728643,0.261407746591488,"2.5th percentile"
37.7069316582915,6.23159145728643,0.281341038656141,"2.5th percentile"
37.7915306532663,6.23159145728643,0.298759938320889,"2.5th percentile"
37.8761296482412,6.23159145728643,0.399167003094671,"2.5th percentile"
37.9607286432161,6.23159145728643,0.28599730875127,"2.5th percentile"
38.045327638191,6.23159145728643,0.280820752253158,"2.5th percentile"
38.1299266331658,6.23159145728643,0.266422698756816,"2.5th percentile"
38.2145256281407,6.23159145728643,0.267189660425743,"2.5th percentile"
38.2991246231156,6.23159145728643,0.252665587807982,"2.5th percentile"
38.3837236180904,6.23159145728643,0.231775746560783,"2.5th percentile"
38.4683226130653,6.23159145728643,0.225318688193049,"2.5th percentile"
38.5529216080402,6.23159145728643,0.21906902979331,"2.5th percentile"
38.6375206030151,6.23159145728643,0.231153659870417,"2.5th percentile"
38.72211959799,6.23159145728643,0.189032334379128,"2.5th percentile"
38.8067185929648,6.23159145728643,0.204819355087357,"2.5th percentile"
38.8913175879397,6.23159145728643,0.206240916231667,"2.5th percentile"
38.9759165829146,6.23159145728643,0.19085664552431,"2.5th percentile"
39.0605155778894,6.23159145728643,0.189551787288731,"2.5th percentile"
39.1451145728643,6.23159145728643,0.200954853308785,"2.5th percentile"
39.2297135678392,6.23159145728643,0.21707842812568,"2.5th percentile"
39.3143125628141,6.23159145728643,0.215081073834786,"2.5th percentile"
39.3989115577889,6.23159145728643,0.221992437724289,"2.5th percentile"
39.4835105527638,6.23159145728643,0.216474291086509,"2.5th percentile"
39.5681095477387,6.23159145728643,0.206367394391634,"2.5th percentile"
39.6527085427136,6.23159145728643,0.21947815748113,"2.5th percentile"
39.7373075376884,6.23159145728643,0.24078157130687,"2.5th percentile"
39.8219065326633,6.23159145728643,0.247538115486717,"2.5th percentile"
39.9065055276382,6.23159145728643,0.268438418196956,"2.5th percentile"
39.9911045226131,6.23159145728643,0.278093551074212,"2.5th percentile"
40.0757035175879,6.23159145728643,0.303642557367514,"2.5th percentile"
40.1603025125628,6.23159145728643,0.313663946837648,"2.5th percentile"
40.2449015075377,6.23159145728643,0.337394569717491,"2.5th percentile"
40.3295005025126,6.23159145728643,0.353880817554055,"2.5th percentile"
40.4140994974874,6.23159145728643,0.366894435321033,"2.5th percentile"
40.4986984924623,6.23159145728643,0.391081480783794,"2.5th percentile"
40.5832974874372,6.23159145728643,0.347724758440982,"2.5th percentile"
40.6678964824121,6.23159145728643,0.271912895683671,"2.5th percentile"
40.7524954773869,6.23159145728643,0.204776848237593,"2.5th percentile"
40.8370944723618,6.23159145728643,0.148326645208934,"2.5th percentile"
40.9216934673367,6.23159145728643,0.105260183310867,"2.5th percentile"
41.0062924623116,6.23159145728643,0.0722421538919242,"2.5th percentile"
41.0908914572864,6.23159145728643,0.0500721631053679,"2.5th percentile"
41.1754904522613,6.23159145728643,0.0350774324120211,"2.5th percentile"
41.2600894472362,6.23159145728643,0.0257538527458963,"2.5th percentile"
41.344688442211,6.23159145728643,0.0161198372375112,"2.5th percentile"
41.4292874371859,6.23159145728643,0.0126568234466451,"2.5th percentile"
41.5138864321608,6.23159145728643,0.00926269125875939,"2.5th percentile"
41.5984854271357,6.23159145728643,0.00718436322217314,"2.5th percentile"
41.6830844221106,6.23159145728643,0.00578934169315143,"2.5th percentile"
41.7676834170854,6.23159145728643,0.0043657412237878,"2.5th percentile"
41.8522824120603,6.23159145728643,0.00343111865255586,"2.5th percentile"
41.9368814070352,6.23159145728643,0.00271818553841764,"2.5th percentile"
42.02148040201,6.23159145728643,0.00195924457624569,"2.5th percentile"
42.1060793969849,6.23159145728643,0.00198854400200491,"2.5th percentile"
42.1906783919598,6.23159145728643,0.00124025314299235,"2.5th percentile"
42.2752773869347,6.23159145728643,0.0010054670223422,"2.5th percentile"
42.3598763819095,6.23159145728643,0.000661148047528213,"2.5th percentile"
42.4444753768844,6.23159145728643,0.000508341499919494,"2.5th percentile"
42.5290743718593,6.23159145728643,0.000438743477279374,"2.5th percentile"
42.6136733668342,6.23159145728643,0.000296592301818995,"2.5th percentile"
42.698272361809,6.23159145728643,0.000215633129257527,"2.5th percentile"
42.7828713567839,6.23159145728643,0.000195861534480324,"2.5th percentile"
42.8674703517588,6.23159145728643,0.000160135492045243,"2.5th percentile"
42.9520693467337,6.23159145728643,9.94846627442746e-05,"2.5th percentile"
43.0366683417085,6.23159145728643,7.82997192603295e-05,"2.5th percentile"
43.1212673366834,6.23159145728643,5.92923794318083e-05,"2.5th percentile"
43.2058663316583,6.23159145728643,5.19686882442316e-05,"2.5th percentile"
43.2904653266332,6.23159145728643,3.20252146442735e-05,"2.5th percentile"
43.375064321608,6.23159145728643,2.59322735772469e-05,"2.5th percentile"
43.4596633165829,6.23159145728643,2.03065864935832e-05,"2.5th percentile"
43.5442623115578,6.23159145728643,1.62319808667277e-05,"2.5th percentile"
43.6288613065327,6.23159145728643,1.24762637611652e-05,"2.5th percentile"
43.7134603015075,6.23159145728643,9.38587200878363e-06,"2.5th percentile"
43.7980592964824,6.23159145728643,6.60671999930592e-06,"2.5th percentile"
43.8826582914573,6.23159145728643,3.67215927199368e-06,"2.5th percentile"
43.9672572864322,6.23159145728643,2.80351320519848e-06,"2.5th percentile"
44.051856281407,6.23159145728643,2.23365918177371e-06,"2.5th percentile"
44.1364552763819,6.23159145728643,1.53585305325503e-06,"2.5th percentile"
44.2210542713568,6.23159145728643,1.18230306661165e-06,"2.5th percentile"
44.3056532663317,6.23159145728643,8.56469755426372e-07,"2.5th percentile"
44.3902522613065,6.23159145728643,8.16021762456542e-07,"2.5th percentile"
44.4748512562814,6.23159145728643,5.02279182784663e-07,"2.5th percentile"
44.5594502512563,6.23159145728643,3.60892024952608e-07,"2.5th percentile"
44.6440492462312,6.23159145728643,2.66126259897349e-07,"2.5th percentile"
44.728648241206,6.23159145728643,2.00987778888361e-07,"2.5th percentile"
44.8132472361809,6.23159145728643,1.86340046470768e-07,"2.5th percentile"
44.8978462311558,6.23159145728643,1.92553538339282e-07,"2.5th percentile"
44.9824452261307,6.23159145728643,2.37717125448278e-07,"2.5th percentile"
45.0670442211055,6.23159145728643,1.98503695262933e-07,"2.5th percentile"
45.1516432160804,6.23159145728643,2.01693459791382e-07,"2.5th percentile"
45.2362422110553,6.23159145728643,2.39268321904239e-07,"2.5th percentile"
45.3208412060302,6.23159145728643,2.04758136585638e-07,"2.5th percentile"
45.405440201005,6.23159145728643,2.07770191211765e-07,"2.5th percentile"
45.4900391959799,6.23159145728643,1.6865791072252e-07,"2.5th percentile"
45.5746381909548,6.23159145728643,1.52298560508631e-07,"2.5th percentile"
45.6592371859296,6.23159145728643,1.68379553214378e-07,"2.5th percentile"
45.7438361809045,6.23159145728643,1.24655881140649e-07,"2.5th percentile"
45.8284351758794,6.23159145728643,1.12012812548989e-07,"2.5th percentile"
45.9130341708543,6.23159145728643,1.04816501402833e-07,"2.5th percentile"
45.9976331658291,6.23159145728643,8.88785329691289e-08,"2.5th percentile"
46.082232160804,6.23159145728643,9.03399411897092e-08,"2.5th percentile"
34.9151648241206,6.29961809045226,0.853275919786621,"2.5th percentile"
34.9997638190955,6.29961809045226,0.801266002172449,"2.5th percentile"
35.0843628140704,6.29961809045226,0.720593221479955,"2.5th percentile"
35.1689618090452,6.29961809045226,0.655592814729325,"2.5th percentile"
35.2535608040201,6.29961809045226,0.587011177170082,"2.5th percentile"
35.338159798995,6.29961809045226,0.566326842456695,"2.5th percentile"
35.4227587939698,6.29961809045226,0.424540691267984,"2.5th percentile"
35.5073577889447,6.29961809045226,0.360049495671984,"2.5th percentile"
35.5919567839196,6.29961809045226,0.27439225319325,"2.5th percentile"
35.6765557788945,6.29961809045226,0.30448318661361,"2.5th percentile"
35.7611547738694,6.29961809045226,0.315306696972991,"2.5th percentile"
35.8457537688442,6.29961809045226,0.344256909465652,"2.5th percentile"
35.9303527638191,6.29961809045226,0.293730756273512,"2.5th percentile"
36.014951758794,6.29961809045226,0.295020440976879,"2.5th percentile"
36.0995507537688,6.29961809045226,0.365120007227322,"2.5th percentile"
36.1841497487437,6.29961809045226,0.336449065314067,"2.5th percentile"
36.2687487437186,6.29961809045226,0.323409084208883,"2.5th percentile"
36.3533477386935,6.29961809045226,0.314241437590316,"2.5th percentile"
36.4379467336683,6.29961809045226,0.354905999120091,"2.5th percentile"
36.5225457286432,6.29961809045226,0.326429837124686,"2.5th percentile"
36.6071447236181,6.29961809045226,0.297362215262992,"2.5th percentile"
36.691743718593,6.29961809045226,0.311271168741152,"2.5th percentile"
36.7763427135678,6.29961809045226,0.291624602285702,"2.5th percentile"
36.8609417085427,6.29961809045226,0.27493252341588,"2.5th percentile"
36.9455407035176,6.29961809045226,0.304267065455311,"2.5th percentile"
37.0301396984925,6.29961809045226,0.308073675611064,"2.5th percentile"
37.1147386934673,6.29961809045226,0.309753334598033,"2.5th percentile"
37.1993376884422,6.29961809045226,0.329809315123216,"2.5th percentile"
37.2839366834171,6.29961809045226,0.296531234359764,"2.5th percentile"
37.368535678392,6.29961809045226,0.286210279102887,"2.5th percentile"
37.4531346733668,6.29961809045226,0.299253938809508,"2.5th percentile"
37.5377336683417,6.29961809045226,0.258076419279414,"2.5th percentile"
37.6223326633166,6.29961809045226,0.262324293192108,"2.5th percentile"
37.7069316582915,6.29961809045226,0.29305031871641,"2.5th percentile"
37.7915306532663,6.29961809045226,0.286428333064034,"2.5th percentile"
37.8761296482412,6.29961809045226,0.410086658449984,"2.5th percentile"
37.9607286432161,6.29961809045226,0.284522018585307,"2.5th percentile"
38.045327638191,6.29961809045226,0.282609335595598,"2.5th percentile"
38.1299266331658,6.29961809045226,0.291990249724462,"2.5th percentile"
38.2145256281407,6.29961809045226,0.261287008441888,"2.5th percentile"
38.2991246231156,6.29961809045226,0.259230841059714,"2.5th percentile"
38.3837236180904,6.29961809045226,0.227742313705696,"2.5th percentile"
38.4683226130653,6.29961809045226,0.231922304562057,"2.5th percentile"
38.5529216080402,6.29961809045226,0.207453236689689,"2.5th percentile"
38.6375206030151,6.29961809045226,0.184960332449337,"2.5th percentile"
38.72211959799,6.29961809045226,0.18846841014617,"2.5th percentile"
38.8067185929648,6.29961809045226,0.205832128836705,"2.5th percentile"
38.8913175879397,6.29961809045226,0.205845641242788,"2.5th percentile"
38.9759165829146,6.29961809045226,0.171287314954604,"2.5th percentile"
39.0605155778894,6.29961809045226,0.183979974825491,"2.5th percentile"
39.1451145728643,6.29961809045226,0.208447547821122,"2.5th percentile"
39.2297135678392,6.29961809045226,0.222484649714337,"2.5th percentile"
39.3143125628141,6.29961809045226,0.224682785331797,"2.5th percentile"
39.3989115577889,6.29961809045226,0.220585510931893,"2.5th percentile"
39.4835105527638,6.29961809045226,0.218316360228117,"2.5th percentile"
39.5681095477387,6.29961809045226,0.20565633194815,"2.5th percentile"
39.6527085427136,6.29961809045226,0.197470757339684,"2.5th percentile"
39.7373075376884,6.29961809045226,0.198367617012165,"2.5th percentile"
39.8219065326633,6.29961809045226,0.214725904685458,"2.5th percentile"
39.9065055276382,6.29961809045226,0.228491136093443,"2.5th percentile"
39.9911045226131,6.29961809045226,0.241395848942069,"2.5th percentile"
40.0757035175879,6.29961809045226,0.256148392366277,"2.5th percentile"
40.1603025125628,6.29961809045226,0.272283798614512,"2.5th percentile"
40.2449015075377,6.29961809045226,0.288573585864193,"2.5th percentile"
40.3295005025126,6.29961809045226,0.306866491541958,"2.5th percentile"
40.4140994974874,6.29961809045226,0.324758012750554,"2.5th percentile"
40.4986984924623,6.29961809045226,0.368338523478334,"2.5th percentile"
40.5832974874372,6.29961809045226,0.330263451924761,"2.5th percentile"
40.6678964824121,6.29961809045226,0.258621891502272,"2.5th percentile"
40.7524954773869,6.29961809045226,0.190912145191042,"2.5th percentile"
40.8370944723618,6.29961809045226,0.139827304899565,"2.5th percentile"
40.9216934673367,6.29961809045226,0.0968793636743044,"2.5th percentile"
41.0062924623116,6.29961809045226,0.0674000189511392,"2.5th percentile"
41.0908914572864,6.29961809045226,0.0467372126644797,"2.5th percentile"
41.1754904522613,6.29961809045226,0.0338757491552106,"2.5th percentile"
41.2600894472362,6.29961809045226,0.0227014451659202,"2.5th percentile"
41.344688442211,6.29961809045226,0.0169308992520066,"2.5th percentile"
41.4292874371859,6.29961809045226,0.0131260784676081,"2.5th percentile"
41.5138864321608,6.29961809045226,0.0104415995286202,"2.5th percentile"
41.5984854271357,6.29961809045226,0.00788085220478651,"2.5th percentile"
41.6830844221106,6.29961809045226,0.0061126285568527,"2.5th percentile"
41.7676834170854,6.29961809045226,0.00592595970307612,"2.5th percentile"
41.8522824120603,6.29961809045226,0.00464380837045902,"2.5th percentile"
41.9368814070352,6.29961809045226,0.00351840677949799,"2.5th percentile"
42.02148040201,6.29961809045226,0.00204996132978574,"2.5th percentile"
42.1060793969849,6.29961809045226,0.00209986987021366,"2.5th percentile"
42.1906783919598,6.29961809045226,0.00153121963552284,"2.5th percentile"
42.2752773869347,6.29961809045226,0.000958256913245317,"2.5th percentile"
42.3598763819095,6.29961809045226,0.000939848737660014,"2.5th percentile"
42.4444753768844,6.29961809045226,0.000556989452486759,"2.5th percentile"
42.5290743718593,6.29961809045226,0.000469211992344655,"2.5th percentile"
42.6136733668342,6.29961809045226,0.000399196505386638,"2.5th percentile"
42.698272361809,6.29961809045226,0.000241912640430119,"2.5th percentile"
42.7828713567839,6.29961809045226,0.000202588667404695,"2.5th percentile"
42.8674703517588,6.29961809045226,0.000153405239103313,"2.5th percentile"
42.9520693467337,6.29961809045226,0.000113934080509195,"2.5th percentile"
43.0366683417085,6.29961809045226,8.87144704722317e-05,"2.5th percentile"
43.1212673366834,6.29961809045226,6.33685613768467e-05,"2.5th percentile"
43.2058663316583,6.29961809045226,4.53528803946361e-05,"2.5th percentile"
43.2904653266332,6.29961809045226,3.78184714565326e-05,"2.5th percentile"
43.375064321608,6.29961809045226,2.86808884894334e-05,"2.5th percentile"
43.4596633165829,6.29961809045226,2.1748050789369e-05,"2.5th percentile"
43.5442623115578,6.29961809045226,1.52502504941485e-05,"2.5th percentile"
43.6288613065327,6.29961809045226,1.24390854516033e-05,"2.5th percentile"
43.7134603015075,6.29961809045226,7.63865287097319e-06,"2.5th percentile"
43.7980592964824,6.29961809045226,5.94978628257092e-06,"2.5th percentile"
43.8826582914573,6.29961809045226,3.93792695509455e-06,"2.5th percentile"
43.9672572864322,6.29961809045226,2.84871603878565e-06,"2.5th percentile"
44.051856281407,6.29961809045226,2.11649817588409e-06,"2.5th percentile"
44.1364552763819,6.29961809045226,1.51491931405076e-06,"2.5th percentile"
44.2210542713568,6.29961809045226,1.13336611753877e-06,"2.5th percentile"
44.3056532663317,6.29961809045226,8.43060287705785e-07,"2.5th percentile"
44.3902522613065,6.29961809045226,7.35586031382691e-07,"2.5th percentile"
44.4748512562814,6.29961809045226,5.16872718026844e-07,"2.5th percentile"
44.5594502512563,6.29961809045226,3.72965268286844e-07,"2.5th percentile"
44.6440492462312,6.29961809045226,2.60999643616934e-07,"2.5th percentile"
44.728648241206,6.29961809045226,1.97377475864343e-07,"2.5th percentile"
44.8132472361809,6.29961809045226,1.95408860782248e-07,"2.5th percentile"
44.8978462311558,6.29961809045226,1.99848464785367e-07,"2.5th percentile"
44.9824452261307,6.29961809045226,2.09456669553581e-07,"2.5th percentile"
45.0670442211055,6.29961809045226,2.04768131832004e-07,"2.5th percentile"
45.1516432160804,6.29961809045226,2.8970849702043e-07,"2.5th percentile"
45.2362422110553,6.29961809045226,2.82824679618972e-07,"2.5th percentile"
45.3208412060302,6.29961809045226,1.93567643445336e-07,"2.5th percentile"
45.405440201005,6.29961809045226,1.80017926244814e-07,"2.5th percentile"
45.4900391959799,6.29961809045226,1.69114177537051e-07,"2.5th percentile"
45.5746381909548,6.29961809045226,1.66166197592199e-07,"2.5th percentile"
45.6592371859296,6.29961809045226,1.42870546410742e-07,"2.5th percentile"
45.7438361809045,6.29961809045226,1.27346896484077e-07,"2.5th percentile"
45.8284351758794,6.29961809045226,1.11738145815154e-07,"2.5th percentile"
45.9130341708543,6.29961809045226,9.78376207287277e-08,"2.5th percentile"
45.9976331658291,6.29961809045226,8.41026389507665e-08,"2.5th percentile"
46.082232160804,6.29961809045226,9.81600324204388e-08,"2.5th percentile"
46.1668311557789,6.29961809045226,7.1971946846142e-08,"2.5th percentile"
34.8305658291457,6.36764472361809,0.868152270851477,"2.5th percentile"
34.9151648241206,6.36764472361809,0.83136847782366,"2.5th percentile"
34.9997638190955,6.36764472361809,0.777807695390187,"2.5th percentile"
35.0843628140704,6.36764472361809,0.704996702424263,"2.5th percentile"
35.1689618090452,6.36764472361809,0.659938129340662,"2.5th percentile"
35.2535608040201,6.36764472361809,0.588254050997575,"2.5th percentile"
35.338159798995,6.36764472361809,0.524225531034088,"2.5th percentile"
35.4227587939698,6.36764472361809,0.446133508635709,"2.5th percentile"
35.5073577889447,6.36764472361809,0.325171371094735,"2.5th percentile"
35.5919567839196,6.36764472361809,0.271738406396518,"2.5th percentile"
35.6765557788945,6.36764472361809,0.285966016339765,"2.5th percentile"
35.7611547738694,6.36764472361809,0.316253052075415,"2.5th percentile"
35.8457537688442,6.36764472361809,0.311343100114937,"2.5th percentile"
35.9303527638191,6.36764472361809,0.329823842569779,"2.5th percentile"
36.014951758794,6.36764472361809,0.308477265191914,"2.5th percentile"
36.0995507537688,6.36764472361809,0.327589766891736,"2.5th percentile"
36.1841497487437,6.36764472361809,0.370768743478118,"2.5th percentile"
36.2687487437186,6.36764472361809,0.367639273421482,"2.5th percentile"
36.3533477386935,6.36764472361809,0.33175255268987,"2.5th percentile"
36.4379467336683,6.36764472361809,0.318808709814602,"2.5th percentile"
36.5225457286432,6.36764472361809,0.314162820875541,"2.5th percentile"
36.6071447236181,6.36764472361809,0.297560368088258,"2.5th percentile"
36.691743718593,6.36764472361809,0.31850870621041,"2.5th percentile"
36.7763427135678,6.36764472361809,0.314461313523458,"2.5th percentile"
36.8609417085427,6.36764472361809,0.293607479958116,"2.5th percentile"
36.9455407035176,6.36764472361809,0.304875730063982,"2.5th percentile"
37.0301396984925,6.36764472361809,0.304920915961785,"2.5th percentile"
37.1147386934673,6.36764472361809,0.312480795380675,"2.5th percentile"
37.1993376884422,6.36764472361809,0.334879595233052,"2.5th percentile"
37.2839366834171,6.36764472361809,0.30247730665337,"2.5th percentile"
37.368535678392,6.36764472361809,0.289463018521352,"2.5th percentile"
37.4531346733668,6.36764472361809,0.290451201090729,"2.5th percentile"
37.5377336683417,6.36764472361809,0.250856970314527,"2.5th percentile"
37.6223326633166,6.36764472361809,0.271195490036333,"2.5th percentile"
37.7069316582915,6.36764472361809,0.290299966568541,"2.5th percentile"
37.7915306532663,6.36764472361809,0.313610961680267,"2.5th percentile"
37.8761296482412,6.36764472361809,0.413218306111029,"2.5th percentile"
37.9607286432161,6.36764472361809,0.328883149346579,"2.5th percentile"
38.045327638191,6.36764472361809,0.289465798913381,"2.5th percentile"
38.1299266331658,6.36764472361809,0.315216112798769,"2.5th percentile"
38.2145256281407,6.36764472361809,0.288190740247563,"2.5th percentile"
38.2991246231156,6.36764472361809,0.24595036542637,"2.5th percentile"
38.3837236180904,6.36764472361809,0.243431752225323,"2.5th percentile"
38.4683226130653,6.36764472361809,0.190654577079408,"2.5th percentile"
38.5529216080402,6.36764472361809,0.201865635252293,"2.5th percentile"
38.6375206030151,6.36764472361809,0.172200504763733,"2.5th percentile"
38.72211959799,6.36764472361809,0.180947149278436,"2.5th percentile"
38.8067185929648,6.36764472361809,0.203210817014839,"2.5th percentile"
38.8913175879397,6.36764472361809,0.190323595552082,"2.5th percentile"
38.9759165829146,6.36764472361809,0.146801443589972,"2.5th percentile"
39.0605155778894,6.36764472361809,0.181373547706156,"2.5th percentile"
39.1451145728643,6.36764472361809,0.19207715616196,"2.5th percentile"
39.2297135678392,6.36764472361809,0.22464821771586,"2.5th percentile"
39.3143125628141,6.36764472361809,0.223530582014858,"2.5th percentile"
39.3989115577889,6.36764472361809,0.222996252321947,"2.5th percentile"
39.4835105527638,6.36764472361809,0.217333180302709,"2.5th percentile"
39.5681095477387,6.36764472361809,0.204814232623315,"2.5th percentile"
39.6527085427136,6.36764472361809,0.195821802501564,"2.5th percentile"
39.7373075376884,6.36764472361809,0.187217844823429,"2.5th percentile"
39.8219065326633,6.36764472361809,0.169166110499138,"2.5th percentile"
39.9065055276382,6.36764472361809,0.185203483891893,"2.5th percentile"
39.9911045226131,6.36764472361809,0.202902703981336,"2.5th percentile"
40.0757035175879,6.36764472361809,0.219417695001561,"2.5th percentile"
40.1603025125628,6.36764472361809,0.234364619009631,"2.5th percentile"
40.2449015075377,6.36764472361809,0.250300098140037,"2.5th percentile"
40.3295005025126,6.36764472361809,0.267671530605312,"2.5th percentile"
40.4140994974874,6.36764472361809,0.284673600414484,"2.5th percentile"
40.4986984924623,6.36764472361809,0.305252585209043,"2.5th percentile"
40.5832974874372,6.36764472361809,0.304134664565357,"2.5th percentile"
40.6678964824121,6.36764472361809,0.251525990976203,"2.5th percentile"
40.7524954773869,6.36764472361809,0.179546951331389,"2.5th percentile"
40.8370944723618,6.36764472361809,0.127752660364806,"2.5th percentile"
40.9216934673367,6.36764472361809,0.0915599912793041,"2.5th percentile"
41.0062924623116,6.36764472361809,0.064401065222537,"2.5th percentile"
41.0908914572864,6.36764472361809,0.0457035834803005,"2.5th percentile"
41.1754904522613,6.36764472361809,0.0303846001826721,"2.5th percentile"
41.2600894472362,6.36764472361809,0.0251059252745062,"2.5th percentile"
41.344688442211,6.36764472361809,0.0186585326944577,"2.5th percentile"
41.4292874371859,6.36764472361809,0.0145318930599625,"2.5th percentile"
41.5138864321608,6.36764472361809,0.0111912372061042,"2.5th percentile"
41.5984854271357,6.36764472361809,0.00854442955454413,"2.5th percentile"
41.6830844221106,6.36764472361809,0.00658725891151052,"2.5th percentile"
41.7676834170854,6.36764472361809,0.00651290353404638,"2.5th percentile"
41.8522824120603,6.36764472361809,0.00466704455319158,"2.5th percentile"
41.9368814070352,6.36764472361809,0.00387590606242042,"2.5th percentile"
42.02148040201,6.36764472361809,0.00293255438412311,"2.5th percentile"
42.1060793969849,6.36764472361809,0.00198104891598352,"2.5th percentile"
42.1906783919598,6.36764472361809,0.00165820835808699,"2.5th percentile"
42.2752773869347,6.36764472361809,0.00118616995243762,"2.5th percentile"
42.3598763819095,6.36764472361809,0.000920617298333401,"2.5th percentile"
42.4444753768844,6.36764472361809,0.000698581201487621,"2.5th percentile"
42.5290743718593,6.36764472361809,0.000481287866431455,"2.5th percentile"
42.6136733668342,6.36764472361809,0.000339746599889296,"2.5th percentile"
42.698272361809,6.36764472361809,0.000261974349006614,"2.5th percentile"
42.7828713567839,6.36764472361809,0.000168244285546908,"2.5th percentile"
42.8674703517588,6.36764472361809,0.000138125139716143,"2.5th percentile"
42.9520693467337,6.36764472361809,9.710767908243e-05,"2.5th percentile"
43.0366683417085,6.36764472361809,8.97422436021362e-05,"2.5th percentile"
43.1212673366834,6.36764472361809,6.83302159404967e-05,"2.5th percentile"
43.2058663316583,6.36764472361809,4.99073693776377e-05,"2.5th percentile"
43.2904653266332,6.36764472361809,3.80871604417096e-05,"2.5th percentile"
43.375064321608,6.36764472361809,2.63691984314116e-05,"2.5th percentile"
43.4596633165829,6.36764472361809,2.07614734224612e-05,"2.5th percentile"
43.5442623115578,6.36764472361809,1.5534306648101e-05,"2.5th percentile"
43.6288613065327,6.36764472361809,1.14652082689122e-05,"2.5th percentile"
43.7134603015075,6.36764472361809,7.01051032692436e-06,"2.5th percentile"
43.7980592964824,6.36764472361809,4.96303522826417e-06,"2.5th percentile"
43.8826582914573,6.36764472361809,4.06777818143124e-06,"2.5th percentile"
43.9672572864322,6.36764472361809,2.9344288329537e-06,"2.5th percentile"
44.051856281407,6.36764472361809,2.02973081536015e-06,"2.5th percentile"
44.1364552763819,6.36764472361809,1.51465002410029e-06,"2.5th percentile"
44.2210542713568,6.36764472361809,1.12153594124134e-06,"2.5th percentile"
44.3056532663317,6.36764472361809,8.27019316236929e-07,"2.5th percentile"
44.3902522613065,6.36764472361809,8.35926479805009e-07,"2.5th percentile"
44.4748512562814,6.36764472361809,4.60707780759587e-07,"2.5th percentile"
44.5594502512563,6.36764472361809,3.49816876546669e-07,"2.5th percentile"
44.6440492462312,6.36764472361809,2.55002536319659e-07,"2.5th percentile"
44.728648241206,6.36764472361809,1.89603609014302e-07,"2.5th percentile"
44.8132472361809,6.36764472361809,2.0318285501481e-07,"2.5th percentile"
44.8978462311558,6.36764472361809,2.0368609856331e-07,"2.5th percentile"
44.9824452261307,6.36764472361809,2.07389607308672e-07,"2.5th percentile"
45.0670442211055,6.36764472361809,2.09093405569913e-07,"2.5th percentile"
45.1516432160804,6.36764472361809,2.08658813831846e-07,"2.5th percentile"
45.2362422110553,6.36764472361809,2.04198526535463e-07,"2.5th percentile"
45.3208412060302,6.36764472361809,1.98798576077533e-07,"2.5th percentile"
45.405440201005,6.36764472361809,1.83115459728979e-07,"2.5th percentile"
45.4900391959799,6.36764472361809,1.75780973936979e-07,"2.5th percentile"
45.5746381909548,6.36764472361809,1.68375556930548e-07,"2.5th percentile"
45.6592371859296,6.36764472361809,1.49370929787649e-07,"2.5th percentile"
45.7438361809045,6.36764472361809,1.30216077080849e-07,"2.5th percentile"
45.8284351758794,6.36764472361809,1.159384379455e-07,"2.5th percentile"
45.9130341708543,6.36764472361809,9.84451957254477e-08,"2.5th percentile"
45.9976331658291,6.36764472361809,8.49303698303842e-08,"2.5th percentile"
46.082232160804,6.36764472361809,7.53066932301945e-08,"2.5th percentile"
46.1668311557789,6.36764472361809,7.83995291022032e-08,"2.5th percentile"
34.8305658291457,6.43567135678392,0.831439404325498,"2.5th percentile"
34.9151648241206,6.43567135678392,0.807403755357369,"2.5th percentile"
34.9997638190955,6.43567135678392,0.752772729284953,"2.5th percentile"
35.0843628140704,6.43567135678392,0.698910618375105,"2.5th percentile"
35.1689618090452,6.43567135678392,0.6336721375172,"2.5th percentile"
35.2535608040201,6.43567135678392,0.554319168451104,"2.5th percentile"
35.338159798995,6.43567135678392,0.480475188500289,"2.5th percentile"
35.4227587939698,6.43567135678392,0.406443250615044,"2.5th percentile"
35.5073577889447,6.43567135678392,0.341218977289859,"2.5th percentile"
35.5919567839196,6.43567135678392,0.27819314628924,"2.5th percentile"
35.6765557788945,6.43567135678392,0.306340631722177,"2.5th percentile"
35.7611547738694,6.43567135678392,0.284490322316768,"2.5th percentile"
35.8457537688442,6.43567135678392,0.300860172921816,"2.5th percentile"
35.9303527638191,6.43567135678392,0.31344373556266,"2.5th percentile"
36.014951758794,6.43567135678392,0.319141240358328,"2.5th percentile"
36.0995507537688,6.43567135678392,0.374376401184568,"2.5th percentile"
36.1841497487437,6.43567135678392,0.33957848684386,"2.5th percentile"
36.2687487437186,6.43567135678392,0.330659017253516,"2.5th percentile"
36.3533477386935,6.43567135678392,0.345565373311651,"2.5th percentile"
36.4379467336683,6.43567135678392,0.35796113369634,"2.5th percentile"
36.5225457286432,6.43567135678392,0.319745137909109,"2.5th percentile"
36.6071447236181,6.43567135678392,0.322516424205091,"2.5th percentile"
36.691743718593,6.43567135678392,0.322918570676755,"2.5th percentile"
36.7763427135678,6.43567135678392,0.340466533630512,"2.5th percentile"
36.8609417085427,6.43567135678392,0.331147679395757,"2.5th percentile"
36.9455407035176,6.43567135678392,0.310647315278814,"2.5th percentile"
37.0301396984925,6.43567135678392,0.293394156689829,"2.5th percentile"
37.1147386934673,6.43567135678392,0.330151616618191,"2.5th percentile"
37.1993376884422,6.43567135678392,0.353460554607278,"2.5th percentile"
37.2839366834171,6.43567135678392,0.325447978245316,"2.5th percentile"
37.368535678392,6.43567135678392,0.286009962175604,"2.5th percentile"
37.4531346733668,6.43567135678392,0.281956906630325,"2.5th percentile"
37.5377336683417,6.43567135678392,0.298488611511097,"2.5th percentile"
37.6223326633166,6.43567135678392,0.281406505333915,"2.5th percentile"
37.7069316582915,6.43567135678392,0.281782650532494,"2.5th percentile"
37.7915306532663,6.43567135678392,0.422003731403828,"2.5th percentile"
37.8761296482412,6.43567135678392,0.416352782352832,"2.5th percentile"
37.9607286432161,6.43567135678392,0.410707178581362,"2.5th percentile"
38.045327638191,6.43567135678392,0.291404903156488,"2.5th percentile"
38.1299266331658,6.43567135678392,0.316273429411459,"2.5th percentile"
38.2145256281407,6.43567135678392,0.300254741355551,"2.5th percentile"
38.2991246231156,6.43567135678392,0.21395369161575,"2.5th percentile"
38.3837236180904,6.43567135678392,0.203657431216002,"2.5th percentile"
38.4683226130653,6.43567135678392,0.194868457891832,"2.5th percentile"
38.5529216080402,6.43567135678392,0.153195884763228,"2.5th percentile"
38.6375206030151,6.43567135678392,0.159608039184609,"2.5th percentile"
38.72211959799,6.43567135678392,0.159781078167257,"2.5th percentile"
38.8067185929648,6.43567135678392,0.165550116844291,"2.5th percentile"
38.8913175879397,6.43567135678392,0.181291706509608,"2.5th percentile"
38.9759165829146,6.43567135678392,0.172753556139978,"2.5th percentile"
39.0605155778894,6.43567135678392,0.189210048058179,"2.5th percentile"
39.1451145728643,6.43567135678392,0.191342661872115,"2.5th percentile"
39.2297135678392,6.43567135678392,0.207793879300668,"2.5th percentile"
39.3143125628141,6.43567135678392,0.227087089922636,"2.5th percentile"
39.3989115577889,6.43567135678392,0.224430265140284,"2.5th percentile"
39.4835105527638,6.43567135678392,0.217690282053058,"2.5th percentile"
39.5681095477387,6.43567135678392,0.214552956177564,"2.5th percentile"
39.6527085427136,6.43567135678392,0.204920231252341,"2.5th percentile"
39.7373075376884,6.43567135678392,0.200560294140896,"2.5th percentile"
39.8219065326633,6.43567135678392,0.185397458691414,"2.5th percentile"
39.9065055276382,6.43567135678392,0.171009020356952,"2.5th percentile"
39.9911045226131,6.43567135678392,0.180260039261136,"2.5th percentile"
40.0757035175879,6.43567135678392,0.188817317076282,"2.5th percentile"
40.1603025125628,6.43567135678392,0.199378522587072,"2.5th percentile"
40.2449015075377,6.43567135678392,0.215054468175956,"2.5th percentile"
40.3295005025126,6.43567135678392,0.245125051276323,"2.5th percentile"
40.4140994974874,6.43567135678392,0.246113574413883,"2.5th percentile"
40.4986984924623,6.43567135678392,0.262926428508287,"2.5th percentile"
40.5832974874372,6.43567135678392,0.278803867127475,"2.5th percentile"
40.6678964824121,6.43567135678392,0.226273997147675,"2.5th percentile"
40.7524954773869,6.43567135678392,0.168847421064733,"2.5th percentile"
40.8370944723618,6.43567135678392,0.121294517795148,"2.5th percentile"
40.9216934673367,6.43567135678392,0.0848009454059577,"2.5th percentile"
41.0062924623116,6.43567135678392,0.0576891165159073,"2.5th percentile"
41.0908914572864,6.43567135678392,0.0428095819289235,"2.5th percentile"
41.1754904522613,6.43567135678392,0.0333540031347548,"2.5th percentile"
41.2600894472362,6.43567135678392,0.0265713413508402,"2.5th percentile"
41.344688442211,6.43567135678392,0.0199791654900214,"2.5th percentile"
41.4292874371859,6.43567135678392,0.0154480517084943,"2.5th percentile"
41.5138864321608,6.43567135678392,0.0116495747563072,"2.5th percentile"
41.5984854271357,6.43567135678392,0.00900944254075354,"2.5th percentile"
41.6830844221106,6.43567135678392,0.00681089702907054,"2.5th percentile"
41.7676834170854,6.43567135678392,0.00660203703535182,"2.5th percentile"
41.8522824120603,6.43567135678392,0.005260938434175,"2.5th percentile"
41.9368814070352,6.43567135678392,0.00397098422150206,"2.5th percentile"
42.02148040201,6.43567135678392,0.00294029509951606,"2.5th percentile"
42.1060793969849,6.43567135678392,0.00218385918190266,"2.5th percentile"
42.1906783919598,6.43567135678392,0.00143710233203325,"2.5th percentile"
42.2752773869347,6.43567135678392,0.00125150020100571,"2.5th percentile"
42.3598763819095,6.43567135678392,0.000936607716340001,"2.5th percentile"
42.4444753768844,6.43567135678392,0.000720405889840139,"2.5th percentile"
42.5290743718593,6.43567135678392,0.000506683896133493,"2.5th percentile"
42.6136733668342,6.43567135678392,0.000295631991972236,"2.5th percentile"
42.698272361809,6.43567135678392,0.000246504490246787,"2.5th percentile"
42.7828713567839,6.43567135678392,0.000189359837744135,"2.5th percentile"
42.8674703517588,6.43567135678392,0.000131499630031397,"2.5th percentile"
42.9520693467337,6.43567135678392,0.000102461630441897,"2.5th percentile"
43.0366683417085,6.43567135678392,7.26419427157334e-05,"2.5th percentile"
43.1212673366834,6.43567135678392,6.19764005235432e-05,"2.5th percentile"
43.2058663316583,6.43567135678392,4.80885755522549e-05,"2.5th percentile"
43.2904653266332,6.43567135678392,3.15185757107416e-05,"2.5th percentile"
43.375064321608,6.43567135678392,2.55003261510825e-05,"2.5th percentile"
43.4596633165829,6.43567135678392,2.14476285671261e-05,"2.5th percentile"
43.5442623115578,6.43567135678392,1.35208863479137e-05,"2.5th percentile"
43.6288613065327,6.43567135678392,1.06302695833533e-05,"2.5th percentile"
43.7134603015075,6.43567135678392,7.49605938131887e-06,"2.5th percentile"
43.7980592964824,6.43567135678392,5.03078124993144e-06,"2.5th percentile"
43.8826582914573,6.43567135678392,3.77927333972742e-06,"2.5th percentile"
43.9672572864322,6.43567135678392,3.32977688246516e-06,"2.5th percentile"
44.051856281407,6.43567135678392,2.00081747836704e-06,"2.5th percentile"
44.1364552763819,6.43567135678392,1.44600515136461e-06,"2.5th percentile"
44.2210542713568,6.43567135678392,1.07843200557644e-06,"2.5th percentile"
44.3056532663317,6.43567135678392,8.04812765756489e-07,"2.5th percentile"
44.3902522613065,6.43567135678392,6.19025615769785e-07,"2.5th percentile"
44.4748512562814,6.43567135678392,4.52755583002992e-07,"2.5th percentile"
44.5594502512563,6.43567135678392,3.73844059727946e-07,"2.5th percentile"
44.6440492462312,6.43567135678392,2.49166222297025e-07,"2.5th percentile"
44.728648241206,6.43567135678392,1.91847752051463e-07,"2.5th percentile"
44.8132472361809,6.43567135678392,2.07311412116943e-07,"2.5th percentile"
44.8978462311558,6.43567135678392,2.08728102924709e-07,"2.5th percentile"
44.9824452261307,6.43567135678392,2.11751768491286e-07,"2.5th percentile"
45.0670442211055,6.43567135678392,2.11903465213774e-07,"2.5th percentile"
45.1516432160804,6.43567135678392,2.33728941830503e-07,"2.5th percentile"
45.2362422110553,6.43567135678392,2.1159230733407e-07,"2.5th percentile"
45.3208412060302,6.43567135678392,1.96144953194319e-07,"2.5th percentile"
45.405440201005,6.43567135678392,1.85455774840488e-07,"2.5th percentile"
45.4900391959799,6.43567135678392,1.74662472963634e-07,"2.5th percentile"
45.5746381909548,6.43567135678392,1.5908643052625e-07,"2.5th percentile"
45.6592371859296,6.43567135678392,1.43868857070344e-07,"2.5th percentile"
45.7438361809045,6.43567135678392,1.28607872657455e-07,"2.5th percentile"
45.8284351758794,6.43567135678392,1.25423221165534e-07,"2.5th percentile"
45.9130341708543,6.43567135678392,9.87938661991583e-08,"2.5th percentile"
45.9976331658291,6.43567135678392,9.09282291915122e-08,"2.5th percentile"
46.082232160804,6.43567135678392,7.27590147666322e-08,"2.5th percentile"
46.1668311557789,6.43567135678392,6.37377586983599e-08,"2.5th percentile"
46.2514301507538,6.43567135678392,7.11189407923997e-08,"2.5th percentile"
34.8305658291457,6.50369798994975,0.823194145168867,"2.5th percentile"
34.9151648241206,6.50369798994975,0.777126849700823,"2.5th percentile"
34.9997638190955,6.50369798994975,0.711750244539948,"2.5th percentile"
35.0843628140704,6.50369798994975,0.644033119598126,"2.5th percentile"
35.1689618090452,6.50369798994975,0.596223175124587,"2.5th percentile"
35.2535608040201,6.50369798994975,0.493726099929644,"2.5th percentile"
35.338159798995,6.50369798994975,0.443568431803625,"2.5th percentile"
35.4227587939698,6.50369798994975,0.317406167950226,"2.5th percentile"
35.5073577889447,6.50369798994975,0.289471944163076,"2.5th percentile"
35.5919567839196,6.50369798994975,0.27843728274322,"2.5th percentile"
35.6765557788945,6.50369798994975,0.326061500286353,"2.5th percentile"
35.7611547738694,6.50369798994975,0.28219895751212,"2.5th percentile"
35.8457537688442,6.50369798994975,0.297691092986969,"2.5th percentile"
35.9303527638191,6.50369798994975,0.309928067919879,"2.5th percentile"
36.014951758794,6.50369798994975,0.345202305216106,"2.5th percentile"
36.0995507537688,6.50369798994975,0.359725701335378,"2.5th percentile"
36.1841497487437,6.50369798994975,0.319615259846435,"2.5th percentile"
36.2687487437186,6.50369798994975,0.321968310126037,"2.5th percentile"
36.3533477386935,6.50369798994975,0.322148475831195,"2.5th percentile"
36.4379467336683,6.50369798994975,0.337398450618854,"2.5th percentile"
36.5225457286432,6.50369798994975,0.352456303788284,"2.5th percentile"
36.6071447236181,6.50369798994975,0.321321501367769,"2.5th percentile"
36.691743718593,6.50369798994975,0.329775860982668,"2.5th percentile"
36.7763427135678,6.50369798994975,0.319765853394506,"2.5th percentile"
36.8609417085427,6.50369798994975,0.368580292441477,"2.5th percentile"
36.9455407035176,6.50369798994975,0.350385359456303,"2.5th percentile"
37.0301396984925,6.50369798994975,0.323205190610551,"2.5th percentile"
37.1147386934673,6.50369798994975,0.332761104929987,"2.5th percentile"
37.1993376884422,6.50369798994975,0.327328865417609,"2.5th percentile"
37.2839366834171,6.50369798994975,0.357791272448111,"2.5th percentile"
37.368535678392,6.50369798994975,0.298412033880202,"2.5th percentile"
37.4531346733668,6.50369798994975,0.290887918394442,"2.5th percentile"
37.5377336683417,6.50369798994975,0.304171711553665,"2.5th percentile"
37.6223326633166,6.50369798994975,0.297076998056427,"2.5th percentile"
37.7069316582915,6.50369798994975,0.288184170641308,"2.5th percentile"
37.7915306532663,6.50369798994975,0.390762870685203,"2.5th percentile"
37.8761296482412,6.50369798994975,0.419489813859791,"2.5th percentile"
37.9607286432161,6.50369798994975,0.413833423636847,"2.5th percentile"
38.045327638191,6.50369798994975,0.40818318079531,"2.5th percentile"
38.1299266331658,6.50369798994975,0.310367075013849,"2.5th percentile"
38.2145256281407,6.50369798994975,0.302168876691318,"2.5th percentile"
38.2991246231156,6.50369798994975,0.177146572507196,"2.5th percentile"
38.3837236180904,6.50369798994975,0.168257694453868,"2.5th percentile"
38.4683226130653,6.50369798994975,0.150466797049438,"2.5th percentile"
38.5529216080402,6.50369798994975,0.12001610802789,"2.5th percentile"
38.6375206030151,6.50369798994975,0.134265074703069,"2.5th percentile"
38.72211959799,6.50369798994975,0.104372778357067,"2.5th percentile"
38.8067185929648,6.50369798994975,0.148014847534597,"2.5th percentile"
38.8913175879397,6.50369798994975,0.170039275457985,"2.5th percentile"
38.9759165829146,6.50369798994975,0.185335334819417,"2.5th percentile"
39.0605155778894,6.50369798994975,0.173234903340686,"2.5th percentile"
39.1451145728643,6.50369798994975,0.204034775382769,"2.5th percentile"
39.2297135678392,6.50369798994975,0.238481574891668,"2.5th percentile"
39.3143125628141,6.50369798994975,0.222298589775391,"2.5th percentile"
39.3989115577889,6.50369798994975,0.239760614182755,"2.5th percentile"
39.4835105527638,6.50369798994975,0.221508034151045,"2.5th percentile"
39.5681095477387,6.50369798994975,0.216666839515838,"2.5th percentile"
39.6527085427136,6.50369798994975,0.212071645845893,"2.5th percentile"
39.7373075376884,6.50369798994975,0.206651623107599,"2.5th percentile"
39.8219065326633,6.50369798994975,0.203185248834344,"2.5th percentile"
39.9065055276382,6.50369798994975,0.197704214526724,"2.5th percentile"
39.9911045226131,6.50369798994975,0.17000890791141,"2.5th percentile"
40.0757035175879,6.50369798994975,0.186695836724167,"2.5th percentile"
40.1603025125628,6.50369798994975,0.173162963178957,"2.5th percentile"
40.2449015075377,6.50369798994975,0.183866221684352,"2.5th percentile"
40.3295005025126,6.50369798994975,0.194245459400693,"2.5th percentile"
40.4140994974874,6.50369798994975,0.210855690046436,"2.5th percentile"
40.4986984924623,6.50369798994975,0.229978663711953,"2.5th percentile"
40.5832974874372,6.50369798994975,0.239280671262991,"2.5th percentile"
40.6678964824121,6.50369798994975,0.214627167721218,"2.5th percentile"
40.7524954773869,6.50369798994975,0.15516344567448,"2.5th percentile"
40.8370944723618,6.50369798994975,0.110396866093992,"2.5th percentile"
40.9216934673367,6.50369798994975,0.0767546972939103,"2.5th percentile"
41.0062924623116,6.50369798994975,0.0572465344046138,"2.5th percentile"
41.0908914572864,6.50369798994975,0.0459979570660612,"2.5th percentile"
41.1754904522613,6.50369798994975,0.038567658201808,"2.5th percentile"
41.2600894472362,6.50369798994975,0.0292689921621762,"2.5th percentile"
41.344688442211,6.50369798994975,0.0226202548068961,"2.5th percentile"
41.4292874371859,6.50369798994975,0.0161831667467094,"2.5th percentile"
41.5138864321608,6.50369798994975,0.012215913174793,"2.5th percentile"
41.5984854271357,6.50369798994975,0.00993062560240797,"2.5th percentile"
41.6830844221106,6.50369798994975,0.00936860256301685,"2.5th percentile"
41.7676834170854,6.50369798994975,0.00629435521530316,"2.5th percentile"
41.8522824120603,6.50369798994975,0.0051563930871617,"2.5th percentile"
41.9368814070352,6.50369798994975,0.00393260045357125,"2.5th percentile"
42.02148040201,6.50369798994975,0.00293950270583305,"2.5th percentile"
42.1060793969849,6.50369798994975,0.00214829019825104,"2.5th percentile"
42.1906783919598,6.50369798994975,0.00164363867493374,"2.5th percentile"
42.2752773869347,6.50369798994975,0.0012021101035238,"2.5th percentile"
42.3598763819095,6.50369798994975,0.00094911202098324,"2.5th percentile"
42.4444753768844,6.50369798994975,0.000699972435110071,"2.5th percentile"
42.5290743718593,6.50369798994975,0.000478035205908108,"2.5th percentile"
42.6136733668342,6.50369798994975,0.00035055200007034,"2.5th percentile"
42.698272361809,6.50369798994975,0.000261478528717118,"2.5th percentile"
42.7828713567839,6.50369798994975,0.000160987528790095,"2.5th percentile"
42.8674703517588,6.50369798994975,0.000141388329548677,"2.5th percentile"
42.9520693467337,6.50369798994975,8.57213045566302e-05,"2.5th percentile"
43.0366683417085,6.50369798994975,7.5266137986375e-05,"2.5th percentile"
43.1212673366834,6.50369798994975,5.91720754330606e-05,"2.5th percentile"
43.2058663316583,6.50369798994975,4.50937490882017e-05,"2.5th percentile"
43.2904653266332,6.50369798994975,3.34491509188587e-05,"2.5th percentile"
43.375064321608,6.50369798994975,2.65004870831738e-05,"2.5th percentile"
43.4596633165829,6.50369798994975,2.02844132447747e-05,"2.5th percentile"
43.5442623115578,6.50369798994975,1.53051817178704e-05,"2.5th percentile"
43.6288613065327,6.50369798994975,1.06264709857199e-05,"2.5th percentile"
43.7134603015075,6.50369798994975,7.83603190915687e-06,"2.5th percentile"
43.7980592964824,6.50369798994975,5.51100347697754e-06,"2.5th percentile"
43.8826582914573,6.50369798994975,4.04707072702203e-06,"2.5th percentile"
43.9672572864322,6.50369798994975,2.81485843221813e-06,"2.5th percentile"
44.051856281407,6.50369798994975,2.19335653320488e-06,"2.5th percentile"
44.1364552763819,6.50369798994975,1.45430851378405e-06,"2.5th percentile"
44.2210542713568,6.50369798994975,1.17116954673553e-06,"2.5th percentile"
44.3056532663317,6.50369798994975,8.12361506518329e-07,"2.5th percentile"
44.3902522613065,6.50369798994975,6.99652449353721e-07,"2.5th percentile"
44.4748512562814,6.50369798994975,4.92375794656267e-07,"2.5th percentile"
44.5594502512563,6.50369798994975,3.19978165835627e-07,"2.5th percentile"
44.6440492462312,6.50369798994975,2.56073582282964e-07,"2.5th percentile"
44.728648241206,6.50369798994975,1.95499216377029e-07,"2.5th percentile"
44.8132472361809,6.50369798994975,2.04540177061204e-07,"2.5th percentile"
44.8978462311558,6.50369798994975,2.10954031020392e-07,"2.5th percentile"
44.9824452261307,6.50369798994975,2.14305429394577e-07,"2.5th percentile"
45.0670442211055,6.50369798994975,2.14592963218905e-07,"2.5th percentile"
45.1516432160804,6.50369798994975,2.11745008898712e-07,"2.5th percentile"
45.2362422110553,6.50369798994975,2.06184179968239e-07,"2.5th percentile"
45.3208412060302,6.50369798994975,1.97551012473537e-07,"2.5th percentile"
45.405440201005,6.50369798994975,1.86672456457675e-07,"2.5th percentile"
45.4900391959799,6.50369798994975,1.78067303243824e-07,"2.5th percentile"
45.5746381909548,6.50369798994975,1.59375592943809e-07,"2.5th percentile"
45.6592371859296,6.50369798994975,1.44217409953272e-07,"2.5th percentile"
45.7438361809045,6.50369798994975,1.31638976533617e-07,"2.5th percentile"
45.8284351758794,6.50369798994975,1.27585928051527e-07,"2.5th percentile"
45.9130341708543,6.50369798994975,9.92232406081239e-08,"2.5th percentile"
45.9976331658291,6.50369798994975,9.33609093666951e-08,"2.5th percentile"
46.082232160804,6.50369798994975,7.28109014141701e-08,"2.5th percentile"
46.1668311557789,6.50369798994975,8.09571541255869e-08,"2.5th percentile"
46.2514301507538,6.50369798994975,4.97331041238421e-08,"2.5th percentile"
46.3360291457286,6.50369798994975,4.06861351131278e-08,"2.5th percentile"
34.7459668341709,6.57172462311558,0.842767789201656,"2.5th percentile"
34.8305658291457,6.57172462311558,0.800306316660672,"2.5th percentile"
34.9151648241206,6.57172462311558,0.740986691455794,"2.5th percentile"
34.9997638190955,6.57172462311558,0.685997332973383,"2.5th percentile"
35.0843628140704,6.57172462311558,0.627871404710429,"2.5th percentile"
35.1689618090452,6.57172462311558,0.556955332177988,"2.5th percentile"
35.2535608040201,6.57172462311558,0.47371872495636,"2.5th percentile"
35.338159798995,6.57172462311558,0.374243648004124,"2.5th percentile"
35.4227587939698,6.57172462311558,0.291095791189229,"2.5th percentile"
35.5073577889447,6.57172462311558,0.2875751071888,"2.5th percentile"
35.5919567839196,6.57172462311558,0.271120090250028,"2.5th percentile"
35.6765557788945,6.57172462311558,0.321058779555198,"2.5th percentile"
35.7611547738694,6.57172462311558,0.289360678362491,"2.5th percentile"
35.8457537688442,6.57172462311558,0.304085414572447,"2.5th percentile"
35.9303527638191,6.57172462311558,0.334734048649162,"2.5th percentile"
36.014951758794,6.57172462311558,0.348499829463244,"2.5th percentile"
36.0995507537688,6.57172462311558,0.336633757534214,"2.5th percentile"
36.1841497487437,6.57172462311558,0.337253019755976,"2.5th percentile"
36.2687487437186,6.57172462311558,0.306526193490467,"2.5th percentile"
36.3533477386935,6.57172462311558,0.33148582610878,"2.5th percentile"
36.4379467336683,6.57172462311558,0.337544628339311,"2.5th percentile"
36.5225457286432,6.57172462311558,0.36102505361733,"2.5th percentile"
36.6071447236181,6.57172462311558,0.322143505606306,"2.5th percentile"
36.691743718593,6.57172462311558,0.336439157291013,"2.5th percentile"
36.7763427135678,6.57172462311558,0.32769304055372,"2.5th percentile"
36.8609417085427,6.57172462311558,0.340838221654836,"2.5th percentile"
36.9455407035176,6.57172462311558,0.348557215568256,"2.5th percentile"
37.0301396984925,6.57172462311558,0.328891568337905,"2.5th percentile"
37.1147386934673,6.57172462311558,0.345490081845967,"2.5th percentile"
37.1993376884422,6.57172462311558,0.329635627869134,"2.5th percentile"
37.2839366834171,6.57172462311558,0.317296609188054,"2.5th percentile"
37.368535678392,6.57172462311558,0.301582908076902,"2.5th percentile"
37.4531346733668,6.57172462311558,0.310986202754102,"2.5th percentile"
37.5377336683417,6.57172462311558,0.29348086944123,"2.5th percentile"
37.6223326633166,6.57172462311558,0.291890705275858,"2.5th percentile"
37.7069316582915,6.57172462311558,0.281099722365505,"2.5th percentile"
37.7915306532663,6.57172462311558,0.308993767051225,"2.5th percentile"
37.8761296482412,6.57172462311558,0.422629128050327,"2.5th percentile"
37.9607286432161,6.57172462311558,0.311194020163113,"2.5th percentile"
38.045327638191,6.57172462311558,0.343284654188849,"2.5th percentile"
38.1299266331658,6.57172462311558,0.327389152345915,"2.5th percentile"
38.2145256281407,6.57172462311558,0.289246168408939,"2.5th percentile"
38.2991246231156,6.57172462311558,0.179597942204184,"2.5th percentile"
38.3837236180904,6.57172462311558,0.165790185067574,"2.5th percentile"
38.4683226130653,6.57172462311558,0.148487505897052,"2.5th percentile"
38.5529216080402,6.57172462311558,0.120802988069789,"2.5th percentile"
38.6375206030151,6.57172462311558,0.136877246907019,"2.5th percentile"
38.72211959799,6.57172462311558,0.107850676214764,"2.5th percentile"
38.8067185929648,6.57172462311558,0.156870984135527,"2.5th percentile"
38.8913175879397,6.57172462311558,0.166232132677265,"2.5th percentile"
38.9759165829146,6.57172462311558,0.187867755075452,"2.5th percentile"
39.0605155778894,6.57172462311558,0.175477649078493,"2.5th percentile"
39.1451145728643,6.57172462311558,0.207196783600119,"2.5th percentile"
39.2297135678392,6.57172462311558,0.211628148953484,"2.5th percentile"
39.3143125628141,6.57172462311558,0.224005040260936,"2.5th percentile"
39.3989115577889,6.57172462311558,0.226300144865957,"2.5th percentile"
39.4835105527638,6.57172462311558,0.223568173261961,"2.5th percentile"
39.5681095477387,6.57172462311558,0.219570683096661,"2.5th percentile"
39.6527085427136,6.57172462311558,0.213316805959589,"2.5th percentile"
39.7373075376884,6.57172462311558,0.208843999921792,"2.5th percentile"
39.8219065326633,6.57172462311558,0.205349778082004,"2.5th percentile"
39.9065055276382,6.57172462311558,0.199814324317144,"2.5th percentile"
39.9911045226131,6.57172462311558,0.178064688571259,"2.5th percentile"
40.0757035175879,6.57172462311558,0.17985333581312,"2.5th percentile"
40.1603025125628,6.57172462311558,0.17960969485901,"2.5th percentile"
40.2449015075377,6.57172462311558,0.173664246988043,"2.5th percentile"
40.3295005025126,6.57172462311558,0.177119533364548,"2.5th percentile"
40.4140994974874,6.57172462311558,0.180428237954606,"2.5th percentile"
40.4986984924623,6.57172462311558,0.196019077108306,"2.5th percentile"
40.5832974874372,6.57172462311558,0.204165238041015,"2.5th percentile"
40.6678964824121,6.57172462311558,0.194740176576923,"2.5th percentile"
40.7524954773869,6.57172462311558,0.144805603709536,"2.5th percentile"
40.8370944723618,6.57172462311558,0.102116679593111,"2.5th percentile"
40.9216934673367,6.57172462311558,0.0841378421626965,"2.5th percentile"
41.0062924623116,6.57172462311558,0.0666352251266144,"2.5th percentile"
41.0908914572864,6.57172462311558,0.0522411294823057,"2.5th percentile"
41.1754904522613,6.57172462311558,0.0397146220054941,"2.5th percentile"
41.2600894472362,6.57172462311558,0.0290728928269217,"2.5th percentile"
41.344688442211,6.57172462311558,0.0221697479928677,"2.5th percentile"
41.4292874371859,6.57172462311558,0.0173941601017678,"2.5th percentile"
41.5138864321608,6.57172462311558,0.0122129582616786,"2.5th percentile"
41.5984854271357,6.57172462311558,0.0107928705790959,"2.5th percentile"
41.6830844221106,6.57172462311558,0.00939300209004412,"2.5th percentile"
41.7676834170854,6.57172462311558,0.00610967105455217,"2.5th percentile"
41.8522824120603,6.57172462311558,0.00493304637171676,"2.5th percentile"
41.9368814070352,6.57172462311558,0.0031904583127827,"2.5th percentile"
42.02148040201,6.57172462311558,0.00259937325113947,"2.5th percentile"
42.1060793969849,6.57172462311558,0.00218944239943786,"2.5th percentile"
42.1906783919598,6.57172462311558,0.00158058074860195,"2.5th percentile"
42.2752773869347,6.57172462311558,0.00122312186549611,"2.5th percentile"
42.3598763819095,6.57172462311558,0.000897657390454769,"2.5th percentile"
42.4444753768844,6.57172462311558,0.000669511117820252,"2.5th percentile"
42.5290743718593,6.57172462311558,0.000504209360305236,"2.5th percentile"
42.6136733668342,6.57172462311558,0.000295202489823038,"2.5th percentile"
42.698272361809,6.57172462311558,0.00022672609624028,"2.5th percentile"
42.7828713567839,6.57172462311558,0.000167833745763463,"2.5th percentile"
42.8674703517588,6.57172462311558,0.000111610571012242,"2.5th percentile"
42.9520693467337,6.57172462311558,8.29450324046466e-05,"2.5th percentile"
43.0366683417085,6.57172462311558,8.53418759695134e-05,"2.5th percentile"
43.1212673366834,6.57172462311558,5.87437181545225e-05,"2.5th percentile"
43.2058663316583,6.57172462311558,4.04775062578564e-05,"2.5th percentile"
43.2904653266332,6.57172462311558,2.8660664196446e-05,"2.5th percentile"
43.375064321608,6.57172462311558,2.40977013002783e-05,"2.5th percentile"
43.4596633165829,6.57172462311558,1.9415106908342e-05,"2.5th percentile"
43.5442623115578,6.57172462311558,1.10587099534311e-05,"2.5th percentile"
43.6288613065327,6.57172462311558,9.52768325207093e-06,"2.5th percentile"
43.7134603015075,6.57172462311558,6.11382525669699e-06,"2.5th percentile"
43.7980592964824,6.57172462311558,4.5430931976724e-06,"2.5th percentile"
43.8826582914573,6.57172462311558,4.11339577732843e-06,"2.5th percentile"
43.9672572864322,6.57172462311558,2.96426979078773e-06,"2.5th percentile"
44.051856281407,6.57172462311558,2.14884295341733e-06,"2.5th percentile"
44.1364552763819,6.57172462311558,1.71270640700919e-06,"2.5th percentile"
44.2210542713568,6.57172462311558,1.12664454326454e-06,"2.5th percentile"
44.3056532663317,6.57172462311558,1.01473568513709e-06,"2.5th percentile"
44.3902522613065,6.57172462311558,5.76730044900684e-07,"2.5th percentile"
44.4748512562814,6.57172462311558,4.90488901099832e-07,"2.5th percentile"
44.5594502512563,6.57172462311558,3.18617667927413e-07,"2.5th percentile"
44.6440492462312,6.57172462311558,2.29624100118026e-07,"2.5th percentile"
44.728648241206,6.57172462311558,1.97606311354189e-07,"2.5th percentile"
44.8132472361809,6.57172462311558,2.06861546103556e-07,"2.5th percentile"
44.8978462311558,6.57172462311558,2.12906802422894e-07,"2.5th percentile"
44.9824452261307,6.57172462311558,2.16009299584562e-07,"2.5th percentile"
45.0670442211055,6.57172462311558,2.16053303505785e-07,"2.5th percentile"
45.1516432160804,6.57172462311558,2.12906750570769e-07,"2.5th percentile"
45.2362422110553,6.57172462311558,2.14545797919318e-07,"2.5th percentile"
45.3208412060302,6.57172462311558,1.98046062293761e-07,"2.5th percentile"
45.405440201005,6.57172462311558,1.86820823958736e-07,"2.5th percentile"
45.4900391959799,6.57172462311558,1.77072125851877e-07,"2.5th percentile"
45.5746381909548,6.57172462311558,1.61961798812137e-07,"2.5th percentile"
45.6592371859296,6.57172462311558,1.43795345945407e-07,"2.5th percentile"
45.7438361809045,6.57172462311558,1.29893773400958e-07,"2.5th percentile"
45.8284351758794,6.57172462311558,1.12674794518104e-07,"2.5th percentile"
45.9130341708543,6.57172462311558,9.7949787168167e-08,"2.5th percentile"
45.9976331658291,6.57172462311558,8.4850881702459e-08,"2.5th percentile"
46.082232160804,6.57172462311558,7.14780022221241e-08,"2.5th percentile"
46.1668311557789,6.57172462311558,7.95597804977529e-08,"2.5th percentile"
46.2514301507538,6.57172462311558,4.90766553368211e-08,"2.5th percentile"
46.3360291457286,6.57172462311558,4.02532668371849e-08,"2.5th percentile"
46.4206281407035,6.57172462311558,3.23525722165309e-08,"2.5th percentile"
34.661367839196,6.63975125628141,0.850061122558612,"2.5th percentile"
34.7459668341709,6.63975125628141,0.805729957722121,"2.5th percentile"
34.8305658291457,6.63975125628141,0.768585695996789,"2.5th percentile"
34.9151648241206,6.63975125628141,0.704980921682935,"2.5th percentile"
34.9997638190955,6.63975125628141,0.630743938808677,"2.5th percentile"
35.0843628140704,6.63975125628141,0.528905029313424,"2.5th percentile"
35.1689618090452,6.63975125628141,0.469429517807038,"2.5th percentile"
35.2535608040201,6.63975125628141,0.401390167717539,"2.5th percentile"
35.338159798995,6.63975125628141,0.314297911664874,"2.5th percentile"
35.4227587939698,6.63975125628141,0.291662111479063,"2.5th percentile"
35.5073577889447,6.63975125628141,0.279854607841341,"2.5th percentile"
35.5919567839196,6.63975125628141,0.299835308008434,"2.5th percentile"
35.6765557788945,6.63975125628141,0.310322760375657,"2.5th percentile"
35.7611547738694,6.63975125628141,0.286183196897434,"2.5th percentile"
35.8457537688442,6.63975125628141,0.294152276688662,"2.5th percentile"
35.9303527638191,6.63975125628141,0.308150233515981,"2.5th percentile"
36.014951758794,6.63975125628141,0.324925828179199,"2.5th percentile"
36.0995507537688,6.63975125628141,0.367379437485082,"2.5th percentile"
36.1841497487437,6.63975125628141,0.338117201669344,"2.5th percentile"
36.2687487437186,6.63975125628141,0.325627961325702,"2.5th percentile"
36.3533477386935,6.63975125628141,0.335387068096998,"2.5th percentile"
36.4379467336683,6.63975125628141,0.338227538233895,"2.5th percentile"
36.5225457286432,6.63975125628141,0.340277291977931,"2.5th percentile"
36.6071447236181,6.63975125628141,0.337150343479583,"2.5th percentile"
36.691743718593,6.63975125628141,0.334746066165282,"2.5th percentile"
36.7763427135678,6.63975125628141,0.330062282255739,"2.5th percentile"
36.8609417085427,6.63975125628141,0.32910691006733,"2.5th percentile"
36.9455407035176,6.63975125628141,0.349484129945492,"2.5th percentile"
37.0301396984925,6.63975125628141,0.350285179110144,"2.5th percentile"
37.1147386934673,6.63975125628141,0.34667663208079,"2.5th percentile"
37.1993376884422,6.63975125628141,0.345729619001355,"2.5th percentile"
37.2839366834171,6.63975125628141,0.329206394596246,"2.5th percentile"
37.368535678392,6.63975125628141,0.312683162996618,"2.5th percentile"
37.4531346733668,6.63975125628141,0.300329119323842,"2.5th percentile"
37.5377336683417,6.63975125628141,0.324859503278135,"2.5th percentile"
37.6223326633166,6.63975125628141,0.310606250585889,"2.5th percentile"
37.7069316582915,6.63975125628141,0.296731929187709,"2.5th percentile"
37.7915306532663,6.63975125628141,0.299496776778591,"2.5th percentile"
37.8761296482412,6.63975125628141,0.300211577717705,"2.5th percentile"
37.9607286432161,6.63975125628141,0.324327985611776,"2.5th percentile"
38.045327638191,6.63975125628141,0.287330317286797,"2.5th percentile"
38.1299266331658,6.63975125628141,0.306920570170036,"2.5th percentile"
38.2145256281407,6.63975125628141,0.285795120104929,"2.5th percentile"
38.2991246231156,6.63975125628141,0.182360690434987,"2.5th percentile"
38.3837236180904,6.63975125628141,0.159747042559587,"2.5th percentile"
38.4683226130653,6.63975125628141,0.179428710487558,"2.5th percentile"
38.5529216080402,6.63975125628141,0.143112870903919,"2.5th percentile"
38.6375206030151,6.63975125628141,0.117664375953049,"2.5th percentile"
38.72211959799,6.63975125628141,0.112980928313352,"2.5th percentile"
38.8067185929648,6.63975125628141,0.165102237272014,"2.5th percentile"
38.8913175879397,6.63975125628141,0.186282203697132,"2.5th percentile"
38.9759165829146,6.63975125628141,0.206431745613363,"2.5th percentile"
39.0605155778894,6.63975125628141,0.206509016829973,"2.5th percentile"
39.1451145728643,6.63975125628141,0.211589502698986,"2.5th percentile"
39.2297135678392,6.63975125628141,0.226870590881414,"2.5th percentile"
39.3143125628141,6.63975125628141,0.230790879220178,"2.5th percentile"
39.3989115577889,6.63975125628141,0.26450062053363,"2.5th percentile"
39.4835105527638,6.63975125628141,0.224035256939526,"2.5th percentile"
39.5681095477387,6.63975125628141,0.221500191132199,"2.5th percentile"
39.6527085427136,6.63975125628141,0.216762551257082,"2.5th percentile"
39.7373075376884,6.63975125628141,0.212729100693247,"2.5th percentile"
39.8219065326633,6.63975125628141,0.207689446011603,"2.5th percentile"
39.9065055276382,6.63975125628141,0.203675891239106,"2.5th percentile"
39.9911045226131,6.63975125628141,0.192019291461882,"2.5th percentile"
40.0757035175879,6.63975125628141,0.180757865766344,"2.5th percentile"
40.1603025125628,6.63975125628141,0.180765271577947,"2.5th percentile"
40.2449015075377,6.63975125628141,0.181844725157005,"2.5th percentile"
40.3295005025126,6.63975125628141,0.187330947547871,"2.5th percentile"
40.4140994974874,6.63975125628141,0.171271786803762,"2.5th percentile"
40.4986984924623,6.63975125628141,0.166513228577832,"2.5th percentile"
40.5832974874372,6.63975125628141,0.169527927787957,"2.5th percentile"
40.6678964824121,6.63975125628141,0.175382639958524,"2.5th percentile"
40.7524954773869,6.63975125628141,0.136192502835431,"2.5th percentile"
40.8370944723618,6.63975125628141,0.105640367866263,"2.5th percentile"
40.9216934673367,6.63975125628141,0.0835673260468913,"2.5th percentile"
41.0062924623116,6.63975125628141,0.0638859475502004,"2.5th percentile"
41.0908914572864,6.63975125628141,0.0505135498196336,"2.5th percentile"
41.1754904522613,6.63975125628141,0.0375981574631639,"2.5th percentile"
41.2600894472362,6.63975125628141,0.0302746351249963,"2.5th percentile"
41.344688442211,6.63975125628141,0.0220674522827833,"2.5th percentile"
41.4292874371859,6.63975125628141,0.0169917842554375,"2.5th percentile"
41.5138864321608,6.63975125628141,0.0120805184466574,"2.5th percentile"
41.5984854271357,6.63975125628141,0.00893023753269792,"2.5th percentile"
41.6830844221106,6.63975125628141,0.00724079549003921,"2.5th percentile"
41.7676834170854,6.63975125628141,0.00513239625089352,"2.5th percentile"
41.8522824120603,6.63975125628141,0.00430419542264912,"2.5th percentile"
41.9368814070352,6.63975125628141,0.00374936933174738,"2.5th percentile"
42.02148040201,6.63975125628141,0.00272648535876989,"2.5th percentile"
42.1060793969849,6.63975125628141,0.00204009493570698,"2.5th percentile"
42.1906783919598,6.63975125628141,0.00124805006185188,"2.5th percentile"
42.2752773869347,6.63975125628141,0.0010891012741898,"2.5th percentile"
42.3598763819095,6.63975125628141,0.000807868654992998,"2.5th percentile"
42.4444753768844,6.63975125628141,0.000548411634472509,"2.5th percentile"
42.5290743718593,6.63975125628141,0.000360687109129237,"2.5th percentile"
42.6136733668342,6.63975125628141,0.00025960580345459,"2.5th percentile"
42.698272361809,6.63975125628141,0.000195507348729236,"2.5th percentile"
42.7828713567839,6.63975125628141,0.000146714507813921,"2.5th percentile"
42.8674703517588,6.63975125628141,0.000119563910864485,"2.5th percentile"
42.9520693467337,6.63975125628141,7.98124353865273e-05,"2.5th percentile"
43.0366683417085,6.63975125628141,6.91228460307845e-05,"2.5th percentile"
43.1212673366834,6.63975125628141,4.95217172213839e-05,"2.5th percentile"
43.2058663316583,6.63975125628141,3.47714812521752e-05,"2.5th percentile"
43.2904653266332,6.63975125628141,2.88895820072119e-05,"2.5th percentile"
43.375064321608,6.63975125628141,2.18910830870339e-05,"2.5th percentile"
43.4596633165829,6.63975125628141,1.64465609702723e-05,"2.5th percentile"
43.5442623115578,6.63975125628141,1.43315481648883e-05,"2.5th percentile"
43.6288613065327,6.63975125628141,8.37864442435795e-06,"2.5th percentile"
43.7134603015075,6.63975125628141,5.83308713309689e-06,"2.5th percentile"
43.7980592964824,6.63975125628141,4.29372713197334e-06,"2.5th percentile"
43.8826582914573,6.63975125628141,3.3558594386262e-06,"2.5th percentile"
43.9672572864322,6.63975125628141,2.5148087797822e-06,"2.5th percentile"
44.051856281407,6.63975125628141,1.99564291402963e-06,"2.5th percentile"
44.1364552763819,6.63975125628141,1.45841016232897e-06,"2.5th percentile"
44.2210542713568,6.63975125628141,1.03562074149194e-06,"2.5th percentile"
44.3056532663317,6.63975125628141,1.01850253011625e-06,"2.5th percentile"
44.3902522613065,6.63975125628141,7.59203033209474e-07,"2.5th percentile"
44.4748512562814,6.63975125628141,3.93724802915818e-07,"2.5th percentile"
44.5594502512563,6.63975125628141,3.0068357705795e-07,"2.5th percentile"
44.6440492462312,6.63975125628141,2.27404819846845e-07,"2.5th percentile"
44.728648241206,6.63975125628141,1.99048075147036e-07,"2.5th percentile"
44.8132472361809,6.63975125628141,2.07731426129249e-07,"2.5th percentile"
44.8978462311558,6.63975125628141,2.13747306506195e-07,"2.5th percentile"
44.9824452261307,6.63975125628141,2.16666604297318e-07,"2.5th percentile"
45.0670442211055,6.63975125628141,2.16318208099153e-07,"2.5th percentile"
45.1516432160804,6.63975125628141,2.128692517127e-07,"2.5th percentile"
45.2362422110553,6.63975125628141,2.06563641029629e-07,"2.5th percentile"
45.3208412060302,6.63975125628141,1.97447534701175e-07,"2.5th percentile"
45.405440201005,6.63975125628141,1.85996253686883e-07,"2.5th percentile"
45.4900391959799,6.63975125628141,1.72688139271069e-07,"2.5th percentile"
45.5746381909548,6.63975125628141,1.58694065440563e-07,"2.5th percentile"
45.6592371859296,6.63975125628141,1.42583082869956e-07,"2.5th percentile"
45.7438361809045,6.63975125628141,1.26988113736328e-07,"2.5th percentile"
45.8284351758794,6.63975125628141,1.20431923655433e-07,"2.5th percentile"
45.9130341708543,6.63975125628141,9.66808714170773e-08,"2.5th percentile"
45.9976331658291,6.63975125628141,8.29815589728522e-08,"2.5th percentile"
46.082232160804,6.63975125628141,6.98152067261214e-08,"2.5th percentile"
46.1668311557789,6.63975125628141,6.04782740191956e-08,"2.5th percentile"
46.2514301507538,6.63975125628141,4.93072504828437e-08,"2.5th percentile"
46.3360291457286,6.63975125628141,5.31244113782627e-08,"2.5th percentile"
46.4206281407035,6.63975125628141,3.21821171918797e-08,"2.5th percentile"
46.5052271356784,6.63975125628141,2.82730009093662e-08,"2.5th percentile"
34.4921698492462,6.70777788944724,0.889142326661189,"2.5th percentile"
34.5767688442211,6.70777788944724,0.864270688340997,"2.5th percentile"
34.661367839196,6.70777788944724,0.831021704984355,"2.5th percentile"
34.7459668341709,6.70777788944724,0.765102571416816,"2.5th percentile"
34.8305658291457,6.70777788944724,0.696708379124702,"2.5th percentile"
34.9151648241206,6.70777788944724,0.628191189031927,"2.5th percentile"
34.9997638190955,6.70777788944724,0.558199303180272,"2.5th percentile"
35.0843628140704,6.70777788944724,0.484667589615683,"2.5th percentile"
35.1689618090452,6.70777788944724,0.430330538165225,"2.5th percentile"
35.2535608040201,6.70777788944724,0.338160329464193,"2.5th percentile"
35.338159798995,6.70777788944724,0.299224519484628,"2.5th percentile"
35.4227587939698,6.70777788944724,0.288020738294044,"2.5th percentile"
35.5073577889447,6.70777788944724,0.281059232238354,"2.5th percentile"
35.5919567839196,6.70777788944724,0.279855140879595,"2.5th percentile"
35.6765557788945,6.70777788944724,0.296329731694431,"2.5th percentile"
35.7611547738694,6.70777788944724,0.298818976805002,"2.5th percentile"
35.8457537688442,6.70777788944724,0.297030245400636,"2.5th percentile"
35.9303527638191,6.70777788944724,0.296345595216603,"2.5th percentile"
36.014951758794,6.70777788944724,0.319605350642138,"2.5th percentile"
36.0995507537688,6.70777788944724,0.373664225651602,"2.5th percentile"
36.1841497487437,6.70777788944724,0.362948099555168,"2.5th percentile"
36.2687487437186,6.70777788944724,0.318211670315928,"2.5th percentile"
36.3533477386935,6.70777788944724,0.323471031224533,"2.5th percentile"
36.4379467336683,6.70777788944724,0.337756054493996,"2.5th percentile"
36.5225457286432,6.70777788944724,0.330443416576966,"2.5th percentile"
36.6071447236181,6.70777788944724,0.335880977524127,"2.5th percentile"
36.691743718593,6.70777788944724,0.369490597369261,"2.5th percentile"
36.7763427135678,6.70777788944724,0.364838140499492,"2.5th percentile"
36.8609417085427,6.70777788944724,0.352741000194119,"2.5th percentile"
36.9455407035176,6.70777788944724,0.362147797791149,"2.5th percentile"
37.0301396984925,6.70777788944724,0.353700770934386,"2.5th percentile"
37.1147386934673,6.70777788944724,0.351924574680666,"2.5th percentile"
37.1993376884422,6.70777788944724,0.348643616326286,"2.5th percentile"
37.2839366834171,6.70777788944724,0.330658394414347,"2.5th percentile"
37.368535678392,6.70777788944724,0.305895619778583,"2.5th percentile"
37.4531346733668,6.70777788944724,0.270563499515982,"2.5th percentile"
37.5377336683417,6.70777788944724,0.246545251302188,"2.5th percentile"
37.6223326633166,6.70777788944724,0.253797064772332,"2.5th percentile"
37.7069316582915,6.70777788944724,0.274054281028408,"2.5th percentile"
37.7915306532663,6.70777788944724,0.283471176527962,"2.5th percentile"
37.8761296482412,6.70777788944724,0.276318128102834,"2.5th percentile"
37.9607286432161,6.70777788944724,0.294239070496587,"2.5th percentile"
38.045327638191,6.70777788944724,0.289482778108735,"2.5th percentile"
38.1299266331658,6.70777788944724,0.286626130265871,"2.5th percentile"
38.2145256281407,6.70777788944724,0.241499318681986,"2.5th percentile"
38.2991246231156,6.70777788944724,0.20555803135664,"2.5th percentile"
38.3837236180904,6.70777788944724,0.196466765039877,"2.5th percentile"
38.4683226130653,6.70777788944724,0.204642569371812,"2.5th percentile"
38.5529216080402,6.70777788944724,0.18065061086531,"2.5th percentile"
38.6375206030151,6.70777788944724,0.151744922640057,"2.5th percentile"
38.72211959799,6.70777788944724,0.155130052232858,"2.5th percentile"
38.8067185929648,6.70777788944724,0.186974135375343,"2.5th percentile"
38.8913175879397,6.70777788944724,0.176664232530151,"2.5th percentile"
38.9759165829146,6.70777788944724,0.197945539386245,"2.5th percentile"
39.0605155778894,6.70777788944724,0.243422015024658,"2.5th percentile"
39.1451145728643,6.70777788944724,0.236013903326981,"2.5th percentile"
39.2297135678392,6.70777788944724,0.231551076609336,"2.5th percentile"
39.3143125628141,6.70777788944724,0.224013454074812,"2.5th percentile"
39.3989115577889,6.70777788944724,0.219449755660072,"2.5th percentile"
39.4835105527638,6.70777788944724,0.221802817478488,"2.5th percentile"
39.5681095477387,6.70777788944724,0.223395306835044,"2.5th percentile"
39.6527085427136,6.70777788944724,0.218928376820975,"2.5th percentile"
39.7373075376884,6.70777788944724,0.210800687701756,"2.5th percentile"
39.8219065326633,6.70777788944724,0.206406018191173,"2.5th percentile"
39.9065055276382,6.70777788944724,0.200864367409771,"2.5th percentile"
39.9911045226131,6.70777788944724,0.198920429384393,"2.5th percentile"
40.0757035175879,6.70777788944724,0.182967737151541,"2.5th percentile"
40.1603025125628,6.70777788944724,0.187557413823411,"2.5th percentile"
40.2449015075377,6.70777788944724,0.184134812451339,"2.5th percentile"
40.3295005025126,6.70777788944724,0.181792694603887,"2.5th percentile"
40.4140994974874,6.70777788944724,0.175482664701009,"2.5th percentile"
40.4986984924623,6.70777788944724,0.165433799575252,"2.5th percentile"
40.5832974874372,6.70777788944724,0.162256301255693,"2.5th percentile"
40.6678964824121,6.70777788944724,0.155827236159377,"2.5th percentile"
40.7524954773869,6.70777788944724,0.133201580535062,"2.5th percentile"
40.8370944723618,6.70777788944724,0.10487100395959,"2.5th percentile"
40.9216934673367,6.70777788944724,0.0854722647365635,"2.5th percentile"
41.0062924623116,6.70777788944724,0.0627524416544847,"2.5th percentile"
41.0908914572864,6.70777788944724,0.0485748315570189,"2.5th percentile"
41.1754904522613,6.70777788944724,0.0384860575431931,"2.5th percentile"
41.2600894472362,6.70777788944724,0.0289536875222922,"2.5th percentile"
41.344688442211,6.70777788944724,0.0202674007272883,"2.5th percentile"
41.4292874371859,6.70777788944724,0.0153783482846433,"2.5th percentile"
41.5138864321608,6.70777788944724,0.0115048380449962,"2.5th percentile"
41.5984854271357,6.70777788944724,0.00929594609169837,"2.5th percentile"
41.6830844221106,6.70777788944724,0.00784214441216005,"2.5th percentile"
41.7676834170854,6.70777788944724,0.00615893430791044,"2.5th percentile"
41.8522824120603,6.70777788944724,0.00397703319890673,"2.5th percentile"
41.9368814070352,6.70777788944724,0.0033285190708879,"2.5th percentile"
42.02148040201,6.70777788944724,0.00259567408009777,"2.5th percentile"
42.1060793969849,6.70777788944724,0.00180749770821561,"2.5th percentile"
42.1906783919598,6.70777788944724,0.0010779023782065,"2.5th percentile"
42.2752773869347,6.70777788944724,0.000803113199713128,"2.5th percentile"
42.3598763819095,6.70777788944724,0.000839968533431286,"2.5th percentile"
42.4444753768844,6.70777788944724,0.000511606339305338,"2.5th percentile"
42.5290743718593,6.70777788944724,0.000331892697966146,"2.5th percentile"
42.6136733668342,6.70777788944724,0.000246529946000868,"2.5th percentile"
42.698272361809,6.70777788944724,0.00020316723680316,"2.5th percentile"
42.7828713567839,6.70777788944724,0.000158238504428914,"2.5th percentile"
42.8674703517588,6.70777788944724,0.000118437258509401,"2.5th percentile"
42.9520693467337,6.70777788944724,7.60127287946854e-05,"2.5th percentile"
43.0366683417085,6.70777788944724,6.20658171379433e-05,"2.5th percentile"
43.1212673366834,6.70777788944724,4.50174291733246e-05,"2.5th percentile"
43.2058663316583,6.70777788944724,3.57750222877201e-05,"2.5th percentile"
43.2904653266332,6.70777788944724,2.86915680618257e-05,"2.5th percentile"
43.375064321608,6.70777788944724,1.83588905006225e-05,"2.5th percentile"
43.4596633165829,6.70777788944724,1.83910238636902e-05,"2.5th percentile"
43.5442623115578,6.70777788944724,1.15536888464994e-05,"2.5th percentile"
43.6288613065327,6.70777788944724,7.23141071343883e-06,"2.5th percentile"
43.7134603015075,6.70777788944724,5.47315499214657e-06,"2.5th percentile"
43.7980592964824,6.70777788944724,4.04444523988937e-06,"2.5th percentile"
43.8826582914573,6.70777788944724,2.96059544432794e-06,"2.5th percentile"
43.9672572864322,6.70777788944724,2.58385509024544e-06,"2.5th percentile"
44.051856281407,6.70777788944724,1.90370174044651e-06,"2.5th percentile"
44.1364552763819,6.70777788944724,1.23980806496517e-06,"2.5th percentile"
44.2210542713568,6.70777788944724,9.12447432410424e-07,"2.5th percentile"
44.3056532663317,6.70777788944724,9.63202887276745e-07,"2.5th percentile"
44.3902522613065,6.70777788944724,5.63499794926503e-07,"2.5th percentile"
44.4748512562814,6.70777788944724,3.74563635860579e-07,"2.5th percentile"
44.5594502512563,6.70777788944724,2.80810587870549e-07,"2.5th percentile"
44.6440492462312,6.70777788944724,2.20920168895697e-07,"2.5th percentile"
44.728648241206,6.70777788944724,2.10873086658267e-07,"2.5th percentile"
44.8132472361809,6.70777788944724,2.07676715476252e-07,"2.5th percentile"
44.8978462311558,6.70777788944724,2.13152559151741e-07,"2.5th percentile"
44.9824452261307,6.70777788944724,2.15852764454667e-07,"2.5th percentile"
45.0670442211055,6.70777788944724,2.15413962580602e-07,"2.5th percentile"
45.1516432160804,6.70777788944724,2.11749554365135e-07,"2.5th percentile"
45.2362422110553,6.70777788944724,2.07649742902656e-07,"2.5th percentile"
45.3208412060302,6.70777788944724,1.95783925177774e-07,"2.5th percentile"
45.405440201005,6.70777788944724,1.84301311133426e-07,"2.5th percentile"
45.4900391959799,6.70777788944724,1.75204034325687e-07,"2.5th percentile"
45.5746381909548,6.70777788944724,1.56191637447314e-07,"2.5th percentile"
45.6592371859296,6.70777788944724,1.42130938715892e-07,"2.5th percentile"
45.7438361809045,6.70777788944724,1.24992940634762e-07,"2.5th percentile"
45.8284351758794,6.70777788944724,1.09660696403375e-07,"2.5th percentile"
45.9130341708543,6.70777788944724,9.55481379306682e-08,"2.5th percentile"
45.9976331658291,6.70777788944724,8.10409113827767e-08,"2.5th percentile"
46.082232160804,6.70777788944724,7.01107953338601e-08,"2.5th percentile"
46.1668311557789,6.70777788944724,7.80460739450909e-08,"2.5th percentile"
46.2514301507538,6.70777788944724,6.1365692601356e-08,"2.5th percentile"
46.3360291457286,6.70777788944724,4.33645176373121e-08,"2.5th percentile"
46.4206281407035,6.70777788944724,3.12013445435515e-08,"2.5th percentile"
46.5052271356784,6.70777788944724,2.46297196075067e-08,"2.5th percentile"
34.4075708542714,6.77580452261306,0.910926959716895,"2.5th percentile"
34.4921698492462,6.77580452261306,0.874719002042069,"2.5th percentile"
34.5767688442211,6.77580452261306,0.852259168891777,"2.5th percentile"
34.661367839196,6.77580452261306,0.77201335888179,"2.5th percentile"
34.7459668341709,6.77580452261306,0.756420431769121,"2.5th percentile"
34.8305658291457,6.77580452261306,0.655995119504617,"2.5th percentile"
34.9151648241206,6.77580452261306,0.588369735714674,"2.5th percentile"
34.9997638190955,6.77580452261306,0.516409970808951,"2.5th percentile"
35.0843628140704,6.77580452261306,0.440253262024216,"2.5th percentile"
35.1689618090452,6.77580452261306,0.362500994293095,"2.5th percentile"
35.2535608040201,6.77580452261306,0.299014832058312,"2.5th percentile"
35.338159798995,6.77580452261306,0.281168510434134,"2.5th percentile"
35.4227587939698,6.77580452261306,0.257284934235659,"2.5th percentile"
35.5073577889447,6.77580452261306,0.245395969891579,"2.5th percentile"
35.5919567839196,6.77580452261306,0.264974891972237,"2.5th percentile"
35.6765557788945,6.77580452261306,0.272539244145198,"2.5th percentile"
35.7611547738694,6.77580452261306,0.272921334102921,"2.5th percentile"
35.8457537688442,6.77580452261306,0.27680029194809,"2.5th percentile"
35.9303527638191,6.77580452261306,0.302372257597362,"2.5th percentile"
36.014951758794,6.77580452261306,0.308986623646265,"2.5th percentile"
36.0995507537688,6.77580452261306,0.324073586550023,"2.5th percentile"
36.1841497487437,6.77580452261306,0.319964887190559,"2.5th percentile"
36.2687487437186,6.77580452261306,0.323137110297092,"2.5th percentile"
36.3533477386935,6.77580452261306,0.352439858365808,"2.5th percentile"
36.4379467336683,6.77580452261306,0.356321279569176,"2.5th percentile"
36.5225457286432,6.77580452261306,0.34749046501949,"2.5th percentile"
36.6071447236181,6.77580452261306,0.346145338045835,"2.5th percentile"
36.691743718593,6.77580452261306,0.362029841183829,"2.5th percentile"
36.7763427135678,6.77580452261306,0.35222272628969,"2.5th percentile"
36.8609417085427,6.77580452261306,0.353125450387288,"2.5th percentile"
36.9455407035176,6.77580452261306,0.356074330018704,"2.5th percentile"
37.0301396984925,6.77580452261306,0.346120289328827,"2.5th percentile"
37.1147386934673,6.77580452261306,0.330715421457288,"2.5th percentile"
37.1993376884422,6.77580452261306,0.342341733596938,"2.5th percentile"
37.2839366834171,6.77580452261306,0.335075330436013,"2.5th percentile"
37.368535678392,6.77580452261306,0.262440915362284,"2.5th percentile"
37.4531346733668,6.77580452261306,0.263223059005723,"2.5th percentile"
37.5377336683417,6.77580452261306,0.243754746386572,"2.5th percentile"
37.6223326633166,6.77580452261306,0.238954232163137,"2.5th percentile"
37.7069316582915,6.77580452261306,0.255298632524482,"2.5th percentile"
37.7915306532663,6.77580452261306,0.265267812276738,"2.5th percentile"
37.8761296482412,6.77580452261306,0.273693956068389,"2.5th percentile"
37.9607286432161,6.77580452261306,0.289683514594818,"2.5th percentile"
38.045327638191,6.77580452261306,0.27651006991562,"2.5th percentile"
38.1299266331658,6.77580452261306,0.283362548953144,"2.5th percentile"
38.2145256281407,6.77580452261306,0.24443531978372,"2.5th percentile"
38.2991246231156,6.77580452261306,0.187028828316039,"2.5th percentile"
38.3837236180904,6.77580452261306,0.197375588552014,"2.5th percentile"
38.4683226130653,6.77580452261306,0.198655978023653,"2.5th percentile"
38.5529216080402,6.77580452261306,0.182650168330228,"2.5th percentile"
38.6375206030151,6.77580452261306,0.189569556636826,"2.5th percentile"
38.72211959799,6.77580452261306,0.19590563917789,"2.5th percentile"
38.8067185929648,6.77580452261306,0.190171669669456,"2.5th percentile"
38.8913175879397,6.77580452261306,0.209793861293585,"2.5th percentile"
38.9759165829146,6.77580452261306,0.234447993273884,"2.5th percentile"
39.0605155778894,6.77580452261306,0.247081576627806,"2.5th percentile"
39.1451145728643,6.77580452261306,0.234188314270944,"2.5th percentile"
39.2297135678392,6.77580452261306,0.239064599585876,"2.5th percentile"
39.3143125628141,6.77580452261306,0.229903902438819,"2.5th percentile"
39.3989115577889,6.77580452261306,0.270570837211122,"2.5th percentile"
39.4835105527638,6.77580452261306,0.223915515048464,"2.5th percentile"
39.5681095477387,6.77580452261306,0.228730963322602,"2.5th percentile"
39.6527085427136,6.77580452261306,0.225218615854253,"2.5th percentile"
39.7373075376884,6.77580452261306,0.238006010649215,"2.5th percentile"
39.8219065326633,6.77580452261306,0.253806760932489,"2.5th percentile"
39.9065055276382,6.77580452261306,0.242742852548935,"2.5th percentile"
39.9911045226131,6.77580452261306,0.201529617961103,"2.5th percentile"
40.0757035175879,6.77580452261306,0.178250202433493,"2.5th percentile"
40.1603025125628,6.77580452261306,0.180883978690044,"2.5th percentile"
40.2449015075377,6.77580452261306,0.175160727895349,"2.5th percentile"
40.3295005025126,6.77580452261306,0.16894540353635,"2.5th percentile"
40.4140994974874,6.77580452261306,0.168395468333924,"2.5th percentile"
40.4986984924623,6.77580452261306,0.168142568715089,"2.5th percentile"
40.5832974874372,6.77580452261306,0.164966089976237,"2.5th percentile"
40.6678964824121,6.77580452261306,0.159118569235678,"2.5th percentile"
40.7524954773869,6.77580452261306,0.124514640873241,"2.5th percentile"
40.8370944723618,6.77580452261306,0.0927380136669344,"2.5th percentile"
40.9216934673367,6.77580452261306,0.0869700470223766,"2.5th percentile"
41.0062924623116,6.77580452261306,0.0621709636843917,"2.5th percentile"
41.0908914572864,6.77580452261306,0.0445468924715958,"2.5th percentile"
41.1754904522613,6.77580452261306,0.0333113207138682,"2.5th percentile"
41.2600894472362,6.77580452261306,0.0251692268891303,"2.5th percentile"
41.344688442211,6.77580452261306,0.0187849396459051,"2.5th percentile"
41.4292874371859,6.77580452261306,0.0148350685100284,"2.5th percentile"
41.5138864321608,6.77580452261306,0.0106908958470512,"2.5th percentile"
41.5984854271357,6.77580452261306,0.00804772256247372,"2.5th percentile"
41.6830844221106,6.77580452261306,0.00691690307310727,"2.5th percentile"
41.7676834170854,6.77580452261306,0.00480343846047683,"2.5th percentile"
41.8522824120603,6.77580452261306,0.00386900400133804,"2.5th percentile"
41.9368814070352,6.77580452261306,0.00266204272913272,"2.5th percentile"
42.02148040201,6.77580452261306,0.00218782586189649,"2.5th percentile"
42.1060793969849,6.77580452261306,0.00142017768588791,"2.5th percentile"
42.1906783919598,6.77580452261306,0.00102488857491327,"2.5th percentile"
42.2752773869347,6.77580452261306,0.000824183899790375,"2.5th percentile"
42.3598763819095,6.77580452261306,0.000803221365645821,"2.5th percentile"
42.4444753768844,6.77580452261306,0.000579099262244795,"2.5th percentile"
42.5290743718593,6.77580452261306,0.000375610737223896,"2.5th percentile"
42.6136733668342,6.77580452261306,0.000240477889888152,"2.5th percentile"
42.698272361809,6.77580452261306,0.000216686294280689,"2.5th percentile"
42.7828713567839,6.77580452261306,0.000160816597594254,"2.5th percentile"
42.8674703517588,6.77580452261306,0.000118773166629619,"2.5th percentile"
42.9520693467337,6.77580452261306,7.76424703485334e-05,"2.5th percentile"
43.0366683417085,6.77580452261306,5.72476762197782e-05,"2.5th percentile"
43.1212673366834,6.77580452261306,4.02444109473929e-05,"2.5th percentile"
43.2058663316583,6.77580452261306,3.26629873104019e-05,"2.5th percentile"
43.2904653266332,6.77580452261306,2.28128929239098e-05,"2.5th percentile"
43.375064321608,6.77580452261306,1.64194680988795e-05,"2.5th percentile"
43.4596633165829,6.77580452261306,1.73763564377037e-05,"2.5th percentile"
43.5442623115578,6.77580452261306,1.17534965271273e-05,"2.5th percentile"
43.6288613065327,6.77580452261306,7.6632144711756e-06,"2.5th percentile"
43.7134603015075,6.77580452261306,5.12149374398569e-06,"2.5th percentile"
43.7980592964824,6.77580452261306,3.767064886712e-06,"2.5th percentile"
43.8826582914573,6.77580452261306,2.7917816799084e-06,"2.5th percentile"
43.9672572864322,6.77580452261306,2.07660580516202e-06,"2.5th percentile"
44.051856281407,6.77580452261306,1.60271600939331e-06,"2.5th percentile"
44.1364552763819,6.77580452261306,1.16007677370694e-06,"2.5th percentile"
44.2210542713568,6.77580452261306,8.82097817206295e-07,"2.5th percentile"
44.3056532663317,6.77580452261306,7.64624102544935e-07,"2.5th percentile"
44.3902522613065,6.77580452261306,4.85755396659543e-07,"2.5th percentile"
44.4748512562814,6.77580452261306,3.80116730387153e-07,"2.5th percentile"
44.5594502512563,6.77580452261306,3.21310931430342e-07,"2.5th percentile"
44.6440492462312,6.77580452261306,1.9800501360413e-07,"2.5th percentile"
44.728648241206,6.77580452261306,1.98890973761721e-07,"2.5th percentile"
44.8132472361809,6.77580452261306,2.09420922384671e-07,"2.5th percentile"
44.8978462311558,6.77580452261306,2.3729824798699e-07,"2.5th percentile"
44.9824452261307,6.77580452261306,2.21198130067825e-07,"2.5th percentile"
45.0670442211055,6.77580452261306,2.13285896044442e-07,"2.5th percentile"
45.1516432160804,6.77580452261306,2.09309451311739e-07,"2.5th percentile"
45.2362422110553,6.77580452261306,2.0249389504404e-07,"2.5th percentile"
45.3208412060302,6.77580452261306,1.93050566304959e-07,"2.5th percentile"
45.405440201005,6.77580452261306,1.81365286557003e-07,"2.5th percentile"
45.4900391959799,6.77580452261306,1.68032328477346e-07,"2.5th percentile"
45.5746381909548,6.77580452261306,1.53517731777206e-07,"2.5th percentile"
45.6592371859296,6.77580452261306,1.37926882010716e-07,"2.5th percentile"
45.7438361809045,6.77580452261306,1.22407859578789e-07,"2.5th percentile"
45.8284351758794,6.77580452261306,1.07198559417864e-07,"2.5th percentile"
45.9130341708543,6.77580452261306,9.2698703533762e-08,"2.5th percentile"
45.9976331658291,6.77580452261306,8.30555603787225e-08,"2.5th percentile"
46.082232160804,6.77580452261306,7.0112407124307e-08,"2.5th percentile"
46.1668311557789,6.77580452261306,5.97202564534696e-08,"2.5th percentile"
46.2514301507538,6.77580452261306,5.06307353510062e-08,"2.5th percentile"
46.3360291457286,6.77580452261306,4.83297903354384e-08,"2.5th percentile"
46.4206281407035,6.77580452261306,3.89965691858603e-08,"2.5th percentile"
46.5052271356784,6.77580452261306,2.38459638854781e-08,"2.5th percentile"
46.5898261306533,6.77580452261306,1.88803001803609e-08,"2.5th percentile"
34.3229718592965,6.84383115577889,0.920634971345627,"2.5th percentile"
34.4075708542714,6.84383115577889,0.889157918736582,"2.5th percentile"
34.4921698492462,6.84383115577889,0.860971238850171,"2.5th percentile"
34.5767688442211,6.84383115577889,0.795188239871495,"2.5th percentile"
34.661367839196,6.84383115577889,0.7667206618963,"2.5th percentile"
34.7459668341709,6.84383115577889,0.685890928377343,"2.5th percentile"
34.8305658291457,6.84383115577889,0.617484012578371,"2.5th percentile"
34.9151648241206,6.84383115577889,0.547096842679633,"2.5th percentile"
34.9997638190955,6.84383115577889,0.474200497114038,"2.5th percentile"
35.0843628140704,6.84383115577889,0.399586964531364,"2.5th percentile"
35.1689618090452,6.84383115577889,0.332178213022545,"2.5th percentile"
35.2535608040201,6.84383115577889,0.289824572531891,"2.5th percentile"
35.338159798995,6.84383115577889,0.30532543180218,"2.5th percentile"
35.4227587939698,6.84383115577889,0.252887781245072,"2.5th percentile"
35.5073577889447,6.84383115577889,0.232742464106848,"2.5th percentile"
35.5919567839196,6.84383115577889,0.269146787133892,"2.5th percentile"
35.6765557788945,6.84383115577889,0.265597934557099,"2.5th percentile"
35.7611547738694,6.84383115577889,0.249960874922425,"2.5th percentile"
35.8457537688442,6.84383115577889,0.2776177718612,"2.5th percentile"
35.9303527638191,6.84383115577889,0.325808306931638,"2.5th percentile"
36.014951758794,6.84383115577889,0.321038724946621,"2.5th percentile"
36.0995507537688,6.84383115577889,0.30666345750758,"2.5th percentile"
36.1841497487437,6.84383115577889,0.314017390695346,"2.5th percentile"
36.2687487437186,6.84383115577889,0.304923760184975,"2.5th percentile"
36.3533477386935,6.84383115577889,0.286807320981428,"2.5th percentile"
36.4379467336683,6.84383115577889,0.332202684171642,"2.5th percentile"
36.5225457286432,6.84383115577889,0.326684102262904,"2.5th percentile"
36.6071447236181,6.84383115577889,0.331460162568205,"2.5th percentile"
36.691743718593,6.84383115577889,0.340422822673409,"2.5th percentile"
36.7763427135678,6.84383115577889,0.353250591563635,"2.5th percentile"
36.8609417085427,6.84383115577889,0.354736070698623,"2.5th percentile"
36.9455407035176,6.84383115577889,0.328696604041418,"2.5th percentile"
37.0301396984925,6.84383115577889,0.306126812788578,"2.5th percentile"
37.1147386934673,6.84383115577889,0.331435447920002,"2.5th percentile"
37.1993376884422,6.84383115577889,0.317760835757267,"2.5th percentile"
37.2839366834171,6.84383115577889,0.343401788309222,"2.5th percentile"
37.368535678392,6.84383115577889,0.337097441133127,"2.5th percentile"
37.4531346733668,6.84383115577889,0.312586804443544,"2.5th percentile"
37.5377336683417,6.84383115577889,0.285017944866861,"2.5th percentile"
37.6223326633166,6.84383115577889,0.248795456678061,"2.5th percentile"
37.7069316582915,6.84383115577889,0.228392133958767,"2.5th percentile"
37.7915306532663,6.84383115577889,0.221355478069875,"2.5th percentile"
37.8761296482412,6.84383115577889,0.221147079767089,"2.5th percentile"
37.9607286432161,6.84383115577889,0.247570350657137,"2.5th percentile"
38.045327638191,6.84383115577889,0.261458575907197,"2.5th percentile"
38.1299266331658,6.84383115577889,0.305053200678344,"2.5th percentile"
38.2145256281407,6.84383115577889,0.222426672800795,"2.5th percentile"
38.2991246231156,6.84383115577889,0.136984235506042,"2.5th percentile"
38.3837236180904,6.84383115577889,0.136480018125755,"2.5th percentile"
38.4683226130653,6.84383115577889,0.139855172066865,"2.5th percentile"
38.5529216080402,6.84383115577889,0.131850709791619,"2.5th percentile"
38.6375206030151,6.84383115577889,0.130695596140824,"2.5th percentile"
38.72211959799,6.84383115577889,0.151054959539438,"2.5th percentile"
38.8067185929648,6.84383115577889,0.126621644978934,"2.5th percentile"
38.8913175879397,6.84383115577889,0.175159199326736,"2.5th percentile"
38.9759165829146,6.84383115577889,0.221625269121083,"2.5th percentile"
39.0605155778894,6.84383115577889,0.207375695182652,"2.5th percentile"
39.1451145728643,6.84383115577889,0.268934998422545,"2.5th percentile"
39.2297135678392,6.84383115577889,0.240682173387842,"2.5th percentile"
39.3143125628141,6.84383115577889,0.255866940085849,"2.5th percentile"
39.3989115577889,6.84383115577889,0.265218869494172,"2.5th percentile"
39.4835105527638,6.84383115577889,0.273776169507479,"2.5th percentile"
39.5681095477387,6.84383115577889,0.245248038260916,"2.5th percentile"
39.6527085427136,6.84383115577889,0.275232330570404,"2.5th percentile"
39.7373075376884,6.84383115577889,0.270476301954694,"2.5th percentile"
39.8219065326633,6.84383115577889,0.262509271908555,"2.5th percentile"
39.9065055276382,6.84383115577889,0.24737965873682,"2.5th percentile"
39.9911045226131,6.84383115577889,0.201712259440597,"2.5th percentile"
40.0757035175879,6.84383115577889,0.195207841721626,"2.5th percentile"
40.1603025125628,6.84383115577889,0.192665993304051,"2.5th percentile"
40.2449015075377,6.84383115577889,0.173306670373978,"2.5th percentile"
40.3295005025126,6.84383115577889,0.173730311054935,"2.5th percentile"
40.4140994974874,6.84383115577889,0.171532038556966,"2.5th percentile"
40.4986984924623,6.84383115577889,0.171847507027412,"2.5th percentile"
40.5832974874372,6.84383115577889,0.167238691165495,"2.5th percentile"
40.6678964824121,6.84383115577889,0.163323919734409,"2.5th percentile"
40.7524954773869,6.84383115577889,0.120795137643313,"2.5th percentile"
40.8370944723618,6.84383115577889,0.0810774559779285,"2.5th percentile"
40.9216934673367,6.84383115577889,0.0606086544365272,"2.5th percentile"
41.0062924623116,6.84383115577889,0.0518142816689785,"2.5th percentile"
41.0908914572864,6.84383115577889,0.0387815240843543,"2.5th percentile"
41.1754904522613,6.84383115577889,0.0307059148736879,"2.5th percentile"
41.2600894472362,6.84383115577889,0.0227661655647171,"2.5th percentile"
41.344688442211,6.84383115577889,0.0171231065447314,"2.5th percentile"
41.4292874371859,6.84383115577889,0.0130872372035172,"2.5th percentile"
41.5138864321608,6.84383115577889,0.0096622713771506,"2.5th percentile"
41.5984854271357,6.84383115577889,0.00729701632793258,"2.5th percentile"
41.6830844221106,6.84383115577889,0.00544687748952384,"2.5th percentile"
41.7676834170854,6.84383115577889,0.00468803230852092,"2.5th percentile"
41.8522824120603,6.84383115577889,0.00323040803901767,"2.5th percentile"
41.9368814070352,6.84383115577889,0.00255435440400498,"2.5th percentile"
42.02148040201,6.84383115577889,0.00198210068426106,"2.5th percentile"
42.1060793969849,6.84383115577889,0.00152980273585942,"2.5th percentile"
42.1906783919598,6.84383115577889,0.000997522395760355,"2.5th percentile"
42.2752773869347,6.84383115577889,0.000841890580875793,"2.5th percentile"
42.3598763819095,6.84383115577889,0.000630070030247126,"2.5th percentile"
42.4444753768844,6.84383115577889,0.000473594154302091,"2.5th percentile"
42.5290743718593,6.84383115577889,0.000290174861370333,"2.5th percentile"
42.6136733668342,6.84383115577889,0.000216212083647465,"2.5th percentile"
42.698272361809,6.84383115577889,0.00019442229715498,"2.5th percentile"
42.7828713567839,6.84383115577889,0.000146839985813776,"2.5th percentile"
42.8674703517588,6.84383115577889,0.000119865665545956,"2.5th percentile"
42.9520693467337,6.84383115577889,9.04520868063815e-05,"2.5th percentile"
43.0366683417085,6.84383115577889,5.56283356030037e-05,"2.5th percentile"
43.1212673366834,6.84383115577889,4.02500668902965e-05,"2.5th percentile"
43.2058663316583,6.84383115577889,2.81753020324478e-05,"2.5th percentile"
43.2904653266332,6.84383115577889,2.46725703760962e-05,"2.5th percentile"
43.375064321608,6.84383115577889,1.78257548969329e-05,"2.5th percentile"
43.4596633165829,6.84383115577889,1.58857656519716e-05,"2.5th percentile"
43.5442623115578,6.84383115577889,8.62485559301551e-06,"2.5th percentile"
43.6288613065327,6.84383115577889,6.39739879041039e-06,"2.5th percentile"
43.7134603015075,6.84383115577889,4.74434993009859e-06,"2.5th percentile"
43.7980592964824,6.84383115577889,3.52524046205022e-06,"2.5th percentile"
43.8826582914573,6.84383115577889,2.61793063437269e-06,"2.5th percentile"
43.9672572864322,6.84383115577889,1.94608212198243e-06,"2.5th percentile"
44.051856281407,6.84383115577889,1.44860627811607e-06,"2.5th percentile"
44.1364552763819,6.84383115577889,1.09983779433898e-06,"2.5th percentile"
44.2210542713568,6.84383115577889,8.57301172187111e-07,"2.5th percentile"
44.3056532663317,6.84383115577889,7.1944289749146e-07,"2.5th percentile"
44.3902522613065,6.84383115577889,4.50503493578237e-07,"2.5th percentile"
44.4748512562814,6.84383115577889,3.31079632184235e-07,"2.5th percentile"
44.5594502512563,6.84383115577889,2.52621500627999e-07,"2.5th percentile"
44.6440492462312,6.84383115577889,1.85596100833906e-07,"2.5th percentile"
44.728648241206,6.84383115577889,2.21941270384988e-07,"2.5th percentile"
44.8132472361809,6.84383115577889,2.03932147628862e-07,"2.5th percentile"
44.8978462311558,6.84383115577889,2.17432680097419e-07,"2.5th percentile"
44.9824452261307,6.84383115577889,2.30120968355815e-07,"2.5th percentile"
45.0670442211055,6.84383115577889,2.09901431585243e-07,"2.5th percentile"
45.1516432160804,6.84383115577889,2.06249402969485e-07,"2.5th percentile"
45.2362422110553,6.84383115577889,1.98765540987581e-07,"2.5th percentile"
45.3208412060302,6.84383115577889,1.89244853380383e-07,"2.5th percentile"
45.405440201005,6.84383115577889,1.77572280238798e-07,"2.5th percentile"
45.4900391959799,6.84383115577889,1.64175279416348e-07,"2.5th percentile"
45.5746381909548,6.84383115577889,1.49650558861183e-07,"2.5th percentile"
45.6592371859296,6.84383115577889,1.34617707186386e-07,"2.5th percentile"
45.7438361809045,6.84383115577889,1.19313226563864e-07,"2.5th percentile"
45.8284351758794,6.84383115577889,1.04922402740232e-07,"2.5th percentile"
45.9130341708543,6.84383115577889,9.00109394272355e-08,"2.5th percentile"
45.9976331658291,6.84383115577889,7.68838339409927e-08,"2.5th percentile"
46.082232160804,6.84383115577889,6.64420166360053e-08,"2.5th percentile"
46.1668311557789,6.84383115577889,5.37299638145445e-08,"2.5th percentile"
46.2514301507538,6.84383115577889,4.45640129998124e-08,"2.5th percentile"
46.3360291457286,6.84383115577889,3.59991457517334e-08,"2.5th percentile"
46.4206281407035,6.84383115577889,3.05567656001259e-08,"2.5th percentile"
46.5052271356784,6.84383115577889,2.29871520123874e-08,"2.5th percentile"
46.5898261306533,6.84383115577889,1.81129601570177e-08,"2.5th percentile"
46.6744251256281,6.84383115577889,1.41312204859601e-08,"2.5th percentile"
34.2383728643216,6.91185778894472,0.911703150265316,"2.5th percentile"
34.3229718592965,6.91185778894472,0.907534843074673,"2.5th percentile"
34.4075708542714,6.91185778894472,0.851847524011625,"2.5th percentile"
34.4921698492462,6.91185778894472,0.814844598427818,"2.5th percentile"
34.5767688442211,6.91185778894472,0.76183973700958,"2.5th percentile"
34.661367839196,6.91185778894472,0.703715953003446,"2.5th percentile"
34.7459668341709,6.91185778894472,0.653129015553363,"2.5th percentile"
34.8305658291457,6.91185778894472,0.57715610461374,"2.5th percentile"
34.9151648241206,6.91185778894472,0.505165109036438,"2.5th percentile"
34.9997638190955,6.91185778894472,0.432108788104338,"2.5th percentile"
35.0843628140704,6.91185778894472,0.358497401032534,"2.5th percentile"
35.1689618090452,6.91185778894472,0.291291542170933,"2.5th percentile"
35.2535608040201,6.91185778894472,0.287206258103828,"2.5th percentile"
35.338159798995,6.91185778894472,0.27975186828644,"2.5th percentile"
35.4227587939698,6.91185778894472,0.24720678901553,"2.5th percentile"
35.5073577889447,6.91185778894472,0.225574295728735,"2.5th percentile"
35.5919567839196,6.91185778894472,0.257049374302274,"2.5th percentile"
35.6765557788945,6.91185778894472,0.256109801387504,"2.5th percentile"
35.7611547738694,6.91185778894472,0.252522354176599,"2.5th percentile"
35.8457537688442,6.91185778894472,0.260404571606459,"2.5th percentile"
35.9303527638191,6.91185778894472,0.314119578818349,"2.5th percentile"
36.014951758794,6.91185778894472,0.299867354668861,"2.5th percentile"
36.0995507537688,6.91185778894472,0.304846847059835,"2.5th percentile"
36.1841497487437,6.91185778894472,0.313142656784685,"2.5th percentile"
36.2687487437186,6.91185778894472,0.32139082187018,"2.5th percentile"
36.3533477386935,6.91185778894472,0.294432059257906,"2.5th percentile"
36.4379467336683,6.91185778894472,0.334932471996385,"2.5th percentile"
36.5225457286432,6.91185778894472,0.337142868124816,"2.5th percentile"
36.6071447236181,6.91185778894472,0.335713326871332,"2.5th percentile"
36.691743718593,6.91185778894472,0.340331525573138,"2.5th percentile"
36.7763427135678,6.91185778894472,0.349556541085348,"2.5th percentile"
36.8609417085427,6.91185778894472,0.354328174276284,"2.5th percentile"
36.9455407035176,6.91185778894472,0.338739013028437,"2.5th percentile"
37.0301396984925,6.91185778894472,0.311762635337262,"2.5th percentile"
37.1147386934673,6.91185778894472,0.341538517903559,"2.5th percentile"
37.1993376884422,6.91185778894472,0.31215630820516,"2.5th percentile"
37.2839366834171,6.91185778894472,0.340644773043385,"2.5th percentile"
37.368535678392,6.91185778894472,0.350056075245427,"2.5th percentile"
37.4531346733668,6.91185778894472,0.33338611994362,"2.5th percentile"
37.5377336683417,6.91185778894472,0.284359494195433,"2.5th percentile"
37.6223326633166,6.91185778894472,0.250760769714373,"2.5th percentile"
37.7069316582915,6.91185778894472,0.234082041393186,"2.5th percentile"
37.7915306532663,6.91185778894472,0.228050620243494,"2.5th percentile"
37.8761296482412,6.91185778894472,0.217200813170359,"2.5th percentile"
37.9607286432161,6.91185778894472,0.256042773030799,"2.5th percentile"
38.045327638191,6.91185778894472,0.274235553522793,"2.5th percentile"
38.1299266331658,6.91185778894472,0.275501875357058,"2.5th percentile"
38.2145256281407,6.91185778894472,0.242923495855879,"2.5th percentile"
38.2991246231156,6.91185778894472,0.134736581955253,"2.5th percentile"
38.3837236180904,6.91185778894472,0.133700142683308,"2.5th percentile"
38.4683226130653,6.91185778894472,0.139196739521121,"2.5th percentile"
38.5529216080402,6.91185778894472,0.134041107869638,"2.5th percentile"
38.6375206030151,6.91185778894472,0.129680170666004,"2.5th percentile"
38.72211959799,6.91185778894472,0.148956076728265,"2.5th percentile"
38.8067185929648,6.91185778894472,0.137837738559615,"2.5th percentile"
38.8913175879397,6.91185778894472,0.18837388911139,"2.5th percentile"
38.9759165829146,6.91185778894472,0.203104126031646,"2.5th percentile"
39.0605155778894,6.91185778894472,0.193463085091549,"2.5th percentile"
39.1451145728643,6.91185778894472,0.240436379700705,"2.5th percentile"
39.2297135678392,6.91185778894472,0.238469356359885,"2.5th percentile"
39.3143125628141,6.91185778894472,0.230585011431993,"2.5th percentile"
39.3989115577889,6.91185778894472,0.237158886855389,"2.5th percentile"
39.4835105527638,6.91185778894472,0.279359770985598,"2.5th percentile"
39.5681095477387,6.91185778894472,0.283549502988087,"2.5th percentile"
39.6527085427136,6.91185778894472,0.269494439681731,"2.5th percentile"
39.7373075376884,6.91185778894472,0.272888457029298,"2.5th percentile"
39.8219065326633,6.91185778894472,0.267749441752529,"2.5th percentile"
39.9065055276382,6.91185778894472,0.249867701573337,"2.5th percentile"
39.9911045226131,6.91185778894472,0.208762907224374,"2.5th percentile"
40.0757035175879,6.91185778894472,0.199871652351101,"2.5th percentile"
40.1603025125628,6.91185778894472,0.195939067547099,"2.5th percentile"
40.2449015075377,6.91185778894472,0.187737148093704,"2.5th percentile"
40.3295005025126,6.91185778894472,0.174758840541182,"2.5th percentile"
40.4140994974874,6.91185778894472,0.173005156862886,"2.5th percentile"
40.4986984924623,6.91185778894472,0.186090074017784,"2.5th percentile"
40.5832974874372,6.91185778894472,0.194506821600318,"2.5th percentile"
40.6678964824121,6.91185778894472,0.169862952333162,"2.5th percentile"
40.7524954773869,6.91185778894472,0.139575510876915,"2.5th percentile"
40.8370944723618,6.91185778894472,0.0814463796390323,"2.5th percentile"
40.9216934673367,6.91185778894472,0.0580401075985437,"2.5th percentile"
41.0062924623116,6.91185778894472,0.0420076006032552,"2.5th percentile"
41.0908914572864,6.91185778894472,0.032646581512107,"2.5th percentile"
41.1754904522613,6.91185778894472,0.0255539532612668,"2.5th percentile"
41.2600894472362,6.91185778894472,0.0202157664120536,"2.5th percentile"
41.344688442211,6.91185778894472,0.0149800958284184,"2.5th percentile"
41.4292874371859,6.91185778894472,0.0114083663069538,"2.5th percentile"
41.5138864321608,6.91185778894472,0.00860929804762515,"2.5th percentile"
41.5984854271357,6.91185778894472,0.00654495337832046,"2.5th percentile"
41.6830844221106,6.91185778894472,0.00514492888157567,"2.5th percentile"
41.7676834170854,6.91185778894472,0.004120407751572,"2.5th percentile"
41.8522824120603,6.91185778894472,0.00301435071216066,"2.5th percentile"
41.9368814070352,6.91185778894472,0.00209593642991997,"2.5th percentile"
42.02148040201,6.91185778894472,0.00159270965470985,"2.5th percentile"
42.1060793969849,6.91185778894472,0.00126805097749959,"2.5th percentile"
42.1906783919598,6.91185778894472,0.00107458337044503,"2.5th percentile"
42.2752773869347,6.91185778894472,0.000761895139816707,"2.5th percentile"
42.3598763819095,6.91185778894472,0.000643865538936403,"2.5th percentile"
42.4444753768844,6.91185778894472,0.000369295960112505,"2.5th percentile"
42.5290743718593,6.91185778894472,0.000267278753554659,"2.5th percentile"
42.6136733668342,6.91185778894472,0.000202826197825396,"2.5th percentile"
42.698272361809,6.91185778894472,0.000181805531472167,"2.5th percentile"
42.7828713567839,6.91185778894472,0.00012756110877859,"2.5th percentile"
42.8674703517588,6.91185778894472,9.37808900785492e-05,"2.5th percentile"
42.9520693467337,6.91185778894472,8.07453317807094e-05,"2.5th percentile"
43.0366683417085,6.91185778894472,6.31504125207097e-05,"2.5th percentile"
43.1212673366834,6.91185778894472,4.13014384520938e-05,"2.5th percentile"
43.2058663316583,6.91185778894472,3.17205818265644e-05,"2.5th percentile"
43.2904653266332,6.91185778894472,1.92251386999231e-05,"2.5th percentile"
43.375064321608,6.91185778894472,1.43089342578996e-05,"2.5th percentile"
43.4596633165829,6.91185778894472,1.11778780853572e-05,"2.5th percentile"
43.5442623115578,6.91185778894472,7.90907495663514e-06,"2.5th percentile"
43.6288613065327,6.91185778894472,5.94324045415853e-06,"2.5th percentile"
43.7134603015075,6.91185778894472,4.39820540559577e-06,"2.5th percentile"
43.7980592964824,6.91185778894472,3.27232135011278e-06,"2.5th percentile"
43.8826582914573,6.91185778894472,2.44546962309769e-06,"2.5th percentile"
43.9672572864322,6.91185778894472,1.81156500784439e-06,"2.5th percentile"
44.051856281407,6.91185778894472,1.35268591775491e-06,"2.5th percentile"
44.1364552763819,6.91185778894472,1.0065160799017e-06,"2.5th percentile"
44.2210542713568,6.91185778894472,9.2959008775387e-07,"2.5th percentile"
44.3056532663317,6.91185778894472,5.89508222113172e-07,"2.5th percentile"
44.3902522613065,6.91185778894472,4.25706689281447e-07,"2.5th percentile"
44.4748512562814,6.91185778894472,3.10770727721599e-07,"2.5th percentile"
44.5594502512563,6.91185778894472,2.3044566801326e-07,"2.5th percentile"
44.6440492462312,6.91185778894472,1.82855641392539e-07,"2.5th percentile"
44.728648241206,6.91185778894472,1.96033476122961e-07,"2.5th percentile"
44.8132472361809,6.91185778894472,2.00803983533441e-07,"2.5th percentile"
44.8978462311558,6.91185778894472,2.05080632864817e-07,"2.5th percentile"
44.9824452261307,6.91185778894472,2.0685076830295e-07,"2.5th percentile"
45.0670442211055,6.91185778894472,2.05485295390884e-07,"2.5th percentile"
45.1516432160804,6.91185778894472,2.0117875049782e-07,"2.5th percentile"
45.2362422110553,6.91185778894472,2.04428742004117e-07,"2.5th percentile"
45.3208412060302,6.91185778894472,1.84537023102576e-07,"2.5th percentile"
45.405440201005,6.91185778894472,1.72929903860301e-07,"2.5th percentile"
45.4900391959799,6.91185778894472,1.59683053532867e-07,"2.5th percentile"
45.5746381909548,6.91185778894472,1.45402111110616e-07,"2.5th percentile"
45.6592371859296,6.91185778894472,1.3049477861301e-07,"2.5th percentile"
45.7438361809045,6.91185778894472,1.15554101587145e-07,"2.5th percentile"
45.8284351758794,6.91185778894472,1.00914554909959e-07,"2.5th percentile"
45.9130341708543,6.91185778894472,8.76944460205717e-08,"2.5th percentile"
45.9976331658291,6.91185778894472,7.40476001126369e-08,"2.5th percentile"
46.082232160804,6.91185778894472,6.27195776088929e-08,"2.5th percentile"
46.1668311557789,6.91185778894472,5.17627106851447e-08,"2.5th percentile"
46.2514301507538,6.91185778894472,4.25188259291691e-08,"2.5th percentile"
46.3360291457286,6.91185778894472,3.45265913535915e-08,"2.5th percentile"
46.4206281407035,6.91185778894472,3.14882677001627e-08,"2.5th percentile"
46.5052271356784,6.91185778894472,2.22331359796962e-08,"2.5th percentile"
46.5898261306533,6.91185778894472,1.75389296626263e-08,"2.5th percentile"
46.6744251256281,6.91185778894472,1.35853242450683e-08,"2.5th percentile"
46.759024120603,6.91185778894472,1.09917127364671e-08,"2.5th percentile"
34.2383728643216,6.97988442211055,0.896377317691291,"2.5th percentile"
34.3229718592965,6.97988442211055,0.893170455548801,"2.5th percentile"
34.4075708542714,6.97988442211055,0.859859093222065,"2.5th percentile"
34.4921698492462,6.97988442211055,0.806964599842687,"2.5th percentile"
34.5767688442211,6.97988442211055,0.768391114361113,"2.5th percentile"
34.661367839196,6.97988442211055,0.673018488058435,"2.5th percentile"
34.7459668341709,6.97988442211055,0.654754155981618,"2.5th percentile"
34.8305658291457,6.97988442211055,0.535678956341938,"2.5th percentile"
34.9151648241206,6.97988442211055,0.46275441424763,"2.5th percentile"
34.9997638190955,6.97988442211055,0.390304853947101,"2.5th percentile"
35.0843628140704,6.97988442211055,0.320671759802823,"2.5th percentile"
35.1689618090452,6.97988442211055,0.285921574769916,"2.5th percentile"
35.2535608040201,6.97988442211055,0.288271888548341,"2.5th percentile"
35.338159798995,6.97988442211055,0.283790302059764,"2.5th percentile"
35.4227587939698,6.97988442211055,0.269195128486639,"2.5th percentile"
35.5073577889447,6.97988442211055,0.251254590164702,"2.5th percentile"
35.5919567839196,6.97988442211055,0.268210136977426,"2.5th percentile"
35.6765557788945,6.97988442211055,0.270145830456757,"2.5th percentile"
35.7611547738694,6.97988442211055,0.23300354293939,"2.5th percentile"
35.8457537688442,6.97988442211055,0.290463277425608,"2.5th percentile"
35.9303527638191,6.97988442211055,0.309134984280585,"2.5th percentile"
36.014951758794,6.97988442211055,0.320779554444628,"2.5th percentile"
36.0995507537688,6.97988442211055,0.293411870390366,"2.5th percentile"
36.1841497487437,6.97988442211055,0.28718577930134,"2.5th percentile"
36.2687487437186,6.97988442211055,0.289641042333173,"2.5th percentile"
36.3533477386935,6.97988442211055,0.315195091659105,"2.5th percentile"
36.4379467336683,6.97988442211055,0.334434479269203,"2.5th percentile"
36.5225457286432,6.97988442211055,0.331143152432142,"2.5th percentile"
36.6071447236181,6.97988442211055,0.336198700847507,"2.5th percentile"
36.691743718593,6.97988442211055,0.342688894020682,"2.5th percentile"
36.7763427135678,6.97988442211055,0.34976234462105,"2.5th percentile"
36.8609417085427,6.97988442211055,0.344822938423441,"2.5th percentile"
36.9455407035176,6.97988442211055,0.317287795651875,"2.5th percentile"
37.0301396984925,6.97988442211055,0.29367024740243,"2.5th percentile"
37.1147386934673,6.97988442211055,0.303222091986989,"2.5th percentile"
37.1993376884422,6.97988442211055,0.312143417405052,"2.5th percentile"
37.2839366834171,6.97988442211055,0.329360478327189,"2.5th percentile"
37.368535678392,6.97988442211055,0.34852268489898,"2.5th percentile"
37.4531346733668,6.97988442211055,0.383709069235392,"2.5th percentile"
37.5377336683417,6.97988442211055,0.314316369278645,"2.5th percentile"
37.6223326633166,6.97988442211055,0.250394475542042,"2.5th percentile"
37.7069316582915,6.97988442211055,0.230186116242311,"2.5th percentile"
37.7915306532663,6.97988442211055,0.184471592099878,"2.5th percentile"
37.8761296482412,6.97988442211055,0.181049624223719,"2.5th percentile"
37.9607286432161,6.97988442211055,0.249067556043918,"2.5th percentile"
38.045327638191,6.97988442211055,0.241264927593454,"2.5th percentile"
38.1299266331658,6.97988442211055,0.26388814801756,"2.5th percentile"
38.2145256281407,6.97988442211055,0.197270775473371,"2.5th percentile"
38.2991246231156,6.97988442211055,0.137571576629679,"2.5th percentile"
38.3837236180904,6.97988442211055,0.1448005822139,"2.5th percentile"
38.4683226130653,6.97988442211055,0.140708023118652,"2.5th percentile"
38.5529216080402,6.97988442211055,0.135265218099901,"2.5th percentile"
38.6375206030151,6.97988442211055,0.148000283352249,"2.5th percentile"
38.72211959799,6.97988442211055,0.129984702973116,"2.5th percentile"
38.8067185929648,6.97988442211055,0.16045607269824,"2.5th percentile"
38.8913175879397,6.97988442211055,0.174380715148896,"2.5th percentile"
38.9759165829146,6.97988442211055,0.197307612797433,"2.5th percentile"
39.0605155778894,6.97988442211055,0.170758213649189,"2.5th percentile"
39.1451145728643,6.97988442211055,0.17595653513227,"2.5th percentile"
39.2297135678392,6.97988442211055,0.177524757619577,"2.5th percentile"
39.3143125628141,6.97988442211055,0.185547195436236,"2.5th percentile"
39.3989115577889,6.97988442211055,0.206573496403725,"2.5th percentile"
39.4835105527638,6.97988442211055,0.225632711891909,"2.5th percentile"
39.5681095477387,6.97988442211055,0.286294299491147,"2.5th percentile"
39.6527085427136,6.97988442211055,0.255154444527856,"2.5th percentile"
39.7373075376884,6.97988442211055,0.275227889630004,"2.5th percentile"
39.8219065326633,6.97988442211055,0.270442677768428,"2.5th percentile"
39.9065055276382,6.97988442211055,0.232700829304128,"2.5th percentile"
39.9911045226131,6.97988442211055,0.203308909515233,"2.5th percentile"
40.0757035175879,6.97988442211055,0.201915366096064,"2.5th percentile"
40.1603025125628,6.97988442211055,0.181613205149001,"2.5th percentile"
40.2449015075377,6.97988442211055,0.186306342172912,"2.5th percentile"
40.3295005025126,6.97988442211055,0.166811012806394,"2.5th percentile"
40.4140994974874,6.97988442211055,0.176187036418634,"2.5th percentile"
40.4986984924623,6.97988442211055,0.171772154273531,"2.5th percentile"
40.5832974874372,6.97988442211055,0.178926729364043,"2.5th percentile"
40.6678964824121,6.97988442211055,0.177978140628105,"2.5th percentile"
40.7524954773869,6.97988442211055,0.117366556645188,"2.5th percentile"
40.8370944723618,6.97988442211055,0.0824687910652477,"2.5th percentile"
40.9216934673367,6.97988442211055,0.0580754831551627,"2.5th percentile"
41.0062924623116,6.97988442211055,0.0384569546500487,"2.5th percentile"
41.0908914572864,6.97988442211055,0.0294400650719491,"2.5th percentile"
41.1754904522613,6.97988442211055,0.0215632877524451,"2.5th percentile"
41.2600894472362,6.97988442211055,0.0166227106479128,"2.5th percentile"
41.344688442211,6.97988442211055,0.0128447427844619,"2.5th percentile"
41.4292874371859,6.97988442211055,0.00989824788776482,"2.5th percentile"
41.5138864321608,6.97988442211055,0.00753418366832965,"2.5th percentile"
41.5984854271357,6.97988442211055,0.0062831832075373,"2.5th percentile"
41.6830844221106,6.97988442211055,0.00509203488051052,"2.5th percentile"
41.7676834170854,6.97988442211055,0.00369284065475416,"2.5th percentile"
41.8522824120603,6.97988442211055,0.00300029037989396,"2.5th percentile"
41.9368814070352,6.97988442211055,0.00210859022597471,"2.5th percentile"
42.02148040201,6.97988442211055,0.00142458997103256,"2.5th percentile"
42.1060793969849,6.97988442211055,0.0011194034484531,"2.5th percentile"
42.1906783919598,6.97988442211055,0.000858071723661055,"2.5th percentile"
42.2752773869347,6.97988442211055,0.000640175793908267,"2.5th percentile"
42.3598763819095,6.97988442211055,0.000470697687439943,"2.5th percentile"
42.4444753768844,6.97988442211055,0.000325180860338741,"2.5th percentile"
42.5290743718593,6.97988442211055,0.000241150761599086,"2.5th percentile"
42.6136733668342,6.97988442211055,0.000181055300164699,"2.5th percentile"
42.698272361809,6.97988442211055,0.000154580017642541,"2.5th percentile"
42.7828713567839,6.97988442211055,0.000127207580048562,"2.5th percentile"
42.8674703517588,6.97988442211055,8.77816068285245e-05,"2.5th percentile"
42.9520693467337,6.97988442211055,7.64803026602895e-05,"2.5th percentile"
43.0366683417085,6.97988442211055,5.29296046853497e-05,"2.5th percentile"
43.1212673366834,6.97988442211055,3.75413409183895e-05,"2.5th percentile"
43.2058663316583,6.97988442211055,2.44047074511179e-05,"2.5th percentile"
43.2904653266332,6.97988442211055,2.0913568174132e-05,"2.5th percentile"
43.375064321608,6.97988442211055,1.67146477865512e-05,"2.5th percentile"
43.4596633165829,6.97988442211055,9.83144719949241e-06,"2.5th percentile"
43.5442623115578,6.97988442211055,7.47513225145078e-06,"2.5th percentile"
43.6288613065327,6.97988442211055,5.47244946486798e-06,"2.5th percentile"
43.7134603015075,6.97988442211055,4.07504344853645e-06,"2.5th percentile"
43.7980592964824,6.97988442211055,3.02611209286814e-06,"2.5th percentile"
43.8826582914573,6.97988442211055,2.25025512776383e-06,"2.5th percentile"
43.9672572864322,6.97988442211055,1.69977196050062e-06,"2.5th percentile"
44.051856281407,6.97988442211055,1.24855790259671e-06,"2.5th percentile"
44.1364552763819,6.97988442211055,9.29789130294436e-07,"2.5th percentile"
44.2210542713568,6.97988442211055,7.15516604310966e-07,"2.5th percentile"
44.3056532663317,6.97988442211055,5.16364340507002e-07,"2.5th percentile"
44.3902522613065,6.97988442211055,3.84833757554253e-07,"2.5th percentile"
44.4748512562814,6.97988442211055,2.86880251982311e-07,"2.5th percentile"
44.5594502512563,6.97988442211055,2.13859917950546e-07,"2.5th percentile"
44.6440492462312,6.97988442211055,1.79199140130163e-07,"2.5th percentile"
44.728648241206,6.97988442211055,1.8882503439766e-07,"2.5th percentile"
44.8132472361809,6.97988442211055,1.95993280031853e-07,"2.5th percentile"
44.8978462311558,6.97988442211055,2.00143399185833e-07,"2.5th percentile"
44.9824452261307,6.97988442211055,2.01575445737629e-07,"2.5th percentile"
45.0670442211055,6.97988442211055,2.00056992264453e-07,"2.5th percentile"
45.1516432160804,6.97988442211055,1.95661468387613e-07,"2.5th percentile"
45.2362422110553,6.97988442211055,1.88466024079796e-07,"2.5th percentile"
45.3208412060302,6.97988442211055,1.78899846520424e-07,"2.5th percentile"
45.405440201005,6.97988442211055,1.67354824570997e-07,"2.5th percentile"
45.4900391959799,6.97988442211055,1.54497804321146e-07,"2.5th percentile"
45.5746381909548,6.97988442211055,1.40452001705631e-07,"2.5th percentile"
45.6592371859296,6.97988442211055,1.2590969839563e-07,"2.5th percentile"
45.7438361809045,6.97988442211055,1.16746412137252e-07,"2.5th percentile"
45.8284351758794,6.97988442211055,1.10509284624659e-07,"2.5th percentile"
45.9130341708543,6.97988442211055,8.40719339576912e-08,"2.5th percentile"
45.9976331658291,6.97988442211055,7.12838427603534e-08,"2.5th percentile"
46.082232160804,6.97988442211055,5.97281476089081e-08,"2.5th percentile"
46.1668311557789,6.97988442211055,4.95884460082827e-08,"2.5th percentile"
46.2514301507538,6.97988442211055,4.06727924792747e-08,"2.5th percentile"
46.3360291457286,6.97988442211055,3.2953680782274e-08,"2.5th percentile"
46.4206281407035,6.97988442211055,2.94444329809108e-08,"2.5th percentile"
46.5052271356784,6.97988442211055,2.38108947425655e-08,"2.5th percentile"
46.5898261306533,6.97988442211055,1.86453841216454e-08,"2.5th percentile"
46.6744251256281,6.97988442211055,1.44051669507056e-08,"2.5th percentile"
46.759024120603,6.97988442211055,1.49752705135815e-08,"2.5th percentile"
34.1537738693467,7.04791105527638,0.90950503877672,"2.5th percentile"
34.2383728643216,7.04791105527638,0.902554480296608,"2.5th percentile"
34.3229718592965,7.04791105527638,0.876092269638907,"2.5th percentile"
34.4075708542714,7.04791105527638,0.836267645580016,"2.5th percentile"
34.4921698492462,7.04791105527638,0.786502876756255,"2.5th percentile"
34.5767688442211,7.04791105527638,0.714465316367251,"2.5th percentile"
34.661367839196,7.04791105527638,0.677407547233644,"2.5th percentile"
34.7459668341709,7.04791105527638,0.573024146738889,"2.5th percentile"
34.8305658291457,7.04791105527638,0.495001141005608,"2.5th percentile"
34.9151648241206,7.04791105527638,0.421115792815978,"2.5th percentile"
34.9997638190955,7.04791105527638,0.350188310248567,"2.5th percentile"
35.0843628140704,7.04791105527638,0.282191551814029,"2.5th percentile"
35.1689618090452,7.04791105527638,0.285169377359916,"2.5th percentile"
35.2535608040201,7.04791105527638,0.288626962289413,"2.5th percentile"
35.338159798995,7.04791105527638,0.29212744536047,"2.5th percentile"
35.4227587939698,7.04791105527638,0.290760258050385,"2.5th percentile"
35.5073577889447,7.04791105527638,0.265694922066539,"2.5th percentile"
35.5919567839196,7.04791105527638,0.193705027379,"2.5th percentile"
35.6765557788945,7.04791105527638,0.218135614771752,"2.5th percentile"
35.7611547738694,7.04791105527638,0.273184411640229,"2.5th percentile"
35.8457537688442,7.04791105527638,0.287575208625718,"2.5th percentile"
35.9303527638191,7.04791105527638,0.319678605479381,"2.5th percentile"
36.014951758794,7.04791105527638,0.292482125887475,"2.5th percentile"
36.0995507537688,7.04791105527638,0.299776869255823,"2.5th percentile"
36.1841497487437,7.04791105527638,0.278746512344856,"2.5th percentile"
36.2687487437186,7.04791105527638,0.312916926324366,"2.5th percentile"
36.3533477386935,7.04791105527638,0.311876302728151,"2.5th percentile"
36.4379467336683,7.04791105527638,0.310234182584233,"2.5th percentile"
36.5225457286432,7.04791105527638,0.319917798946253,"2.5th percentile"
36.6071447236181,7.04791105527638,0.332213823226052,"2.5th percentile"
36.691743718593,7.04791105527638,0.329052912704384,"2.5th percentile"
36.7763427135678,7.04791105527638,0.34699104122102,"2.5th percentile"
36.8609417085427,7.04791105527638,0.344364195022918,"2.5th percentile"
36.9455407035176,7.04791105527638,0.335713877018018,"2.5th percentile"
37.0301396984925,7.04791105527638,0.311835527921636,"2.5th percentile"
37.1147386934673,7.04791105527638,0.283691291394652,"2.5th percentile"
37.1993376884422,7.04791105527638,0.265461464228091,"2.5th percentile"
37.2839366834171,7.04791105527638,0.314578389253396,"2.5th percentile"
37.368535678392,7.04791105527638,0.343714821625266,"2.5th percentile"
37.4531346733668,7.04791105527638,0.44004969336327,"2.5th percentile"
37.5377336683417,7.04791105527638,0.284438537869436,"2.5th percentile"
37.6223326633166,7.04791105527638,0.25230285693425,"2.5th percentile"
37.7069316582915,7.04791105527638,0.23027184993494,"2.5th percentile"
37.7915306532663,7.04791105527638,0.202648600371232,"2.5th percentile"
37.8761296482412,7.04791105527638,0.202161660569642,"2.5th percentile"
37.9607286432161,7.04791105527638,0.228280964285444,"2.5th percentile"
38.045327638191,7.04791105527638,0.251284358053052,"2.5th percentile"
38.1299266331658,7.04791105527638,0.252525528595621,"2.5th percentile"
38.2145256281407,7.04791105527638,0.232719521531437,"2.5th percentile"
38.2991246231156,7.04791105527638,0.177118817679272,"2.5th percentile"
38.3837236180904,7.04791105527638,0.187552769997678,"2.5th percentile"
38.4683226130653,7.04791105527638,0.294151738510558,"2.5th percentile"
38.5529216080402,7.04791105527638,0.178599385794197,"2.5th percentile"
38.6375206030151,7.04791105527638,0.171307565576374,"2.5th percentile"
38.72211959799,7.04791105527638,0.13913699033883,"2.5th percentile"
38.8067185929648,7.04791105527638,0.159567724903161,"2.5th percentile"
38.8913175879397,7.04791105527638,0.20326661667564,"2.5th percentile"
38.9759165829146,7.04791105527638,0.188282191729847,"2.5th percentile"
39.0605155778894,7.04791105527638,0.182721034208903,"2.5th percentile"
39.1451145728643,7.04791105527638,0.173228306192373,"2.5th percentile"
39.2297135678392,7.04791105527638,0.170815442655756,"2.5th percentile"
39.3143125628141,7.04791105527638,0.174175983896497,"2.5th percentile"
39.3989115577889,7.04791105527638,0.194650341856526,"2.5th percentile"
39.4835105527638,7.04791105527638,0.188735480748069,"2.5th percentile"
39.5681095477387,7.04791105527638,0.226628235947307,"2.5th percentile"
39.6527085427136,7.04791105527638,0.28181745391026,"2.5th percentile"
39.7373075376884,7.04791105527638,0.247323308304255,"2.5th percentile"
39.8219065326633,7.04791105527638,0.259546400619885,"2.5th percentile"
39.9065055276382,7.04791105527638,0.196955629653982,"2.5th percentile"
39.9911045226131,7.04791105527638,0.167317518859819,"2.5th percentile"
40.0757035175879,7.04791105527638,0.163791626444124,"2.5th percentile"
40.1603025125628,7.04791105527638,0.167090830733252,"2.5th percentile"
40.2449015075377,7.04791105527638,0.163354078161495,"2.5th percentile"
40.3295005025126,7.04791105527638,0.171014217565725,"2.5th percentile"
40.4140994974874,7.04791105527638,0.175634196391753,"2.5th percentile"
40.4986984924623,7.04791105527638,0.173862345631234,"2.5th percentile"
40.5832974874372,7.04791105527638,0.194650506747019,"2.5th percentile"
40.6678964824121,7.04791105527638,0.159424213706344,"2.5th percentile"
40.7524954773869,7.04791105527638,0.115407039211024,"2.5th percentile"
40.8370944723618,7.04791105527638,0.0815670142528141,"2.5th percentile"
40.9216934673367,7.04791105527638,0.0565288613419385,"2.5th percentile"
41.0062924623116,7.04791105527638,0.0386512482276658,"2.5th percentile"
41.0908914572864,7.04791105527638,0.0257622016148451,"2.5th percentile"
41.1754904522613,7.04791105527638,0.0178202505268309,"2.5th percentile"
41.2600894472362,7.04791105527638,0.0140002088490009,"2.5th percentile"
41.344688442211,7.04791105527638,0.0108055755428471,"2.5th percentile"
41.4292874371859,7.04791105527638,0.00838346237092076,"2.5th percentile"
41.5138864321608,7.04791105527638,0.00659939572803994,"2.5th percentile"
41.5984854271357,7.04791105527638,0.00508145880365519,"2.5th percentile"
41.6830844221106,7.04791105527638,0.00378866054884997,"2.5th percentile"
41.7676834170854,7.04791105527638,0.00293087297455261,"2.5th percentile"
41.8522824120603,7.04791105527638,0.00221671123793023,"2.5th percentile"
41.9368814070352,7.04791105527638,0.00201357009333304,"2.5th percentile"
42.02148040201,7.04791105527638,0.00131457742664995,"2.5th percentile"
42.1060793969849,7.04791105527638,0.00107738908488043,"2.5th percentile"
42.1906783919598,7.04791105527638,0.000742193921415778,"2.5th percentile"
42.2752773869347,7.04791105527638,0.000531473551861263,"2.5th percentile"
42.3598763819095,7.04791105527638,0.00039694975048764,"2.5th percentile"
42.4444753768844,7.04791105527638,0.000291055311330746,"2.5th percentile"
42.5290743718593,7.04791105527638,0.000219663018728471,"2.5th percentile"
42.6136733668342,7.04791105527638,0.000162695814941412,"2.5th percentile"
42.698272361809,7.04791105527638,0.000132571768142781,"2.5th percentile"
42.7828713567839,7.04791105527638,0.000107353137490681,"2.5th percentile"
42.8674703517588,7.04791105527638,7.38902032105036e-05,"2.5th percentile"
42.9520693467337,7.04791105527638,6.54590636785484e-05,"2.5th percentile"
43.0366683417085,7.04791105527638,4.16830454408425e-05,"2.5th percentile"
43.1212673366834,7.04791105527638,3.18377969828816e-05,"2.5th percentile"
43.2058663316583,7.04791105527638,2.37073217758397e-05,"2.5th percentile"
43.2904653266332,7.04791105527638,1.64799409578049e-05,"2.5th percentile"
43.375064321608,7.04791105527638,1.20958348925763e-05,"2.5th percentile"
43.4596633165829,7.04791105527638,8.9617224697462e-06,"2.5th percentile"
43.5442623115578,7.04791105527638,6.69681378688327e-06,"2.5th percentile"
43.6288613065327,7.04791105527638,4.98819212515311e-06,"2.5th percentile"
43.7134603015075,7.04791105527638,3.73273547736465e-06,"2.5th percentile"
43.7980592964824,7.04791105527638,2.76854895497164e-06,"2.5th percentile"
43.8826582914573,7.04791105527638,2.06506823954347e-06,"2.5th percentile"
43.9672572864322,7.04791105527638,1.54059991316599e-06,"2.5th percentile"
44.051856281407,7.04791105527638,1.14862065060679e-06,"2.5th percentile"
44.1364552763819,7.04791105527638,1.14090017882492e-06,"2.5th percentile"
44.2210542713568,7.04791105527638,6.37470576610359e-07,"2.5th percentile"
44.3056532663317,7.04791105527638,4.75980627431554e-07,"2.5th percentile"
44.3902522613065,7.04791105527638,3.55615848645457e-07,"2.5th percentile"
44.4748512562814,7.04791105527638,2.64495174549763e-07,"2.5th percentile"
44.5594502512563,7.04791105527638,2.02221324746959e-07,"2.5th percentile"
44.6440492462312,7.04791105527638,1.74585602626626e-07,"2.5th percentile"
44.728648241206,7.04791105527638,1.83568769522221e-07,"2.5th percentile"
44.8132472361809,7.04791105527638,1.90183334250689e-07,"2.5th percentile"
44.8978462311558,7.04791105527638,1.94147786052078e-07,"2.5th percentile"
44.9824452261307,7.04791105527638,1.95412530778466e-07,"2.5th percentile"
45.0670442211055,7.04791105527638,1.93581574169941e-07,"2.5th percentile"
45.1516432160804,7.04791105527638,1.8907341264085e-07,"2.5th percentile"
45.2362422110553,7.04791105527638,1.81993528559401e-07,"2.5th percentile"
45.3208412060302,7.04791105527638,1.72537713987175e-07,"2.5th percentile"
45.405440201005,7.04791105527638,1.61341876521844e-07,"2.5th percentile"
45.4900391959799,7.04791105527638,1.48573088402806e-07,"2.5th percentile"
45.5746381909548,7.04791105527638,1.36812585689847e-07,"2.5th percentile"
45.6592371859296,7.04791105527638,1.21549995098907e-07,"2.5th percentile"
45.7438361809045,7.04791105527638,1.06861917456117e-07,"2.5th percentile"
45.8284351758794,7.04791105527638,9.70199985446607e-08,"2.5th percentile"
45.9130341708543,7.04791105527638,8.01153572665448e-08,"2.5th percentile"
45.9976331658291,7.04791105527638,6.7971342496105e-08,"2.5th percentile"
46.082232160804,7.04791105527638,5.70288540090711e-08,"2.5th percentile"
46.1668311557789,7.04791105527638,4.72863468433638e-08,"2.5th percentile"
46.2514301507538,7.04791105527638,3.87721545577073e-08,"2.5th percentile"
46.3360291457286,7.04791105527638,3.15847821004711e-08,"2.5th percentile"
46.4206281407035,7.04791105527638,2.52833625619302e-08,"2.5th percentile"
46.5052271356784,7.04791105527638,2.01115742195068e-08,"2.5th percentile"
46.5898261306533,7.04791105527638,1.8205216671972e-08,"2.5th percentile"
46.6744251256281,7.04791105527638,1.97607013822225e-08,"2.5th percentile"
46.759024120603,7.04791105527638,1.94022946755917e-08,"2.5th percentile"
46.8436231155779,7.04791105527638,1.28721388303413e-08,"2.5th percentile"
34.1537738693467,7.11593768844221,0.90230118736664,"2.5th percentile"
34.2383728643216,7.11593768844221,0.888811675585282,"2.5th percentile"
34.3229718592965,7.11593768844221,0.844090097916855,"2.5th percentile"
34.4075708542714,7.11593768844221,0.796345229449155,"2.5th percentile"
34.4921698492462,7.11593768844221,0.71821874293918,"2.5th percentile"
34.5767688442211,7.11593768844221,0.651482840464403,"2.5th percentile"
34.661367839196,7.11593768844221,0.579147686456893,"2.5th percentile"
34.7459668341709,7.11593768844221,0.549628441544272,"2.5th percentile"
34.8305658291457,7.11593768844221,0.45297778291456,"2.5th percentile"
34.9151648241206,7.11593768844221,0.380577327103,"2.5th percentile"
34.9997638190955,7.11593768844221,0.311064941300489,"2.5th percentile"
35.0843628140704,7.11593768844221,0.281123418816582,"2.5th percentile"
35.1689618090452,7.11593768844221,0.284677592913181,"2.5th percentile"
35.2535608040201,7.11593768844221,0.287875174118753,"2.5th percentile"
35.338159798995,7.11593768844221,0.281162059885484,"2.5th percentile"
35.4227587939698,7.11593768844221,0.291721596696532,"2.5th percentile"
35.5073577889447,7.11593768844221,0.296181784554074,"2.5th percentile"
35.5919567839196,7.11593768844221,0.249184851905995,"2.5th percentile"
35.6765557788945,7.11593768844221,0.24666973085049,"2.5th percentile"
35.7611547738694,7.11593768844221,0.242505923894201,"2.5th percentile"
35.8457537688442,7.11593768844221,0.317576307203007,"2.5th percentile"
35.9303527638191,7.11593768844221,0.312996703340089,"2.5th percentile"
36.014951758794,7.11593768844221,0.30265543945827,"2.5th percentile"
36.0995507537688,7.11593768844221,0.303780515452179,"2.5th percentile"
36.1841497487437,7.11593768844221,0.290855826619214,"2.5th percentile"
36.2687487437186,7.11593768844221,0.323919217566424,"2.5th percentile"
36.3533477386935,7.11593768844221,0.307061533451056,"2.5th percentile"
36.4379467336683,7.11593768844221,0.294760986877554,"2.5th percentile"
36.5225457286432,7.11593768844221,0.30545661802305,"2.5th percentile"
36.6071447236181,7.11593768844221,0.300373557186967,"2.5th percentile"
36.691743718593,7.11593768844221,0.299301650685801,"2.5th percentile"
36.7763427135678,7.11593768844221,0.314667597562485,"2.5th percentile"
36.8609417085427,7.11593768844221,0.322849073981165,"2.5th percentile"
36.9455407035176,7.11593768844221,0.324999803117245,"2.5th percentile"
37.0301396984925,7.11593768844221,0.302906471586707,"2.5th percentile"
37.1147386934673,7.11593768844221,0.303698648792707,"2.5th percentile"
37.1993376884422,7.11593768844221,0.290986470667407,"2.5th percentile"
37.2839366834171,7.11593768844221,0.321015276507181,"2.5th percentile"
37.368535678392,7.11593768844221,0.333263735677688,"2.5th percentile"
37.4531346733668,7.11593768844221,0.394614102367865,"2.5th percentile"
37.5377336683417,7.11593768844221,0.319797004205141,"2.5th percentile"
37.6223326633166,7.11593768844221,0.257492800490641,"2.5th percentile"
37.7069316582915,7.11593768844221,0.228633836725148,"2.5th percentile"
37.7915306532663,7.11593768844221,0.208392517038698,"2.5th percentile"
37.8761296482412,7.11593768844221,0.203602701454202,"2.5th percentile"
37.9607286432161,7.11593768844221,0.194066809806606,"2.5th percentile"
38.045327638191,7.11593768844221,0.234737302709415,"2.5th percentile"
38.1299266331658,7.11593768844221,0.243652456462546,"2.5th percentile"
38.2145256281407,7.11593768844221,0.247068223157529,"2.5th percentile"
38.2991246231156,7.11593768844221,0.194308360695949,"2.5th percentile"
38.3837236180904,7.11593768844221,0.18057830917288,"2.5th percentile"
38.4683226130653,7.11593768844221,0.269542814129387,"2.5th percentile"
38.5529216080402,7.11593768844221,0.211754438118011,"2.5th percentile"
38.6375206030151,7.11593768844221,0.199092094065802,"2.5th percentile"
38.72211959799,7.11593768844221,0.175749034567371,"2.5th percentile"
38.8067185929648,7.11593768844221,0.14958907128628,"2.5th percentile"
38.8913175879397,7.11593768844221,0.158465719703554,"2.5th percentile"
38.9759165829146,7.11593768844221,0.220969653229156,"2.5th percentile"
39.0605155778894,7.11593768844221,0.197171150903239,"2.5th percentile"
39.1451145728643,7.11593768844221,0.181262555443034,"2.5th percentile"
39.2297135678392,7.11593768844221,0.176094698634667,"2.5th percentile"
39.3143125628141,7.11593768844221,0.222650984452576,"2.5th percentile"
39.3989115577889,7.11593768844221,0.223200437750081,"2.5th percentile"
39.4835105527638,7.11593768844221,0.188868056295516,"2.5th percentile"
39.5681095477387,7.11593768844221,0.199611306783537,"2.5th percentile"
39.6527085427136,7.11593768844221,0.231260670890653,"2.5th percentile"
39.7373075376884,7.11593768844221,0.268559240253638,"2.5th percentile"
39.8219065326633,7.11593768844221,0.232795929198737,"2.5th percentile"
39.9065055276382,7.11593768844221,0.185265891694019,"2.5th percentile"
39.9911045226131,7.11593768844221,0.162600204587834,"2.5th percentile"
40.0757035175879,7.11593768844221,0.1568435695311,"2.5th percentile"
40.1603025125628,7.11593768844221,0.162556621632143,"2.5th percentile"
40.2449015075377,7.11593768844221,0.170350262962293,"2.5th percentile"
40.3295005025126,7.11593768844221,0.172979977121214,"2.5th percentile"
40.4140994974874,7.11593768844221,0.170205902613546,"2.5th percentile"
40.4986984924623,7.11593768844221,0.177027574083418,"2.5th percentile"
40.5832974874372,7.11593768844221,0.1797633816365,"2.5th percentile"
40.6678964824121,7.11593768844221,0.158289884510321,"2.5th percentile"
40.7524954773869,7.11593768844221,0.120773460331825,"2.5th percentile"
40.8370944723618,7.11593768844221,0.0826080939036196,"2.5th percentile"
40.9216934673367,7.11593768844221,0.0572382891917275,"2.5th percentile"
41.0062924623116,7.11593768844221,0.0393339727367987,"2.5th percentile"
41.0908914572864,7.11593768844221,0.0257679816314044,"2.5th percentile"
41.1754904522613,7.11593768844221,0.0169232416359905,"2.5th percentile"
41.2600894472362,7.11593768844221,0.011326120366994,"2.5th percentile"
41.344688442211,7.11593768844221,0.00888634518816992,"2.5th percentile"
41.4292874371859,7.11593768844221,0.00697074249249794,"2.5th percentile"
41.5138864321608,7.11593768844221,0.00540989842353135,"2.5th percentile"
41.5984854271357,7.11593768844221,0.00422499145574187,"2.5th percentile"
41.6830844221106,7.11593768844221,0.00326478217219682,"2.5th percentile"
41.7676834170854,7.11593768844221,0.00243598667472846,"2.5th percentile"
41.8522824120603,7.11593768844221,0.00189869691955931,"2.5th percentile"
41.9368814070352,7.11593768844221,0.0014912473093506,"2.5th percentile"
42.02148040201,7.11593768844221,0.00133184090787034,"2.5th percentile"
42.1060793969849,7.11593768844221,0.000952512519497226,"2.5th percentile"
42.1906783919598,7.11593768844221,0.000643462753010302,"2.5th percentile"
42.2752773869347,7.11593768844221,0.000510004930169299,"2.5th percentile"
42.3598763819095,7.11593768844221,0.000343467586337953,"2.5th percentile"
42.4444753768844,7.11593768844221,0.000258724662371021,"2.5th percentile"
42.5290743718593,7.11593768844221,0.000195371735782887,"2.5th percentile"
42.6136733668342,7.11593768844221,0.00015135317930973,"2.5th percentile"
42.698272361809,7.11593768844221,0.000116514292508007,"2.5th percentile"
42.7828713567839,7.11593768844221,0.00011408494391075,"2.5th percentile"
42.8674703517588,7.11593768844221,7.77572171585074e-05,"2.5th percentile"
42.9520693467337,7.11593768844221,5.30409554194943e-05,"2.5th percentile"
43.0366683417085,7.11593768844221,3.87045812272686e-05,"2.5th percentile"
43.1212673366834,7.11593768844221,3.47443509973547e-05,"2.5th percentile"
43.2058663316583,7.11593768844221,2.15243148807846e-05,"2.5th percentile"
43.2904653266332,7.11593768844221,1.4809599450752e-05,"2.5th percentile"
43.375064321608,7.11593768844221,1.08477407096671e-05,"2.5th percentile"
43.4596633165829,7.11593768844221,8.10867526116599e-06,"2.5th percentile"
43.5442623115578,7.11593768844221,6.06969281668924e-06,"2.5th percentile"
43.6288613065327,7.11593768844221,4.5389329301972e-06,"2.5th percentile"
43.7134603015075,7.11593768844221,3.38506085965452e-06,"2.5th percentile"
43.7980592964824,7.11593768844221,2.52628546985032e-06,"2.5th percentile"
43.8826582914573,7.11593768844221,1.90077367333853e-06,"2.5th percentile"
43.9672572864322,7.11593768844221,1.40703102345708e-06,"2.5th percentile"
44.051856281407,7.11593768844221,1.29804775174408e-06,"2.5th percentile"
44.1364552763819,7.11593768844221,1.00918937748262e-06,"2.5th percentile"
44.2210542713568,7.11593768844221,6.37119129057434e-07,"2.5th percentile"
44.3056532663317,7.11593768844221,4.36389949029146e-07,"2.5th percentile"
44.3902522613065,7.11593768844221,3.25463980874924e-07,"2.5th percentile"
44.4748512562814,7.11593768844221,2.43018727657881e-07,"2.5th percentile"
44.5594502512563,7.11593768844221,1.80978174715671e-07,"2.5th percentile"
44.6440492462312,7.11593768844221,1.6919412387585e-07,"2.5th percentile"
44.728648241206,7.11593768844221,1.77615689724695e-07,"2.5th percentile"
44.8132472361809,7.11593768844221,1.83822755995012e-07,"2.5th percentile"
44.8978462311558,7.11593768844221,1.8740215268214e-07,"2.5th percentile"
44.9824452261307,7.11593768844221,1.88248688022027e-07,"2.5th percentile"
45.0670442211055,7.11593768844221,1.86348782988286e-07,"2.5th percentile"
45.1516432160804,7.11593768844221,1.81774514425546e-07,"2.5th percentile"
45.2362422110553,7.11593768844221,1.74767933147491e-07,"2.5th percentile"
45.3208412060302,7.11593768844221,1.65498137462565e-07,"2.5th percentile"
45.405440201005,7.11593768844221,1.544513336204e-07,"2.5th percentile"
45.4900391959799,7.11593768844221,1.42431588931991e-07,"2.5th percentile"
45.5746381909548,7.11593768844221,1.28906267808833e-07,"2.5th percentile"
45.6592371859296,7.11593768844221,1.15536782255041e-07,"2.5th percentile"
45.7438361809045,7.11593768844221,1.03007353042212e-07,"2.5th percentile"
45.8284351758794,7.11593768844221,9.27614387748705e-08,"2.5th percentile"
45.9130341708543,7.11593768844221,9.47922355442987e-08,"2.5th percentile"
45.9976331658291,7.11593768844221,6.48870678921478e-08,"2.5th percentile"
46.082232160804,7.11593768844221,5.44043827215883e-08,"2.5th percentile"
46.1668311557789,7.11593768844221,4.49605416429149e-08,"2.5th percentile"
46.2514301507538,7.11593768844221,3.67430058127791e-08,"2.5th percentile"
46.3360291457286,7.11593768844221,2.97471004718472e-08,"2.5th percentile"
46.4206281407035,7.11593768844221,2.42584390901711e-08,"2.5th percentile"
46.5052271356784,7.11593768844221,1.91082866978821e-08,"2.5th percentile"
46.5898261306533,7.11593768844221,1.88143700628712e-08,"2.5th percentile"
46.6744251256281,7.11593768844221,1.6324863938793e-08,"2.5th percentile"
46.759024120603,7.11593768844221,1.55243361702693e-08,"2.5th percentile"
46.8436231155779,7.11593768844221,1.84330086056464e-08,"2.5th percentile"
46.9282221105528,7.11593768844221,1.77774581134494e-08,"2.5th percentile"
34.1537738693467,7.18396432160804,0.893951552582811,"2.5th percentile"
34.2383728643216,7.18396432160804,0.866455969498581,"2.5th percentile"
34.3229718592965,7.18396432160804,0.835319232106147,"2.5th percentile"
34.4075708542714,7.18396432160804,0.776220750019557,"2.5th percentile"
34.4921698492462,7.18396432160804,0.740426628192499,"2.5th percentile"
34.5767688442211,7.18396432160804,0.63993896639353,"2.5th percentile"
34.661367839196,7.18396432160804,0.559081518314543,"2.5th percentile"
34.7459668341709,7.18396432160804,0.503723247629751,"2.5th percentile"
34.8305658291457,7.18396432160804,0.408873248738126,"2.5th percentile"
34.9151648241206,7.18396432160804,0.340233827826656,"2.5th percentile"
34.9997638190955,7.18396432160804,0.27820351807789,"2.5th percentile"
35.0843628140704,7.18396432160804,0.278687012424119,"2.5th percentile"
35.1689618090452,7.18396432160804,0.283058958193891,"2.5th percentile"
35.2535608040201,7.18396432160804,0.280888463385083,"2.5th percentile"
35.338159798995,7.18396432160804,0.27043638369026,"2.5th percentile"
35.4227587939698,7.18396432160804,0.262830082350944,"2.5th percentile"
35.5073577889447,7.18396432160804,0.284202294126853,"2.5th percentile"
35.5919567839196,7.18396432160804,0.263045993359334,"2.5th percentile"
35.6765557788945,7.18396432160804,0.271029317536615,"2.5th percentile"
35.7611547738694,7.18396432160804,0.273388804885205,"2.5th percentile"
35.8457537688442,7.18396432160804,0.257190896472749,"2.5th percentile"
35.9303527638191,7.18396432160804,0.291172217543754,"2.5th percentile"
36.014951758794,7.18396432160804,0.297739932278716,"2.5th percentile"
36.0995507537688,7.18396432160804,0.302710918295968,"2.5th percentile"
36.1841497487437,7.18396432160804,0.303504832160462,"2.5th percentile"
36.2687487437186,7.18396432160804,0.309086997104667,"2.5th percentile"
36.3533477386935,7.18396432160804,0.306342741249485,"2.5th percentile"
36.4379467336683,7.18396432160804,0.322630576474576,"2.5th percentile"
36.5225457286432,7.18396432160804,0.325008910674845,"2.5th percentile"
36.6071447236181,7.18396432160804,0.305863329658383,"2.5th percentile"
36.691743718593,7.18396432160804,0.310073561927263,"2.5th percentile"
36.7763427135678,7.18396432160804,0.318758495933705,"2.5th percentile"
36.8609417085427,7.18396432160804,0.337638750040723,"2.5th percentile"
36.9455407035176,7.18396432160804,0.328618053376811,"2.5th percentile"
37.0301396984925,7.18396432160804,0.335759418559518,"2.5th percentile"
37.1147386934673,7.18396432160804,0.33388394161298,"2.5th percentile"
37.1993376884422,7.18396432160804,0.319034150631635,"2.5th percentile"
37.2839366834171,7.18396432160804,0.237674187132063,"2.5th percentile"
37.368535678392,7.18396432160804,0.327530898868333,"2.5th percentile"
37.4531346733668,7.18396432160804,0.313697591624743,"2.5th percentile"
37.5377336683417,7.18396432160804,0.401970905645114,"2.5th percentile"
37.6223326633166,7.18396432160804,0.239986895535946,"2.5th percentile"
37.7069316582915,7.18396432160804,0.225300098181451,"2.5th percentile"
37.7915306532663,7.18396432160804,0.208606434796504,"2.5th percentile"
37.8761296482412,7.18396432160804,0.20743540987585,"2.5th percentile"
37.9607286432161,7.18396432160804,0.217002261644747,"2.5th percentile"
38.045327638191,7.18396432160804,0.221261498604239,"2.5th percentile"
38.1299266331658,7.18396432160804,0.248083708963924,"2.5th percentile"
38.2145256281407,7.18396432160804,0.233290237967576,"2.5th percentile"
38.2991246231156,7.18396432160804,0.304551223770907,"2.5th percentile"
38.3837236180904,7.18396432160804,0.272865917808654,"2.5th percentile"
38.4683226130653,7.18396432160804,0.221452255198211,"2.5th percentile"
38.5529216080402,7.18396432160804,0.211218679055608,"2.5th percentile"
38.6375206030151,7.18396432160804,0.206113272259072,"2.5th percentile"
38.72211959799,7.18396432160804,0.185900001837963,"2.5th percentile"
38.8067185929648,7.18396432160804,0.199396196173979,"2.5th percentile"
38.8913175879397,7.18396432160804,0.165434860227078,"2.5th percentile"
38.9759165829146,7.18396432160804,0.148876576211321,"2.5th percentile"
39.0605155778894,7.18396432160804,0.177979600973529,"2.5th percentile"
39.1451145728643,7.18396432160804,0.172817023544476,"2.5th percentile"
39.2297135678392,7.18396432160804,0.169214590263806,"2.5th percentile"
39.3143125628141,7.18396432160804,0.170445435148818,"2.5th percentile"
39.3989115577889,7.18396432160804,0.169538422750237,"2.5th percentile"
39.4835105527638,7.18396432160804,0.178224957600171,"2.5th percentile"
39.5681095477387,7.18396432160804,0.210884784464503,"2.5th percentile"
39.6527085427136,7.18396432160804,0.235847035640856,"2.5th percentile"
39.7373075376884,7.18396432160804,0.257835670337937,"2.5th percentile"
39.8219065326633,7.18396432160804,0.202227459551306,"2.5th percentile"
39.9065055276382,7.18396432160804,0.174112441683345,"2.5th percentile"
39.9911045226131,7.18396432160804,0.174383214168341,"2.5th percentile"
40.0757035175879,7.18396432160804,0.17026410905402,"2.5th percentile"
40.1603025125628,7.18396432160804,0.178372385503011,"2.5th percentile"
40.2449015075377,7.18396432160804,0.178790259543555,"2.5th percentile"
40.3295005025126,7.18396432160804,0.179800163922069,"2.5th percentile"
40.4140994974874,7.18396432160804,0.176240383276271,"2.5th percentile"
40.4986984924623,7.18396432160804,0.177372745109239,"2.5th percentile"
40.5832974874372,7.18396432160804,0.171425455467374,"2.5th percentile"
40.6678964824121,7.18396432160804,0.162566779861746,"2.5th percentile"
40.7524954773869,7.18396432160804,0.123088710214157,"2.5th percentile"
40.8370944723618,7.18396432160804,0.0842404935041797,"2.5th percentile"
40.9216934673367,7.18396432160804,0.0581204007309724,"2.5th percentile"
41.0062924623116,7.18396432160804,0.0391026959599351,"2.5th percentile"
41.0908914572864,7.18396432160804,0.0259389795483726,"2.5th percentile"
41.1754904522613,7.18396432160804,0.0182879276334846,"2.5th percentile"
41.2600894472362,7.18396432160804,0.0111087697753145,"2.5th percentile"
41.344688442211,7.18396432160804,0.00737316307686325,"2.5th percentile"
41.4292874371859,7.18396432160804,0.00572712008507951,"2.5th percentile"
41.5138864321608,7.18396432160804,0.0044756837269935,"2.5th percentile"
41.5984854271357,7.18396432160804,0.00349259134457195,"2.5th percentile"
41.6830844221106,7.18396432160804,0.00272019632102127,"2.5th percentile"
41.7676834170854,7.18396432160804,0.00209475962413694,"2.5th percentile"
41.8522824120603,7.18396432160804,0.00168749327387404,"2.5th percentile"
41.9368814070352,7.18396432160804,0.00125575423802204,"2.5th percentile"
42.02148040201,7.18396432160804,0.00109353527319947,"2.5th percentile"
42.1060793969849,7.18396432160804,0.000823258448142151,"2.5th percentile"
42.1906783919598,7.18396432160804,0.00057170826432299,"2.5th percentile"
42.2752773869347,7.18396432160804,0.000477600261318723,"2.5th percentile"
42.3598763819095,7.18396432160804,0.000308556782268873,"2.5th percentile"
42.4444753768844,7.18396432160804,0.000232834889712687,"2.5th percentile"
42.5290743718593,7.18396432160804,0.000172180148944523,"2.5th percentile"
42.6136733668342,7.18396432160804,0.00013070585799734,"2.5th percentile"
42.698272361809,7.18396432160804,9.88048997430257e-05,"2.5th percentile"
42.7828713567839,7.18396432160804,9.94977645237825e-05,"2.5th percentile"
42.8674703517588,7.18396432160804,7.5340413768937e-05,"2.5th percentile"
42.9520693467337,7.18396432160804,4.90844626084964e-05,"2.5th percentile"
43.0366683417085,7.18396432160804,3.98043410765124e-05,"2.5th percentile"
43.1212673366834,7.18396432160804,3.29882296503213e-05,"2.5th percentile"
43.2058663316583,7.18396432160804,2.4727951904737e-05,"2.5th percentile"
43.2904653266332,7.18396432160804,1.44704163211237e-05,"2.5th percentile"
43.375064321608,7.18396432160804,9.81099592987553e-06,"2.5th percentile"
43.4596633165829,7.18396432160804,7.46632947107275e-06,"2.5th percentile"
43.5442623115578,7.18396432160804,5.4679786980475e-06,"2.5th percentile"
43.6288613065327,7.18396432160804,4.09104958274085e-06,"2.5th percentile"
43.7134603015075,7.18396432160804,3.05873971424631e-06,"2.5th percentile"
43.7980592964824,7.18396432160804,2.29318364386761e-06,"2.5th percentile"
43.8826582914573,7.18396432160804,1.7087756859361e-06,"2.5th percentile"
43.9672572864322,7.18396432160804,1.28035850265423e-06,"2.5th percentile"
44.051856281407,7.18396432160804,9.537366677984e-07,"2.5th percentile"
44.1364552763819,7.18396432160804,9.04254587916628e-07,"2.5th percentile"
44.2210542713568,7.18396432160804,6.60089024696776e-07,"2.5th percentile"
44.3056532663317,7.18396432160804,4.10633785892384e-07,"2.5th percentile"
44.3902522613065,7.18396432160804,2.96879495595925e-07,"2.5th percentile"
44.4748512562814,7.18396432160804,2.21565947862498e-07,"2.5th percentile"
44.5594502512563,7.18396432160804,1.65336977425774e-07,"2.5th percentile"
44.6440492462312,7.18396432160804,1.63022319988617e-07,"2.5th percentile"
44.728648241206,7.18396432160804,1.70934514432172e-07,"2.5th percentile"
44.8132472361809,7.18396432160804,1.76608139638098e-07,"2.5th percentile"
44.8978462311558,7.18396432160804,1.79890122205781e-07,"2.5th percentile"
44.9824452261307,7.18396432160804,1.80452905721323e-07,"2.5th percentile"
45.0670442211055,7.18396432160804,1.78399957622791e-07,"2.5th percentile"
45.1516432160804,7.18396432160804,1.73773701238459e-07,"2.5th percentile"
45.2362422110553,7.18396432160804,1.66777880662557e-07,"2.5th percentile"
45.3208412060302,7.18396432160804,1.5773448145505e-07,"2.5th percentile"
45.405440201005,7.18396432160804,1.47085435748953e-07,"2.5th percentile"
45.4900391959799,7.18396432160804,1.36049061958498e-07,"2.5th percentile"
45.5746381909548,7.18396432160804,1.22475175887245e-07,"2.5th percentile"
45.6592371859296,7.18396432160804,1.09677445923802e-07,"2.5th percentile"
45.7438361809045,7.18396432160804,9.645293606636e-08,"2.5th percentile"
45.8284351758794,7.18396432160804,1.10027381608547e-07,"2.5th percentile"
45.9130341708543,7.18396432160804,8.30321301908584e-08,"2.5th percentile"
45.9976331658291,7.18396432160804,8.48082556529593e-08,"2.5th percentile"
46.082232160804,7.18396432160804,5.17732104255507e-08,"2.5th percentile"
46.1668311557789,7.18396432160804,4.54727730945783e-08,"2.5th percentile"
46.2514301507538,7.18396432160804,3.46536690603774e-08,"2.5th percentile"
46.3360291457286,7.18396432160804,2.83482926313912e-08,"2.5th percentile"
46.4206281407035,7.18396432160804,2.25360272034677e-08,"2.5th percentile"
46.5052271356784,7.18396432160804,2.03314952927178e-08,"2.5th percentile"
46.5898261306533,7.18396432160804,2.29463827719696e-08,"2.5th percentile"
46.6744251256281,7.18396432160804,2.07273771912337e-08,"2.5th percentile"
46.759024120603,7.18396432160804,1.69631790201501e-08,"2.5th percentile"
46.8436231155779,7.18396432160804,1.66574712260672e-08,"2.5th percentile"
46.9282221105528,7.18396432160804,1.75777416370145e-08,"2.5th percentile"
47.0128211055276,7.18396432160804,1.6387394037431e-08,"2.5th percentile"
34.0691748743719,7.25199095477387,0.864388959656913,"2.5th percentile"
34.1537738693467,7.25199095477387,0.871190514663934,"2.5th percentile"
34.2383728643216,7.25199095477387,0.850887856361259,"2.5th percentile"
34.3229718592965,7.25199095477387,0.805318243136145,"2.5th percentile"
34.4075708542714,7.25199095477387,0.751811948299741,"2.5th percentile"
34.4921698492462,7.25199095477387,0.655823899155534,"2.5th percentile"
34.5767688442211,7.25199095477387,0.598831599919583,"2.5th percentile"
34.661367839196,7.25199095477387,0.533099930292517,"2.5th percentile"
34.7459668341709,7.25199095477387,0.440650056653077,"2.5th percentile"
34.8305658291457,7.25199095477387,0.381973508128385,"2.5th percentile"
34.9151648241206,7.25199095477387,0.300292103805895,"2.5th percentile"
34.9997638190955,7.25199095477387,0.27849203625226,"2.5th percentile"
35.0843628140704,7.25199095477387,0.282779273577927,"2.5th percentile"
35.1689618090452,7.25199095477387,0.281258098364679,"2.5th percentile"
35.2535608040201,7.25199095477387,0.277974197287658,"2.5th percentile"
35.338159798995,7.25199095477387,0.26133948590033,"2.5th percentile"
35.4227587939698,7.25199095477387,0.275249433122913,"2.5th percentile"
35.5073577889447,7.25199095477387,0.291780064324478,"2.5th percentile"
35.5919567839196,7.25199095477387,0.302747368119353,"2.5th percentile"
35.6765557788945,7.25199095477387,0.302888719918371,"2.5th percentile"
35.7611547738694,7.25199095477387,0.300995373344001,"2.5th percentile"
35.8457537688442,7.25199095477387,0.268842463011836,"2.5th percentile"
35.9303527638191,7.25199095477387,0.282832131036317,"2.5th percentile"
36.014951758794,7.25199095477387,0.305281255849749,"2.5th percentile"
36.0995507537688,7.25199095477387,0.320411270813301,"2.5th percentile"
36.1841497487437,7.25199095477387,0.30681969318229,"2.5th percentile"
36.2687487437186,7.25199095477387,0.308286586997482,"2.5th percentile"
36.3533477386935,7.25199095477387,0.305737421132345,"2.5th percentile"
36.4379467336683,7.25199095477387,0.302555751562087,"2.5th percentile"
36.5225457286432,7.25199095477387,0.28869622957633,"2.5th percentile"
36.6071447236181,7.25199095477387,0.314886681876974,"2.5th percentile"
36.691743718593,7.25199095477387,0.315197817342727,"2.5th percentile"
36.7763427135678,7.25199095477387,0.320759830126407,"2.5th percentile"
36.8609417085427,7.25199095477387,0.325225680126331,"2.5th percentile"
36.9455407035176,7.25199095477387,0.347650055567322,"2.5th percentile"
37.0301396984925,7.25199095477387,0.331642529693386,"2.5th percentile"
37.1147386934673,7.25199095477387,0.346436142913821,"2.5th percentile"
37.1993376884422,7.25199095477387,0.356802977537001,"2.5th percentile"
37.2839366834171,7.25199095477387,0.312999808026806,"2.5th percentile"
37.368535678392,7.25199095477387,0.405805244777421,"2.5th percentile"
37.4531346733668,7.25199095477387,0.283379193920949,"2.5th percentile"
37.5377336683417,7.25199095477387,0.241961595950227,"2.5th percentile"
37.6223326633166,7.25199095477387,0.257139186508777,"2.5th percentile"
37.7069316582915,7.25199095477387,0.257879393910408,"2.5th percentile"
37.7915306532663,7.25199095477387,0.253505628814946,"2.5th percentile"
37.8761296482412,7.25199095477387,0.235092810747301,"2.5th percentile"
37.9607286432161,7.25199095477387,0.218640945115267,"2.5th percentile"
38.045327638191,7.25199095477387,0.223573246836835,"2.5th percentile"
38.1299266331658,7.25199095477387,0.23111779772342,"2.5th percentile"
38.2145256281407,7.25199095477387,0.226955334514908,"2.5th percentile"
38.2991246231156,7.25199095477387,0.221758046919287,"2.5th percentile"
38.3837236180904,7.25199095477387,0.230287172990621,"2.5th percentile"
38.4683226130653,7.25199095477387,0.218360167287142,"2.5th percentile"
38.5529216080402,7.25199095477387,0.206933902599589,"2.5th percentile"
38.6375206030151,7.25199095477387,0.213391133753296,"2.5th percentile"
38.72211959799,7.25199095477387,0.187551468624594,"2.5th percentile"
38.8067185929648,7.25199095477387,0.197044149539147,"2.5th percentile"
38.8913175879397,7.25199095477387,0.164763894602726,"2.5th percentile"
38.9759165829146,7.25199095477387,0.156099723972346,"2.5th percentile"
39.0605155778894,7.25199095477387,0.159556247104962,"2.5th percentile"
39.1451145728643,7.25199095477387,0.182332239003881,"2.5th percentile"
39.2297135678392,7.25199095477387,0.168551974921474,"2.5th percentile"
39.3143125628141,7.25199095477387,0.162327142379015,"2.5th percentile"
39.3989115577889,7.25199095477387,0.173158338572566,"2.5th percentile"
39.4835105527638,7.25199095477387,0.192250851515435,"2.5th percentile"
39.5681095477387,7.25199095477387,0.20525163827352,"2.5th percentile"
39.6527085427136,7.25199095477387,0.242225127711587,"2.5th percentile"
39.7373075376884,7.25199095477387,0.223875286818959,"2.5th percentile"
39.8219065326633,7.25199095477387,0.187235813847832,"2.5th percentile"
39.9065055276382,7.25199095477387,0.167346164402349,"2.5th percentile"
39.9911045226131,7.25199095477387,0.172456490841418,"2.5th percentile"
40.0757035175879,7.25199095477387,0.184665937048772,"2.5th percentile"
40.1603025125628,7.25199095477387,0.195563980053542,"2.5th percentile"
40.2449015075377,7.25199095477387,0.187130968231444,"2.5th percentile"
40.3295005025126,7.25199095477387,0.172782771331705,"2.5th percentile"
40.4140994974874,7.25199095477387,0.184402076698704,"2.5th percentile"
40.4986984924623,7.25199095477387,0.167720770449186,"2.5th percentile"
40.5832974874372,7.25199095477387,0.163602774252599,"2.5th percentile"
40.6678964824121,7.25199095477387,0.159673660572075,"2.5th percentile"
40.7524954773869,7.25199095477387,0.122923485305665,"2.5th percentile"
40.8370944723618,7.25199095477387,0.088307347127374,"2.5th percentile"
40.9216934673367,7.25199095477387,0.0603531749366485,"2.5th percentile"
41.0062924623116,7.25199095477387,0.0393815245949097,"2.5th percentile"
41.0908914572864,7.25199095477387,0.0256447282966336,"2.5th percentile"
41.1754904522613,7.25199095477387,0.0170279466780174,"2.5th percentile"
41.2600894472362,7.25199095477387,0.0132659866446466,"2.5th percentile"
41.344688442211,7.25199095477387,0.00757676250005467,"2.5th percentile"
41.4292874371859,7.25199095477387,0.0048067250078317,"2.5th percentile"
41.5138864321608,7.25199095477387,0.00368190025421899,"2.5th percentile"
41.5984854271357,7.25199095477387,0.00287179115587967,"2.5th percentile"
41.6830844221106,7.25199095477387,0.00225386772137584,"2.5th percentile"
41.7676834170854,7.25199095477387,0.00172771450299621,"2.5th percentile"
41.8522824120603,7.25199095477387,0.0013301067821986,"2.5th percentile"
41.9368814070352,7.25199095477387,0.00108583585781366,"2.5th percentile"
42.02148040201,7.25199095477387,0.000824772358177344,"2.5th percentile"
42.1060793969849,7.25199095477387,0.000628304608573649,"2.5th percentile"
42.1906783919598,7.25199095477387,0.000517562941283478,"2.5th percentile"
42.2752773869347,7.25199095477387,0.0003691778725573,"2.5th percentile"
42.3598763819095,7.25199095477387,0.000296370248110835,"2.5th percentile"
42.4444753768844,7.25199095477387,0.000198525184915919,"2.5th percentile"
42.5290743718593,7.25199095477387,0.000150395381630659,"2.5th percentile"
42.6136733668342,7.25199095477387,0.000115338668764959,"2.5th percentile"
42.698272361809,7.25199095477387,8.6507341455965e-05,"2.5th percentile"
42.7828713567839,7.25199095477387,8.06477308299155e-05,"2.5th percentile"
42.8674703517588,7.25199095477387,6.24861890030945e-05,"2.5th percentile"
42.9520693467337,7.25199095477387,4.36418640283874e-05,"2.5th percentile"
43.0366683417085,7.25199095477387,3.1087197444179e-05,"2.5th percentile"
43.1212673366834,7.25199095477387,2.95217120808932e-05,"2.5th percentile"
43.2058663316583,7.25199095477387,1.8927770888462e-05,"2.5th percentile"
43.2904653266332,7.25199095477387,1.40261494518558e-05,"2.5th percentile"
43.375064321608,7.25199095477387,8.97840252920341e-06,"2.5th percentile"
43.4596633165829,7.25199095477387,6.59250593290046e-06,"2.5th percentile"
43.5442623115578,7.25199095477387,5.01004098611376e-06,"2.5th percentile"
43.6288613065327,7.25199095477387,3.68929990592726e-06,"2.5th percentile"
43.7134603015075,7.25199095477387,2.76047311791755e-06,"2.5th percentile"
43.7980592964824,7.25199095477387,2.09620292873065e-06,"2.5th percentile"
43.8826582914573,7.25199095477387,1.54419002510729e-06,"2.5th percentile"
43.9672572864322,7.25199095477387,1.15127648266932e-06,"2.5th percentile"
44.051856281407,7.25199095477387,1.22466577047687e-06,"2.5th percentile"
44.1364552763819,7.25199095477387,6.48474718114974e-07,"2.5th percentile"
44.2210542713568,7.25199095477387,4.82206412816927e-07,"2.5th percentile"
44.3056532663317,7.25199095477387,3.63710913651529e-07,"2.5th percentile"
44.3902522613065,7.25199095477387,2.69316129659897e-07,"2.5th percentile"
44.4748512562814,7.25199095477387,2.01131017225602e-07,"2.5th percentile"
44.5594502512563,7.25199095477387,1.50259490451953e-07,"2.5th percentile"
44.6440492462312,7.25199095477387,1.56211051100881e-07,"2.5th percentile"
44.728648241206,7.25199095477387,1.63612908947988e-07,"2.5th percentile"
44.8132472361809,7.25199095477387,1.68780468399227e-07,"2.5th percentile"
44.8978462311558,7.25199095477387,1.71694685842439e-07,"2.5th percentile"
44.9824452261307,7.25199095477387,1.72034308125561e-07,"2.5th percentile"
45.0670442211055,7.25199095477387,1.69821412975556e-07,"2.5th percentile"
45.1516432160804,7.25199095477387,1.65266349307139e-07,"2.5th percentile"
45.2362422110553,7.25199095477387,1.58341872111384e-07,"2.5th percentile"
45.3208412060302,7.25199095477387,1.49747556410426e-07,"2.5th percentile"
45.405440201005,7.25199095477387,1.39389339269916e-07,"2.5th percentile"
45.4900391959799,7.25199095477387,1.27937983701357e-07,"2.5th percentile"
45.5746381909548,7.25199095477387,1.15904662792591e-07,"2.5th percentile"
45.6592371859296,7.25199095477387,1.10746292335867e-07,"2.5th percentile"
45.7438361809045,7.25199095477387,1.03194548598112e-07,"2.5th percentile"
45.8284351758794,7.25199095477387,8.06764251675614e-08,"2.5th percentile"
45.9130341708543,7.25199095477387,7.00657892579299e-08,"2.5th percentile"
45.9976331658291,7.25199095477387,7.52596765827663e-08,"2.5th percentile"
46.082232160804,7.25199095477387,4.86878214265977e-08,"2.5th percentile"
46.1668311557789,7.25199095477387,3.97557156080012e-08,"2.5th percentile"
46.2514301507538,7.25199095477387,3.33183205993539e-08,"2.5th percentile"
46.3360291457286,7.25199095477387,2.63295577457196e-08,"2.5th percentile"
46.4206281407035,7.25199095477387,2.56282998060082e-08,"2.5th percentile"
46.5052271356784,7.25199095477387,2.3041110521888e-08,"2.5th percentile"
46.5898261306533,7.25199095477387,2.20109104168281e-08,"2.5th percentile"
46.6744251256281,7.25199095477387,1.99273756719101e-08,"2.5th percentile"
46.759024120603,7.25199095477387,1.89550765879745e-08,"2.5th percentile"
46.8436231155779,7.25199095477387,1.70846316446749e-08,"2.5th percentile"
46.9282221105528,7.25199095477387,1.78002426104031e-08,"2.5th percentile"
47.0128211055276,7.25199095477387,1.51403081853777e-08,"2.5th percentile"
33.984575879397,7.3200175879397,0.579431690473859,"2.5th percentile"
34.0691748743719,7.3200175879397,0.738475155671382,"2.5th percentile"
34.1537738693467,7.3200175879397,0.850466298559193,"2.5th percentile"
34.2383728643216,7.3200175879397,0.822750026955773,"2.5th percentile"
34.3229718592965,7.3200175879397,0.785547917166587,"2.5th percentile"
34.4075708542714,7.3200175879397,0.723718403046717,"2.5th percentile"
34.4921698492462,7.3200175879397,0.612003192617717,"2.5th percentile"
34.5767688442211,7.3200175879397,0.538463650054657,"2.5th percentile"
34.661367839196,7.3200175879397,0.462833490642492,"2.5th percentile"
34.7459668341709,7.3200175879397,0.39983258265282,"2.5th percentile"
34.8305658291457,7.3200175879397,0.329781254534376,"2.5th percentile"
34.9151648241206,7.3200175879397,0.275084086971716,"2.5th percentile"
34.9997638190955,7.3200175879397,0.278399144445139,"2.5th percentile"
35.0843628140704,7.3200175879397,0.280751484473114,"2.5th percentile"
35.1689618090452,7.3200175879397,0.28141971923176,"2.5th percentile"
35.2535608040201,7.3200175879397,0.278082826789261,"2.5th percentile"
35.338159798995,7.3200175879397,0.260797026247208,"2.5th percentile"
35.4227587939698,7.3200175879397,0.269781211627664,"2.5th percentile"
35.5073577889447,7.3200175879397,0.283407351895297,"2.5th percentile"
35.5919567839196,7.3200175879397,0.291782342088986,"2.5th percentile"
35.6765557788945,7.3200175879397,0.278830424899612,"2.5th percentile"
35.7611547738694,7.3200175879397,0.279988076391661,"2.5th percentile"
35.8457537688442,7.3200175879397,0.266257603904741,"2.5th percentile"
35.9303527638191,7.3200175879397,0.280873486816435,"2.5th percentile"
36.014951758794,7.3200175879397,0.304713175133431,"2.5th percentile"
36.0995507537688,7.3200175879397,0.300456335427119,"2.5th percentile"
36.1841497487437,7.3200175879397,0.301888284755155,"2.5th percentile"
36.2687487437186,7.3200175879397,0.310157531052026,"2.5th percentile"
36.3533477386935,7.3200175879397,0.309788428258546,"2.5th percentile"
36.4379467336683,7.3200175879397,0.315177268624644,"2.5th percentile"
36.5225457286432,7.3200175879397,0.300336843898152,"2.5th percentile"
36.6071447236181,7.3200175879397,0.318693627309966,"2.5th percentile"
36.691743718593,7.3200175879397,0.312151998970546,"2.5th percentile"
36.7763427135678,7.3200175879397,0.334870643020816,"2.5th percentile"
36.8609417085427,7.3200175879397,0.317959473051074,"2.5th percentile"
36.9455407035176,7.3200175879397,0.328305481761502,"2.5th percentile"
37.0301396984925,7.3200175879397,0.342569646136785,"2.5th percentile"
37.1147386934673,7.3200175879397,0.348331398960527,"2.5th percentile"
37.1993376884422,7.3200175879397,0.344708642411259,"2.5th percentile"
37.2839366834171,7.3200175879397,0.301693161388665,"2.5th percentile"
37.368535678392,7.3200175879397,0.371146052369707,"2.5th percentile"
37.4531346733668,7.3200175879397,0.282140536991699,"2.5th percentile"
37.5377336683417,7.3200175879397,0.245293579206497,"2.5th percentile"
37.6223326633166,7.3200175879397,0.261212467035192,"2.5th percentile"
37.7069316582915,7.3200175879397,0.259151935987612,"2.5th percentile"
37.7915306532663,7.3200175879397,0.257202928681498,"2.5th percentile"
37.8761296482412,7.3200175879397,0.236538978550502,"2.5th percentile"
37.9607286432161,7.3200175879397,0.214478768687474,"2.5th percentile"
38.045327638191,7.3200175879397,0.225977138882403,"2.5th percentile"
38.1299266331658,7.3200175879397,0.231201785022531,"2.5th percentile"
38.2145256281407,7.3200175879397,0.227221068011895,"2.5th percentile"
38.2991246231156,7.3200175879397,0.222606416610019,"2.5th percentile"
38.3837236180904,7.3200175879397,0.227911940875268,"2.5th percentile"
38.4683226130653,7.3200175879397,0.220315599094915,"2.5th percentile"
38.5529216080402,7.3200175879397,0.208719882703468,"2.5th percentile"
38.6375206030151,7.3200175879397,0.215599553773857,"2.5th percentile"
38.72211959799,7.3200175879397,0.188005988761524,"2.5th percentile"
38.8067185929648,7.3200175879397,0.18792470040251,"2.5th percentile"
38.8913175879397,7.3200175879397,0.164438495102488,"2.5th percentile"
38.9759165829146,7.3200175879397,0.158925269180145,"2.5th percentile"
39.0605155778894,7.3200175879397,0.170700164064338,"2.5th percentile"
39.1451145728643,7.3200175879397,0.192438824438788,"2.5th percentile"
39.2297135678392,7.3200175879397,0.173513086320085,"2.5th percentile"
39.3143125628141,7.3200175879397,0.167149841876669,"2.5th percentile"
39.3989115577889,7.3200175879397,0.17780289896393,"2.5th percentile"
39.4835105527638,7.3200175879397,0.185081553954411,"2.5th percentile"
39.5681095477387,7.3200175879397,0.208097058115218,"2.5th percentile"
39.6527085427136,7.3200175879397,0.222057969344424,"2.5th percentile"
39.7373075376884,7.3200175879397,0.227257519437609,"2.5th percentile"
39.8219065326633,7.3200175879397,0.184307127290228,"2.5th percentile"
39.9065055276382,7.3200175879397,0.171249742351032,"2.5th percentile"
39.9911045226131,7.3200175879397,0.178014058205865,"2.5th percentile"
40.0757035175879,7.3200175879397,0.210357051936645,"2.5th percentile"
40.1603025125628,7.3200175879397,0.197665484731527,"2.5th percentile"
40.2449015075377,7.3200175879397,0.197503511079891,"2.5th percentile"
40.3295005025126,7.3200175879397,0.177333052242613,"2.5th percentile"
40.4140994974874,7.3200175879397,0.192006190666833,"2.5th percentile"
40.4986984924623,7.3200175879397,0.170377309371868,"2.5th percentile"
40.5832974874372,7.3200175879397,0.168073415885124,"2.5th percentile"
40.6678964824121,7.3200175879397,0.159502720094155,"2.5th percentile"
40.7524954773869,7.3200175879397,0.121382221999699,"2.5th percentile"
40.8370944723618,7.3200175879397,0.0860624550335237,"2.5th percentile"
40.9216934673367,7.3200175879397,0.0578546385926556,"2.5th percentile"
41.0062924623116,7.3200175879397,0.0419131285622875,"2.5th percentile"
41.0908914572864,7.3200175879397,0.027560236982331,"2.5th percentile"
41.1754904522613,7.3200175879397,0.0177273922470428,"2.5th percentile"
41.2600894472362,7.3200175879397,0.0116863771772733,"2.5th percentile"
41.344688442211,7.3200175879397,0.00730307897391328,"2.5th percentile"
41.4292874371859,7.3200175879397,0.00487512973068319,"2.5th percentile"
41.5138864321608,7.3200175879397,0.00321550083955389,"2.5th percentile"
41.5984854271357,7.3200175879397,0.00233056166916184,"2.5th percentile"
41.6830844221106,7.3200175879397,0.00184398030943964,"2.5th percentile"
41.7676834170854,7.3200175879397,0.00142955392187699,"2.5th percentile"
41.8522824120603,7.3200175879397,0.00115533080658598,"2.5th percentile"
41.9368814070352,7.3200175879397,0.000856998538438552,"2.5th percentile"
42.02148040201,7.3200175879397,0.000673657159833343,"2.5th percentile"
42.1060793969849,7.3200175879397,0.000511822912522589,"2.5th percentile"
42.1906783919598,7.3200175879397,0.00043279369594348,"2.5th percentile"
42.2752773869347,7.3200175879397,0.000318026736443586,"2.5th percentile"
42.3598763819095,7.3200175879397,0.000274527206406396,"2.5th percentile"
42.4444753768844,7.3200175879397,0.000212837153925761,"2.5th percentile"
42.5290743718593,7.3200175879397,0.000161282720319042,"2.5th percentile"
42.6136733668342,7.3200175879397,0.000102333303813239,"2.5th percentile"
42.698272361809,7.3200175879397,8.726278345904e-05,"2.5th percentile"
42.7828713567839,7.3200175879397,5.73256294033079e-05,"2.5th percentile"
42.8674703517588,7.3200175879397,5.47957148980474e-05,"2.5th percentile"
42.9520693467337,7.3200175879397,4.0994109871462e-05,"2.5th percentile"
43.0366683417085,7.3200175879397,2.72162436736156e-05,"2.5th percentile"
43.1212673366834,7.3200175879397,2.49235580875856e-05,"2.5th percentile"
43.2058663316583,7.3200175879397,1.56296226617105e-05,"2.5th percentile"
43.2904653266332,7.3200175879397,1.4686872850877e-05,"2.5th percentile"
43.375064321608,7.3200175879397,7.82186506365328e-06,"2.5th percentile"
43.4596633165829,7.3200175879397,5.8159656923987e-06,"2.5th percentile"
43.5442623115578,7.3200175879397,4.41208183528226e-06,"2.5th percentile"
43.6288613065327,7.3200175879397,3.46296115329032e-06,"2.5th percentile"
43.7134603015075,7.3200175879397,2.53780373466693e-06,"2.5th percentile"
43.7980592964824,7.3200175879397,1.87722726027495e-06,"2.5th percentile"
43.8826582914573,7.3200175879397,1.37907352813903e-06,"2.5th percentile"
43.9672572864322,7.3200175879397,1.47867074275109e-06,"2.5th percentile"
44.051856281407,7.3200175879397,7.77746020804318e-07,"2.5th percentile"
44.1364552763819,7.3200175879397,6.01399357410865e-07,"2.5th percentile"
44.2210542713568,7.3200175879397,4.85400675476466e-07,"2.5th percentile"
44.3056532663317,7.3200175879397,3.29555851285159e-07,"2.5th percentile"
44.3902522613065,7.3200175879397,2.48677091742738e-07,"2.5th percentile"
44.4748512562814,7.3200175879397,1.81640631365853e-07,"2.5th percentile"
44.5594502512563,7.3200175879397,1.40337988304322e-07,"2.5th percentile"
44.6440492462312,7.3200175879397,1.48871560403303e-07,"2.5th percentile"
44.728648241206,7.3200175879397,1.55642056898577e-07,"2.5th percentile"
44.8132472361809,7.3200175879397,1.60628584573847e-07,"2.5th percentile"
44.8978462311558,7.3200175879397,1.63447574977148e-07,"2.5th percentile"
44.9824452261307,7.3200175879397,1.63062514798601e-07,"2.5th percentile"
45.0670442211055,7.3200175879397,1.6075592429393e-07,"2.5th percentile"
45.1516432160804,7.3200175879397,1.56172683517874e-07,"2.5th percentile"
45.2362422110553,7.3200175879397,1.49593469564194e-07,"2.5th percentile"
45.3208412060302,7.3200175879397,1.4391683362826e-07,"2.5th percentile"
45.405440201005,7.3200175879397,1.31281564643583e-07,"2.5th percentile"
45.4900391959799,7.3200175879397,1.20389703267135e-07,"2.5th percentile"
45.5746381909548,7.3200175879397,1.09300560883537e-07,"2.5th percentile"
45.6592371859296,7.3200175879397,9.77856947362401e-08,"2.5th percentile"
45.7438361809045,7.3200175879397,8.54305969228951e-08,"2.5th percentile"
45.8284351758794,7.3200175879397,8.92254508734738e-08,"2.5th percentile"
45.9130341708543,7.3200175879397,7.20157217319477e-08,"2.5th percentile"
45.9976331658291,7.3200175879397,5.40747509513626e-08,"2.5th percentile"
46.082232160804,7.3200175879397,4.81626832221334e-08,"2.5th percentile"
46.1668311557789,7.3200175879397,3.71744279920071e-08,"2.5th percentile"
46.2514301507538,7.3200175879397,3.03712795058743e-08,"2.5th percentile"
46.3360291457286,7.3200175879397,2.70111479088994e-08,"2.5th percentile"
46.4206281407035,7.3200175879397,3.40306193093842e-08,"2.5th percentile"
46.5052271356784,7.3200175879397,2.87817053184147e-08,"2.5th percentile"
46.5898261306533,7.3200175879397,2.34343673025976e-08,"2.5th percentile"
46.6744251256281,7.3200175879397,2.48301012992136e-08,"2.5th percentile"
46.759024120603,7.3200175879397,2.17220448240834e-08,"2.5th percentile"
46.8436231155779,7.3200175879397,1.88015918170938e-08,"2.5th percentile"
46.9282221105528,7.3200175879397,1.77880906235114e-08,"2.5th percentile"
47.0128211055276,7.3200175879397,1.54004418591225e-08,"2.5th percentile"
47.0974201005025,7.3200175879397,1.39870870601908e-08,"2.5th percentile"
33.984575879397,7.38804422110553,0.375505361083391,"2.5th percentile"
34.0691748743719,7.38804422110553,0.580098475438317,"2.5th percentile"
34.1537738693467,7.38804422110553,0.757162460923423,"2.5th percentile"
34.2383728643216,7.38804422110553,0.800694151300738,"2.5th percentile"
34.3229718592965,7.38804422110553,0.755519123362214,"2.5th percentile"
34.4075708542714,7.38804422110553,0.677823214619703,"2.5th percentile"
34.4921698492462,7.38804422110553,0.620744146729465,"2.5th percentile"
34.5767688442211,7.38804422110553,0.497803868966246,"2.5th percentile"
34.661367839196,7.38804422110553,0.421995008352143,"2.5th percentile"
34.7459668341709,7.38804422110553,0.357457129316823,"2.5th percentile"
34.8305658291457,7.38804422110553,0.291164808887116,"2.5th percentile"
34.9151648241206,7.38804422110553,0.275217814755276,"2.5th percentile"
34.9997638190955,7.38804422110553,0.278364513686229,"2.5th percentile"
35.0843628140704,7.38804422110553,0.281582496574706,"2.5th percentile"
35.1689618090452,7.38804422110553,0.283759182326958,"2.5th percentile"
35.2535608040201,7.38804422110553,0.284300790973719,"2.5th percentile"
35.338159798995,7.38804422110553,0.281391897701377,"2.5th percentile"
35.4227587939698,7.38804422110553,0.289644487030437,"2.5th percentile"
35.5073577889447,7.38804422110553,0.290901443091545,"2.5th percentile"
35.5919567839196,7.38804422110553,0.292041960803357,"2.5th percentile"
35.6765557788945,7.38804422110553,0.29417617872241,"2.5th percentile"
35.7611547738694,7.38804422110553,0.296960763402494,"2.5th percentile"
35.8457537688442,7.38804422110553,0.288254774719147,"2.5th percentile"
35.9303527638191,7.38804422110553,0.292318397010586,"2.5th percentile"
36.014951758794,7.38804422110553,0.295552871062075,"2.5th percentile"
36.0995507537688,7.38804422110553,0.305421332957279,"2.5th percentile"
36.1841497487437,7.38804422110553,0.281711378179048,"2.5th percentile"
36.2687487437186,7.38804422110553,0.270250558142086,"2.5th percentile"
36.3533477386935,7.38804422110553,0.300388391402679,"2.5th percentile"
36.4379467336683,7.38804422110553,0.308307021015537,"2.5th percentile"
36.5225457286432,7.38804422110553,0.325133834616058,"2.5th percentile"
36.6071447236181,7.38804422110553,0.34056664764629,"2.5th percentile"
36.691743718593,7.38804422110553,0.336703541638498,"2.5th percentile"
36.7763427135678,7.38804422110553,0.296871273139525,"2.5th percentile"
36.8609417085427,7.38804422110553,0.262756551816593,"2.5th percentile"
36.9455407035176,7.38804422110553,0.288772804978726,"2.5th percentile"
37.0301396984925,7.38804422110553,0.262856902069108,"2.5th percentile"
37.1147386934673,7.38804422110553,0.314086652748577,"2.5th percentile"
37.1993376884422,7.38804422110553,0.349709341327979,"2.5th percentile"
37.2839366834171,7.38804422110553,0.364124800944019,"2.5th percentile"
37.368535678392,7.38804422110553,0.383348218191499,"2.5th percentile"
37.4531346733668,7.38804422110553,0.333921472411788,"2.5th percentile"
37.5377336683417,7.38804422110553,0.280389281332868,"2.5th percentile"
37.6223326633166,7.38804422110553,0.261944238501305,"2.5th percentile"
37.7069316582915,7.38804422110553,0.256830455351051,"2.5th percentile"
37.7915306532663,7.38804422110553,0.245749249706442,"2.5th percentile"
37.8761296482412,7.38804422110553,0.196704630378807,"2.5th percentile"
37.9607286432161,7.38804422110553,0.227951142395146,"2.5th percentile"
38.045327638191,7.38804422110553,0.229191837917366,"2.5th percentile"
38.1299266331658,7.38804422110553,0.247442769811869,"2.5th percentile"
38.2145256281407,7.38804422110553,0.238174029383013,"2.5th percentile"
38.2991246231156,7.38804422110553,0.232675123971042,"2.5th percentile"
38.3837236180904,7.38804422110553,0.26800695278975,"2.5th percentile"
38.4683226130653,7.38804422110553,0.280548600349103,"2.5th percentile"
38.5529216080402,7.38804422110553,0.328607285286883,"2.5th percentile"
38.6375206030151,7.38804422110553,0.306829790065835,"2.5th percentile"
38.72211959799,7.38804422110553,0.229880119208088,"2.5th percentile"
38.8067185929648,7.38804422110553,0.183160755074903,"2.5th percentile"
38.8913175879397,7.38804422110553,0.227981078921932,"2.5th percentile"
38.9759165829146,7.38804422110553,0.235553047962425,"2.5th percentile"
39.0605155778894,7.38804422110553,0.192477825353411,"2.5th percentile"
39.1451145728643,7.38804422110553,0.281879827750317,"2.5th percentile"
39.2297135678392,7.38804422110553,0.199503085221124,"2.5th percentile"
39.3143125628141,7.38804422110553,0.198136794445392,"2.5th percentile"
39.3989115577889,7.38804422110553,0.192843340849697,"2.5th percentile"
39.4835105527638,7.38804422110553,0.186264484700589,"2.5th percentile"
39.5681095477387,7.38804422110553,0.215363108411678,"2.5th percentile"
39.6527085427136,7.38804422110553,0.246488282530916,"2.5th percentile"
39.7373075376884,7.38804422110553,0.237331897922993,"2.5th percentile"
39.8219065326633,7.38804422110553,0.222299337077109,"2.5th percentile"
39.9065055276382,7.38804422110553,0.20027906630194,"2.5th percentile"
39.9911045226131,7.38804422110553,0.195898528377838,"2.5th percentile"
40.0757035175879,7.38804422110553,0.197492982940523,"2.5th percentile"
40.1603025125628,7.38804422110553,0.19717825418658,"2.5th percentile"
40.2449015075377,7.38804422110553,0.181640799940583,"2.5th percentile"
40.3295005025126,7.38804422110553,0.200474575921454,"2.5th percentile"
40.4140994974874,7.38804422110553,0.201768434099317,"2.5th percentile"
40.4986984924623,7.38804422110553,0.173462474716586,"2.5th percentile"
40.5832974874372,7.38804422110553,0.166054592974226,"2.5th percentile"
40.6678964824121,7.38804422110553,0.165260098305334,"2.5th percentile"
40.7524954773869,7.38804422110553,0.124164188903885,"2.5th percentile"
40.8370944723618,7.38804422110553,0.0853597458104241,"2.5th percentile"
40.9216934673367,7.38804422110553,0.0680908186125949,"2.5th percentile"
41.0062924623116,7.38804422110553,0.038650728103385,"2.5th percentile"
41.0908914572864,7.38804422110553,0.0309531631865419,"2.5th percentile"
41.1754904522613,7.38804422110553,0.0171430156417568,"2.5th percentile"
41.2600894472362,7.38804422110553,0.0111555823658252,"2.5th percentile"
41.344688442211,7.38804422110553,0.00740484128684238,"2.5th percentile"
41.4292874371859,7.38804422110553,0.00481838841768172,"2.5th percentile"
41.5138864321608,7.38804422110553,0.00315105410599155,"2.5th percentile"
41.5984854271357,7.38804422110553,0.00204791920723897,"2.5th percentile"
41.6830844221106,7.38804422110553,0.00149320794874515,"2.5th percentile"
41.7676834170854,7.38804422110553,0.00147072213220217,"2.5th percentile"
41.8522824120603,7.38804422110553,0.00091340550414667,"2.5th percentile"
41.9368814070352,7.38804422110553,0.000709519119924491,"2.5th percentile"
42.02148040201,7.38804422110553,0.000563808941687498,"2.5th percentile"
42.1060793969849,7.38804422110553,0.00045075351889887,"2.5th percentile"
42.1906783919598,7.38804422110553,0.000329640615014954,"2.5th percentile"
42.2752773869347,7.38804422110553,0.00026781700525852,"2.5th percentile"
42.3598763819095,7.38804422110553,0.00019645975041247,"2.5th percentile"
42.4444753768844,7.38804422110553,0.000181791663311575,"2.5th percentile"
42.5290743718593,7.38804422110553,0.000138718573019295,"2.5th percentile"
42.6136733668342,7.38804422110553,0.000120990760532018,"2.5th percentile"
42.698272361809,7.38804422110553,9.01144707334937e-05,"2.5th percentile"
42.7828713567839,7.38804422110553,5.07633516256747e-05,"2.5th percentile"
42.8674703517588,7.38804422110553,4.08323621277502e-05,"2.5th percentile"
42.9520693467337,7.38804422110553,2.89462305060505e-05,"2.5th percentile"
43.0366683417085,7.38804422110553,2.27677418146269e-05,"2.5th percentile"
43.1212673366834,7.38804422110553,2.21865785716064e-05,"2.5th percentile"
43.2058663316583,7.38804422110553,1.22210156466069e-05,"2.5th percentile"
43.2904653266332,7.38804422110553,1.0361254464804e-05,"2.5th percentile"
43.375064321608,7.38804422110553,6.92613348695916e-06,"2.5th percentile"
43.4596633165829,7.38804422110553,5.17439988259658e-06,"2.5th percentile"
43.5442623115578,7.38804422110553,3.91753125197167e-06,"2.5th percentile"
43.6288613065327,7.38804422110553,3.13576820347805e-06,"2.5th percentile"
43.7134603015075,7.38804422110553,2.19051283031735e-06,"2.5th percentile"
43.7980592964824,7.38804422110553,1.65013835864612e-06,"2.5th percentile"
43.8826582914573,7.38804422110553,1.69061355525776e-06,"2.5th percentile"
43.9672572864322,7.38804422110553,1.05728667895277e-06,"2.5th percentile"
44.051856281407,7.38804422110553,7.88574170220967e-07,"2.5th percentile"
44.1364552763819,7.38804422110553,5.75695402357955e-07,"2.5th percentile"
44.2210542713568,7.38804422110553,4.3676602154829e-07,"2.5th percentile"
44.3056532663317,7.38804422110553,3.08645038357075e-07,"2.5th percentile"
44.3902522613065,7.38804422110553,2.46528384066806e-07,"2.5th percentile"
44.4748512562814,7.38804422110553,1.63565649238738e-07,"2.5th percentile"
44.5594502512563,7.38804422110553,1.33199602475334e-07,"2.5th percentile"
44.6440492462312,7.38804422110553,1.4107837647102e-07,"2.5th percentile"
44.728648241206,7.38804422110553,1.47279737864341e-07,"2.5th percentile"
44.8132472361809,7.38804422110553,1.51687528658765e-07,"2.5th percentile"
44.8978462311558,7.38804422110553,1.54968179547735e-07,"2.5th percentile"
44.9824452261307,7.38804422110553,1.54773093340509e-07,"2.5th percentile"
45.0670442211055,7.38804422110553,1.51403824895903e-07,"2.5th percentile"
45.1516432160804,7.38804422110553,1.47301426551233e-07,"2.5th percentile"
45.2362422110553,7.38804422110553,1.40514837785558e-07,"2.5th percentile"
45.3208412060302,7.38804422110553,1.32354761924147e-07,"2.5th percentile"
45.405440201005,7.38804422110553,1.23058225976764e-07,"2.5th percentile"
45.4900391959799,7.38804422110553,1.12750825127105e-07,"2.5th percentile"
45.5746381909548,7.38804422110553,1.01901615001522e-07,"2.5th percentile"
45.6592371859296,7.38804422110553,9.28786482563561e-08,"2.5th percentile"
45.7438361809045,7.38804422110553,8.47028355533427e-08,"2.5th percentile"
45.8284351758794,7.38804422110553,8.4350153444793e-08,"2.5th percentile"
45.9130341708543,7.38804422110553,7.97840250876616e-08,"2.5th percentile"
45.9976331658291,7.38804422110553,5.07171140550141e-08,"2.5th percentile"
46.082232160804,7.38804422110553,4.1820037803528e-08,"2.5th percentile"
46.1668311557789,7.38804422110553,3.46007664508613e-08,"2.5th percentile"
46.2514301507538,7.38804422110553,3.0069807045985e-08,"2.5th percentile"
46.3360291457286,7.38804422110553,2.95934653395977e-08,"2.5th percentile"
46.4206281407035,7.38804422110553,2.89587502482808e-08,"2.5th percentile"
46.5052271356784,7.38804422110553,2.80938053658297e-08,"2.5th percentile"
46.5898261306533,7.38804422110553,2.64576298172211e-08,"2.5th percentile"
46.6744251256281,7.38804422110553,2.38176674583432e-08,"2.5th percentile"
46.759024120603,7.38804422110553,2.2085521285552e-08,"2.5th percentile"
46.8436231155779,7.38804422110553,2.05110161344868e-08,"2.5th percentile"
46.9282221105528,7.38804422110553,1.86139904464594e-08,"2.5th percentile"
47.0128211055276,7.38804422110553,1.72882214428071e-08,"2.5th percentile"
47.0974201005025,7.38804422110553,1.51124860409961e-08,"2.5th percentile"
47.1820190954774,7.38804422110553,1.34938405322907e-08,"2.5th percentile"
33.8999768844221,7.45607085427136,0.0919662027556323,"2.5th percentile"
33.984575879397,7.45607085427136,0.194311745525555,"2.5th percentile"
34.0691748743719,7.45607085427136,0.386936681610087,"2.5th percentile"
34.1537738693467,7.45607085427136,0.586594948242344,"2.5th percentile"
34.2383728643216,7.45607085427136,0.753986468777086,"2.5th percentile"
34.3229718592965,7.45607085427136,0.709458510874414,"2.5th percentile"
34.4075708542714,7.45607085427136,0.658955338001466,"2.5th percentile"
34.4921698492462,7.45607085427136,0.59109111796563,"2.5th percentile"
34.5767688442211,7.45607085427136,0.467375152406945,"2.5th percentile"
34.661367839196,7.45607085427136,0.39096117401311,"2.5th percentile"
34.7459668341709,7.45607085427136,0.319387322854538,"2.5th percentile"
34.8305658291457,7.45607085427136,0.272604992169334,"2.5th percentile"
34.9151648241206,7.45607085427136,0.27530217942655,"2.5th percentile"
34.9997638190955,7.45607085427136,0.278477108518591,"2.5th percentile"
35.0843628140704,7.45607085427136,0.281635535300904,"2.5th percentile"
35.1689618090452,7.45607085427136,0.287051487475865,"2.5th percentile"
35.2535608040201,7.45607085427136,0.286140028052448,"2.5th percentile"
35.338159798995,7.45607085427136,0.280770576366852,"2.5th percentile"
35.4227587939698,7.45607085427136,0.28808681069832,"2.5th percentile"
35.5073577889447,7.45607085427136,0.289097853784876,"2.5th percentile"
35.5919567839196,7.45607085427136,0.292164353993034,"2.5th percentile"
35.6765557788945,7.45607085427136,0.296796127844587,"2.5th percentile"
35.7611547738694,7.45607085427136,0.303511198304686,"2.5th percentile"
35.8457537688442,7.45607085427136,0.302631166519985,"2.5th percentile"
35.9303527638191,7.45607085427136,0.310368292512567,"2.5th percentile"
36.014951758794,7.45607085427136,0.307056887651938,"2.5th percentile"
36.0995507537688,7.45607085427136,0.302134389663753,"2.5th percentile"
36.1841497487437,7.45607085427136,0.298494376254007,"2.5th percentile"
36.2687487437186,7.45607085427136,0.278678619680516,"2.5th percentile"
36.3533477386935,7.45607085427136,0.320864904237117,"2.5th percentile"
36.4379467336683,7.45607085427136,0.290280973662848,"2.5th percentile"
36.5225457286432,7.45607085427136,0.310603183887041,"2.5th percentile"
36.6071447236181,7.45607085427136,0.316625944959606,"2.5th percentile"
36.691743718593,7.45607085427136,0.294902382411958,"2.5th percentile"
36.7763427135678,7.45607085427136,0.281448612887455,"2.5th percentile"
36.8609417085427,7.45607085427136,0.245389689962745,"2.5th percentile"
36.9455407035176,7.45607085427136,0.243353865476007,"2.5th percentile"
37.0301396984925,7.45607085427136,0.250379824138249,"2.5th percentile"
37.1147386934673,7.45607085427136,0.303103231360639,"2.5th percentile"
37.1993376884422,7.45607085427136,0.337628143551792,"2.5th percentile"
37.2839366834171,7.45607085427136,0.328160059261315,"2.5th percentile"
37.368535678392,7.45607085427136,0.346488808381337,"2.5th percentile"
37.4531346733668,7.45607085427136,0.377659786694385,"2.5th percentile"
37.5377336683417,7.45607085427136,0.316966143521118,"2.5th percentile"
37.6223326633166,7.45607085427136,0.26041542285555,"2.5th percentile"
37.7069316582915,7.45607085427136,0.238483633554025,"2.5th percentile"
37.7915306532663,7.45607085427136,0.232804159520463,"2.5th percentile"
37.8761296482412,7.45607085427136,0.230832897171866,"2.5th percentile"
37.9607286432161,7.45607085427136,0.240654433981363,"2.5th percentile"
38.045327638191,7.45607085427136,0.258427074257701,"2.5th percentile"
38.1299266331658,7.45607085427136,0.263800481748455,"2.5th percentile"
38.2145256281407,7.45607085427136,0.23486078243221,"2.5th percentile"
38.2991246231156,7.45607085427136,0.254270740405498,"2.5th percentile"
38.3837236180904,7.45607085427136,0.350563431517377,"2.5th percentile"
38.4683226130653,7.45607085427136,0.423154312594268,"2.5th percentile"
38.5529216080402,7.45607085427136,0.417391660528884,"2.5th percentile"
38.6375206030151,7.45607085427136,0.339594620211496,"2.5th percentile"
38.72211959799,7.45607085427136,0.243704346170097,"2.5th percentile"
38.8067185929648,7.45607085427136,0.215798330575301,"2.5th percentile"
38.8913175879397,7.45607085427136,0.244541710854672,"2.5th percentile"
38.9759165829146,7.45607085427136,0.216676817418382,"2.5th percentile"
39.0605155778894,7.45607085427136,0.23096440714094,"2.5th percentile"
39.1451145728643,7.45607085427136,0.221288791956244,"2.5th percentile"
39.2297135678392,7.45607085427136,0.21001940127779,"2.5th percentile"
39.3143125628141,7.45607085427136,0.232630982306134,"2.5th percentile"
39.3989115577889,7.45607085427136,0.19955700044018,"2.5th percentile"
39.4835105527638,7.45607085427136,0.182593971518456,"2.5th percentile"
39.5681095477387,7.45607085427136,0.228858378933298,"2.5th percentile"
39.6527085427136,7.45607085427136,0.233497684229536,"2.5th percentile"
39.7373075376884,7.45607085427136,0.235172978686753,"2.5th percentile"
39.8219065326633,7.45607085427136,0.232465025506335,"2.5th percentile"
39.9065055276382,7.45607085427136,0.229265830295951,"2.5th percentile"
39.9911045226131,7.45607085427136,0.237499505683709,"2.5th percentile"
40.0757035175879,7.45607085427136,0.239461371449333,"2.5th percentile"
40.1603025125628,7.45607085427136,0.222339584138214,"2.5th percentile"
40.2449015075377,7.45607085427136,0.212684538966083,"2.5th percentile"
40.3295005025126,7.45607085427136,0.219841182045569,"2.5th percentile"
40.4140994974874,7.45607085427136,0.21438311936149,"2.5th percentile"
40.4986984924623,7.45607085427136,0.196611533223114,"2.5th percentile"
40.5832974874372,7.45607085427136,0.180580971943526,"2.5th percentile"
40.6678964824121,7.45607085427136,0.166221103200517,"2.5th percentile"
40.7524954773869,7.45607085427136,0.123167580821746,"2.5th percentile"
40.8370944723618,7.45607085427136,0.0864263766051642,"2.5th percentile"
40.9216934673367,7.45607085427136,0.0601246079645291,"2.5th percentile"
41.0062924623116,7.45607085427136,0.0422441095874861,"2.5th percentile"
41.0908914572864,7.45607085427136,0.0256921224813081,"2.5th percentile"
41.1754904522613,7.45607085427136,0.0171814435165932,"2.5th percentile"
41.2600894472362,7.45607085427136,0.0112370017443023,"2.5th percentile"
41.344688442211,7.45607085427136,0.00728080814256637,"2.5th percentile"
41.4292874371859,7.45607085427136,0.00478489449267535,"2.5th percentile"
41.5138864321608,7.45607085427136,0.00319463907723482,"2.5th percentile"
41.5984854271357,7.45607085427136,0.00204431378609179,"2.5th percentile"
41.6830844221106,7.45607085427136,0.00132862577627876,"2.5th percentile"
41.7676834170854,7.45607085427136,0.000946994821601006,"2.5th percentile"
41.8522824120603,7.45607085427136,0.000757351984199299,"2.5th percentile"
41.9368814070352,7.45607085427136,0.000595683692342607,"2.5th percentile"
42.02148040201,7.45607085427136,0.000487087764041267,"2.5th percentile"
42.1060793969849,7.45607085427136,0.000362050775276016,"2.5th percentile"
42.1906783919598,7.45607085427136,0.000294633965593219,"2.5th percentile"
42.2752773869347,7.45607085427136,0.000226343781249763,"2.5th percentile"
42.3598763819095,7.45607085427136,0.000163105471801056,"2.5th percentile"
42.4444753768844,7.45607085427136,0.000152330466524534,"2.5th percentile"
42.5290743718593,7.45607085427136,0.000104535710904397,"2.5th percentile"
42.6136733668342,7.45607085427136,7.75682525872335e-05,"2.5th percentile"
42.698272361809,7.45607085427136,6.93073069014239e-05,"2.5th percentile"
42.7828713567839,7.45607085427136,5.24914041512276e-05,"2.5th percentile"
42.8674703517588,7.45607085427136,3.56712306188576e-05,"2.5th percentile"
42.9520693467337,7.45607085427136,2.53503610923832e-05,"2.5th percentile"
43.0366683417085,7.45607085427136,1.9710672260179e-05,"2.5th percentile"
43.1212673366834,7.45607085427136,1.42344740148918e-05,"2.5th percentile"
43.2058663316583,7.45607085427136,1.15500653722938e-05,"2.5th percentile"
43.2904653266332,7.45607085427136,8.41807723352332e-06,"2.5th percentile"
43.375064321608,7.45607085427136,6.12302806821881e-06,"2.5th percentile"
43.4596633165829,7.45607085427136,4.51302077659485e-06,"2.5th percentile"
43.5442623115578,7.45607085427136,3.44931554574352e-06,"2.5th percentile"
43.6288613065327,7.45607085427136,2.58963441582439e-06,"2.5th percentile"
43.7134603015075,7.45607085427136,2.02381786682979e-06,"2.5th percentile"
43.7980592964824,7.45607085427136,2.07047454372011e-06,"2.5th percentile"
43.8826582914573,7.45607085427136,1.24879420178714e-06,"2.5th percentile"
43.9672572864322,7.45607085427136,1.07892299924295e-06,"2.5th percentile"
44.051856281407,7.45607085427136,7.52208201045973e-07,"2.5th percentile"
44.1364552763819,7.45607085427136,4.75800516726695e-07,"2.5th percentile"
44.2210542713568,7.45607085427136,3.67154637878382e-07,"2.5th percentile"
44.3056532663317,7.45607085427136,2.99258256433243e-07,"2.5th percentile"
44.3902522613065,7.45607085427136,1.94689169970239e-07,"2.5th percentile"
44.4748512562814,7.45607085427136,1.45956395951021e-07,"2.5th percentile"
44.5594502512563,7.45607085427136,1.26220810999511e-07,"2.5th percentile"
44.6440492462312,7.45607085427136,1.33005514445669e-07,"2.5th percentile"
44.728648241206,7.45607085427136,1.38656791403068e-07,"2.5th percentile"
44.8132472361809,7.45607085427136,1.42552419600433e-07,"2.5th percentile"
44.8978462311558,7.45607085427136,1.44377898410809e-07,"2.5th percentile"
44.9824452261307,7.45607085427136,1.47825129148412e-07,"2.5th percentile"
45.0670442211055,7.45607085427136,1.42482222511664e-07,"2.5th percentile"
45.1516432160804,7.45607085427136,1.37415817823321e-07,"2.5th percentile"
45.2362422110553,7.45607085427136,1.31240085762655e-07,"2.5th percentile"
45.3208412060302,7.45607085427136,1.23532805965561e-07,"2.5th percentile"
45.405440201005,7.45607085427136,1.14676198951731e-07,"2.5th percentile"
45.4900391959799,7.45607085427136,1.07089200286523e-07,"2.5th percentile"
45.5746381909548,7.45607085427136,9.47425368280571e-08,"2.5th percentile"
45.6592371859296,7.45607085427136,8.63782710030359e-08,"2.5th percentile"
45.7438361809045,7.45607085427136,7.39720971156985e-08,"2.5th percentile"
45.8284351758794,7.45607085427136,6.49100740420925e-08,"2.5th percentile"
45.9130341708543,7.45607085427136,5.50495142218729e-08,"2.5th percentile"
45.9976331658291,7.45607085427136,5.1257583255361e-08,"2.5th percentile"
46.082232160804,7.45607085427136,3.92548289431077e-08,"2.5th percentile"
46.1668311557789,7.45607085427136,3.82179960683073e-08,"2.5th percentile"
46.2514301507538,7.45607085427136,3.27216764523681e-08,"2.5th percentile"
46.3360291457286,7.45607085427136,3.18392401947771e-08,"2.5th percentile"
46.4206281407035,7.45607085427136,3.06496218468349e-08,"2.5th percentile"
46.5052271356784,7.45607085427136,2.92499026360016e-08,"2.5th percentile"
46.5898261306533,7.45607085427136,2.9357308784608e-08,"2.5th percentile"
46.6744251256281,7.45607085427136,2.85635090875674e-08,"2.5th percentile"
46.759024120603,7.45607085427136,2.41214256854575e-08,"2.5th percentile"
46.8436231155779,7.45607085427136,2.18228898301164e-08,"2.5th percentile"
46.9282221105528,7.45607085427136,1.98880464667278e-08,"2.5th percentile"
47.0128211055276,7.45607085427136,1.83622646281771e-08,"2.5th percentile"
47.0974201005025,7.45607085427136,1.58734106819012e-08,"2.5th percentile"
47.1820190954774,7.45607085427136,1.41090255584831e-08,"2.5th percentile"
47.2666180904523,7.45607085427136,1.2303538218218e-08,"2.5th percentile"
33.8153778894472,7.52409748743719,0.0191571550759031,"2.5th percentile"
33.8999768844221,7.52409748743719,0.0359022098282769,"2.5th percentile"
33.984575879397,7.52409748743719,0.101947704515273,"2.5th percentile"
34.0691748743719,7.52409748743719,0.173497753827599,"2.5th percentile"
34.1537738693467,7.52409748743719,0.383413288761936,"2.5th percentile"
34.2383728643216,7.52409748743719,0.556975389391142,"2.5th percentile"
34.3229718592965,7.52409748743719,0.663023853656687,"2.5th percentile"
34.4075708542714,7.52409748743719,0.617740305032764,"2.5th percentile"
34.4921698492462,7.52409748743719,0.55265852290928,"2.5th percentile"
34.5767688442211,7.52409748743719,0.418590122387802,"2.5th percentile"
34.661367839196,7.52409748743719,0.347727729800685,"2.5th percentile"
34.7459668341709,7.52409748743719,0.281104082731534,"2.5th percentile"
34.8305658291457,7.52409748743719,0.271583489114573,"2.5th percentile"
34.9151648241206,7.52409748743719,0.275024800264435,"2.5th percentile"
34.9997638190955,7.52409748743719,0.278490616329243,"2.5th percentile"
35.0843628140704,7.52409748743719,0.282926680848451,"2.5th percentile"
35.1689618090452,7.52409748743719,0.285849951323314,"2.5th percentile"
35.2535608040201,7.52409748743719,0.285978994205339,"2.5th percentile"
35.338159798995,7.52409748743719,0.2805658490263,"2.5th percentile"
35.4227587939698,7.52409748743719,0.281858977064925,"2.5th percentile"
35.5073577889447,7.52409748743719,0.290144575889626,"2.5th percentile"
35.5919567839196,7.52409748743719,0.262261372768106,"2.5th percentile"
35.6765557788945,7.52409748743719,0.24719069919726,"2.5th percentile"
35.7611547738694,7.52409748743719,0.27927204976328,"2.5th percentile"
35.8457537688442,7.52409748743719,0.29456627783911,"2.5th percentile"
35.9303527638191,7.52409748743719,0.30339904008959,"2.5th percentile"
36.014951758794,7.52409748743719,0.294877476625964,"2.5th percentile"
36.0995507537688,7.52409748743719,0.308767847103589,"2.5th percentile"
36.1841497487437,7.52409748743719,0.312340054850519,"2.5th percentile"
36.2687487437186,7.52409748743719,0.304384063642039,"2.5th percentile"
36.3533477386935,7.52409748743719,0.293046609404812,"2.5th percentile"
36.4379467336683,7.52409748743719,0.30082412025078,"2.5th percentile"
36.5225457286432,7.52409748743719,0.317323867116161,"2.5th percentile"
36.6071447236181,7.52409748743719,0.283846346582613,"2.5th percentile"
36.691743718593,7.52409748743719,0.273728858448585,"2.5th percentile"
36.7763427135678,7.52409748743719,0.268405245309497,"2.5th percentile"
36.8609417085427,7.52409748743719,0.242234240739467,"2.5th percentile"
36.9455407035176,7.52409748743719,0.277441267498504,"2.5th percentile"
37.0301396984925,7.52409748743719,0.293996296954086,"2.5th percentile"
37.1147386934673,7.52409748743719,0.297238006324405,"2.5th percentile"
37.1993376884422,7.52409748743719,0.294245459161049,"2.5th percentile"
37.2839366834171,7.52409748743719,0.274298367673486,"2.5th percentile"
37.368535678392,7.52409748743719,0.297969410372014,"2.5th percentile"
37.4531346733668,7.52409748743719,0.348697333389379,"2.5th percentile"
37.5377336683417,7.52409748743719,0.305633855217,"2.5th percentile"
37.6223326633166,7.52409748743719,0.260680108292985,"2.5th percentile"
37.7069316582915,7.52409748743719,0.256717432047316,"2.5th percentile"
37.7915306532663,7.52409748743719,0.255397678830195,"2.5th percentile"
37.8761296482412,7.52409748743719,0.231876417230222,"2.5th percentile"
37.9607286432161,7.52409748743719,0.253636319739534,"2.5th percentile"
38.045327638191,7.52409748743719,0.254985999358053,"2.5th percentile"
38.1299266331658,7.52409748743719,0.246495006404947,"2.5th percentile"
38.2145256281407,7.52409748743719,0.243619885351159,"2.5th percentile"
38.2991246231156,7.52409748743719,0.259813152738851,"2.5th percentile"
38.3837236180904,7.52409748743719,0.330089548082882,"2.5th percentile"
38.4683226130653,7.52409748743719,0.360158312001391,"2.5th percentile"
38.5529216080402,7.52409748743719,0.407011666558501,"2.5th percentile"
38.6375206030151,7.52409748743719,0.317710378607357,"2.5th percentile"
38.72211959799,7.52409748743719,0.416669066558592,"2.5th percentile"
38.8067185929648,7.52409748743719,0.292357951602378,"2.5th percentile"
38.8913175879397,7.52409748743719,0.218899809935191,"2.5th percentile"
38.9759165829146,7.52409748743719,0.200663515719129,"2.5th percentile"
39.0605155778894,7.52409748743719,0.216042487868154,"2.5th percentile"
39.1451145728643,7.52409748743719,0.223898988312356,"2.5th percentile"
39.2297135678392,7.52409748743719,0.211509044630198,"2.5th percentile"
39.3143125628141,7.52409748743719,0.224618901567004,"2.5th percentile"
39.3989115577889,7.52409748743719,0.199370282342817,"2.5th percentile"
39.4835105527638,7.52409748743719,0.179074181143843,"2.5th percentile"
39.5681095477387,7.52409748743719,0.196797680949132,"2.5th percentile"
39.6527085427136,7.52409748743719,0.205937852466373,"2.5th percentile"
39.7373075376884,7.52409748743719,0.231042641107495,"2.5th percentile"
39.8219065326633,7.52409748743719,0.231879492647376,"2.5th percentile"
39.9065055276382,7.52409748743719,0.207987978738775,"2.5th percentile"
39.9911045226131,7.52409748743719,0.196066354128244,"2.5th percentile"
40.0757035175879,7.52409748743719,0.225258289866924,"2.5th percentile"
40.1603025125628,7.52409748743719,0.224076122136767,"2.5th percentile"
40.2449015075377,7.52409748743719,0.234674447384443,"2.5th percentile"
40.3295005025126,7.52409748743719,0.224939562975602,"2.5th percentile"
40.4140994974874,7.52409748743719,0.220648895411699,"2.5th percentile"
40.4986984924623,7.52409748743719,0.219240044006594,"2.5th percentile"
40.5832974874372,7.52409748743719,0.207906359959399,"2.5th percentile"
40.6678964824121,7.52409748743719,0.171923972744739,"2.5th percentile"
40.7524954773869,7.52409748743719,0.120196829199649,"2.5th percentile"
40.8370944723618,7.52409748743719,0.0841098197013652,"2.5th percentile"
40.9216934673367,7.52409748743719,0.0617720048614312,"2.5th percentile"
41.0062924623116,7.52409748743719,0.0398822639104374,"2.5th percentile"
41.0908914572864,7.52409748743719,0.0257254885243676,"2.5th percentile"
41.1754904522613,7.52409748743719,0.0169555980031373,"2.5th percentile"
41.2600894472362,7.52409748743719,0.0111043079789432,"2.5th percentile"
41.344688442211,7.52409748743719,0.00740991941778052,"2.5th percentile"
41.4292874371859,7.52409748743719,0.00475409315649615,"2.5th percentile"
41.5138864321608,7.52409748743719,0.0031078004151239,"2.5th percentile"
41.5984854271357,7.52409748743719,0.00203440185203876,"2.5th percentile"
41.6830844221106,7.52409748743719,0.00132564560481372,"2.5th percentile"
41.7676834170854,7.52409748743719,0.000867747128762064,"2.5th percentile"
41.8522824120603,7.52409748743719,0.000602920238397685,"2.5th percentile"
41.9368814070352,7.52409748743719,0.000480535241101445,"2.5th percentile"
42.02148040201,7.52409748743719,0.00037344163943162,"2.5th percentile"
42.1060793969849,7.52409748743719,0.000291464640464695,"2.5th percentile"
42.1906783919598,7.52409748743719,0.000232166090570056,"2.5th percentile"
42.2752773869347,7.52409748743719,0.000193201521888722,"2.5th percentile"
42.3598763819095,7.52409748743719,0.0001471813275472,"2.5th percentile"
42.4444753768844,7.52409748743719,0.000112929967830796,"2.5th percentile"
42.5290743718593,7.52409748743719,9.20450616042271e-05,"2.5th percentile"
42.6136733668342,7.52409748743719,7.20925749947237e-05,"2.5th percentile"
42.698272361809,7.52409748743719,5.52197025084447e-05,"2.5th percentile"
42.7828713567839,7.52409748743719,4.18127714189239e-05,"2.5th percentile"
42.8674703517588,7.52409748743719,3.50154969301326e-05,"2.5th percentile"
42.9520693467337,7.52409748743719,2.33489321662252e-05,"2.5th percentile"
43.0366683417085,7.52409748743719,2.00355469897192e-05,"2.5th percentile"
43.1212673366834,7.52409748743719,1.21970661550431e-05,"2.5th percentile"
43.2058663316583,7.52409748743719,9.4337537175491e-06,"2.5th percentile"
43.2904653266332,7.52409748743719,6.87463731800506e-06,"2.5th percentile"
43.375064321608,7.52409748743719,5.20913973737281e-06,"2.5th percentile"
43.4596633165829,7.52409748743719,3.93445362902696e-06,"2.5th percentile"
43.5442623115578,7.52409748743719,2.96738911410387e-06,"2.5th percentile"
43.6288613065327,7.52409748743719,2.2376831704623e-06,"2.5th percentile"
43.7134603015075,7.52409748743719,1.99636265603353e-06,"2.5th percentile"
43.7980592964824,7.52409748743719,1.464338463733e-06,"2.5th percentile"
43.8826582914573,7.52409748743719,9.66047221041166e-07,"2.5th percentile"
43.9672572864322,7.52409748743719,8.44728529803171e-07,"2.5th percentile"
44.051856281407,7.52409748743719,6.35383646016882e-07,"2.5th percentile"
44.1364552763819,7.52409748743719,4.13959473385738e-07,"2.5th percentile"
44.2210542713568,7.52409748743719,3.26349329905228e-07,"2.5th percentile"
44.3056532663317,7.52409748743719,2.44455982146547e-07,"2.5th percentile"
44.3902522613065,7.52409748743719,1.75351108001085e-07,"2.5th percentile"
44.4748512562814,7.52409748743719,1.2981852500126e-07,"2.5th percentile"
44.5594502512563,7.52409748743719,1.18119318876285e-07,"2.5th percentile"
44.6440492462312,7.52409748743719,1.42226867862929e-07,"2.5th percentile"
44.728648241206,7.52409748743719,1.29882035769713e-07,"2.5th percentile"
44.8132472361809,7.52409748743719,1.34046080025701e-07,"2.5th percentile"
44.8978462311558,7.52409748743719,1.34799788410105e-07,"2.5th percentile"
44.9824452261307,7.52409748743719,1.35175551988452e-07,"2.5th percentile"
45.0670442211055,7.52409748743719,1.45265052144134e-07,"2.5th percentile"
45.1516432160804,7.52409748743719,1.28246267051587e-07,"2.5th percentile"
45.2362422110553,7.52409748743719,1.22798188910677e-07,"2.5th percentile"
45.3208412060302,7.52409748743719,1.15163996946008e-07,"2.5th percentile"
45.405440201005,7.52409748743719,1.06353994398556e-07,"2.5th percentile"
45.4900391959799,7.52409748743719,9.7173128375412e-08,"2.5th percentile"
45.5746381909548,7.52409748743719,8.78270409029308e-08,"2.5th percentile"
45.6592371859296,7.52409748743719,7.85447911265918e-08,"2.5th percentile"
45.7438361809045,7.52409748743719,7.12152730883546e-08,"2.5th percentile"
45.8284351758794,7.52409748743719,5.91389783441257e-08,"2.5th percentile"
45.9130341708543,7.52409748743719,5.22711312379793e-08,"2.5th percentile"
45.9976331658291,7.52409748743719,4.27809399193574e-08,"2.5th percentile"
46.082232160804,7.52409748743719,3.74709721733561e-08,"2.5th percentile"
46.1668311557789,7.52409748743719,3.62183805489515e-08,"2.5th percentile"
46.2514301507538,7.52409748743719,3.54292272705753e-08,"2.5th percentile"
46.3360291457286,7.52409748743719,3.44104170609427e-08,"2.5th percentile"
46.4206281407035,7.52409748743719,3.31344996137109e-08,"2.5th percentile"
46.5052271356784,7.52409748743719,3.16301468818522e-08,"2.5th percentile"
46.5898261306533,7.52409748743719,2.97366032620878e-08,"2.5th percentile"
46.6744251256281,7.52409748743719,2.7679453538396e-08,"2.5th percentile"
46.759024120603,7.52409748743719,2.55439952335611e-08,"2.5th percentile"
46.8436231155779,7.52409748743719,2.34374143799284e-08,"2.5th percentile"
46.9282221105528,7.52409748743719,2.36295296850136e-08,"2.5th percentile"
47.0128211055276,7.52409748743719,1.90396886728539e-08,"2.5th percentile"
47.0974201005025,7.52409748743719,1.82029366908566e-08,"2.5th percentile"
47.1820190954774,7.52409748743719,1.66218095410364e-08,"2.5th percentile"
47.2666180904523,7.52409748743719,1.31728979202889e-08,"2.5th percentile"
33.7307788944724,7.59212412060302,0.00259554391189852,"2.5th percentile"
33.8153778894472,7.59212412060302,0.00634185365361386,"2.5th percentile"
33.8999768844221,7.59212412060302,0.0184221458799311,"2.5th percentile"
33.984575879397,7.59212412060302,0.0348710390587505,"2.5th percentile"
34.0691748743719,7.59212412060302,0.0987731865614879,"2.5th percentile"
34.1537738693467,7.59212412060302,0.204462174355495,"2.5th percentile"
34.2383728643216,7.59212412060302,0.376825378939612,"2.5th percentile"
34.3229718592965,7.59212412060302,0.575583565801661,"2.5th percentile"
34.4075708542714,7.59212412060302,0.549182727641264,"2.5th percentile"
34.4921698492462,7.59212412060302,0.494093975679731,"2.5th percentile"
34.5767688442211,7.59212412060302,0.376787760570344,"2.5th percentile"
34.661367839196,7.59212412060302,0.308732467271662,"2.5th percentile"
34.7459668341709,7.59212412060302,0.280933965196145,"2.5th percentile"
34.8305658291457,7.59212412060302,0.271656289375762,"2.5th percentile"
34.9151648241206,7.59212412060302,0.275506001531348,"2.5th percentile"
34.9997638190955,7.59212412060302,0.279243992483681,"2.5th percentile"
35.0843628140704,7.59212412060302,0.281892399470852,"2.5th percentile"
35.1689618090452,7.59212412060302,0.285550890626126,"2.5th percentile"
35.2535608040201,7.59212412060302,0.286003835858817,"2.5th percentile"
35.338159798995,7.59212412060302,0.285191966637882,"2.5th percentile"
35.4227587939698,7.59212412060302,0.285599870121384,"2.5th percentile"
35.5073577889447,7.59212412060302,0.278609341168991,"2.5th percentile"
35.5919567839196,7.59212412060302,0.251447531005293,"2.5th percentile"
35.6765557788945,7.59212412060302,0.251949789116541,"2.5th percentile"
35.7611547738694,7.59212412060302,0.256479340760465,"2.5th percentile"
35.8457537688442,7.59212412060302,0.296012254040571,"2.5th percentile"
35.9303527638191,7.59212412060302,0.301098153115061,"2.5th percentile"
36.014951758794,7.59212412060302,0.308072428169126,"2.5th percentile"
36.0995507537688,7.59212412060302,0.312298750850421,"2.5th percentile"
36.1841497487437,7.59212412060302,0.318548415316689,"2.5th percentile"
36.2687487437186,7.59212412060302,0.33043552320591,"2.5th percentile"
36.3533477386935,7.59212412060302,0.327477499359202,"2.5th percentile"
36.4379467336683,7.59212412060302,0.310938148386645,"2.5th percentile"
36.5225457286432,7.59212412060302,0.267189154141536,"2.5th percentile"
36.6071447236181,7.59212412060302,0.256611988671783,"2.5th percentile"
36.691743718593,7.59212412060302,0.272114914712981,"2.5th percentile"
36.7763427135678,7.59212412060302,0.270588439515326,"2.5th percentile"
36.8609417085427,7.59212412060302,0.262261102648961,"2.5th percentile"
36.9455407035176,7.59212412060302,0.295150994150572,"2.5th percentile"
37.0301396984925,7.59212412060302,0.309778956414263,"2.5th percentile"
37.1147386934673,7.59212412060302,0.299377898567506,"2.5th percentile"
37.1993376884422,7.59212412060302,0.255232137608067,"2.5th percentile"
37.2839366834171,7.59212412060302,0.252677883430768,"2.5th percentile"
37.368535678392,7.59212412060302,0.306542585975225,"2.5th percentile"
37.4531346733668,7.59212412060302,0.385547477020397,"2.5th percentile"
37.5377336683417,7.59212412060302,0.344462979778781,"2.5th percentile"
37.6223326633166,7.59212412060302,0.290665117457598,"2.5th percentile"
37.7069316582915,7.59212412060302,0.257771715041967,"2.5th percentile"
37.7915306532663,7.59212412060302,0.251531459303096,"2.5th percentile"
37.8761296482412,7.59212412060302,0.249850063050148,"2.5th percentile"
37.9607286432161,7.59212412060302,0.221037395615281,"2.5th percentile"
38.045327638191,7.59212412060302,0.23146836040864,"2.5th percentile"
38.1299266331658,7.59212412060302,0.245613831327123,"2.5th percentile"
38.2145256281407,7.59212412060302,0.245094571068654,"2.5th percentile"
38.2991246231156,7.59212412060302,0.236859164410411,"2.5th percentile"
38.3837236180904,7.59212412060302,0.301304636956844,"2.5th percentile"
38.4683226130653,7.59212412060302,0.346085110733018,"2.5th percentile"
38.5529216080402,7.59212412060302,0.337382802425532,"2.5th percentile"
38.6375206030151,7.59212412060302,0.41064654868649,"2.5th percentile"
38.72211959799,7.59212412060302,0.424554526002319,"2.5th percentile"
38.8067185929648,7.59212412060302,0.42082382692752,"2.5th percentile"
38.8913175879397,7.59212412060302,0.252153941219779,"2.5th percentile"
38.9759165829146,7.59212412060302,0.220128320831055,"2.5th percentile"
39.0605155778894,7.59212412060302,0.22357927907455,"2.5th percentile"
39.1451145728643,7.59212412060302,0.233050319009521,"2.5th percentile"
39.2297135678392,7.59212412060302,0.237267889063867,"2.5th percentile"
39.3143125628141,7.59212412060302,0.266667639872366,"2.5th percentile"
39.3989115577889,7.59212412060302,0.24027913965276,"2.5th percentile"
39.4835105527638,7.59212412060302,0.206574122250633,"2.5th percentile"
39.5681095477387,7.59212412060302,0.187065473591651,"2.5th percentile"
39.6527085427136,7.59212412060302,0.226543628511629,"2.5th percentile"
39.7373075376884,7.59212412060302,0.248450935465082,"2.5th percentile"
39.8219065326633,7.59212412060302,0.205807739140328,"2.5th percentile"
39.9065055276382,7.59212412060302,0.219117891958933,"2.5th percentile"
39.9911045226131,7.59212412060302,0.236388173264071,"2.5th percentile"
40.0757035175879,7.59212412060302,0.206730130421488,"2.5th percentile"
40.1603025125628,7.59212412060302,0.22145717902634,"2.5th percentile"
40.2449015075377,7.59212412060302,0.227267258117376,"2.5th percentile"
40.3295005025126,7.59212412060302,0.22864546535622,"2.5th percentile"
40.4140994974874,7.59212412060302,0.231025738885016,"2.5th percentile"
40.4986984924623,7.59212412060302,0.220121298918664,"2.5th percentile"
40.5832974874372,7.59212412060302,0.215697485960054,"2.5th percentile"
40.6678964824121,7.59212412060302,0.167885905201424,"2.5th percentile"
40.7524954773869,7.59212412060302,0.123228920985951,"2.5th percentile"
40.8370944723618,7.59212412060302,0.0859315635315717,"2.5th percentile"
40.9216934673367,7.59212412060302,0.0602138369119645,"2.5th percentile"
41.0062924623116,7.59212412060302,0.0388493296340513,"2.5th percentile"
41.0908914572864,7.59212412060302,0.0258141780724837,"2.5th percentile"
41.1754904522613,7.59212412060302,0.0171854148793153,"2.5th percentile"
41.2600894472362,7.59212412060302,0.0111793053483321,"2.5th percentile"
41.344688442211,7.59212412060302,0.00725158107011116,"2.5th percentile"
41.4292874371859,7.59212412060302,0.0047418336045968,"2.5th percentile"
41.5138864321608,7.59212412060302,0.00311772323620493,"2.5th percentile"
41.5984854271357,7.59212412060302,0.0020398731515077,"2.5th percentile"
41.6830844221106,7.59212412060302,0.00133281193765602,"2.5th percentile"
41.7676834170854,7.59212412060302,0.000918821816098112,"2.5th percentile"
41.8522824120603,7.59212412060302,0.000564836008943319,"2.5th percentile"
41.9368814070352,7.59212412060302,0.000391145882160401,"2.5th percentile"
42.02148040201,7.59212412060302,0.000304352439012274,"2.5th percentile"
42.1060793969849,7.59212412060302,0.000240674588009116,"2.5th percentile"
42.1906783919598,7.59212412060302,0.000236294658504361,"2.5th percentile"
42.2752773869347,7.59212412060302,0.00014900907890264,"2.5th percentile"
42.3598763819095,7.59212412060302,0.000127663243854417,"2.5th percentile"
42.4444753768844,7.59212412060302,8.79717845182305e-05,"2.5th percentile"
42.5290743718593,7.59212412060302,7.02681336069346e-05,"2.5th percentile"
42.6136733668342,7.59212412060302,5.29386881519509e-05,"2.5th percentile"
42.698272361809,7.59212412060302,4.70558812779518e-05,"2.5th percentile"
42.7828713567839,7.59212412060302,3.70844614471142e-05,"2.5th percentile"
42.8674703517588,7.59212412060302,3.2142673366715e-05,"2.5th percentile"
42.9520693467337,7.59212412060302,2.00438515853526e-05,"2.5th percentile"
43.0366683417085,7.59212412060302,1.46259022220158e-05,"2.5th percentile"
43.1212673366834,7.59212412060302,1.06642016963587e-05,"2.5th percentile"
43.2058663316583,7.59212412060302,7.88889843288068e-06,"2.5th percentile"
43.2904653266332,7.59212412060302,5.92494355967868e-06,"2.5th percentile"
43.375064321608,7.59212412060302,4.50486049949063e-06,"2.5th percentile"
43.4596633165829,7.59212412060302,3.603039615959e-06,"2.5th percentile"
43.5442623115578,7.59212412060302,2.62802320709077e-06,"2.5th percentile"
43.6288613065327,7.59212412060302,2.04259527106954e-06,"2.5th percentile"
43.7134603015075,7.59212412060302,2.02088680946236e-06,"2.5th percentile"
43.7980592964824,7.59212412060302,1.52651619314426e-06,"2.5th percentile"
43.8826582914573,7.59212412060302,9.8967551072089e-07,"2.5th percentile"
43.9672572864322,7.59212412060302,6.54094474545543e-07,"2.5th percentile"
44.051856281407,7.59212412060302,4.91927204272979e-07,"2.5th percentile"
44.1364552763819,7.59212412060302,3.66619489431514e-07,"2.5th percentile"
44.2210542713568,7.59212412060302,2.72783753688145e-07,"2.5th percentile"
44.3056532663317,7.59212412060302,2.05260168898971e-07,"2.5th percentile"
44.3902522613065,7.59212412060302,1.53792517153932e-07,"2.5th percentile"
44.4748512562814,7.59212412060302,1.15861302371454e-07,"2.5th percentile"
44.5594502512563,7.59212412060302,1.23265987562457e-07,"2.5th percentile"
44.6440492462312,7.59212412060302,1.47056652128985e-07,"2.5th percentile"
44.728648241206,7.59212412060302,1.24881074954811e-07,"2.5th percentile"
44.8132472361809,7.59212412060302,1.37572654515478e-07,"2.5th percentile"
44.8978462311558,7.59212412060302,1.25145086336574e-07,"2.5th percentile"
44.9824452261307,7.59212412060302,1.24872939328604e-07,"2.5th percentile"
45.0670442211055,7.59212412060302,1.25522324435113e-07,"2.5th percentile"
45.1516432160804,7.59212412060302,1.21662144065896e-07,"2.5th percentile"
45.2362422110553,7.59212412060302,1.19340103809861e-07,"2.5th percentile"
45.3208412060302,7.59212412060302,1.06812418916981e-07,"2.5th percentile"
45.405440201005,7.59212412060302,9.79899802647498e-08,"2.5th percentile"
45.4900391959799,7.59212412060302,8.96714106399145e-08,"2.5th percentile"
45.5746381909548,7.59212412060302,8.05609983025511e-08,"2.5th percentile"
45.6592371859296,7.59212412060302,7.17891399730289e-08,"2.5th percentile"
45.7438361809045,7.59212412060302,6.3581193208476e-08,"2.5th percentile"
45.8284351758794,7.59212412060302,5.43504287645382e-08,"2.5th percentile"
45.9130341708543,7.59212412060302,4.66035469650595e-08,"2.5th percentile"
45.9976331658291,7.59212412060302,3.92823222250967e-08,"2.5th percentile"
46.082232160804,7.59212412060302,3.92104643190782e-08,"2.5th percentile"
46.1668311557789,7.59212412060302,3.88775593211158e-08,"2.5th percentile"
46.2514301507538,7.59212412060302,3.81118736187908e-08,"2.5th percentile"
46.3360291457286,7.59212412060302,3.69468780915148e-08,"2.5th percentile"
46.4206281407035,7.59212412060302,3.56427578241049e-08,"2.5th percentile"
46.5052271356784,7.59212412060302,3.37948983656972e-08,"2.5th percentile"
46.5898261306533,7.59212412060302,3.18097477311854e-08,"2.5th percentile"
46.6744251256281,7.59212412060302,2.95656533173794e-08,"2.5th percentile"
46.759024120603,7.59212412060302,2.72207578552908e-08,"2.5th percentile"
46.8436231155779,7.59212412060302,2.48851330910909e-08,"2.5th percentile"
46.9282221105528,7.59212412060302,2.32885790706525e-08,"2.5th percentile"
47.0128211055276,7.59212412060302,2.65338912807122e-08,"2.5th percentile"
47.0974201005025,7.59212412060302,1.87956875854012e-08,"2.5th percentile"
47.1820190954774,7.59212412060302,1.71340640554087e-08,"2.5th percentile"
47.2666180904523,7.59212412060302,1.36257575287638e-08,"2.5th percentile"
47.3512170854271,7.59212412060302,1.1782018622682e-08,"2.5th percentile"
33.6461798994975,7.66015075376884,0.000470176418636405,"2.5th percentile"
33.7307788944724,7.66015075376884,0.00140215488306699,"2.5th percentile"
33.8153778894472,7.66015075376884,0.00333686309147405,"2.5th percentile"
33.8999768844221,7.66015075376884,0.00866381726226062,"2.5th percentile"
33.984575879397,7.66015075376884,0.0210808492233745,"2.5th percentile"
34.0691748743719,7.66015075376884,0.0411188880975725,"2.5th percentile"
34.1537738693467,7.66015075376884,0.0833118498002667,"2.5th percentile"
34.2383728643216,7.66015075376884,0.223620144658881,"2.5th percentile"
34.3229718592965,7.66015075376884,0.386906540762882,"2.5th percentile"
34.4075708542714,7.66015075376884,0.530200421776567,"2.5th percentile"
34.4921698492462,7.66015075376884,0.406865299451294,"2.5th percentile"
34.5767688442211,7.66015075376884,0.336925247843457,"2.5th percentile"
34.661367839196,7.66015075376884,0.271283112975019,"2.5th percentile"
34.7459668341709,7.66015075376884,0.26784646932239,"2.5th percentile"
34.8305658291457,7.66015075376884,0.271738373014338,"2.5th percentile"
34.9151648241206,7.66015075376884,0.275588242174581,"2.5th percentile"
34.9997638190955,7.66015075376884,0.279326381532582,"2.5th percentile"
35.0843628140704,7.66015075376884,0.28197477375011,"2.5th percentile"
35.1689618090452,7.66015075376884,0.285633441672568,"2.5th percentile"
35.2535608040201,7.66015075376884,0.285385492031535,"2.5th percentile"
35.338159798995,7.66015075376884,0.285315622752175,"2.5th percentile"
35.4227587939698,7.66015075376884,0.290307969808825,"2.5th percentile"
35.5073577889447,7.66015075376884,0.27554279218194,"2.5th percentile"
35.5919567839196,7.66015075376884,0.246212432508838,"2.5th percentile"
35.6765557788945,7.66015075376884,0.245539655625672,"2.5th percentile"
35.7611547738694,7.66015075376884,0.254925881253345,"2.5th percentile"
35.8457537688442,7.66015075376884,0.286753992117814,"2.5th percentile"
35.9303527638191,7.66015075376884,0.293105895659385,"2.5th percentile"
36.014951758794,7.66015075376884,0.300246303543809,"2.5th percentile"
36.0995507537688,7.66015075376884,0.312225149850847,"2.5th percentile"
36.1841497487437,7.66015075376884,0.319202570284255,"2.5th percentile"
36.2687487437186,7.66015075376884,0.331620438753922,"2.5th percentile"
36.3533477386935,7.66015075376884,0.327573946265653,"2.5th percentile"
36.4379467336683,7.66015075376884,0.305279124191579,"2.5th percentile"
36.5225457286432,7.66015075376884,0.266810782829017,"2.5th percentile"
36.6071447236181,7.66015075376884,0.268036719921291,"2.5th percentile"
36.691743718593,7.66015075376884,0.274684644389433,"2.5th percentile"
36.7763427135678,7.66015075376884,0.272002885891225,"2.5th percentile"
36.8609417085427,7.66015075376884,0.267602659007959,"2.5th percentile"
36.9455407035176,7.66015075376884,0.293385698381254,"2.5th percentile"
37.0301396984925,7.66015075376884,0.321701897393092,"2.5th percentile"
37.1147386934673,7.66015075376884,0.298426275832768,"2.5th percentile"
37.1993376884422,7.66015075376884,0.256957997693287,"2.5th percentile"
37.2839366834171,7.66015075376884,0.252862075691291,"2.5th percentile"
37.368535678392,7.66015075376884,0.307864053093174,"2.5th percentile"
37.4531346733668,7.66015075376884,0.367995040193656,"2.5th percentile"
37.5377336683417,7.66015075376884,0.355531938937855,"2.5th percentile"
37.6223326633166,7.66015075376884,0.296093285994858,"2.5th percentile"
37.7069316582915,7.66015075376884,0.270464654020994,"2.5th percentile"
37.7915306532663,7.66015075376884,0.256924302446389,"2.5th percentile"
37.8761296482412,7.66015075376884,0.248466400659483,"2.5th percentile"
37.9607286432161,7.66015075376884,0.22399885654722,"2.5th percentile"
38.045327638191,7.66015075376884,0.231922054449062,"2.5th percentile"
38.1299266331658,7.66015075376884,0.252942213781487,"2.5th percentile"
38.2145256281407,7.66015075376884,0.24891550223959,"2.5th percentile"
38.2991246231156,7.66015075376884,0.2433269193946,"2.5th percentile"
38.3837236180904,7.66015075376884,0.318852477115177,"2.5th percentile"
38.4683226130653,7.66015075376884,0.330356849458922,"2.5th percentile"
38.5529216080402,7.66015075376884,0.295885842188292,"2.5th percentile"
38.6375206030151,7.66015075376884,0.344804906403041,"2.5th percentile"
38.72211959799,7.66015075376884,0.432256425869258,"2.5th percentile"
38.8067185929648,7.66015075376884,0.33266408240369,"2.5th percentile"
38.8913175879397,7.66015075376884,0.263001880511589,"2.5th percentile"
38.9759165829146,7.66015075376884,0.227105499812996,"2.5th percentile"
39.0605155778894,7.66015075376884,0.230102647046231,"2.5th percentile"
39.1451145728643,7.66015075376884,0.248076818763342,"2.5th percentile"
39.2297135678392,7.66015075376884,0.233707501942059,"2.5th percentile"
39.3143125628141,7.66015075376884,0.234215691456521,"2.5th percentile"
39.3989115577889,7.66015075376884,0.271263299654372,"2.5th percentile"
39.4835105527638,7.66015075376884,0.20198422619445,"2.5th percentile"
39.5681095477387,7.66015075376884,0.196524049235229,"2.5th percentile"
39.6527085427136,7.66015075376884,0.233505853937832,"2.5th percentile"
39.7373075376884,7.66015075376884,0.248781460251949,"2.5th percentile"
39.8219065326633,7.66015075376884,0.210729482211764,"2.5th percentile"
39.9065055276382,7.66015075376884,0.217034530385079,"2.5th percentile"
39.9911045226131,7.66015075376884,0.223904835036771,"2.5th percentile"
40.0757035175879,7.66015075376884,0.213659499270692,"2.5th percentile"
40.1603025125628,7.66015075376884,0.220608986812188,"2.5th percentile"
40.2449015075377,7.66015075376884,0.229354413436358,"2.5th percentile"
40.3295005025126,7.66015075376884,0.236894438598992,"2.5th percentile"
40.4140994974874,7.66015075376884,0.23710190241788,"2.5th percentile"
40.4986984924623,7.66015075376884,0.231166593800981,"2.5th percentile"
40.5832974874372,7.66015075376884,0.220938871719916,"2.5th percentile"
40.6678964824121,7.66015075376884,0.16331730745357,"2.5th percentile"
40.7524954773869,7.66015075376884,0.12093549554577,"2.5th percentile"
40.8370944723618,7.66015075376884,0.0850595404524257,"2.5th percentile"
40.9216934673367,7.66015075376884,0.0603957679751406,"2.5th percentile"
41.0062924623116,7.66015075376884,0.0390599974105085,"2.5th percentile"
41.0908914572864,7.66015075376884,0.0256710662238255,"2.5th percentile"
41.1754904522613,7.66015075376884,0.0168508645690092,"2.5th percentile"
41.2600894472362,7.66015075376884,0.0110789151289523,"2.5th percentile"
41.344688442211,7.66015075376884,0.00726119769831364,"2.5th percentile"
41.4292874371859,7.66015075376884,0.00473181183412242,"2.5th percentile"
41.5138864321608,7.66015075376884,0.00320068689906785,"2.5th percentile"
41.5984854271357,7.66015075376884,0.00203620618773186,"2.5th percentile"
41.6830844221106,7.66015075376884,0.00133327118099305,"2.5th percentile"
41.7676834170854,7.66015075376884,0.000863896086743865,"2.5th percentile"
41.8522824120603,7.66015075376884,0.000575840523231647,"2.5th percentile"
41.9368814070352,7.66015075376884,0.000373480225041724,"2.5th percentile"
42.02148040201,7.66015075376884,0.000246745683577647,"2.5th percentile"
42.1060793969849,7.66015075376884,0.000204741911342109,"2.5th percentile"
42.1906783919598,7.66015075376884,0.000188053773598139,"2.5th percentile"
42.2752773869347,7.66015075376884,0.00013442566658659,"2.5th percentile"
42.3598763819095,7.66015075376884,9.87026521429897e-05,"2.5th percentile"
42.4444753768844,7.66015075376884,7.74010186940634e-05,"2.5th percentile"
42.5290743718593,7.66015075376884,6.15732266789841e-05,"2.5th percentile"
42.6136733668342,7.66015075376884,5.23120631700533e-05,"2.5th percentile"
42.698272361809,7.66015075376884,3.92754086706604e-05,"2.5th percentile"
42.7828713567839,7.66015075376884,2.60629035993357e-05,"2.5th percentile"
42.8674703517588,7.66015075376884,2.11499856724663e-05,"2.5th percentile"
42.9520693467337,7.66015075376884,1.81400714139935e-05,"2.5th percentile"
43.0366683417085,7.66015075376884,1.19673893939805e-05,"2.5th percentile"
43.1212673366834,7.66015075376884,9.11900005838074e-06,"2.5th percentile"
43.2058663316583,7.66015075376884,6.77654754746785e-06,"2.5th percentile"
43.2904653266332,7.66015075376884,5.0821092528297e-06,"2.5th percentile"
43.375064321608,7.66015075376884,3.91536319972051e-06,"2.5th percentile"
43.4596633165829,7.66015075376884,3.13747131815908e-06,"2.5th percentile"
43.5442623115578,7.66015075376884,2.92042337906661e-06,"2.5th percentile"
43.6288613065327,7.66015075376884,2.40186590753118e-06,"2.5th percentile"
43.7134603015075,7.66015075376884,1.4076078704714e-06,"2.5th percentile"
43.7980592964824,7.66015075376884,1.30982716352573e-06,"2.5th percentile"
43.8826582914573,7.66015075376884,7.41362647998497e-07,"2.5th percentile"
43.9672572864322,7.66015075376884,5.83450367090126e-07,"2.5th percentile"
44.051856281407,7.66015075376884,4.36090370123335e-07,"2.5th percentile"
44.1364552763819,7.66015075376884,3.22297533908425e-07,"2.5th percentile"
44.2210542713568,7.66015075376884,2.45788649691974e-07,"2.5th percentile"
44.3056532663317,7.66015075376884,1.84895781979657e-07,"2.5th percentile"
44.3902522613065,7.66015075376884,1.34505604914229e-07,"2.5th percentile"
44.4748512562814,7.66015075376884,1.01489580417643e-07,"2.5th percentile"
44.5594502512563,7.66015075376884,1.02752473607757e-07,"2.5th percentile"
44.6440492462312,7.66015075376884,1.12724439781766e-07,"2.5th percentile"
44.728648241206,7.66015075376884,1.34017594168185e-07,"2.5th percentile"
44.8132472361809,7.66015075376884,1.40707116348434e-07,"2.5th percentile"
44.8978462311558,7.66015075376884,1.17876958978658e-07,"2.5th percentile"
44.9824452261307,7.66015075376884,1.23882244378627e-07,"2.5th percentile"
45.0670442211055,7.66015075376884,1.23204025861406e-07,"2.5th percentile"
45.1516432160804,7.66015075376884,1.08927443406869e-07,"2.5th percentile"
45.2362422110553,7.66015075376884,1.04228564713656e-07,"2.5th percentile"
45.3208412060302,7.66015075376884,1.01433818313586e-07,"2.5th percentile"
45.405440201005,7.66015075376884,8.99526776555704e-08,"2.5th percentile"
45.4900391959799,7.66015075376884,8.19868969853242e-08,"2.5th percentile"
45.5746381909548,7.66015075376884,7.43735856515324e-08,"2.5th percentile"
45.6592371859296,7.66015075376884,6.61508655600114e-08,"2.5th percentile"
45.7438361809045,7.66015075376884,5.73901012578114e-08,"2.5th percentile"
45.8284351758794,7.66015075376884,5.43019400501907e-08,"2.5th percentile"
45.9130341708543,7.66015075376884,4.24320038352299e-08,"2.5th percentile"
45.9976331658291,7.66015075376884,4.32950579979338e-08,"2.5th percentile"
46.082232160804,7.66015075376884,4.19646199563339e-08,"2.5th percentile"
46.1668311557789,7.66015075376884,4.15190094875506e-08,"2.5th percentile"
46.2514301507538,7.66015075376884,4.09027037452886e-08,"2.5th percentile"
46.3360291457286,7.66015075376884,3.94312477036289e-08,"2.5th percentile"
46.4206281407035,7.66015075376884,3.82843970349159e-08,"2.5th percentile"
46.5052271356784,7.66015075376884,3.60282060157496e-08,"2.5th percentile"
46.5898261306533,7.66015075376884,3.36788075961033e-08,"2.5th percentile"
46.6744251256281,7.66015075376884,3.1285343531282e-08,"2.5th percentile"
46.759024120603,7.66015075376884,3.0120467646478e-08,"2.5th percentile"
46.8436231155779,7.66015075376884,2.62728492079879e-08,"2.5th percentile"
46.9282221105528,7.66015075376884,2.37923961173471e-08,"2.5th percentile"
47.0128211055276,7.66015075376884,2.24690374729327e-08,"2.5th percentile"
47.0974201005025,7.66015075376884,2.01238570951402e-08,"2.5th percentile"
47.1820190954774,7.66015075376884,1.64521661908653e-08,"2.5th percentile"
47.2666180904523,7.66015075376884,1.55620821026079e-08,"2.5th percentile"
47.3512170854271,7.66015075376884,1.34544439853037e-08,"2.5th percentile"
47.435816080402,7.66015075376884,1.05558785372046e-08,"2.5th percentile"
33.4769819095477,7.72817738693467,4.93301009448519e-05,"2.5th percentile"
33.5615809045226,7.72817738693467,8.24675795629604e-05,"2.5th percentile"
33.6461798994975,7.72817738693467,0.000279270701898622,"2.5th percentile"
33.7307788944724,7.72817738693467,0.000484761595208536,"2.5th percentile"
33.8153778894472,7.72817738693467,0.001123265254518,"2.5th percentile"
33.8999768844221,7.72817738693467,0.00304708802715668,"2.5th percentile"
33.984575879397,7.72817738693467,0.00738713632457914,"2.5th percentile"
34.0691748743719,7.72817738693467,0.021191772839097,"2.5th percentile"
34.1537738693467,7.72817738693467,0.0493388947852946,"2.5th percentile"
34.2383728643216,7.72817738693467,0.11043295687744,"2.5th percentile"
34.3229718592965,7.72817738693467,0.199562527954069,"2.5th percentile"
34.4075708542714,7.72817738693467,0.345425856116778,"2.5th percentile"
34.4921698492462,7.72817738693467,0.365753667545337,"2.5th percentile"
34.5767688442211,7.72817738693467,0.298489677693145,"2.5th percentile"
34.661367839196,7.72817738693467,0.272195465191838,"2.5th percentile"
34.7459668341709,7.72817738693467,0.267948456975527,"2.5th percentile"
34.8305658291457,7.72817738693467,0.271829652439038,"2.5th percentile"
34.9151648241206,7.72817738693467,0.275627822152841,"2.5th percentile"
34.9997638190955,7.72817738693467,0.278961583168422,"2.5th percentile"
35.0843628140704,7.72817738693467,0.281525565113031,"2.5th percentile"
35.1689618090452,7.72817738693467,0.286251932951362,"2.5th percentile"
35.2535608040201,7.72817738693467,0.287777692014353,"2.5th percentile"
35.338159798995,7.72817738693467,0.2885621465748,"2.5th percentile"
35.4227587939698,7.72817738693467,0.27870331130393,"2.5th percentile"
35.5073577889447,7.72817738693467,0.283051630919367,"2.5th percentile"
35.5919567839196,7.72817738693467,0.274192765778139,"2.5th percentile"
35.6765557788945,7.72817738693467,0.276798916599621,"2.5th percentile"
35.7611547738694,7.72817738693467,0.277653768838291,"2.5th percentile"
35.8457537688442,7.72817738693467,0.289540984677098,"2.5th percentile"
35.9303527638191,7.72817738693467,0.328374606984863,"2.5th percentile"
36.014951758794,7.72817738693467,0.31096700858026,"2.5th percentile"
36.0995507537688,7.72817738693467,0.299087252197036,"2.5th percentile"
36.1841497487437,7.72817738693467,0.305848064896974,"2.5th percentile"
36.2687487437186,7.72817738693467,0.31192514175978,"2.5th percentile"
36.3533477386935,7.72817738693467,0.315036745522847,"2.5th percentile"
36.4379467336683,7.72817738693467,0.302617796385939,"2.5th percentile"
36.5225457286432,7.72817738693467,0.281251096792015,"2.5th percentile"
36.6071447236181,7.72817738693467,0.263390549299272,"2.5th percentile"
36.691743718593,7.72817738693467,0.263702797099255,"2.5th percentile"
36.7763427135678,7.72817738693467,0.278030364043921,"2.5th percentile"
36.8609417085427,7.72817738693467,0.246640586393701,"2.5th percentile"
36.9455407035176,7.72817738693467,0.28941063940554,"2.5th percentile"
37.0301396984925,7.72817738693467,0.30368883462107,"2.5th percentile"
37.1147386934673,7.72817738693467,0.300293665991022,"2.5th percentile"
37.1993376884422,7.72817738693467,0.282980038412985,"2.5th percentile"
37.2839366834171,7.72817738693467,0.272900717241996,"2.5th percentile"
37.368535678392,7.72817738693467,0.259535188668197,"2.5th percentile"
37.4531346733668,7.72817738693467,0.349886938298708,"2.5th percentile"
37.5377336683417,7.72817738693467,0.400615274169052,"2.5th percentile"
37.6223326633166,7.72817738693467,0.327350754013988,"2.5th percentile"
37.7069316582915,7.72817738693467,0.278833833195616,"2.5th percentile"
37.7915306532663,7.72817738693467,0.261476600681278,"2.5th percentile"
37.8761296482412,7.72817738693467,0.262891653226331,"2.5th percentile"
37.9607286432161,7.72817738693467,0.241520556441848,"2.5th percentile"
38.045327638191,7.72817738693467,0.241403797924545,"2.5th percentile"
38.1299266331658,7.72817738693467,0.259229649405377,"2.5th percentile"
38.2145256281407,7.72817738693467,0.312004960440967,"2.5th percentile"
38.2991246231156,7.72817738693467,0.252427164453692,"2.5th percentile"
38.3837236180904,7.72817738693467,0.258475933063884,"2.5th percentile"
38.4683226130653,7.72817738693467,0.326967612741758,"2.5th percentile"
38.5529216080402,7.72817738693467,0.32580833060669,"2.5th percentile"
38.6375206030151,7.72817738693467,0.319650159504121,"2.5th percentile"
38.72211959799,7.72817738693467,0.261761235785916,"2.5th percentile"
38.8067185929648,7.72817738693467,0.300864185424892,"2.5th percentile"
38.8913175879397,7.72817738693467,0.277902817830617,"2.5th percentile"
38.9759165829146,7.72817738693467,0.242697342288124,"2.5th percentile"
39.0605155778894,7.72817738693467,0.237504594610442,"2.5th percentile"
39.1451145728643,7.72817738693467,0.232134829115595,"2.5th percentile"
39.2297135678392,7.72817738693467,0.230505157334029,"2.5th percentile"
39.3143125628141,7.72817738693467,0.241974479188725,"2.5th percentile"
39.3989115577889,7.72817738693467,0.316441656903469,"2.5th percentile"
39.4835105527638,7.72817738693467,0.183870749425498,"2.5th percentile"
39.5681095477387,7.72817738693467,0.183330622155826,"2.5th percentile"
39.6527085427136,7.72817738693467,0.212181681557891,"2.5th percentile"
39.7373075376884,7.72817738693467,0.219867093020179,"2.5th percentile"
39.8219065326633,7.72817738693467,0.215669598177627,"2.5th percentile"
39.9065055276382,7.72817738693467,0.223114258567485,"2.5th percentile"
39.9911045226131,7.72817738693467,0.210098442656783,"2.5th percentile"
40.0757035175879,7.72817738693467,0.201809079272766,"2.5th percentile"
40.1603025125628,7.72817738693467,0.220501813187775,"2.5th percentile"
40.2449015075377,7.72817738693467,0.215052642794803,"2.5th percentile"
40.3295005025126,7.72817738693467,0.247566009040782,"2.5th percentile"
40.4140994974874,7.72817738693467,0.235383425831711,"2.5th percentile"
40.4986984924623,7.72817738693467,0.232939665828901,"2.5th percentile"
40.5832974874372,7.72817738693467,0.235691159712067,"2.5th percentile"
40.6678964824121,7.72817738693467,0.160973487496608,"2.5th percentile"
40.7524954773869,7.72817738693467,0.123396878158107,"2.5th percentile"
40.8370944723618,7.72817738693467,0.0849359966837312,"2.5th percentile"
40.9216934673367,7.72817738693467,0.0646227312646093,"2.5th percentile"
41.0062924623116,7.72817738693467,0.0460477532351421,"2.5th percentile"
41.0908914572864,7.72817738693467,0.0254633462132542,"2.5th percentile"
41.1754904522613,7.72817738693467,0.0171492994404998,"2.5th percentile"
41.2600894472362,7.72817738693467,0.0110479396198298,"2.5th percentile"
41.344688442211,7.72817738693467,0.00722220349016703,"2.5th percentile"
41.4292874371859,7.72817738693467,0.00490522645655691,"2.5th percentile"
41.5138864321608,7.72817738693467,0.00312710358865714,"2.5th percentile"
41.5984854271357,7.72817738693467,0.00202391898777039,"2.5th percentile"
41.6830844221106,7.72817738693467,0.00132243213943938,"2.5th percentile"
41.7676834170854,7.72817738693467,0.000867643598891389,"2.5th percentile"
41.8522824120603,7.72817738693467,0.000564394375003366,"2.5th percentile"
41.9368814070352,7.72817738693467,0.000369710639083066,"2.5th percentile"
42.02148040201,7.72817738693467,0.000241708507043152,"2.5th percentile"
42.1060793969849,7.72817738693467,0.000157479661882392,"2.5th percentile"
42.1906783919598,7.72817738693467,0.000167410923251958,"2.5th percentile"
42.2752773869347,7.72817738693467,0.000100208008949926,"2.5th percentile"
42.3598763819095,7.72817738693467,8.42167706754282e-05,"2.5th percentile"
42.4444753768844,7.72817738693467,6.12089005284341e-05,"2.5th percentile"
42.5290743718593,7.72817738693467,4.99137511061798e-05,"2.5th percentile"
42.6136733668342,7.72817738693467,4.9042113863436e-05,"2.5th percentile"
42.698272361809,7.72817738693467,2.84606505365344e-05,"2.5th percentile"
42.7828713567839,7.72817738693467,2.1503591466327e-05,"2.5th percentile"
42.8674703517588,7.72817738693467,1.85126034837759e-05,"2.5th percentile"
42.9520693467337,7.72817738693467,1.30009921627888e-05,"2.5th percentile"
43.0366683417085,7.72817738693467,1.04225356412093e-05,"2.5th percentile"
43.1212673366834,7.72817738693467,7.9771476940688e-06,"2.5th percentile"
43.2058663316583,7.72817738693467,5.69688285472252e-06,"2.5th percentile"
43.2904653266332,7.72817738693467,4.40032503205412e-06,"2.5th percentile"
43.375064321608,7.72817738693467,3.45963771712178e-06,"2.5th percentile"
43.4596633165829,7.72817738693467,3.0834316874641e-06,"2.5th percentile"
43.5442623115578,7.72817738693467,1.98665338597376e-06,"2.5th percentile"
43.6288613065327,7.72817738693467,1.60861565999135e-06,"2.5th percentile"
43.7134603015075,7.72817738693467,1.56176278752633e-06,"2.5th percentile"
43.7980592964824,7.72817738693467,9.53509072664189e-07,"2.5th percentile"
43.8826582914573,7.72817738693467,7.24072862296377e-07,"2.5th percentile"
43.9672572864322,7.72817738693467,6.36910336798314e-07,"2.5th percentile"
44.051856281407,7.72817738693467,4.62803094952789e-07,"2.5th percentile"
44.1364552763819,7.72817738693467,3.02974472858121e-07,"2.5th percentile"
44.2210542713568,7.72817738693467,2.07793910104288e-07,"2.5th percentile"
44.3056532663317,7.72817738693467,1.60639655138294e-07,"2.5th percentile"
44.3902522613065,7.72817738693467,1.20488324299531e-07,"2.5th percentile"
44.4748512562814,7.72817738693467,8.87184378619796e-08,"2.5th percentile"
44.5594502512563,7.72817738693467,1.11151117289146e-07,"2.5th percentile"
44.6440492462312,7.72817738693467,1.0059057527297e-07,"2.5th percentile"
44.728648241206,7.72817738693467,1.09248600526489e-07,"2.5th percentile"
44.8132472361809,7.72817738693467,1.37337311299917e-07,"2.5th percentile"
44.8978462311558,7.72817738693467,1.36431617664225e-07,"2.5th percentile"
44.9824452261307,7.72817738693467,1.08497064977727e-07,"2.5th percentile"
45.0670442211055,7.72817738693467,1.06417000176053e-07,"2.5th percentile"
45.1516432160804,7.72817738693467,1.00009396839943e-07,"2.5th percentile"
45.2362422110553,7.72817738693467,9.69684836039433e-08,"2.5th percentile"
45.3208412060302,7.72817738693467,8.90388960386997e-08,"2.5th percentile"
45.405440201005,7.72817738693467,8.2380311674845e-08,"2.5th percentile"
45.4900391959799,7.72817738693467,7.48502306919104e-08,"2.5th percentile"
45.5746381909548,7.72817738693467,6.72726243312277e-08,"2.5th percentile"
45.6592371859296,7.72817738693467,5.96187062850831e-08,"2.5th percentile"
45.7438361809045,7.72817738693467,5.3742007426727e-08,"2.5th percentile"
45.8284351758794,7.72817738693467,4.65691040520282e-08,"2.5th percentile"
45.9130341708543,7.72817738693467,4.42455917445205e-08,"2.5th percentile"
45.9976331658291,7.72817738693467,4.47805372985575e-08,"2.5th percentile"
46.082232160804,7.72817738693467,4.74213280499571e-08,"2.5th percentile"
46.1668311557789,7.72817738693467,4.41160475788696e-08,"2.5th percentile"
46.2514301507538,7.72817738693467,4.32208739122971e-08,"2.5th percentile"
46.3360291457286,7.72817738693467,4.2551236469806e-08,"2.5th percentile"
46.4206281407035,7.72817738693467,3.99123894089116e-08,"2.5th percentile"
46.5052271356784,7.72817738693467,3.77713348906296e-08,"2.5th percentile"
46.5898261306533,7.72817738693467,3.5838304446341e-08,"2.5th percentile"
46.6744251256281,7.72817738693467,3.41705943249276e-08,"2.5th percentile"
46.759024120603,7.72817738693467,3.02667461712111e-08,"2.5th percentile"
46.8436231155779,7.72817738693467,2.75720043906282e-08,"2.5th percentile"
46.9282221105528,7.72817738693467,2.5731912321434e-08,"2.5th percentile"
47.0128211055276,7.72817738693467,2.31390245749087e-08,"2.5th percentile"
47.0974201005025,7.72817738693467,2.00116735501149e-08,"2.5th percentile"
47.1820190954774,7.72817738693467,1.72191919075697e-08,"2.5th percentile"
47.2666180904523,7.72817738693467,1.5502561879224e-08,"2.5th percentile"
47.3512170854271,7.72817738693467,1.28632188399421e-08,"2.5th percentile"
47.435816080402,7.72817738693467,1.1192417992799e-08,"2.5th percentile"
47.5204150753769,7.72817738693467,9.77251512050743e-09,"2.5th percentile"
32.9693879396985,7.7962040201005,9.86870527273054e-07,"2.5th percentile"
33.0539869346734,7.7962040201005,1.84248386272399e-06,"2.5th percentile"
33.1385859296482,7.7962040201005,3.45886978824176e-06,"2.5th percentile"
33.2231849246231,7.7962040201005,7.14048627632898e-06,"2.5th percentile"
33.307783919598,7.7962040201005,1.34342478778919e-05,"2.5th percentile"
33.3923829145729,7.7962040201005,2.91872681800415e-05,"2.5th percentile"
33.4769819095477,7.7962040201005,4.66889617075067e-05,"2.5th percentile"
33.5615809045226,7.7962040201005,8.99845073253764e-05,"2.5th percentile"
33.6461798994975,7.7962040201005,0.000175648221246653,"2.5th percentile"
33.7307788944724,7.7962040201005,0.000340596160284135,"2.5th percentile"
33.8153778894472,7.7962040201005,0.000663152760902473,"2.5th percentile"
33.8999768844221,7.7962040201005,0.0013331251903045,"2.5th percentile"
33.984575879397,7.7962040201005,0.00389638043324675,"2.5th percentile"
34.0691748743719,7.7962040201005,0.00848320641999151,"2.5th percentile"
34.1537738693467,7.7962040201005,0.0218050075668675,"2.5th percentile"
34.2383728643216,7.7962040201005,0.0501275089181781,"2.5th percentile"
34.3229718592965,7.7962040201005,0.10460654017641,"2.5th percentile"
34.4075708542714,7.7962040201005,0.188331441726577,"2.5th percentile"
34.4921698492462,7.7962040201005,0.326387202863966,"2.5th percentile"
34.5767688442211,7.7962040201005,0.292983965678479,"2.5th percentile"
34.661367839196,7.7962040201005,0.264085697124247,"2.5th percentile"
34.7459668341709,7.7962040201005,0.267979149120498,"2.5th percentile"
34.8305658291457,7.7962040201005,0.277172719817775,"2.5th percentile"
34.9151648241206,7.7962040201005,0.27519475846486,"2.5th percentile"
34.9997638190955,7.7962040201005,0.277928249584466,"2.5th percentile"
35.0843628140704,7.7962040201005,0.281835985492999,"2.5th percentile"
35.1689618090452,7.7962040201005,0.28555038574607,"2.5th percentile"
35.2535608040201,7.7962040201005,0.288511461535849,"2.5th percentile"
35.338159798995,7.7962040201005,0.281809808611221,"2.5th percentile"
35.4227587939698,7.7962040201005,0.274146077443031,"2.5th percentile"
35.5073577889447,7.7962040201005,0.295204684421294,"2.5th percentile"
35.5919567839196,7.7962040201005,0.296657697799496,"2.5th percentile"
35.6765557788945,7.7962040201005,0.293565007359428,"2.5th percentile"
35.7611547738694,7.7962040201005,0.29436821008949,"2.5th percentile"
35.8457537688442,7.7962040201005,0.287195399330429,"2.5th percentile"
35.9303527638191,7.7962040201005,0.311963008773724,"2.5th percentile"
36.014951758794,7.7962040201005,0.303976947712712,"2.5th percentile"
36.0995507537688,7.7962040201005,0.290083688573265,"2.5th percentile"
36.1841497487437,7.7962040201005,0.287467879751894,"2.5th percentile"
36.2687487437186,7.7962040201005,0.304202679587184,"2.5th percentile"
36.3533477386935,7.7962040201005,0.288548024020732,"2.5th percentile"
36.4379467336683,7.7962040201005,0.282629021640579,"2.5th percentile"
36.5225457286432,7.7962040201005,0.304233568346599,"2.5th percentile"
36.6071447236181,7.7962040201005,0.301566567800379,"2.5th percentile"
36.691743718593,7.7962040201005,0.297846145562681,"2.5th percentile"
36.7763427135678,7.7962040201005,0.285660045300725,"2.5th percentile"
36.8609417085427,7.7962040201005,0.285753845508788,"2.5th percentile"
36.9455407035176,7.7962040201005,0.284621063624453,"2.5th percentile"
37.0301396984925,7.7962040201005,0.302933601458973,"2.5th percentile"
37.1147386934673,7.7962040201005,0.284257438237281,"2.5th percentile"
37.1993376884422,7.7962040201005,0.284065031813016,"2.5th percentile"
37.2839366834171,7.7962040201005,0.411529866521196,"2.5th percentile"
37.368535678392,7.7962040201005,0.241705981777147,"2.5th percentile"
37.4531346733668,7.7962040201005,0.336551055499523,"2.5th percentile"
37.5377336683417,7.7962040201005,0.358354942229327,"2.5th percentile"
37.6223326633166,7.7962040201005,0.332348392579784,"2.5th percentile"
37.7069316582915,7.7962040201005,0.303216517069763,"2.5th percentile"
37.7915306532663,7.7962040201005,0.27999210123674,"2.5th percentile"
37.8761296482412,7.7962040201005,0.160775021036751,"2.5th percentile"
37.9607286432161,7.7962040201005,0.223948746271167,"2.5th percentile"
38.045327638191,7.7962040201005,0.241881674566393,"2.5th percentile"
38.1299266331658,7.7962040201005,0.278722452135812,"2.5th percentile"
38.2145256281407,7.7962040201005,0.292099324329231,"2.5th percentile"
38.2991246231156,7.7962040201005,0.245897773255229,"2.5th percentile"
38.3837236180904,7.7962040201005,0.253595159257425,"2.5th percentile"
38.4683226130653,7.7962040201005,0.274699609847174,"2.5th percentile"
38.5529216080402,7.7962040201005,0.307969360319172,"2.5th percentile"
38.6375206030151,7.7962040201005,0.300988030936077,"2.5th percentile"
38.72211959799,7.7962040201005,0.266612272438638,"2.5th percentile"
38.8067185929648,7.7962040201005,0.301783576154816,"2.5th percentile"
38.8913175879397,7.7962040201005,0.286543944826445,"2.5th percentile"
38.9759165829146,7.7962040201005,0.270467234438819,"2.5th percentile"
39.0605155778894,7.7962040201005,0.245689928464156,"2.5th percentile"
39.1451145728643,7.7962040201005,0.23297097844444,"2.5th percentile"
39.2297135678392,7.7962040201005,0.242759492631125,"2.5th percentile"
39.3143125628141,7.7962040201005,0.250057618526272,"2.5th percentile"
39.3989115577889,7.7962040201005,0.334199071080544,"2.5th percentile"
39.4835105527638,7.7962040201005,0.195608553286496,"2.5th percentile"
39.5681095477387,7.7962040201005,0.143776988790573,"2.5th percentile"
39.6527085427136,7.7962040201005,0.216149308469967,"2.5th percentile"
39.7373075376884,7.7962040201005,0.232472511920742,"2.5th percentile"
39.8219065326633,7.7962040201005,0.220719329977731,"2.5th percentile"
39.9065055276382,7.7962040201005,0.220577488193896,"2.5th percentile"
39.9911045226131,7.7962040201005,0.214419244758625,"2.5th percentile"
40.0757035175879,7.7962040201005,0.230111177075187,"2.5th percentile"
40.1603025125628,7.7962040201005,0.222555901446111,"2.5th percentile"
40.2449015075377,7.7962040201005,0.25983508120377,"2.5th percentile"
40.3295005025126,7.7962040201005,0.256079260985957,"2.5th percentile"
40.4140994974874,7.7962040201005,0.282980649089311,"2.5th percentile"
40.4986984924623,7.7962040201005,0.238599127112125,"2.5th percentile"
40.5832974874372,7.7962040201005,0.225731840684829,"2.5th percentile"
40.6678964824121,7.7962040201005,0.173710214717349,"2.5th percentile"
40.7524954773869,7.7962040201005,0.125691478085575,"2.5th percentile"
40.8370944723618,7.7962040201005,0.0848660953971674,"2.5th percentile"
40.9216934673367,7.7962040201005,0.0580154413792185,"2.5th percentile"
41.0062924623116,7.7962040201005,0.042544998412564,"2.5th percentile"
41.0908914572864,7.7962040201005,0.026888703736201,"2.5th percentile"
41.1754904522613,7.7962040201005,0.0174367819849808,"2.5th percentile"
41.2600894472362,7.7962040201005,0.0111466089157212,"2.5th percentile"
41.344688442211,7.7962040201005,0.00723705608131388,"2.5th percentile"
41.4292874371859,7.7962040201005,0.00471691138009769,"2.5th percentile"
41.5138864321608,7.7962040201005,0.00308708470691454,"2.5th percentile"
41.5984854271357,7.7962040201005,0.00204511701732554,"2.5th percentile"
41.6830844221106,7.7962040201005,0.00132636950537147,"2.5th percentile"
41.7676834170854,7.7962040201005,0.000864235342710927,"2.5th percentile"
41.8522824120603,7.7962040201005,0.00058251861216612,"2.5th percentile"
41.9368814070352,7.7962040201005,0.000370038959312405,"2.5th percentile"
42.02148040201,7.7962040201005,0.000244268238659776,"2.5th percentile"
42.1060793969849,7.7962040201005,0.000158275679435526,"2.5th percentile"
42.1906783919598,7.7962040201005,0.000114136272380353,"2.5th percentile"
42.2752773869347,7.7962040201005,8.02393622007723e-05,"2.5th percentile"
42.3598763819095,7.7962040201005,7.14377833683922e-05,"2.5th percentile"
42.4444753768844,7.7962040201005,5.40159755418974e-05,"2.5th percentile"
42.5290743718593,7.7962040201005,3.88968835873212e-05,"2.5th percentile"
42.6136733668342,7.7962040201005,3.80908628641639e-05,"2.5th percentile"
42.698272361809,7.7962040201005,2.44836136635035e-05,"2.5th percentile"
42.7828713567839,7.7962040201005,1.87985094177044e-05,"2.5th percentile"
42.8674703517588,7.7962040201005,1.47023698442976e-05,"2.5th percentile"
42.9520693467337,7.7962040201005,1.09787327728217e-05,"2.5th percentile"
43.0366683417085,7.7962040201005,8.77090329347616e-06,"2.5th percentile"
43.1212673366834,7.7962040201005,6.39845637493692e-06,"2.5th percentile"
43.2058663316583,7.7962040201005,4.80811513780218e-06,"2.5th percentile"
43.2904653266332,7.7962040201005,3.98134881385443e-06,"2.5th percentile"
43.375064321608,7.7962040201005,3.03491929702186e-06,"2.5th percentile"
43.4596633165829,7.7962040201005,2.35110158589127e-06,"2.5th percentile"
43.5442623115578,7.7962040201005,1.63774459106607e-06,"2.5th percentile"
43.6288613065327,7.7962040201005,1.75051346011362e-06,"2.5th percentile"
43.7134603015075,7.7962040201005,1.24005016397731e-06,"2.5th percentile"
43.7980592964824,7.7962040201005,7.18865808516514e-07,"2.5th percentile"
43.8826582914573,7.7962040201005,7.58425285442797e-07,"2.5th percentile"
43.9672572864322,7.7962040201005,5.64602602290513e-07,"2.5th percentile"
44.051856281407,7.7962040201005,3.83374129253476e-07,"2.5th percentile"
44.1364552763819,7.7962040201005,3.13085646929904e-07,"2.5th percentile"
44.2210542713568,7.7962040201005,1.8136176711844e-07,"2.5th percentile"
44.3056532663317,7.7962040201005,1.37622777378697e-07,"2.5th percentile"
44.3902522613065,7.7962040201005,1.06451986833049e-07,"2.5th percentile"
44.4748512562814,7.7962040201005,8.53918166297867e-08,"2.5th percentile"
44.5594502512563,7.7962040201005,8.73028526581154e-08,"2.5th percentile"
44.6440492462312,7.7962040201005,9.1688425127615e-08,"2.5th percentile"
44.728648241206,7.7962040201005,9.72422517375868e-08,"2.5th percentile"
44.8132472361809,7.7962040201005,1.18652941821902e-07,"2.5th percentile"
44.8978462311558,7.7962040201005,1.08860377790137e-07,"2.5th percentile"
44.9824452261307,7.7962040201005,9.98876883044328e-08,"2.5th percentile"
45.0670442211055,7.7962040201005,1.21619061853843e-07,"2.5th percentile"
45.1516432160804,7.7962040201005,1.18702947202411e-07,"2.5th percentile"
45.2362422110553,7.7962040201005,1.23430484400182e-07,"2.5th percentile"
45.3208412060302,7.7962040201005,8.6032906384973e-08,"2.5th percentile"
45.405440201005,7.7962040201005,7.46172860143831e-08,"2.5th percentile"
45.4900391959799,7.7962040201005,7.81304213812137e-08,"2.5th percentile"
45.5746381909548,7.7962040201005,6.10451319910601e-08,"2.5th percentile"
45.6592371859296,7.7962040201005,5.58469065692896e-08,"2.5th percentile"
45.7438361809045,7.7962040201005,4.74249678342464e-08,"2.5th percentile"
45.8284351758794,7.7962040201005,4.60552360949006e-08,"2.5th percentile"
45.9130341708543,7.7962040201005,4.83987089272394e-08,"2.5th percentile"
45.9976331658291,7.7962040201005,4.78739367369873e-08,"2.5th percentile"
46.082232160804,7.7962040201005,6.14656556107083e-08,"2.5th percentile"
46.1668311557789,7.7962040201005,4.64911283385491e-08,"2.5th percentile"
46.2514301507538,7.7962040201005,4.53178874403853e-08,"2.5th percentile"
46.3360291457286,7.7962040201005,4.47194250638647e-08,"2.5th percentile"
46.4206281407035,7.7962040201005,4.54470363360245e-08,"2.5th percentile"
46.5052271356784,7.7962040201005,3.95953670300467e-08,"2.5th percentile"
46.5898261306533,7.7962040201005,3.72694074494068e-08,"2.5th percentile"
46.6744251256281,7.7962040201005,3.43203975844714e-08,"2.5th percentile"
46.759024120603,7.7962040201005,3.35586253176793e-08,"2.5th percentile"
46.8436231155779,7.7962040201005,2.91671841776472e-08,"2.5th percentile"
46.9282221105528,7.7962040201005,2.61474721110905e-08,"2.5th percentile"
47.0128211055276,7.7962040201005,2.48707577745753e-08,"2.5th percentile"
47.0974201005025,7.7962040201005,2.04264799693565e-08,"2.5th percentile"
47.1820190954774,7.7962040201005,1.76611174792827e-08,"2.5th percentile"
47.2666180904523,7.7962040201005,1.53304119210492e-08,"2.5th percentile"
47.3512170854271,7.7962040201005,1.35254432028692e-08,"2.5th percentile"
47.435816080402,7.7962040201005,1.12087821889537e-08,"2.5th percentile"
47.5204150753769,7.7962040201005,1.0290618598465e-08,"2.5th percentile"
33.0539869346734,7.86423065326633,3.66568147753733e-06,"2.5th percentile"
33.1385859296482,7.86423065326633,5.69276412706685e-06,"2.5th percentile"
33.2231849246231,7.86423065326633,1.12246801165633e-05,"2.5th percentile"
33.307783919598,7.86423065326633,2.78938314304614e-05,"2.5th percentile"
33.3923829145729,7.86423065326633,4.77409502246405e-05,"2.5th percentile"
33.4769819095477,7.86423065326633,7.97484411836034e-05,"2.5th percentile"
33.5615809045226,7.86423065326633,0.00016108452921088,"2.5th percentile"
33.6461798994975,7.86423065326633,0.000308093333914548,"2.5th percentile"
33.7307788944724,7.86423065326633,0.000612153021942792,"2.5th percentile"
33.8153778894472,7.86423065326633,0.00120465054368194,"2.5th percentile"
33.8999768844221,7.86423065326633,0.0022646563856348,"2.5th percentile"
33.984575879397,7.86423065326633,0.00479405796331925,"2.5th percentile"
34.0691748743719,7.86423065326633,0.0116744396229264,"2.5th percentile"
34.1537738693467,7.86423065326633,0.0226519339665497,"2.5th percentile"
34.2383728643216,7.86423065326633,0.045011441179057,"2.5th percentile"
34.3229718592965,7.86423065326633,0.0839319406893718,"2.5th percentile"
34.4075708542714,7.86423065326633,0.130498518310066,"2.5th percentile"
34.4921698492462,7.86423065326633,0.273265679967848,"2.5th percentile"
34.5767688442211,7.86423065326633,0.29749291778642,"2.5th percentile"
34.661367839196,7.86423065326633,0.277917034196562,"2.5th percentile"
34.7459668341709,7.86423065326633,0.267948211631755,"2.5th percentile"
34.8305658291457,7.86423065326633,0.276717475822451,"2.5th percentile"
34.9151648241206,7.86423065326633,0.268398130954993,"2.5th percentile"
34.9997638190955,7.86423065326633,0.280504007709526,"2.5th percentile"
35.0843628140704,7.86423065326633,0.281659512596386,"2.5th percentile"
35.1689618090452,7.86423065326633,0.285081226205355,"2.5th percentile"
35.2535608040201,7.86423065326633,0.284467745110127,"2.5th percentile"
35.338159798995,7.86423065326633,0.28649560009302,"2.5th percentile"
35.4227587939698,7.86423065326633,0.282226324553884,"2.5th percentile"
35.5073577889447,7.86423065326633,0.289770908858954,"2.5th percentile"
35.5919567839196,7.86423065326633,0.293661875809791,"2.5th percentile"
35.6765557788945,7.86423065326633,0.292395561919354,"2.5th percentile"
35.7611547738694,7.86423065326633,0.281814708417872,"2.5th percentile"
35.8457537688442,7.86423065326633,0.291253724093995,"2.5th percentile"
35.9303527638191,7.86423065326633,0.297829788682098,"2.5th percentile"
36.014951758794,7.86423065326633,0.271639115497095,"2.5th percentile"
36.0995507537688,7.86423065326633,0.266598507034529,"2.5th percentile"
36.1841497487437,7.86423065326633,0.307972004588553,"2.5th percentile"
36.2687487437186,7.86423065326633,0.322509164958586,"2.5th percentile"
36.3533477386935,7.86423065326633,0.305523849849778,"2.5th percentile"
36.4379467336683,7.86423065326633,0.282617363537794,"2.5th percentile"
36.5225457286432,7.86423065326633,0.27719481954065,"2.5th percentile"
36.6071447236181,7.86423065326633,0.284401601592709,"2.5th percentile"
36.691743718593,7.86423065326633,0.299277716753368,"2.5th percentile"
36.7763427135678,7.86423065326633,0.306857115124168,"2.5th percentile"
36.8609417085427,7.86423065326633,0.341042889841949,"2.5th percentile"
36.9455407035176,7.86423065326633,0.347311146297047,"2.5th percentile"
37.0301396984925,7.86423065326633,0.306432976786942,"2.5th percentile"
37.1147386934673,7.86423065326633,0.286824867623755,"2.5th percentile"
37.1993376884422,7.86423065326633,0.291978083091764,"2.5th percentile"
37.2839366834171,7.86423065326633,0.310495748651403,"2.5th percentile"
37.368535678392,7.86423065326633,0.268994334129353,"2.5th percentile"
37.4531346733668,7.86423065326633,0.335209304082604,"2.5th percentile"
37.5377336683417,7.86423065326633,0.341570311964028,"2.5th percentile"
37.6223326633166,7.86423065326633,0.364494111537716,"2.5th percentile"
37.7069316582915,7.86423065326633,0.315215985831406,"2.5th percentile"
37.7915306532663,7.86423065326633,0.256792684601932,"2.5th percentile"
37.8761296482412,7.86423065326633,0.233212814997666,"2.5th percentile"
37.9607286432161,7.86423065326633,0.241274612670734,"2.5th percentile"
38.045327638191,7.86423065326633,0.223885357082756,"2.5th percentile"
38.1299266331658,7.86423065326633,0.208645583688175,"2.5th percentile"
38.2145256281407,7.86423065326633,0.289348792400835,"2.5th percentile"
38.2991246231156,7.86423065326633,0.26886302125603,"2.5th percentile"
38.3837236180904,7.86423065326633,0.264943758149899,"2.5th percentile"
38.4683226130653,7.86423065326633,0.246424724888086,"2.5th percentile"
38.5529216080402,7.86423065326633,0.283877781759746,"2.5th percentile"
38.6375206030151,7.86423065326633,0.269304860261731,"2.5th percentile"
38.72211959799,7.86423065326633,0.247060583764316,"2.5th percentile"
38.8067185929648,7.86423065326633,0.38569569529676,"2.5th percentile"
38.8913175879397,7.86423065326633,0.308984051672494,"2.5th percentile"
38.9759165829146,7.86423065326633,0.284283716346975,"2.5th percentile"
39.0605155778894,7.86423065326633,0.267333710745507,"2.5th percentile"
39.1451145728643,7.86423065326633,0.250628799342992,"2.5th percentile"
39.2297135678392,7.86423065326633,0.272171786379835,"2.5th percentile"
39.3143125628141,7.86423065326633,0.281442238947216,"2.5th percentile"
39.3989115577889,7.86423065326633,0.343998805505165,"2.5th percentile"
39.4835105527638,7.86423065326633,0.23473546287986,"2.5th percentile"
39.5681095477387,7.86423065326633,0.177831781216942,"2.5th percentile"
39.6527085427136,7.86423065326633,0.209072545814312,"2.5th percentile"
39.7373075376884,7.86423065326633,0.240969027301413,"2.5th percentile"
39.8219065326633,7.86423065326633,0.228181800521812,"2.5th percentile"
39.9065055276382,7.86423065326633,0.253991680494222,"2.5th percentile"
39.9911045226131,7.86423065326633,0.255424605619424,"2.5th percentile"
40.0757035175879,7.86423065326633,0.253970349216443,"2.5th percentile"
40.1603025125628,7.86423065326633,0.255463076647976,"2.5th percentile"
40.2449015075377,7.86423065326633,0.257660927418442,"2.5th percentile"
40.3295005025126,7.86423065326633,0.264251517055745,"2.5th percentile"
40.4140994974874,7.86423065326633,0.25162401209989,"2.5th percentile"
40.4986984924623,7.86423065326633,0.246999844404451,"2.5th percentile"
40.5832974874372,7.86423065326633,0.23433551476575,"2.5th percentile"
40.6678964824121,7.86423065326633,0.205210951397443,"2.5th percentile"
40.7524954773869,7.86423065326633,0.126193559077874,"2.5th percentile"
40.8370944723618,7.86423065326633,0.0857389050178389,"2.5th percentile"
40.9216934673367,7.86423065326633,0.0616250054048792,"2.5th percentile"
41.0062924623116,7.86423065326633,0.0413198003069817,"2.5th percentile"
41.0908914572864,7.86423065326633,0.0328148527081998,"2.5th percentile"
41.1754904522613,7.86423065326633,0.0197945599280807,"2.5th percentile"
41.2600894472362,7.86423065326633,0.0117405307967034,"2.5th percentile"
41.344688442211,7.86423065326633,0.00721689412421232,"2.5th percentile"
41.4292874371859,7.86423065326633,0.00473403924010055,"2.5th percentile"
41.5138864321608,7.86423065326633,0.00309841319998092,"2.5th percentile"
41.5984854271357,7.86423065326633,0.00210675900046002,"2.5th percentile"
41.6830844221106,7.86423065326633,0.00132610711413225,"2.5th percentile"
41.7676834170854,7.86423065326633,0.00086185513171025,"2.5th percentile"
41.8522824120603,7.86423065326633,0.000667645729203951,"2.5th percentile"
41.9368814070352,7.86423065326633,0.000370897935131876,"2.5th percentile"
42.02148040201,7.86423065326633,0.000257501476363236,"2.5th percentile"
42.1060793969849,7.86423065326633,0.000158801738950464,"2.5th percentile"
42.1906783919598,7.86423065326633,0.000108207142288319,"2.5th percentile"
42.2752773869347,7.86423065326633,7.14854822375526e-05,"2.5th percentile"
42.3598763819095,7.86423065326633,5.23327000216684e-05,"2.5th percentile"
42.4444753768844,7.86423065326633,4.11771244030574e-05,"2.5th percentile"
42.5290743718593,7.86423065326633,3.1432730799807e-05,"2.5th percentile"
42.6136733668342,7.86423065326633,3.0172590324325e-05,"2.5th percentile"
42.698272361809,7.86423065326633,1.97072226445115e-05,"2.5th percentile"
42.7828713567839,7.86423065326633,1.50577965623285e-05,"2.5th percentile"
42.8674703517588,7.86423065326633,1.14655333533906e-05,"2.5th percentile"
42.9520693467337,7.86423065326633,1.00097571399593e-05,"2.5th percentile"
43.0366683417085,7.86423065326633,7.33710401643342e-06,"2.5th percentile"
43.1212673366834,7.86423065326633,5.77533862935079e-06,"2.5th percentile"
43.2058663316583,7.86423065326633,4.10719142373784e-06,"2.5th percentile"
43.2904653266332,7.86423065326633,3.33913893568891e-06,"2.5th percentile"
43.375064321608,7.86423065326633,2.64785835531188e-06,"2.5th percentile"
43.4596633165829,7.86423065326633,2.06660256911875e-06,"2.5th percentile"
43.5442623115578,7.86423065326633,1.93028406807136e-06,"2.5th percentile"
43.6288613065327,7.86423065326633,1.07731148588909e-06,"2.5th percentile"
43.7134603015075,7.86423065326633,9.04079668454999e-07,"2.5th percentile"
43.7980592964824,7.86423065326633,7.02751416084617e-07,"2.5th percentile"
43.8826582914573,7.86423065326633,6.24597623466504e-07,"2.5th percentile"
43.9672572864322,7.86423065326633,4.28034808770205e-07,"2.5th percentile"
44.051856281407,7.86423065326633,2.93570529403534e-07,"2.5th percentile"
44.1364552763819,7.86423065326633,2.08905644879699e-07,"2.5th percentile"
44.2210542713568,7.86423065326633,1.55885166751676e-07,"2.5th percentile"
44.3056532663317,7.86423065326633,1.17639588429979e-07,"2.5th percentile"
44.3902522613065,7.86423065326633,1.08695002973282e-07,"2.5th percentile"
44.4748512562814,7.86423065326633,7.48294138327817e-08,"2.5th percentile"
44.5594502512563,7.86423065326633,8.5010849434481e-08,"2.5th percentile"
44.6440492462312,7.86423065326633,8.95372642530728e-08,"2.5th percentile"
44.728648241206,7.86423065326633,1.07598863583273e-07,"2.5th percentile"
44.8132472361809,7.86423065326633,9.11268026050191e-08,"2.5th percentile"
44.8978462311558,7.86423065326633,1.26292015459289e-07,"2.5th percentile"
44.9824452261307,7.86423065326633,1.21582797736233e-07,"2.5th percentile"
45.0670442211055,7.86423065326633,1.08304457365924e-07,"2.5th percentile"
45.1516432160804,7.86423065326633,1.02913081062714e-07,"2.5th percentile"
45.2362422110553,7.86423065326633,1.11829635575047e-07,"2.5th percentile"
45.3208412060302,7.86423065326633,9.94983505963151e-08,"2.5th percentile"
45.405440201005,7.86423065326633,9.52513704846869e-08,"2.5th percentile"
45.4900391959799,7.86423065326633,8.26758070712414e-08,"2.5th percentile"
45.5746381909548,7.86423065326633,7.06567621523866e-08,"2.5th percentile"
45.6592371859296,7.86423065326633,4.92786089635448e-08,"2.5th percentile"
45.7438361809045,7.86423065326633,5.27251073877191e-08,"2.5th percentile"
45.8284351758794,7.86423065326633,5.13766420704084e-08,"2.5th percentile"
45.9130341708543,7.86423065326633,5.19034374350375e-08,"2.5th percentile"
45.9976331658291,7.86423065326633,5.21734641391144e-08,"2.5th percentile"
46.082232160804,7.86423065326633,5.13659646523368e-08,"2.5th percentile"
46.1668311557789,7.86423065326633,4.85645741703446e-08,"2.5th percentile"
46.2514301507538,7.86423065326633,4.72990313511468e-08,"2.5th percentile"
46.3360291457286,7.86423065326633,4.57064129323494e-08,"2.5th percentile"
46.4206281407035,7.86423065326633,4.36988557193461e-08,"2.5th percentile"
46.5052271356784,7.86423065326633,4.11770175187879e-08,"2.5th percentile"
46.5898261306533,7.86423065326633,3.85594884732094e-08,"2.5th percentile"
46.6744251256281,7.86423065326633,3.55249022392897e-08,"2.5th percentile"
46.759024120603,7.86423065326633,3.28675704385695e-08,"2.5th percentile"
46.8436231155779,7.86423065326633,3.49272733961423e-08,"2.5th percentile"
46.9282221105528,7.86423065326633,2.70603925627194e-08,"2.5th percentile"
47.0128211055276,7.86423065326633,2.37494927995052e-08,"2.5th percentile"
47.0974201005025,7.86423065326633,2.40498547618289e-08,"2.5th percentile"
47.1820190954774,7.86423065326633,1.85340046855758e-08,"2.5th percentile"
47.2666180904523,7.86423065326633,1.58583362062838e-08,"2.5th percentile"
47.3512170854271,7.86423065326633,1.35183033595136e-08,"2.5th percentile"
47.435816080402,7.86423065326633,1.26844559267832e-08,"2.5th percentile"
47.5204150753769,7.86423065326633,1.19973134965914e-08,"2.5th percentile"
47.6050140703518,7.86423065326633,8.51560339475454e-09,"2.5th percentile"
33.0539869346734,7.93225728643216,5.46540572933385e-06,"2.5th percentile"
33.1385859296482,7.93225728643216,1.00241093794574e-05,"2.5th percentile"
33.2231849246231,7.93225728643216,1.98207730713138e-05,"2.5th percentile"
33.307783919598,7.93225728643216,4.95909020747642e-05,"2.5th percentile"
33.3923829145729,7.93225728643216,7.22401758394924e-05,"2.5th percentile"
33.4769819095477,7.93225728643216,0.000163449413252904,"2.5th percentile"
33.5615809045226,7.93225728643216,0.000290820880718497,"2.5th percentile"
33.6461798994975,7.93225728643216,0.000664229613750846,"2.5th percentile"
33.7307788944724,7.93225728643216,0.00114340963750572,"2.5th percentile"
33.8153778894472,7.93225728643216,0.00206229623716985,"2.5th percentile"
33.8999768844221,7.93225728643216,0.00394044248236621,"2.5th percentile"
33.984575879397,7.93225728643216,0.0104994946441223,"2.5th percentile"
34.0691748743719,7.93225728643216,0.0204853426435723,"2.5th percentile"
34.1537738693467,7.93225728643216,0.0405672899245266,"2.5th percentile"
34.2383728643216,7.93225728643216,0.0760456225116658,"2.5th percentile"
34.3229718592965,7.93225728643216,0.114820020550306,"2.5th percentile"
34.4075708542714,7.93225728643216,0.208462646473739,"2.5th percentile"
34.4921698492462,7.93225728643216,0.324186921356945,"2.5th percentile"
34.5767688442211,7.93225728643216,0.308921121442958,"2.5th percentile"
34.661367839196,7.93225728643216,0.266675330472187,"2.5th percentile"
34.7459668341709,7.93225728643216,0.267441703101159,"2.5th percentile"
34.8305658291457,7.93225728643216,0.268499373492626,"2.5th percentile"
34.9151648241206,7.93225728643216,0.261059710267014,"2.5th percentile"
34.9997638190955,7.93225728643216,0.27629730544884,"2.5th percentile"
35.0843628140704,7.93225728643216,0.280796545692777,"2.5th percentile"
35.1689618090452,7.93225728643216,0.281876364735158,"2.5th percentile"
35.2535608040201,7.93225728643216,0.286147468475886,"2.5th percentile"
35.338159798995,7.93225728643216,0.289826907103498,"2.5th percentile"
35.4227587939698,7.93225728643216,0.280735806542602,"2.5th percentile"
35.5073577889447,7.93225728643216,0.264628960093534,"2.5th percentile"
35.5919567839196,7.93225728643216,0.294013200071682,"2.5th percentile"
35.6765557788945,7.93225728643216,0.295485082293178,"2.5th percentile"
35.7611547738694,7.93225728643216,0.29268694915001,"2.5th percentile"
35.8457537688442,7.93225728643216,0.309138297310253,"2.5th percentile"
35.9303527638191,7.93225728643216,0.311970169446038,"2.5th percentile"
36.014951758794,7.93225728643216,0.280464068130779,"2.5th percentile"
36.0995507537688,7.93225728643216,0.25920372333726,"2.5th percentile"
36.1841497487437,7.93225728643216,0.284350049452778,"2.5th percentile"
36.2687487437186,7.93225728643216,0.32041187978308,"2.5th percentile"
36.3533477386935,7.93225728643216,0.336065278557068,"2.5th percentile"
36.4379467336683,7.93225728643216,0.288228061659482,"2.5th percentile"
36.5225457286432,7.93225728643216,0.292073802119856,"2.5th percentile"
36.6071447236181,7.93225728643216,0.304387112183313,"2.5th percentile"
36.691743718593,7.93225728643216,0.302361025596856,"2.5th percentile"
36.7763427135678,7.93225728643216,0.325624236148435,"2.5th percentile"
36.8609417085427,7.93225728643216,0.312302646645761,"2.5th percentile"
36.9455407035176,7.93225728643216,0.327559559859483,"2.5th percentile"
37.0301396984925,7.93225728643216,0.344267099649181,"2.5th percentile"
37.1147386934673,7.93225728643216,0.30297102443335,"2.5th percentile"
37.1993376884422,7.93225728643216,0.294826935919454,"2.5th percentile"
37.2839366834171,7.93225728643216,0.308726112916794,"2.5th percentile"
37.368535678392,7.93225728643216,0.296589227025078,"2.5th percentile"
37.4531346733668,7.93225728643216,0.32331211531053,"2.5th percentile"
37.5377336683417,7.93225728643216,0.322842218970796,"2.5th percentile"
37.6223326633166,7.93225728643216,0.368528945667702,"2.5th percentile"
37.7069316582915,7.93225728643216,0.326329033792345,"2.5th percentile"
37.7915306532663,7.93225728643216,0.291855533818031,"2.5th percentile"
37.8761296482412,7.93225728643216,0.251605212658905,"2.5th percentile"
37.9607286432161,7.93225728643216,0.239990363813695,"2.5th percentile"
38.045327638191,7.93225728643216,0.211215158905128,"2.5th percentile"
38.1299266331658,7.93225728643216,0.183736446807387,"2.5th percentile"
38.2145256281407,7.93225728643216,0.225708883811502,"2.5th percentile"
38.2991246231156,7.93225728643216,0.252935550722782,"2.5th percentile"
38.3837236180904,7.93225728643216,0.297299756721661,"2.5th percentile"
38.4683226130653,7.93225728643216,0.275503447104108,"2.5th percentile"
38.5529216080402,7.93225728643216,0.288317333891588,"2.5th percentile"
38.6375206030151,7.93225728643216,0.276436719024401,"2.5th percentile"
38.72211959799,7.93225728643216,0.265837425210151,"2.5th percentile"
38.8067185929648,7.93225728643216,0.459435202900871,"2.5th percentile"
38.8913175879397,7.93225728643216,0.348137784845069,"2.5th percentile"
38.9759165829146,7.93225728643216,0.291541864449103,"2.5th percentile"
39.0605155778894,7.93225728643216,0.276623741297824,"2.5th percentile"
39.1451145728643,7.93225728643216,0.25236346267587,"2.5th percentile"
39.2297135678392,7.93225728643216,0.309213053272902,"2.5th percentile"
39.3143125628141,7.93225728643216,0.338071486673103,"2.5th percentile"
39.3989115577889,7.93225728643216,0.333661940993081,"2.5th percentile"
39.4835105527638,7.93225728643216,0.256578634379709,"2.5th percentile"
39.5681095477387,7.93225728643216,0.153046666484218,"2.5th percentile"
39.6527085427136,7.93225728643216,0.237093079911306,"2.5th percentile"
39.7373075376884,7.93225728643216,0.234118324641082,"2.5th percentile"
39.8219065326633,7.93225728643216,0.253219578911624,"2.5th percentile"
39.9065055276382,7.93225728643216,0.261095924855221,"2.5th percentile"
39.9911045226131,7.93225728643216,0.263247275349839,"2.5th percentile"
40.0757035175879,7.93225728643216,0.253292806751816,"2.5th percentile"
40.1603025125628,7.93225728643216,0.260103212045214,"2.5th percentile"
40.2449015075377,7.93225728643216,0.271640823975037,"2.5th percentile"
40.3295005025126,7.93225728643216,0.262212529242894,"2.5th percentile"
40.4140994974874,7.93225728643216,0.256172019032544,"2.5th percentile"
40.4986984924623,7.93225728643216,0.248979834611357,"2.5th percentile"
40.5832974874372,7.93225728643216,0.237529489285511,"2.5th percentile"
40.6678964824121,7.93225728643216,0.180587324035169,"2.5th percentile"
40.7524954773869,7.93225728643216,0.13412971728996,"2.5th percentile"
40.8370944723618,7.93225728643216,0.0946160072768155,"2.5th percentile"
40.9216934673367,7.93225728643216,0.0619543318064021,"2.5th percentile"
41.0062924623116,7.93225728643216,0.0386722581134776,"2.5th percentile"
41.0908914572864,7.93225728643216,0.0330946440408849,"2.5th percentile"
41.1754904522613,7.93225728643216,0.0198449039434532,"2.5th percentile"
41.2600894472362,7.93225728643216,0.0115205290423955,"2.5th percentile"
41.344688442211,7.93225728643216,0.00722394936627696,"2.5th percentile"
41.4292874371859,7.93225728643216,0.00471470168368656,"2.5th percentile"
41.5138864321608,7.93225728643216,0.00313718907567537,"2.5th percentile"
41.5984854271357,7.93225728643216,0.00202999592161519,"2.5th percentile"
41.6830844221106,7.93225728643216,0.00141595560647126,"2.5th percentile"
41.7676834170854,7.93225728643216,0.000857950884014517,"2.5th percentile"
41.8522824120603,7.93225728643216,0.000561053270441888,"2.5th percentile"
41.9368814070352,7.93225728643216,0.000369391856318835,"2.5th percentile"
42.02148040201,7.93225728643216,0.000241527186681197,"2.5th percentile"
42.1060793969849,7.93225728643216,0.000162238989217511,"2.5th percentile"
42.1906783919598,7.93225728643216,0.000109742295989555,"2.5th percentile"
42.2752773869347,7.93225728643216,7.18465828091306e-05,"2.5th percentile"
42.3598763819095,7.93225728643216,4.72298772471021e-05,"2.5th percentile"
42.4444753768844,7.93225728643216,3.21834787333212e-05,"2.5th percentile"
42.5290743718593,7.93225728643216,3.04692059582715e-05,"2.5th percentile"
42.6136733668342,7.93225728643216,2.33864348780635e-05,"2.5th percentile"
42.698272361809,7.93225728643216,1.74528059979363e-05,"2.5th percentile"
42.7828713567839,7.93225728643216,1.2183628627466e-05,"2.5th percentile"
42.8674703517588,7.93225728643216,9.65968720566156e-06,"2.5th percentile"
42.9520693467337,7.93225728643216,7.69091796960477e-06,"2.5th percentile"
43.0366683417085,7.93225728643216,5.80250565906048e-06,"2.5th percentile"
43.1212673366834,7.93225728643216,4.77655169194044e-06,"2.5th percentile"
43.2058663316583,7.93225728643216,3.38550151865339e-06,"2.5th percentile"
43.2904653266332,7.93225728643216,3.50198969709807e-06,"2.5th percentile"
43.375064321608,7.93225728643216,2.01049179630548e-06,"2.5th percentile"
43.4596633165829,7.93225728643216,1.86146069978787e-06,"2.5th percentile"
43.5442623115578,7.93225728643216,1.63311843382372e-06,"2.5th percentile"
43.6288613065327,7.93225728643216,1.21134388029034e-06,"2.5th percentile"
43.7134603015075,7.93225728643216,8.42965088018385e-07,"2.5th percentile"
43.7980592964824,7.93225728643216,7.26475499655739e-07,"2.5th percentile"
43.8826582914573,7.93225728643216,4.88413030317968e-07,"2.5th percentile"
43.9672572864322,7.93225728643216,3.41481617396475e-07,"2.5th percentile"
44.051856281407,7.93225728643216,2.31718266748651e-07,"2.5th percentile"
44.1364552763819,7.93225728643216,2.11309729771033e-07,"2.5th percentile"
44.2210542713568,7.93225728643216,1.37787237575212e-07,"2.5th percentile"
44.3056532663317,7.93225728643216,1.04762110552658e-07,"2.5th percentile"
44.3902522613065,7.93225728643216,8.05219897661321e-08,"2.5th percentile"
44.4748512562814,7.93225728643216,6.93172488506353e-08,"2.5th percentile"
44.5594502512563,7.93225728643216,7.25832349001059e-08,"2.5th percentile"
44.6440492462312,7.93225728643216,7.97372080631047e-08,"2.5th percentile"
44.728648241206,7.93225728643216,9.29560311246738e-08,"2.5th percentile"
44.8132472361809,7.93225728643216,9.07234500076027e-08,"2.5th percentile"
44.8978462311558,7.93225728643216,1.10026474504258e-07,"2.5th percentile"
44.9824452261307,7.93225728643216,8.42632094917841e-08,"2.5th percentile"
45.0670442211055,7.93225728643216,1.02239800805378e-07,"2.5th percentile"
45.1516432160804,7.93225728643216,1.03022941763593e-07,"2.5th percentile"
45.2362422110553,7.93225728643216,1.00613580023258e-07,"2.5th percentile"
45.3208412060302,7.93225728643216,8.69931757971497e-08,"2.5th percentile"
45.405440201005,7.93225728643216,7.53559954088599e-08,"2.5th percentile"
45.4900391959799,7.93225728643216,7.11094264088037e-08,"2.5th percentile"
45.5746381909548,7.93225728643216,5.0030655949943e-08,"2.5th percentile"
45.6592371859296,7.93225728643216,4.76312516380285e-08,"2.5th percentile"
45.7438361809045,7.93225728643216,5.09916779536801e-08,"2.5th percentile"
45.8284351758794,7.93225728643216,5.02765602616698e-08,"2.5th percentile"
45.9130341708543,7.93225728643216,5.35082901893762e-08,"2.5th percentile"
45.9976331658291,7.93225728643216,5.39906596140395e-08,"2.5th percentile"
46.082232160804,7.93225728643216,5.42793094169525e-08,"2.5th percentile"
46.1668311557789,7.93225728643216,5.04158494734389e-08,"2.5th percentile"
46.2514301507538,7.93225728643216,4.89812303187879e-08,"2.5th percentile"
46.3360291457286,7.93225728643216,4.80088660089466e-08,"2.5th percentile"
46.4206281407035,7.93225728643216,4.55462298003089e-08,"2.5th percentile"
46.5052271356784,7.93225728643216,4.23884095766698e-08,"2.5th percentile"
46.5898261306533,7.93225728643216,3.97063550131056e-08,"2.5th percentile"
46.6744251256281,7.93225728643216,3.66911247709592e-08,"2.5th percentile"
46.759024120603,7.93225728643216,3.34389604455069e-08,"2.5th percentile"
46.8436231155779,7.93225728643216,3.35758114196359e-08,"2.5th percentile"
46.9282221105528,7.93225728643216,2.7548517941037e-08,"2.5th percentile"
47.0128211055276,7.93225728643216,2.4312425372258e-08,"2.5th percentile"
47.0974201005025,7.93225728643216,2.30496610746771e-08,"2.5th percentile"
47.1820190954774,7.93225728643216,1.85247167994561e-08,"2.5th percentile"
47.2666180904523,7.93225728643216,1.70483081263582e-08,"2.5th percentile"
47.3512170854271,7.93225728643216,1.39119605787947e-08,"2.5th percentile"
47.435816080402,7.93225728643216,1.34797938774616e-08,"2.5th percentile"
47.5204150753769,7.93225728643216,1.04594796466127e-08,"2.5th percentile"
47.6050140703518,7.93225728643216,9.79268196658978e-09,"2.5th percentile"
47.6896130653266,7.93225728643216,7.46200469734387e-09,"2.5th percentile"
33.1385859296482,8.00028391959799,1.84592803988046e-05,"2.5th percentile"
33.2231849246231,8.00028391959799,4.09377288572668e-05,"2.5th percentile"
33.307783919598,8.00028391959799,8.10040909819271e-05,"2.5th percentile"
33.3923829145729,8.00028391959799,0.000129046533160349,"2.5th percentile"
33.4769819095477,8.00028391959799,0.00024565620904127,"2.5th percentile"
33.5615809045226,8.00028391959799,0.000476125324582221,"2.5th percentile"
33.6461798994975,8.00028391959799,0.00107582609138674,"2.5th percentile"
33.7307788944724,8.00028391959799,0.0019139954846276,"2.5th percentile"
33.8153778894472,8.00028391959799,0.00353943957810961,"2.5th percentile"
33.8999768844221,8.00028391959799,0.00726266723767454,"2.5th percentile"
33.984575879397,8.00028391959799,0.0132951714997283,"2.5th percentile"
34.0691748743719,8.00028391959799,0.0255282866425498,"2.5th percentile"
34.1537738693467,8.00028391959799,0.0486262777161206,"2.5th percentile"
34.2383728643216,8.00028391959799,0.106429758071125,"2.5th percentile"
34.3229718592965,8.00028391959799,0.184378308900455,"2.5th percentile"
34.4075708542714,8.00028391959799,0.309394616399288,"2.5th percentile"
34.4921698492462,8.00028391959799,0.333613620048567,"2.5th percentile"
34.5767688442211,8.00028391959799,0.314486576483405,"2.5th percentile"
34.661367839196,8.00028391959799,0.251501734425992,"2.5th percentile"
34.7459668341709,8.00028391959799,0.263764118385551,"2.5th percentile"
34.8305658291457,8.00028391959799,0.260910648513163,"2.5th percentile"
34.9151648241206,8.00028391959799,0.256529675759174,"2.5th percentile"
34.9997638190955,8.00028391959799,0.273146301252812,"2.5th percentile"
35.0843628140704,8.00028391959799,0.280472002049105,"2.5th percentile"
35.1689618090452,8.00028391959799,0.282824576477398,"2.5th percentile"
35.2535608040201,8.00028391959799,0.28750466501729,"2.5th percentile"
35.338159798995,8.00028391959799,0.285787987919185,"2.5th percentile"
35.4227587939698,8.00028391959799,0.28883413507743,"2.5th percentile"
35.5073577889447,8.00028391959799,0.276137863094801,"2.5th percentile"
35.5919567839196,8.00028391959799,0.286094208587113,"2.5th percentile"
35.6765557788945,8.00028391959799,0.285031876467196,"2.5th percentile"
35.7611547738694,8.00028391959799,0.307620340684154,"2.5th percentile"
35.8457537688442,8.00028391959799,0.311356092606404,"2.5th percentile"
35.9303527638191,8.00028391959799,0.310500883442298,"2.5th percentile"
36.014951758794,8.00028391959799,0.288238705258203,"2.5th percentile"
36.0995507537688,8.00028391959799,0.299414867947172,"2.5th percentile"
36.1841497487437,8.00028391959799,0.300899700542364,"2.5th percentile"
36.2687487437186,8.00028391959799,0.295335713897275,"2.5th percentile"
36.3533477386935,8.00028391959799,0.29178537746051,"2.5th percentile"
36.4379467336683,8.00028391959799,0.277193828733397,"2.5th percentile"
36.5225457286432,8.00028391959799,0.315106036375581,"2.5th percentile"
36.6071447236181,8.00028391959799,0.309434824235017,"2.5th percentile"
36.691743718593,8.00028391959799,0.318981965246414,"2.5th percentile"
36.7763427135678,8.00028391959799,0.324876957352167,"2.5th percentile"
36.8609417085427,8.00028391959799,0.327796237296211,"2.5th percentile"
36.9455407035176,8.00028391959799,0.307337439043185,"2.5th percentile"
37.0301396984925,8.00028391959799,0.326056908721035,"2.5th percentile"
37.1147386934673,8.00028391959799,0.31107701269753,"2.5th percentile"
37.1993376884422,8.00028391959799,0.293089334482883,"2.5th percentile"
37.2839366834171,8.00028391959799,0.323332808386399,"2.5th percentile"
37.368535678392,8.00028391959799,0.33374162647373,"2.5th percentile"
37.4531346733668,8.00028391959799,0.254855954148898,"2.5th percentile"
37.5377336683417,8.00028391959799,0.277200692968353,"2.5th percentile"
37.6223326633166,8.00028391959799,0.376974651042823,"2.5th percentile"
37.7069316582915,8.00028391959799,0.334287976756586,"2.5th percentile"
37.7915306532663,8.00028391959799,0.294986964792041,"2.5th percentile"
37.8761296482412,8.00028391959799,0.265082739914721,"2.5th percentile"
37.9607286432161,8.00028391959799,0.270681143155408,"2.5th percentile"
38.045327638191,8.00028391959799,0.252930816140439,"2.5th percentile"
38.1299266331658,8.00028391959799,0.25869547401257,"2.5th percentile"
38.2145256281407,8.00028391959799,0.280601634728445,"2.5th percentile"
38.2991246231156,8.00028391959799,0.277233614987845,"2.5th percentile"
38.3837236180904,8.00028391959799,0.282512264644219,"2.5th percentile"
38.4683226130653,8.00028391959799,0.272266936389104,"2.5th percentile"
38.5529216080402,8.00028391959799,0.274438199644484,"2.5th percentile"
38.6375206030151,8.00028391959799,0.286602080292632,"2.5th percentile"
38.72211959799,8.00028391959799,0.268601886027793,"2.5th percentile"
38.8067185929648,8.00028391959799,0.467190479062021,"2.5th percentile"
38.8913175879397,8.00028391959799,0.463391739630305,"2.5th percentile"
38.9759165829146,8.00028391959799,0.290892489629679,"2.5th percentile"
39.0605155778894,8.00028391959799,0.275982838107034,"2.5th percentile"
39.1451145728643,8.00028391959799,0.259256582741921,"2.5th percentile"
39.2297135678392,8.00028391959799,0.260631240451653,"2.5th percentile"
39.3143125628141,8.00028391959799,0.26763293123988,"2.5th percentile"
39.3989115577889,8.00028391959799,0.245271841536516,"2.5th percentile"
39.4835105527638,8.00028391959799,0.251405368732579,"2.5th percentile"
39.5681095477387,8.00028391959799,0.184903260302693,"2.5th percentile"
39.6527085427136,8.00028391959799,0.20253942491295,"2.5th percentile"
39.7373075376884,8.00028391959799,0.232107258647334,"2.5th percentile"
39.8219065326633,8.00028391959799,0.248399353702349,"2.5th percentile"
39.9065055276382,8.00028391959799,0.254077903141833,"2.5th percentile"
39.9911045226131,8.00028391959799,0.255395192203736,"2.5th percentile"
40.0757035175879,8.00028391959799,0.247843488525251,"2.5th percentile"
40.1603025125628,8.00028391959799,0.253376356272016,"2.5th percentile"
40.2449015075377,8.00028391959799,0.273386242852708,"2.5th percentile"
40.3295005025126,8.00028391959799,0.267932657300326,"2.5th percentile"
40.4140994974874,8.00028391959799,0.272829109932083,"2.5th percentile"
40.4986984924623,8.00028391959799,0.270331080351865,"2.5th percentile"
40.5832974874372,8.00028391959799,0.242038143649431,"2.5th percentile"
40.6678964824121,8.00028391959799,0.175016053079773,"2.5th percentile"
40.7524954773869,8.00028391959799,0.122355058492705,"2.5th percentile"
40.8370944723618,8.00028391959799,0.0889874418142711,"2.5th percentile"
40.9216934673367,8.00028391959799,0.0635973568198143,"2.5th percentile"
41.0062924623116,8.00028391959799,0.0394775259313063,"2.5th percentile"
41.0908914572864,8.00028391959799,0.0252872257532708,"2.5th percentile"
41.1754904522613,8.00028391959799,0.0195298353210371,"2.5th percentile"
41.2600894472362,8.00028391959799,0.0113413727275144,"2.5th percentile"
41.344688442211,8.00028391959799,0.00720071767378917,"2.5th percentile"
41.4292874371859,8.00028391959799,0.00482172418557228,"2.5th percentile"
41.5138864321608,8.00028391959799,0.00309051381005048,"2.5th percentile"
41.5984854271357,8.00028391959799,0.00202723967022064,"2.5th percentile"
41.6830844221106,8.00028391959799,0.00131845229315268,"2.5th percentile"
41.7676834170854,8.00028391959799,0.000859220697909662,"2.5th percentile"
41.8522824120603,8.00028391959799,0.000560927494941286,"2.5th percentile"
41.9368814070352,8.00028391959799,0.000369392207570786,"2.5th percentile"
42.02148040201,8.00028391959799,0.000241284175757686,"2.5th percentile"
42.1060793969849,8.00028391959799,0.000158332969058493,"2.5th percentile"
42.1906783919598,8.00028391959799,0.00011387566616398,"2.5th percentile"
42.2752773869347,8.00028391959799,7.885331751333e-05,"2.5th percentile"
42.3598763819095,8.00028391959799,4.69425731160095e-05,"2.5th percentile"
42.4444753768844,8.00028391959799,3.24505238453903e-05,"2.5th percentile"
42.5290743718593,8.00028391959799,2.15230599412781e-05,"2.5th percentile"
42.6136733668342,8.00028391959799,1.79734592899654e-05,"2.5th percentile"
42.698272361809,8.00028391959799,1.47603939618352e-05,"2.5th percentile"
42.7828713567839,8.00028391959799,1.23479244074126e-05,"2.5th percentile"
42.8674703517588,8.00028391959799,9.04970095674251e-06,"2.5th percentile"
42.9520693467337,8.00028391959799,7.43856448677551e-06,"2.5th percentile"
43.0366683417085,8.00028391959799,5.15085863302982e-06,"2.5th percentile"
43.1212673366834,8.00028391959799,3.84123699516397e-06,"2.5th percentile"
43.2058663316583,8.00028391959799,2.82285157536633e-06,"2.5th percentile"
43.2904653266332,8.00028391959799,2.50422729258277e-06,"2.5th percentile"
43.375064321608,8.00028391959799,2.05143201448821e-06,"2.5th percentile"
43.4596633165829,8.00028391959799,1.60482172249624e-06,"2.5th percentile"
43.5442623115578,8.00028391959799,1.07824220386166e-06,"2.5th percentile"
43.6288613065327,8.00028391959799,9.79334617742929e-07,"2.5th percentile"
43.7134603015075,8.00028391959799,7.34430733630066e-07,"2.5th percentile"
43.7980592964824,8.00028391959799,6.32652832979564e-07,"2.5th percentile"
43.8826582914573,8.00028391959799,3.84675244809435e-07,"2.5th percentile"
43.9672572864322,8.00028391959799,2.8247791878879e-07,"2.5th percentile"
44.051856281407,8.00028391959799,2.01100352725917e-07,"2.5th percentile"
44.1364552763819,8.00028391959799,1.79536216842626e-07,"2.5th percentile"
44.2210542713568,8.00028391959799,1.21073990586931e-07,"2.5th percentile"
44.3056532663317,8.00028391959799,1.03621533100614e-07,"2.5th percentile"
44.3902522613065,8.00028391959799,6.73905724489455e-08,"2.5th percentile"
44.4748512562814,8.00028391959799,6.23885403313776e-08,"2.5th percentile"
44.5594502512563,8.00028391959799,7.36698036765203e-08,"2.5th percentile"
44.6440492462312,8.00028391959799,7.91077785208601e-08,"2.5th percentile"
44.728648241206,8.00028391959799,8.70191075367809e-08,"2.5th percentile"
44.8132472361809,8.00028391959799,9.23676592584824e-08,"2.5th percentile"
44.8978462311558,8.00028391959799,7.62863623547285e-08,"2.5th percentile"
44.9824452261307,8.00028391959799,9.88410854284357e-08,"2.5th percentile"
45.0670442211055,8.00028391959799,8.33586218790986e-08,"2.5th percentile"
45.1516432160804,8.00028391959799,9.45021331381788e-08,"2.5th percentile"
45.2362422110553,8.00028391959799,7.45463042460846e-08,"2.5th percentile"
45.3208412060302,8.00028391959799,8.42088152311727e-08,"2.5th percentile"
45.405440201005,8.00028391959799,7.75580421695691e-08,"2.5th percentile"
45.4900391959799,8.00028391959799,7.04513220620604e-08,"2.5th percentile"
45.5746381909548,8.00028391959799,4.72824824821979e-08,"2.5th percentile"
45.6592371859296,8.00028391959799,5.14463324791429e-08,"2.5th percentile"
45.7438361809045,8.00028391959799,5.25306203028018e-08,"2.5th percentile"
45.8284351758794,8.00028391959799,6.6121206048906e-08,"2.5th percentile"
45.9130341708543,8.00028391959799,5.37717298821735e-08,"2.5th percentile"
45.9976331658291,8.00028391959799,5.41975693538211e-08,"2.5th percentile"
46.082232160804,8.00028391959799,5.35912726396732e-08,"2.5th percentile"
46.1668311557789,8.00028391959799,5.17967204175981e-08,"2.5th percentile"
46.2514301507538,8.00028391959799,5.24569352322512e-08,"2.5th percentile"
46.3360291457286,8.00028391959799,5.72499393434654e-08,"2.5th percentile"
46.4206281407035,8.00028391959799,5.01584220462436e-08,"2.5th percentile"
46.5052271356784,8.00028391959799,4.64284225446721e-08,"2.5th percentile"
46.5898261306533,8.00028391959799,5.08020393479835e-08,"2.5th percentile"
46.6744251256281,8.00028391959799,4.21324698341311e-08,"2.5th percentile"
46.759024120603,8.00028391959799,3.5854547563546e-08,"2.5th percentile"
46.8436231155779,8.00028391959799,3.07659951371607e-08,"2.5th percentile"
46.9282221105528,8.00028391959799,2.73370203568335e-08,"2.5th percentile"
47.435816080402,8.00028391959799,1.27327457298243e-08,"2.5th percentile"
47.5204150753769,8.00028391959799,1.00555040995146e-08,"2.5th percentile"
47.6050140703518,8.00028391959799,8.28628643120378e-09,"2.5th percentile"
47.6896130653266,8.00028391959799,7.44723612543288e-09,"2.5th percentile"
47.7742120603015,8.00028391959799,5.92898623895e-09,"2.5th percentile"
33.1385859296482,8.06831055276382,3.53139001102103e-05,"2.5th percentile"
33.2231849246231,8.06831055276382,7.33663075725754e-05,"2.5th percentile"
33.307783919598,8.06831055276382,0.000159987354301203,"2.5th percentile"
33.3923829145729,8.06831055276382,0.000230715254188115,"2.5th percentile"
33.4769819095477,8.06831055276382,0.000423626869897509,"2.5th percentile"
33.5615809045226,8.06831055276382,0.000845463913718845,"2.5th percentile"
33.6461798994975,8.06831055276382,0.00178189634103819,"2.5th percentile"
33.7307788944724,8.06831055276382,0.00324217012824715,"2.5th percentile"
33.8153778894472,8.06831055276382,0.00616692230110163,"2.5th percentile"
33.8999768844221,8.06831055276382,0.0119457600340138,"2.5th percentile"
33.984575879397,8.06831055276382,0.0232477463097772,"2.5th percentile"
34.0691748743719,8.06831055276382,0.0521316126919531,"2.5th percentile"
34.1537738693467,8.06831055276382,0.106870531253121,"2.5th percentile"
34.2383728643216,8.06831055276382,0.193055258698652,"2.5th percentile"
34.3229718592965,8.06831055276382,0.297905901798357,"2.5th percentile"
34.4075708542714,8.06831055276382,0.327738781711294,"2.5th percentile"
34.4921698492462,8.06831055276382,0.340581067623393,"2.5th percentile"
34.5767688442211,8.06831055276382,0.274619684000022,"2.5th percentile"
34.661367839196,8.06831055276382,0.294439967445981,"2.5th percentile"
34.7459668341709,8.06831055276382,0.276895581019706,"2.5th percentile"
34.8305658291457,8.06831055276382,0.265003937969713,"2.5th percentile"
34.9151648241206,8.06831055276382,0.256711867386428,"2.5th percentile"
34.9997638190955,8.06831055276382,0.272358004304012,"2.5th percentile"
35.0843628140704,8.06831055276382,0.279956373699691,"2.5th percentile"
35.1689618090452,8.06831055276382,0.291209025684206,"2.5th percentile"
35.2535608040201,8.06831055276382,0.287104213808108,"2.5th percentile"
35.338159798995,8.06831055276382,0.285666549435449,"2.5th percentile"
35.4227587939698,8.06831055276382,0.278111609853851,"2.5th percentile"
35.5073577889447,8.06831055276382,0.275723732335193,"2.5th percentile"
35.5919567839196,8.06831055276382,0.297398512541603,"2.5th percentile"
35.6765557788945,8.06831055276382,0.287617292218501,"2.5th percentile"
35.7611547738694,8.06831055276382,0.307128049281352,"2.5th percentile"
35.8457537688442,8.06831055276382,0.31078696198739,"2.5th percentile"
35.9303527638191,8.06831055276382,0.309986112202974,"2.5th percentile"
36.014951758794,8.06831055276382,0.293468428623879,"2.5th percentile"
36.0995507537688,8.06831055276382,0.306383278865347,"2.5th percentile"
36.1841497487437,8.06831055276382,0.308820722332686,"2.5th percentile"
36.2687487437186,8.06831055276382,0.333618446985114,"2.5th percentile"
36.3533477386935,8.06831055276382,0.292255842422508,"2.5th percentile"
36.4379467336683,8.06831055276382,0.273954856631255,"2.5th percentile"
36.5225457286432,8.06831055276382,0.31815551661046,"2.5th percentile"
36.6071447236181,8.06831055276382,0.308928054312578,"2.5th percentile"
36.691743718593,8.06831055276382,0.33975161106155,"2.5th percentile"
36.7763427135678,8.06831055276382,0.311466701910821,"2.5th percentile"
36.8609417085427,8.06831055276382,0.327601302589781,"2.5th percentile"
36.9455407035176,8.06831055276382,0.310294191773514,"2.5th percentile"
37.0301396984925,8.06831055276382,0.325592857961839,"2.5th percentile"
37.1147386934673,8.06831055276382,0.319305425514018,"2.5th percentile"
37.1993376884422,8.06831055276382,0.300482519124097,"2.5th percentile"
37.2839366834171,8.06831055276382,0.327295505386948,"2.5th percentile"
37.368535678392,8.06831055276382,0.327742971727669,"2.5th percentile"
37.4531346733668,8.06831055276382,0.254999541626372,"2.5th percentile"
37.5377336683417,8.06831055276382,0.271734000767256,"2.5th percentile"
37.6223326633166,8.06831055276382,0.355915479609056,"2.5th percentile"
37.7069316582915,8.06831055276382,0.334777178957535,"2.5th percentile"
37.7915306532663,8.06831055276382,0.309710274921802,"2.5th percentile"
37.8761296482412,8.06831055276382,0.27373968610706,"2.5th percentile"
37.9607286432161,8.06831055276382,0.271365227683519,"2.5th percentile"
38.045327638191,8.06831055276382,0.255561464581057,"2.5th percentile"
38.1299266331658,8.06831055276382,0.267686757773513,"2.5th percentile"
38.2145256281407,8.06831055276382,0.309673981441979,"2.5th percentile"
38.2991246231156,8.06831055276382,0.274150419950239,"2.5th percentile"
38.3837236180904,8.06831055276382,0.280251052456855,"2.5th percentile"
38.4683226130653,8.06831055276382,0.284372368637078,"2.5th percentile"
38.5529216080402,8.06831055276382,0.301331874193592,"2.5th percentile"
38.6375206030151,8.06831055276382,0.290873705126498,"2.5th percentile"
38.72211959799,8.06831055276382,0.271875015073234,"2.5th percentile"
38.8067185929648,8.06831055276382,0.474947846195643,"2.5th percentile"
38.8913175879397,8.06831055276382,0.436117825493642,"2.5th percentile"
38.9759165829146,8.06831055276382,0.303166653999362,"2.5th percentile"
39.0605155778894,8.06831055276382,0.311411469393815,"2.5th percentile"
39.1451145728643,8.06831055276382,0.267771726158937,"2.5th percentile"
39.2297135678392,8.06831055276382,0.261130467864398,"2.5th percentile"
39.3143125628141,8.06831055276382,0.260435386243009,"2.5th percentile"
39.3989115577889,8.06831055276382,0.25464910341079,"2.5th percentile"
39.4835105527638,8.06831055276382,0.244931639709638,"2.5th percentile"
39.5681095477387,8.06831055276382,0.190514937923337,"2.5th percentile"
39.6527085427136,8.06831055276382,0.206615803806173,"2.5th percentile"
39.7373075376884,8.06831055276382,0.234259871430074,"2.5th percentile"
39.8219065326633,8.06831055276382,0.251039942450336,"2.5th percentile"
39.9065055276382,8.06831055276382,0.256573694242131,"2.5th percentile"
39.9911045226131,8.06831055276382,0.262415429399498,"2.5th percentile"
40.0757035175879,8.06831055276382,0.246094667980618,"2.5th percentile"
40.1603025125628,8.06831055276382,0.256825857715056,"2.5th percentile"
40.2449015075377,8.06831055276382,0.275208547810925,"2.5th percentile"
40.3295005025126,8.06831055276382,0.317970003426493,"2.5th percentile"
40.4140994974874,8.06831055276382,0.294184111376121,"2.5th percentile"
40.4986984924623,8.06831055276382,0.301875254878646,"2.5th percentile"
40.5832974874372,8.06831055276382,0.237475948530741,"2.5th percentile"
40.6678964824121,8.06831055276382,0.192049325277988,"2.5th percentile"
40.7524954773869,8.06831055276382,0.130639500279859,"2.5th percentile"
40.8370944723618,8.06831055276382,0.0977273483238051,"2.5th percentile"
40.9216934673367,8.06831055276382,0.0569997846121727,"2.5th percentile"
41.0062924623116,8.06831055276382,0.0415184346945923,"2.5th percentile"
41.0908914572864,8.06831055276382,0.025317081096252,"2.5th percentile"
41.1754904522613,8.06831055276382,0.0171835428482879,"2.5th percentile"
41.2600894472362,8.06831055276382,0.011300024331703,"2.5th percentile"
41.344688442211,8.06831055276382,0.00730591856251383,"2.5th percentile"
41.4292874371859,8.06831055276382,0.00491276112703672,"2.5th percentile"
41.5138864321608,8.06831055276382,0.00309384668975742,"2.5th percentile"
41.5984854271357,8.06831055276382,0.00205333471228802,"2.5th percentile"
41.6830844221106,8.06831055276382,0.0018137410683368,"2.5th percentile"
41.7676834170854,8.06831055276382,0.000861547898428303,"2.5th percentile"
41.8522824120603,8.06831055276382,0.000564473695772657,"2.5th percentile"
41.9368814070352,8.06831055276382,0.000371950302449101,"2.5th percentile"
42.02148040201,8.06831055276382,0.00024175329635601,"2.5th percentile"
42.1060793969849,8.06831055276382,0.000158351028242057,"2.5th percentile"
42.1906783919598,8.06831055276382,0.000103731681639266,"2.5th percentile"
42.2752773869347,8.06831055276382,6.76204972001215e-05,"2.5th percentile"
42.3598763819095,8.06831055276382,4.71661615241167e-05,"2.5th percentile"
42.4444753768844,8.06831055276382,3.16770222204848e-05,"2.5th percentile"
42.5290743718593,8.06831055276382,1.98128513938853e-05,"2.5th percentile"
42.6136733668342,8.06831055276382,1.43463491435553e-05,"2.5th percentile"
42.698272361809,8.06831055276382,1.31494182684138e-05,"2.5th percentile"
42.7828713567839,8.06831055276382,8.23521531585466e-06,"2.5th percentile"
42.8674703517588,8.06831055276382,6.80102540727365e-06,"2.5th percentile"
42.9520693467337,8.06831055276382,5.4311754701029e-06,"2.5th percentile"
43.0366683417085,8.06831055276382,4.22761656039935e-06,"2.5th percentile"
43.1212673366834,8.06831055276382,3.07384014977785e-06,"2.5th percentile"
43.2058663316583,8.06831055276382,2.42981847448198e-06,"2.5th percentile"
43.2904653266332,8.06831055276382,2.18893696428364e-06,"2.5th percentile"
43.375064321608,8.06831055276382,1.90534378921834e-06,"2.5th percentile"
43.4596633165829,8.06831055276382,1.37049394396714e-06,"2.5th percentile"
43.5442623115578,8.06831055276382,1.01382999623757e-06,"2.5th percentile"
43.6288613065327,8.06831055276382,9.0058416373888e-07,"2.5th percentile"
43.7134603015075,8.06831055276382,6.34786966615003e-07,"2.5th percentile"
43.7980592964824,8.06831055276382,3.89193319115741e-07,"2.5th percentile"
43.8826582914573,8.06831055276382,2.89286576453748e-07,"2.5th percentile"
43.9672572864322,8.06831055276382,2.30506404366084e-07,"2.5th percentile"
44.051856281407,8.06831055276382,1.73393915235273e-07,"2.5th percentile"
44.1364552763819,8.06831055276382,1.36145250965561e-07,"2.5th percentile"
44.2210542713568,8.06831055276382,1.10791240298618e-07,"2.5th percentile"
44.3056532663317,8.06831055276382,7.83355198726989e-08,"2.5th percentile"
44.3902522613065,8.06831055276382,6.11322400851701e-08,"2.5th percentile"
44.4748512562814,8.06831055276382,5.72956333685929e-08,"2.5th percentile"
44.5594502512563,8.06831055276382,6.24175276464406e-08,"2.5th percentile"
44.6440492462312,8.06831055276382,6.56921299192232e-08,"2.5th percentile"
44.728648241206,8.06831055276382,7.16369762350535e-08,"2.5th percentile"
44.8132472361809,8.06831055276382,7.17782023204861e-08,"2.5th percentile"
44.8978462311558,8.06831055276382,6.83049923026899e-08,"2.5th percentile"
44.9824452261307,8.06831055276382,8.88865036546962e-08,"2.5th percentile"
45.0670442211055,8.06831055276382,7.04352813309661e-08,"2.5th percentile"
45.1516432160804,8.06831055276382,8.50550626156593e-08,"2.5th percentile"
45.2362422110553,8.06831055276382,7.98402138224913e-08,"2.5th percentile"
45.3208412060302,8.06831055276382,7.50409564026629e-08,"2.5th percentile"
45.405440201005,8.06831055276382,6.90407424041399e-08,"2.5th percentile"
45.4900391959799,8.06831055276382,4.82445024155243e-08,"2.5th percentile"
45.5746381909548,8.06831055276382,5.58109361484019e-08,"2.5th percentile"
45.6592371859296,8.06831055276382,6.79950097250274e-08,"2.5th percentile"
45.7438361809045,8.06831055276382,5.45018955412624e-08,"2.5th percentile"
45.8284351758794,8.06831055276382,6.48093842152129e-08,"2.5th percentile"
45.9130341708543,8.06831055276382,5.50079437299806e-08,"2.5th percentile"
45.9976331658291,8.06831055276382,5.4489551602232e-08,"2.5th percentile"
46.082232160804,8.06831055276382,5.60225302466075e-08,"2.5th percentile"
46.1668311557789,8.06831055276382,6.85114443439826e-08,"2.5th percentile"
46.2514301507538,8.06831055276382,5.3843575165752e-08,"2.5th percentile"
46.3360291457286,8.06831055276382,5.458318304125e-08,"2.5th percentile"
46.4206281407035,8.06831055276382,4.83043016936823e-08,"2.5th percentile"
46.5052271356784,8.06831055276382,4.40323184142091e-08,"2.5th percentile"
46.5898261306533,8.06831055276382,4.12527383007872e-08,"2.5th percentile"
46.6744251256281,8.06831055276382,4.49347085134242e-08,"2.5th percentile"
33.2231849246231,8.13633718592965,0.000106317836100229,"2.5th percentile"
33.307783919598,8.13633718592965,0.000267545552363214,"2.5th percentile"
33.3923829145729,8.13633718592965,0.000379960298302238,"2.5th percentile"
33.4769819095477,8.13633718592965,0.000824482036047271,"2.5th percentile"
33.5615809045226,8.13633718592965,0.00149085670599502,"2.5th percentile"
33.6461798994975,8.13633718592965,0.00292804278393307,"2.5th percentile"
33.7307788944724,8.13633718592965,0.00569434638228617,"2.5th percentile"
33.8153778894472,8.13633718592965,0.0154012406884899,"2.5th percentile"
33.8999768844221,8.13633718592965,0.0221848842198398,"2.5th percentile"
33.984575879397,8.13633718592965,0.0397833536069994,"2.5th percentile"
34.0691748743719,8.13633718592965,0.0984801521969717,"2.5th percentile"
34.1537738693467,8.13633718592965,0.154720886563007,"2.5th percentile"
34.2383728643216,8.13633718592965,0.248798702272015,"2.5th percentile"
34.3229718592965,8.13633718592965,0.371045616174986,"2.5th percentile"
34.4075708542714,8.13633718592965,0.361558701057043,"2.5th percentile"
34.4921698492462,8.13633718592965,0.300405766339762,"2.5th percentile"
34.5767688442211,8.13633718592965,0.289790677544402,"2.5th percentile"
34.661367839196,8.13633718592965,0.266216376258786,"2.5th percentile"
34.7459668341709,8.13633718592965,0.260050968269614,"2.5th percentile"
34.8305658291457,8.13633718592965,0.247537659590971,"2.5th percentile"
34.9151648241206,8.13633718592965,0.280795150207951,"2.5th percentile"
34.9997638190955,8.13633718592965,0.269930679324857,"2.5th percentile"
35.0843628140704,8.13633718592965,0.313951817790245,"2.5th percentile"
35.1689618090452,8.13633718592965,0.279013263912908,"2.5th percentile"
35.2535608040201,8.13633718592965,0.302664425380919,"2.5th percentile"
35.338159798995,8.13633718592965,0.276184283245923,"2.5th percentile"
35.4227587939698,8.13633718592965,0.250694083649684,"2.5th percentile"
35.5073577889447,8.13633718592965,0.245749250811966,"2.5th percentile"
35.5919567839196,8.13633718592965,0.285547504963917,"2.5th percentile"
35.6765557788945,8.13633718592965,0.293990670968482,"2.5th percentile"
35.7611547738694,8.13633718592965,0.329270910220492,"2.5th percentile"
35.8457537688442,8.13633718592965,0.310209743880232,"2.5th percentile"
35.9303527638191,8.13633718592965,0.311709816395684,"2.5th percentile"
36.014951758794,8.13633718592965,0.311578940419615,"2.5th percentile"
36.0995507537688,8.13633718592965,0.300300283096221,"2.5th percentile"
36.1841497487437,8.13633718592965,0.322599597686283,"2.5th percentile"
36.2687487437186,8.13633718592965,0.303050014144639,"2.5th percentile"
36.3533477386935,8.13633718592965,0.301251303489975,"2.5th percentile"
36.4379467336683,8.13633718592965,0.271199164301637,"2.5th percentile"
36.5225457286432,8.13633718592965,0.280024442191166,"2.5th percentile"
36.6071447236181,8.13633718592965,0.313594226499847,"2.5th percentile"
36.691743718593,8.13633718592965,0.32440020489829,"2.5th percentile"
36.7763427135678,8.13633718592965,0.380331483774384,"2.5th percentile"
36.8609417085427,8.13633718592965,0.332957563751459,"2.5th percentile"
36.9455407035176,8.13633718592965,0.33531799805497,"2.5th percentile"
37.0301396984925,8.13633718592965,0.318769768812505,"2.5th percentile"
37.1147386934673,8.13633718592965,0.338844409363788,"2.5th percentile"
37.1993376884422,8.13633718592965,0.323376900684102,"2.5th percentile"
37.2839366834171,8.13633718592965,0.352304381711188,"2.5th percentile"
37.368535678392,8.13633718592965,0.338472532791303,"2.5th percentile"
37.4531346733668,8.13633718592965,0.25041149982834,"2.5th percentile"
37.5377336683417,8.13633718592965,0.3074041935755,"2.5th percentile"
37.6223326633166,8.13633718592965,0.366786322937837,"2.5th percentile"
37.7069316582915,8.13633718592965,0.35104959408784,"2.5th percentile"
37.7915306532663,8.13633718592965,0.356963163230196,"2.5th percentile"
37.8761296482412,8.13633718592965,0.31470857652294,"2.5th percentile"
37.9607286432161,8.13633718592965,0.308604202764926,"2.5th percentile"
38.045327638191,8.13633718592965,0.315163601093426,"2.5th percentile"
38.1299266331658,8.13633718592965,0.291140570347285,"2.5th percentile"
38.2145256281407,8.13633718592965,0.290907615139122,"2.5th percentile"
38.2991246231156,8.13633718592965,0.282649072263355,"2.5th percentile"
38.3837236180904,8.13633718592965,0.275959103558206,"2.5th percentile"
38.4683226130653,8.13633718592965,0.283294627954256,"2.5th percentile"
38.5529216080402,8.13633718592965,0.311262935734557,"2.5th percentile"
38.6375206030151,8.13633718592965,0.302411908905768,"2.5th percentile"
38.72211959799,8.13633718592965,0.294034222630021,"2.5th percentile"
38.8067185929648,8.13633718592965,0.27009196507255,"2.5th percentile"
38.8913175879397,8.13633718592965,0.293226553836741,"2.5th percentile"
38.9759165829146,8.13633718592965,0.286136969145446,"2.5th percentile"
39.0605155778894,8.13633718592965,0.318935536143982,"2.5th percentile"
39.1451145728643,8.13633718592965,0.287029649888331,"2.5th percentile"
39.2297135678392,8.13633718592965,0.271656008338802,"2.5th percentile"
39.3143125628141,8.13633718592965,0.263249035856806,"2.5th percentile"
39.3989115577889,8.13633718592965,0.258488591447438,"2.5th percentile"
39.4835105527638,8.13633718592965,0.255060087815111,"2.5th percentile"
39.5681095477387,8.13633718592965,0.230619130914229,"2.5th percentile"
39.6527085427136,8.13633718592965,0.263009655923905,"2.5th percentile"
39.7373075376884,8.13633718592965,0.256702940902625,"2.5th percentile"
39.8219065326633,8.13633718592965,0.254734241992005,"2.5th percentile"
39.9065055276382,8.13633718592965,0.259847568779714,"2.5th percentile"
39.9911045226131,8.13633718592965,0.248057393434311,"2.5th percentile"
40.0757035175879,8.13633718592965,0.243845860772711,"2.5th percentile"
40.1603025125628,8.13633718592965,0.245930385047699,"2.5th percentile"
40.2449015075377,8.13633718592965,0.276886600121955,"2.5th percentile"
40.3295005025126,8.13633718592965,0.304812726332201,"2.5th percentile"
40.4140994974874,8.13633718592965,0.299000059185791,"2.5th percentile"
40.4986984924623,8.13633718592965,0.277180875864532,"2.5th percentile"
40.5832974874372,8.13633718592965,0.291244370143057,"2.5th percentile"
40.6678964824121,8.13633718592965,0.179100017611713,"2.5th percentile"
40.7524954773869,8.13633718592965,0.151165683175714,"2.5th percentile"
40.8370944723618,8.13633718592965,0.0933118598092871,"2.5th percentile"
40.9216934673367,8.13633718592965,0.0594033143188243,"2.5th percentile"
41.0062924623116,8.13633718592965,0.0383422005861294,"2.5th percentile"
41.0908914572864,8.13633718592965,0.0269853817689715,"2.5th percentile"
41.1754904522613,8.13633718592965,0.016693078846485,"2.5th percentile"
41.2600894472362,8.13633718592965,0.0111289577710046,"2.5th percentile"
41.344688442211,8.13633718592965,0.00719272755376074,"2.5th percentile"
41.4292874371859,8.13633718592965,0.0055936236295547,"2.5th percentile"
41.5138864321608,8.13633718592965,0.0031380641982669,"2.5th percentile"
41.5984854271357,8.13633718592965,0.00219626310591764,"2.5th percentile"
41.6830844221106,8.13633718592965,0.0013289431228071,"2.5th percentile"
41.7676834170854,8.13633718592965,0.000862886304586866,"2.5th percentile"
41.8522824120603,8.13633718592965,0.000562316365273086,"2.5th percentile"
41.9368814070352,8.13633718592965,0.000368451888410109,"2.5th percentile"
42.02148040201,8.13633718592965,0.000241504664878802,"2.5th percentile"
42.1060793969849,8.13633718592965,0.000157425030246753,"2.5th percentile"
42.1906783919598,8.13633718592965,0.000103742953596807,"2.5th percentile"
42.2752773869347,8.13633718592965,7.04010463120054e-05,"2.5th percentile"
42.3598763819095,8.13633718592965,4.74706792373714e-05,"2.5th percentile"
42.4444753768844,8.13633718592965,3.06953766060505e-05,"2.5th percentile"
42.5290743718593,8.13633718592965,1.99129265619506e-05,"2.5th percentile"
42.6136733668342,8.13633718592965,1.27052948501042e-05,"2.5th percentile"
42.698272361809,8.13633718592965,9.73117582418126e-06,"2.5th percentile"
42.7828713567839,8.13633718592965,7.72496063911719e-06,"2.5th percentile"
42.8674703517588,8.13633718592965,5.54051141699314e-06,"2.5th percentile"
42.9520693467337,8.13633718592965,4.16772155171569e-06,"2.5th percentile"
43.0366683417085,8.13633718592965,3.20441157944078e-06,"2.5th percentile"
43.1212673366834,8.13633718592965,2.58232442943429e-06,"2.5th percentile"
43.2058663316583,8.13633718592965,2.37670845455186e-06,"2.5th percentile"
43.2904653266332,8.13633718592965,2.02654438188431e-06,"2.5th percentile"
43.375064321608,8.13633718592965,1.41910158520844e-06,"2.5th percentile"
43.4596633165829,8.13633718592965,9.56771362983669e-07,"2.5th percentile"
43.5442623115578,8.13633718592965,7.59790781377941e-07,"2.5th percentile"
43.6288613065327,8.13633718592965,6.26978457095821e-07,"2.5th percentile"
43.7134603015075,8.13633718592965,4.16127620674641e-07,"2.5th percentile"
43.7980592964824,8.13633718592965,3.85326105637666e-07,"2.5th percentile"
43.8826582914573,8.13633718592965,2.62341176774105e-07,"2.5th percentile"
43.9672572864322,8.13633718592965,2.1544978356266e-07,"2.5th percentile"
44.051856281407,8.13633718592965,1.497831831589e-07,"2.5th percentile"
44.1364552763819,8.13633718592965,1.14005803869557e-07,"2.5th percentile"
44.2210542713568,8.13633718592965,9.71753501603598e-08,"2.5th percentile"
44.3056532663317,8.13633718592965,8.65012408583734e-08,"2.5th percentile"
44.3902522613065,8.13633718592965,5.35753393083485e-08,"2.5th percentile"
44.4748512562814,8.13633718592965,5.74520812827117e-08,"2.5th percentile"
44.5594502512563,8.13633718592965,6.6247907691218e-08,"2.5th percentile"
44.6440492462312,8.13633718592965,7.2141109838053e-08,"2.5th percentile"
44.728648241206,8.13633718592965,6.77531740292563e-08,"2.5th percentile"
44.8132472361809,8.13633718592965,6.01507699191724e-08,"2.5th percentile"
44.8978462311558,8.13633718592965,7.42917703259277e-08,"2.5th percentile"
44.9824452261307,8.13633718592965,7.1638603507324e-08,"2.5th percentile"
45.0670442211055,8.13633718592965,7.81625562897661e-08,"2.5th percentile"
45.1516432160804,8.13633718592965,7.55542683921148e-08,"2.5th percentile"
45.2362422110553,8.13633718592965,7.13822528272565e-08,"2.5th percentile"
45.3208412060302,8.13633718592965,6.65232891702876e-08,"2.5th percentile"
45.405440201005,8.13633718592965,6.23318306261905e-08,"2.5th percentile"
45.4900391959799,8.13633718592965,6.65714867764003e-08,"2.5th percentile"
45.5746381909548,8.13633718592965,5.08300713851046e-08,"2.5th percentile"
45.6592371859296,8.13633718592965,7.36784713431719e-08,"2.5th percentile"
45.7438361809045,8.13633718592965,7.62386650334455e-08,"2.5th percentile"
45.8284351758794,8.13633718592965,6.14414256965354e-08,"2.5th percentile"
45.9130341708543,8.13633718592965,6.60731210612002e-08,"2.5th percentile"
45.9976331658291,8.13633718592965,5.89991999571901e-08,"2.5th percentile"
46.082232160804,8.13633718592965,5.74439462630955e-08,"2.5th percentile"
46.1668311557789,8.13633718592965,6.99729401905065e-08,"2.5th percentile"
46.2514301507538,8.13633718592965,6.47576721552116e-08,"2.5th percentile"
46.3360291457286,8.13633718592965,5.12518173183748e-08,"2.5th percentile"
46.4206281407035,8.13633718592965,4.87821808599569e-08,"2.5th percentile"
46.5052271356784,8.13633718592965,4.50802840514204e-08,"2.5th percentile"
33.2231849246231,8.20436381909548,0.000189110667244616,"2.5th percentile"
33.307783919598,8.20436381909548,0.000346551688182733,"2.5th percentile"
33.3923829145729,8.20436381909548,0.000705917530282861,"2.5th percentile"
33.4769819095477,8.20436381909548,0.00148674689654253,"2.5th percentile"
33.5615809045226,8.20436381909548,0.00272225699165738,"2.5th percentile"
33.6461798994975,8.20436381909548,0.00531336378043547,"2.5th percentile"
33.7307788944724,8.20436381909548,0.0131350059664436,"2.5th percentile"
33.8153778894472,8.20436381909548,0.0264434290590141,"2.5th percentile"
33.8999768844221,8.20436381909548,0.047416598159659,"2.5th percentile"
33.984575879397,8.20436381909548,0.0937722040968144,"2.5th percentile"
34.0691748743719,8.20436381909548,0.134195764560675,"2.5th percentile"
34.1537738693467,8.20436381909548,0.277162740104383,"2.5th percentile"
34.2383728643216,8.20436381909548,0.384376039034373,"2.5th percentile"
34.3229718592965,8.20436381909548,0.311516681487362,"2.5th percentile"
34.4075708542714,8.20436381909548,0.348095682281263,"2.5th percentile"
34.4921698492462,8.20436381909548,0.344025001169658,"2.5th percentile"
34.5767688442211,8.20436381909548,0.286624657744364,"2.5th percentile"
34.661367839196,8.20436381909548,0.279960584912615,"2.5th percentile"
34.7459668341709,8.20436381909548,0.271104282831095,"2.5th percentile"
34.8305658291457,8.20436381909548,0.275089863241061,"2.5th percentile"
34.9151648241206,8.20436381909548,0.304346001065564,"2.5th percentile"
34.9997638190955,8.20436381909548,0.298022518229891,"2.5th percentile"
35.0843628140704,8.20436381909548,0.288702132665378,"2.5th percentile"
35.1689618090452,8.20436381909548,0.283371700003648,"2.5th percentile"
35.2535608040201,8.20436381909548,0.276713212262381,"2.5th percentile"
35.338159798995,8.20436381909548,0.281852897589095,"2.5th percentile"
35.4227587939698,8.20436381909548,0.26084961033325,"2.5th percentile"
35.5073577889447,8.20436381909548,0.263088062360653,"2.5th percentile"
35.5919567839196,8.20436381909548,0.2718668088556,"2.5th percentile"
35.6765557788945,8.20436381909548,0.291781090274027,"2.5th percentile"
35.7611547738694,8.20436381909548,0.285208150880907,"2.5th percentile"
35.8457537688442,8.20436381909548,0.330853729104169,"2.5th percentile"
35.9303527638191,8.20436381909548,0.314924045354918,"2.5th percentile"
36.014951758794,8.20436381909548,0.314717543465783,"2.5th percentile"
36.0995507537688,8.20436381909548,0.312748064771638,"2.5th percentile"
36.1841497487437,8.20436381909548,0.314711510162022,"2.5th percentile"
36.2687487437186,8.20436381909548,0.310100070197761,"2.5th percentile"
36.3533477386935,8.20436381909548,0.294488076920373,"2.5th percentile"
36.4379467336683,8.20436381909548,0.293504137848179,"2.5th percentile"
36.5225457286432,8.20436381909548,0.324277287885798,"2.5th percentile"
36.6071447236181,8.20436381909548,0.328930442290486,"2.5th percentile"
36.691743718593,8.20436381909548,0.335920319843356,"2.5th percentile"
36.7763427135678,8.20436381909548,0.341058814366671,"2.5th percentile"
36.8609417085427,8.20436381909548,0.342120550757132,"2.5th percentile"
36.9455407035176,8.20436381909548,0.325970714943056,"2.5th percentile"
37.0301396984925,8.20436381909548,0.317556665905714,"2.5th percentile"
37.1147386934673,8.20436381909548,0.340373386558908,"2.5th percentile"
37.1993376884422,8.20436381909548,0.345786409865815,"2.5th percentile"
37.2839366834171,8.20436381909548,0.336998719894392,"2.5th percentile"
37.368535678392,8.20436381909548,0.34148129363788,"2.5th percentile"
37.4531346733668,8.20436381909548,0.346554494693488,"2.5th percentile"
37.5377336683417,8.20436381909548,0.34254758537953,"2.5th percentile"
37.6223326633166,8.20436381909548,0.381259272318145,"2.5th percentile"
37.7069316582915,8.20436381909548,0.340074971802923,"2.5th percentile"
37.7915306532663,8.20436381909548,0.323011718769095,"2.5th percentile"
37.8761296482412,8.20436381909548,0.371526008850894,"2.5th percentile"
37.9607286432161,8.20436381909548,0.366173535625047,"2.5th percentile"
38.045327638191,8.20436381909548,0.310673205038067,"2.5th percentile"
38.1299266331658,8.20436381909548,0.25992477815473,"2.5th percentile"
38.2145256281407,8.20436381909548,0.274519258577641,"2.5th percentile"
38.2991246231156,8.20436381909548,0.340867478137142,"2.5th percentile"
38.3837236180904,8.20436381909548,0.315892580212266,"2.5th percentile"
38.4683226130653,8.20436381909548,0.292887085408607,"2.5th percentile"
38.5529216080402,8.20436381909548,0.309262660147047,"2.5th percentile"
38.6375206030151,8.20436381909548,0.310987822407845,"2.5th percentile"
38.72211959799,8.20436381909548,0.325980169650835,"2.5th percentile"
38.8067185929648,8.20436381909548,0.289068289334336,"2.5th percentile"
38.8913175879397,8.20436381909548,0.295672706136965,"2.5th percentile"
38.9759165829146,8.20436381909548,0.311044508611389,"2.5th percentile"
39.0605155778894,8.20436381909548,0.314705367488771,"2.5th percentile"
39.1451145728643,8.20436381909548,0.301071984244261,"2.5th percentile"
39.2297135678392,8.20436381909548,0.298316531334214,"2.5th percentile"
39.3143125628141,8.20436381909548,0.267532019925228,"2.5th percentile"
39.3989115577889,8.20436381909548,0.278001443470431,"2.5th percentile"
39.4835105527638,8.20436381909548,0.24927571539894,"2.5th percentile"
39.5681095477387,8.20436381909548,0.227491379618013,"2.5th percentile"
39.6527085427136,8.20436381909548,0.251828185678779,"2.5th percentile"
39.7373075376884,8.20436381909548,0.266496620904138,"2.5th percentile"
39.8219065326633,8.20436381909548,0.271970271352085,"2.5th percentile"
39.9065055276382,8.20436381909548,0.275844522287766,"2.5th percentile"
39.9911045226131,8.20436381909548,0.275790020594643,"2.5th percentile"
40.0757035175879,8.20436381909548,0.259560433003882,"2.5th percentile"
40.1603025125628,8.20436381909548,0.261062244625503,"2.5th percentile"
40.2449015075377,8.20436381909548,0.299330007071191,"2.5th percentile"
40.3295005025126,8.20436381909548,0.317586900173049,"2.5th percentile"
40.4140994974874,8.20436381909548,0.283078361222699,"2.5th percentile"
40.4986984924623,8.20436381909548,0.284687277604602,"2.5th percentile"
40.5832974874372,8.20436381909548,0.303080224272474,"2.5th percentile"
40.6678964824121,8.20436381909548,0.20906054424,"2.5th percentile"
40.7524954773869,8.20436381909548,0.126904837752646,"2.5th percentile"
40.8370944723618,8.20436381909548,0.0848751139554414,"2.5th percentile"
40.9216934673367,8.20436381909548,0.0583326403407883,"2.5th percentile"
41.0062924623116,8.20436381909548,0.0385539560916376,"2.5th percentile"
41.0908914572864,8.20436381909548,0.0249667692886304,"2.5th percentile"
41.1754904522613,8.20436381909548,0.016828845458173,"2.5th percentile"
41.2600894472362,8.20436381909548,0.0112018318646772,"2.5th percentile"
41.344688442211,8.20436381909548,0.00985190271498998,"2.5th percentile"
41.4292874371859,8.20436381909548,0.00669283602137141,"2.5th percentile"
41.5138864321608,8.20436381909548,0.00330592251425921,"2.5th percentile"
41.5984854271357,8.20436381909548,0.00202229079360563,"2.5th percentile"
41.6830844221106,8.20436381909548,0.00132894471634104,"2.5th percentile"
41.7676834170854,8.20436381909548,0.000857394010584853,"2.5th percentile"
41.8522824120603,8.20436381909548,0.00055858719263579,"2.5th percentile"
41.9368814070352,8.20436381909548,0.000367733294713023,"2.5th percentile"
42.02148040201,8.20436381909548,0.000243638589919814,"2.5th percentile"
42.1060793969849,8.20436381909548,0.000157266210003407,"2.5th percentile"
42.1906783919598,8.20436381909548,0.000102620838584824,"2.5th percentile"
42.2752773869347,8.20436381909548,6.6674645155344e-05,"2.5th percentile"
42.3598763819095,8.20436381909548,4.74603931465407e-05,"2.5th percentile"
42.4444753768844,8.20436381909548,3.15644024251963e-05,"2.5th percentile"
42.5290743718593,8.20436381909548,1.87776240981371e-05,"2.5th percentile"
42.6136733668342,8.20436381909548,1.21931577961604e-05,"2.5th percentile"
42.698272361809,8.20436381909548,8.0751970955971e-06,"2.5th percentile"
42.7828713567839,8.20436381909548,5.85871632333461e-06,"2.5th percentile"
42.8674703517588,8.20436381909548,4.2544472476657e-06,"2.5th percentile"
42.9520693467337,8.20436381909548,3.59762067872753e-06,"2.5th percentile"
43.0366683417085,8.20436381909548,2.63324257617042e-06,"2.5th percentile"
43.1212673366834,8.20436381909548,2.03243804716179e-06,"2.5th percentile"
43.2058663316583,8.20436381909548,1.87121364009778e-06,"2.5th percentile"
43.2904653266332,8.20436381909548,1.31013441225168e-06,"2.5th percentile"
43.375064321608,8.20436381909548,1.11082555986178e-06,"2.5th percentile"
43.4596633165829,8.20436381909548,9.04290583672301e-07,"2.5th percentile"
43.5442623115578,8.20436381909548,8.13798218073003e-07,"2.5th percentile"
43.6288613065327,8.20436381909548,6.01033847069193e-07,"2.5th percentile"
43.7134603015075,8.20436381909548,3.65655185174216e-07,"2.5th percentile"
43.7980592964824,8.20436381909548,2.7855340692821e-07,"2.5th percentile"
43.8826582914573,8.20436381909548,2.14179547112098e-07,"2.5th percentile"
43.9672572864322,8.20436381909548,1.61435786617451e-07,"2.5th percentile"
44.051856281407,8.20436381909548,1.28369629782262e-07,"2.5th percentile"
44.1364552763819,8.20436381909548,1.25348579893743e-07,"2.5th percentile"
44.2210542713568,8.20436381909548,7.68685745721146e-08,"2.5th percentile"
44.3056532663317,8.20436381909548,5.6568128965466e-08,"2.5th percentile"
44.3902522613065,8.20436381909548,4.24495287474408e-08,"2.5th percentile"
44.4748512562814,8.20436381909548,4.95047318938333e-08,"2.5th percentile"
44.5594502512563,8.20436381909548,4.96688988699813e-08,"2.5th percentile"
44.6440492462312,8.20436381909548,6.18306329587354e-08,"2.5th percentile"
44.728648241206,8.20436381909548,5.15054944422165e-08,"2.5th percentile"
44.8132472361809,8.20436381909548,5.41188164042593e-08,"2.5th percentile"
44.8978462311558,8.20436381909548,5.0867850564769e-08,"2.5th percentile"
44.9824452261307,8.20436381909548,5.0256770737686e-08,"2.5th percentile"
45.0670442211055,8.20436381909548,6.92142650187515e-08,"2.5th percentile"
45.1516432160804,8.20436381909548,6.66014331791498e-08,"2.5th percentile"
45.2362422110553,8.20436381909548,6.30515511519893e-08,"2.5th percentile"
45.3208412060302,8.20436381909548,5.84794932393067e-08,"2.5th percentile"
45.405440201005,8.20436381909548,6.33666910870043e-08,"2.5th percentile"
45.4900391959799,8.20436381909548,4.80500832440442e-08,"2.5th percentile"
45.5746381909548,8.20436381909548,6.08555811420052e-08,"2.5th percentile"
45.6592371859296,8.20436381909548,5.49400081006953e-08,"2.5th percentile"
45.7438361809045,8.20436381909548,6.38545453796056e-08,"2.5th percentile"
45.8284351758794,8.20436381909548,6.82731674200085e-08,"2.5th percentile"
45.9130341708543,8.20436381909548,5.7080283318998e-08,"2.5th percentile"
45.9976331658291,8.20436381909548,5.8441713635258e-08,"2.5th percentile"
46.082232160804,8.20436381909548,5.49995653259681e-08,"2.5th percentile"
46.1668311557789,8.20436381909548,5.4701834565155e-08,"2.5th percentile"
46.2514301507538,8.20436381909548,6.85634172231078e-08,"2.5th percentile"
46.3360291457286,8.20436381909548,5.21445990698609e-08,"2.5th percentile"
33.307783919598,8.27239045226131,0.000603598902077874,"2.5th percentile"
33.3923829145729,8.27239045226131,0.00142848418074555,"2.5th percentile"
33.4769819095477,8.27239045226131,0.00245141160389759,"2.5th percentile"
33.5615809045226,8.27239045226131,0.00616767533030591,"2.5th percentile"
33.6461798994975,8.27239045226131,0.0113782772779167,"2.5th percentile"
33.7307788944724,8.27239045226131,0.0211669453960987,"2.5th percentile"
33.8153778894472,8.27239045226131,0.042946787173484,"2.5th percentile"
33.8999768844221,8.27239045226131,0.0799728725102246,"2.5th percentile"
33.984575879397,8.27239045226131,0.136718472345137,"2.5th percentile"
34.0691748743719,8.27239045226131,0.236929057930364,"2.5th percentile"
34.1537738693467,8.27239045226131,0.390057418098274,"2.5th percentile"
34.2383728643216,8.27239045226131,0.408713542645072,"2.5th percentile"
34.3229718592965,8.27239045226131,0.394548878720501,"2.5th percentile"
34.4075708542714,8.27239045226131,0.358257698130715,"2.5th percentile"
34.4921698492462,8.27239045226131,0.331385216341657,"2.5th percentile"
34.5767688442211,8.27239045226131,0.310744569000233,"2.5th percentile"
34.661367839196,8.27239045226131,0.288291324639614,"2.5th percentile"
34.7459668341709,8.27239045226131,0.262923990892407,"2.5th percentile"
34.8305658291457,8.27239045226131,0.277400035857465,"2.5th percentile"
34.9151648241206,8.27239045226131,0.275961076638139,"2.5th percentile"
34.9997638190955,8.27239045226131,0.286530211447375,"2.5th percentile"
35.0843628140704,8.27239045226131,0.253691315593473,"2.5th percentile"
35.1689618090452,8.27239045226131,0.257550661942899,"2.5th percentile"
35.2535608040201,8.27239045226131,0.267400928139642,"2.5th percentile"
35.338159798995,8.27239045226131,0.274330249002146,"2.5th percentile"
35.4227587939698,8.27239045226131,0.271861084215574,"2.5th percentile"
35.5073577889447,8.27239045226131,0.261518777727103,"2.5th percentile"
35.5919567839196,8.27239045226131,0.265584010440228,"2.5th percentile"
35.6765557788945,8.27239045226131,0.279608395070605,"2.5th percentile"
35.7611547738694,8.27239045226131,0.295742237405577,"2.5th percentile"
35.8457537688442,8.27239045226131,0.296589836861051,"2.5th percentile"
35.9303527638191,8.27239045226131,0.297456033773511,"2.5th percentile"
36.014951758794,8.27239045226131,0.285065896615698,"2.5th percentile"
36.0995507537688,8.27239045226131,0.305543918826918,"2.5th percentile"
36.1841497487437,8.27239045226131,0.30603274131968,"2.5th percentile"
36.2687487437186,8.27239045226131,0.321289837459012,"2.5th percentile"
36.3533477386935,8.27239045226131,0.310466390391169,"2.5th percentile"
36.4379467336683,8.27239045226131,0.288246658247574,"2.5th percentile"
36.5225457286432,8.27239045226131,0.319745266487258,"2.5th percentile"
36.6071447236181,8.27239045226131,0.336835444232724,"2.5th percentile"
36.691743718593,8.27239045226131,0.328703657921926,"2.5th percentile"
36.7763427135678,8.27239045226131,0.342596160753912,"2.5th percentile"
36.8609417085427,8.27239045226131,0.352537963477463,"2.5th percentile"
36.9455407035176,8.27239045226131,0.32693880111635,"2.5th percentile"
37.0301396984925,8.27239045226131,0.340918148535917,"2.5th percentile"
37.1147386934673,8.27239045226131,0.342168303691067,"2.5th percentile"
37.1993376884422,8.27239045226131,0.344443462048389,"2.5th percentile"
37.2839366834171,8.27239045226131,0.344650704806963,"2.5th percentile"
37.368535678392,8.27239045226131,0.333748969478406,"2.5th percentile"
37.4531346733668,8.27239045226131,0.370143020897487,"2.5th percentile"
37.5377336683417,8.27239045226131,0.365573704989059,"2.5th percentile"
37.6223326633166,8.27239045226131,0.340843754144104,"2.5th percentile"
37.7069316582915,8.27239045226131,0.335868218579486,"2.5th percentile"
37.7915306532663,8.27239045226131,0.334277121315391,"2.5th percentile"
37.8761296482412,8.27239045226131,0.371467255381894,"2.5th percentile"
37.9607286432161,8.27239045226131,0.364674439171684,"2.5th percentile"
38.045327638191,8.27239045226131,0.367283030569913,"2.5th percentile"
38.1299266331658,8.27239045226131,0.362287313972482,"2.5th percentile"
38.2145256281407,8.27239045226131,0.336744924143323,"2.5th percentile"
38.2991246231156,8.27239045226131,0.324526862931252,"2.5th percentile"
38.3837236180904,8.27239045226131,0.356070646531439,"2.5th percentile"
38.4683226130653,8.27239045226131,0.318002878356581,"2.5th percentile"
38.5529216080402,8.27239045226131,0.306210331743323,"2.5th percentile"
38.6375206030151,8.27239045226131,0.317874746477553,"2.5th percentile"
38.72211959799,8.27239045226131,0.300197577616206,"2.5th percentile"
38.8067185929648,8.27239045226131,0.296805088794456,"2.5th percentile"
38.8913175879397,8.27239045226131,0.296953469337028,"2.5th percentile"
38.9759165829146,8.27239045226131,0.319156554769429,"2.5th percentile"
39.0605155778894,8.27239045226131,0.345177309670397,"2.5th percentile"
39.1451145728643,8.27239045226131,0.310303210120797,"2.5th percentile"
39.2297135678392,8.27239045226131,0.308283015539308,"2.5th percentile"
39.3143125628141,8.27239045226131,0.272178361747813,"2.5th percentile"
39.3989115577889,8.27239045226131,0.289318114571311,"2.5th percentile"
39.4835105527638,8.27239045226131,0.249978941626115,"2.5th percentile"
39.5681095477387,8.27239045226131,0.24080266727862,"2.5th percentile"
39.6527085427136,8.27239045226131,0.238290302659533,"2.5th percentile"
39.7373075376884,8.27239045226131,0.260510438550664,"2.5th percentile"
39.8219065326633,8.27239045226131,0.281829646262867,"2.5th percentile"
39.9065055276382,8.27239045226131,0.26914108657043,"2.5th percentile"
39.9911045226131,8.27239045226131,0.274688482265633,"2.5th percentile"
40.0757035175879,8.27239045226131,0.26799115080494,"2.5th percentile"
40.1603025125628,8.27239045226131,0.264772260433407,"2.5th percentile"
40.2449015075377,8.27239045226131,0.276576721289339,"2.5th percentile"
40.3295005025126,8.27239045226131,0.300155007757017,"2.5th percentile"
40.4140994974874,8.27239045226131,0.302732763348335,"2.5th percentile"
40.4986984924623,8.27239045226131,0.291183066906558,"2.5th percentile"
40.5832974874372,8.27239045226131,0.256680480956965,"2.5th percentile"
40.6678964824121,8.27239045226131,0.180967145289905,"2.5th percentile"
40.7524954773869,8.27239045226131,0.126897783312006,"2.5th percentile"
40.8370944723618,8.27239045226131,0.093501795203324,"2.5th percentile"
40.9216934673367,8.27239045226131,0.0577462091375337,"2.5th percentile"
41.0062924623116,8.27239045226131,0.03744010701314,"2.5th percentile"
41.0908914572864,8.27239045226131,0.0321670212979644,"2.5th percentile"
41.1754904522613,8.27239045226131,0.0225125207832127,"2.5th percentile"
41.2600894472362,8.27239045226131,0.0119899496636707,"2.5th percentile"
41.344688442211,8.27239045226131,0.00808113462399784,"2.5th percentile"
41.4292874371859,8.27239045226131,0.00477184086708741,"2.5th percentile"
41.5138864321608,8.27239045226131,0.00310568329385679,"2.5th percentile"
41.5984854271357,8.27239045226131,0.00202362078992647,"2.5th percentile"
41.6830844221106,8.27239045226131,0.00132649762296294,"2.5th percentile"
41.7676834170854,8.27239045226131,0.000869834916357388,"2.5th percentile"
41.8522824120603,8.27239045226131,0.000631257630619461,"2.5th percentile"
41.9368814070352,8.27239045226131,0.000367092067155773,"2.5th percentile"
42.02148040201,8.27239045226131,0.00024939832739224,"2.5th percentile"
42.1060793969849,8.27239045226131,0.000157201959887366,"2.5th percentile"
42.1906783919598,8.27239045226131,0.000102492598630121,"2.5th percentile"
42.2752773869347,8.27239045226131,6.67955622886616e-05,"2.5th percentile"
42.3598763819095,8.27239045226131,4.36909488462542e-05,"2.5th percentile"
42.4444753768844,8.27239045226131,2.91066062358493e-05,"2.5th percentile"
42.5290743718593,8.27239045226131,1.87429636276367e-05,"2.5th percentile"
42.6136733668342,8.27239045226131,1.21792418196514e-05,"2.5th percentile"
42.698272361809,8.27239045226131,8.11383373630987e-06,"2.5th percentile"
42.7828713567839,8.27239045226131,5.18102660429512e-06,"2.5th percentile"
42.8674703517588,8.27239045226131,3.44638651621345e-06,"2.5th percentile"
42.9520693467337,8.27239045226131,2.691727941938e-06,"2.5th percentile"
43.0366683417085,8.27239045226131,2.09334442487926e-06,"2.5th percentile"
43.1212673366834,8.27239045226131,1.71753674809894e-06,"2.5th percentile"
43.2058663316583,8.27239045226131,1.55642060813384e-06,"2.5th percentile"
43.2904653266332,8.27239045226131,1.23667591233022e-06,"2.5th percentile"
43.375064321608,8.27239045226131,8.68959723216297e-07,"2.5th percentile"
43.4596633165829,8.27239045226131,7.3900367200806e-07,"2.5th percentile"
43.5442623115578,8.27239045226131,6.62807809069588e-07,"2.5th percentile"
43.6288613065327,8.27239045226131,4.04435890433158e-07,"2.5th percentile"
43.7134603015075,8.27239045226131,3.33289568433309e-07,"2.5th percentile"
43.7980592964824,8.27239045226131,2.99491184881919e-07,"2.5th percentile"
43.8826582914573,8.27239045226131,2.0409196280215e-07,"2.5th percentile"
43.9672572864322,8.27239045226131,1.73814004851012e-07,"2.5th percentile"
44.051856281407,8.27239045226131,1.13326099278417e-07,"2.5th percentile"
44.1364552763819,8.27239045226131,9.33081874750431e-08,"2.5th percentile"
44.2210542713568,8.27239045226131,5.97787579004633e-08,"2.5th percentile"
44.3056532663317,8.27239045226131,4.94858280647127e-08,"2.5th percentile"
44.3902522613065,8.27239045226131,3.77911880154244e-08,"2.5th percentile"
44.4748512562814,8.27239045226131,4.10370362881208e-08,"2.5th percentile"
44.5594502512563,8.27239045226131,4.49287620935179e-08,"2.5th percentile"
44.6440492462312,8.27239045226131,4.41030768256396e-08,"2.5th percentile"
44.728648241206,8.27239045226131,5.51036739098535e-08,"2.5th percentile"
44.8132472361809,8.27239045226131,4.72615057439482e-08,"2.5th percentile"
44.8978462311558,8.27239045226131,4.61674164006281e-08,"2.5th percentile"
44.9824452261307,8.27239045226131,4.57620269863833e-08,"2.5th percentile"
45.0670442211055,8.27239045226131,5.85566191767176e-08,"2.5th percentile"
45.1516432160804,8.27239045226131,4.50906196862066e-08,"2.5th percentile"
45.2362422110553,8.27239045226131,4.30996528606505e-08,"2.5th percentile"
45.3208412060302,8.27239045226131,5.87823138306193e-08,"2.5th percentile"
45.405440201005,8.27239045226131,6.39195160185692e-08,"2.5th percentile"
45.4900391959799,8.27239045226131,6.80805355579916e-08,"2.5th percentile"
45.5746381909548,8.27239045226131,5.09857692805938e-08,"2.5th percentile"
45.6592371859296,8.27239045226131,5.31155617009347e-08,"2.5th percentile"
45.7438361809045,8.27239045226131,5.87659357274986e-08,"2.5th percentile"
45.8284351758794,8.27239045226131,5.78379215451142e-08,"2.5th percentile"
45.9130341708543,8.27239045226131,7.65758820013385e-08,"2.5th percentile"
45.9976331658291,8.27239045226131,6.93748002571589e-08,"2.5th percentile"
46.082232160804,8.27239045226131,5.69298830911082e-08,"2.5th percentile"
46.1668311557789,8.27239045226131,6.53088698005964e-08,"2.5th percentile"
33.307783919598,8.34041708542714,0.00147972047094165,"2.5th percentile"
33.3923829145729,8.34041708542714,0.00283263989662392,"2.5th percentile"
33.4769819095477,8.34041708542714,0.00532467383655035,"2.5th percentile"
33.5615809045226,8.34041708542714,0.0100752597990309,"2.5th percentile"
33.6461798994975,8.34041708542714,0.0196186319362979,"2.5th percentile"
33.7307788944724,8.34041708542714,0.0375597530788805,"2.5th percentile"
33.8153778894472,8.34041708542714,0.0721700443618415,"2.5th percentile"
33.8999768844221,8.34041708542714,0.127572343781151,"2.5th percentile"
33.984575879397,8.34041708542714,0.201965323257814,"2.5th percentile"
34.0691748743719,8.34041708542714,0.310827874734029,"2.5th percentile"
34.1537738693467,8.34041708542714,0.441838113327574,"2.5th percentile"
34.2383728643216,8.34041708542714,0.428003789424946,"2.5th percentile"
34.3229718592965,8.34041708542714,0.400813593669817,"2.5th percentile"
34.4075708542714,8.34041708542714,0.333503565065715,"2.5th percentile"
34.4921698492462,8.34041708542714,0.350562070341009,"2.5th percentile"
34.5767688442211,8.34041708542714,0.289186627629828,"2.5th percentile"
34.661367839196,8.34041708542714,0.287746182208845,"2.5th percentile"
34.7459668341709,8.34041708542714,0.275266098198335,"2.5th percentile"
34.8305658291457,8.34041708542714,0.261792017783299,"2.5th percentile"
34.9151648241206,8.34041708542714,0.267958296063134,"2.5th percentile"
34.9997638190955,8.34041708542714,0.275548628105312,"2.5th percentile"
35.0843628140704,8.34041708542714,0.269262350452657,"2.5th percentile"
35.1689618090452,8.34041708542714,0.267832335081048,"2.5th percentile"
35.2535608040201,8.34041708542714,0.272837750189909,"2.5th percentile"
35.338159798995,8.34041708542714,0.293062311116078,"2.5th percentile"
35.4227587939698,8.34041708542714,0.281276329013091,"2.5th percentile"
35.5073577889447,8.34041708542714,0.2693281506059,"2.5th percentile"
35.5919567839196,8.34041708542714,0.266119657038939,"2.5th percentile"
35.6765557788945,8.34041708542714,0.283520505496976,"2.5th percentile"
35.7611547738694,8.34041708542714,0.284647523921121,"2.5th percentile"
35.8457537688442,8.34041708542714,0.30220537017203,"2.5th percentile"
35.9303527638191,8.34041708542714,0.284393793494321,"2.5th percentile"
36.014951758794,8.34041708542714,0.291303865070397,"2.5th percentile"
36.0995507537688,8.34041708542714,0.260724321893271,"2.5th percentile"
36.1841497487437,8.34041708542714,0.268741118992729,"2.5th percentile"
36.2687487437186,8.34041708542714,0.300192896080152,"2.5th percentile"
36.3533477386935,8.34041708542714,0.310223520956326,"2.5th percentile"
36.4379467336683,8.34041708542714,0.288379367056331,"2.5th percentile"
36.5225457286432,8.34041708542714,0.315535419334001,"2.5th percentile"
36.6071447236181,8.34041708542714,0.326305275337382,"2.5th percentile"
36.691743718593,8.34041708542714,0.327932479916598,"2.5th percentile"
36.7763427135678,8.34041708542714,0.331544127172114,"2.5th percentile"
36.8609417085427,8.34041708542714,0.34836469004175,"2.5th percentile"
36.9455407035176,8.34041708542714,0.328182664097705,"2.5th percentile"
37.0301396984925,8.34041708542714,0.343614058671254,"2.5th percentile"
37.1147386934673,8.34041708542714,0.389507149824225,"2.5th percentile"
37.1993376884422,8.34041708542714,0.33728269802261,"2.5th percentile"
37.2839366834171,8.34041708542714,0.35323817865212,"2.5th percentile"
37.368535678392,8.34041708542714,0.337533624732349,"2.5th percentile"
37.4531346733668,8.34041708542714,0.377540007446595,"2.5th percentile"
37.5377336683417,8.34041708542714,0.332898861702706,"2.5th percentile"
37.6223326633166,8.34041708542714,0.340958667012486,"2.5th percentile"
37.7069316582915,8.34041708542714,0.342721011828639,"2.5th percentile"
37.7915306532663,8.34041708542714,0.351433503324886,"2.5th percentile"
37.8761296482412,8.34041708542714,0.386612273798843,"2.5th percentile"
37.9607286432161,8.34041708542714,0.371259613131318,"2.5th percentile"
38.045327638191,8.34041708542714,0.364626062282248,"2.5th percentile"
38.1299266331658,8.34041708542714,0.359858768803133,"2.5th percentile"
38.2145256281407,8.34041708542714,0.340383098509781,"2.5th percentile"
38.2991246231156,8.34041708542714,0.324346630376684,"2.5th percentile"
38.3837236180904,8.34041708542714,0.358279478997089,"2.5th percentile"
38.4683226130653,8.34041708542714,0.330468065099491,"2.5th percentile"
38.5529216080402,8.34041708542714,0.322161690694704,"2.5th percentile"
38.6375206030151,8.34041708542714,0.324309189505671,"2.5th percentile"
38.72211959799,8.34041708542714,0.3293564917343,"2.5th percentile"
38.8067185929648,8.34041708542714,0.314213510290598,"2.5th percentile"
38.8913175879397,8.34041708542714,0.315704184325487,"2.5th percentile"
38.9759165829146,8.34041708542714,0.310462067960379,"2.5th percentile"
39.0605155778894,8.34041708542714,0.406076395950859,"2.5th percentile"
39.1451145728643,8.34041708542714,0.350979907920634,"2.5th percentile"
39.2297135678392,8.34041708542714,0.327301087340079,"2.5th percentile"
39.3143125628141,8.34041708542714,0.303474800725844,"2.5th percentile"
39.3989115577889,8.34041708542714,0.282033541423995,"2.5th percentile"
39.4835105527638,8.34041708542714,0.277556658571569,"2.5th percentile"
39.5681095477387,8.34041708542714,0.261398216522177,"2.5th percentile"
39.6527085427136,8.34041708542714,0.259921642594492,"2.5th percentile"
39.7373075376884,8.34041708542714,0.245784233360436,"2.5th percentile"
39.8219065326633,8.34041708542714,0.272961667088103,"2.5th percentile"
39.9065055276382,8.34041708542714,0.268653385810757,"2.5th percentile"
39.9911045226131,8.34041708542714,0.271695437737608,"2.5th percentile"
40.0757035175879,8.34041708542714,0.278518679419289,"2.5th percentile"
40.1603025125628,8.34041708542714,0.27625166101037,"2.5th percentile"
40.2449015075377,8.34041708542714,0.265872879691455,"2.5th percentile"
40.3295005025126,8.34041708542714,0.284408802168129,"2.5th percentile"
40.4140994974874,8.34041708542714,0.298095549443858,"2.5th percentile"
40.4986984924623,8.34041708542714,0.294952597115003,"2.5th percentile"
40.5832974874372,8.34041708542714,0.24907736151446,"2.5th percentile"
40.6678964824121,8.34041708542714,0.18083742169983,"2.5th percentile"
40.7524954773869,8.34041708542714,0.129254651910541,"2.5th percentile"
40.8370944723618,8.34041708542714,0.0852205649210886,"2.5th percentile"
40.9216934673367,8.34041708542714,0.0575614991633797,"2.5th percentile"
41.0062924623116,8.34041708542714,0.0378630214240916,"2.5th percentile"
41.0908914572864,8.34041708542714,0.0276239487187246,"2.5th percentile"
41.1754904522613,8.34041708542714,0.0215215318411184,"2.5th percentile"
41.2600894472362,8.34041708542714,0.0112208367138213,"2.5th percentile"
41.344688442211,8.34041708542714,0.0075878766207011,"2.5th percentile"
41.4292874371859,8.34041708542714,0.00472882889383404,"2.5th percentile"
41.5138864321608,8.34041708542714,0.0031206328738602,"2.5th percentile"
41.5984854271357,8.34041708542714,0.00201323592371266,"2.5th percentile"
41.6830844221106,8.34041708542714,0.00135666350675978,"2.5th percentile"
41.7676834170854,8.34041708542714,0.000851118529254745,"2.5th percentile"
41.8522824120603,8.34041708542714,0.000577707004118773,"2.5th percentile"
41.9368814070352,8.34041708542714,0.000365406038289653,"2.5th percentile"
42.02148040201,8.34041708542714,0.000243731137501113,"2.5th percentile"
42.1060793969849,8.34041708542714,0.00015723308450436,"2.5th percentile"
42.1906783919598,8.34041708542714,0.000104566350318923,"2.5th percentile"
42.2752773869347,8.34041708542714,6.68568746141588e-05,"2.5th percentile"
42.3598763819095,8.34041708542714,4.41151655773716e-05,"2.5th percentile"
42.4444753768844,8.34041708542714,2.85163291145523e-05,"2.5th percentile"
42.5290743718593,8.34041708542714,1.85717839918639e-05,"2.5th percentile"
42.6136733668342,8.34041708542714,1.30516672050596e-05,"2.5th percentile"
42.698272361809,8.34041708542714,8.57124026417592e-06,"2.5th percentile"
42.7828713567839,8.34041708542714,5.15624806667556e-06,"2.5th percentile"
42.8674703517588,8.34041708542714,3.4098245126551e-06,"2.5th percentile"
42.9520693467337,8.34041708542714,2.21696463666597e-06,"2.5th percentile"
43.0366683417085,8.34041708542714,1.70424613454536e-06,"2.5th percentile"
43.1212673366834,8.34041708542714,1.58795394226152e-06,"2.5th percentile"
43.2058663316583,8.34041708542714,1.10566872137631e-06,"2.5th percentile"
43.2904653266332,8.34041708542714,8.67715963981782e-07,"2.5th percentile"
43.375064321608,8.34041708542714,6.94679709145016e-07,"2.5th percentile"
43.4596633165829,8.34041708542714,6.7660704011859e-07,"2.5th percentile"
43.5442623115578,8.34041708542714,4.92244619206244e-07,"2.5th percentile"
43.6288613065327,8.34041708542714,3.52923585148098e-07,"2.5th percentile"
43.7134603015075,8.34041708542714,2.46344828269692e-07,"2.5th percentile"
43.7980592964824,8.34041708542714,2.32704127103825e-07,"2.5th percentile"
43.8826582914573,8.34041708542714,1.91254768348544e-07,"2.5th percentile"
43.9672572864322,8.34041708542714,1.39256319066837e-07,"2.5th percentile"
44.051856281407,8.34041708542714,9.25859070071866e-08,"2.5th percentile"
44.1364552763819,8.34041708542714,7.2065485065694e-08,"2.5th percentile"
44.2210542713568,8.34041708542714,5.55324280952594e-08,"2.5th percentile"
44.3056532663317,8.34041708542714,4.10974577698475e-08,"2.5th percentile"
44.3902522613065,8.34041708542714,3.79159886534231e-08,"2.5th percentile"
44.4748512562814,8.34041708542714,4.12954229533024e-08,"2.5th percentile"
44.5594502512563,8.34041708542714,4.35168028201364e-08,"2.5th percentile"
44.6440492462312,8.34041708542714,3.95341690683429e-08,"2.5th percentile"
44.728648241206,8.34041708542714,4.33136076020284e-08,"2.5th percentile"
44.8132472361809,8.34041708542714,4.35813043603916e-08,"2.5th percentile"
44.8978462311558,8.34041708542714,4.55765287911662e-08,"2.5th percentile"
44.9824452261307,8.34041708542714,4.41533130504004e-08,"2.5th percentile"
45.0670442211055,8.34041708542714,4.11230661990079e-08,"2.5th percentile"
45.1516432160804,8.34041708542714,4.03105908344681e-08,"2.5th percentile"
45.2362422110553,8.34041708542714,5.44232969467876e-08,"2.5th percentile"
45.3208412060302,8.34041708542714,4.98078692696738e-08,"2.5th percentile"
45.405440201005,8.34041708542714,5.07585599464729e-08,"2.5th percentile"
45.4900391959799,8.34041708542714,6.19599105724118e-08,"2.5th percentile"
45.5746381909548,8.34041708542714,5.01372490980866e-08,"2.5th percentile"
45.6592371859296,8.34041708542714,5.56371045998036e-08,"2.5th percentile"
45.7438361809045,8.34041708542714,5.99701746112767e-08,"2.5th percentile"
45.8284351758794,8.34041708542714,5.93168580538517e-08,"2.5th percentile"
45.9130341708543,8.34041708542714,5.77437693301827e-08,"2.5th percentile"
45.9976331658291,8.34041708542714,6.94010565221462e-08,"2.5th percentile"
33.8999768844221,8.40844371859296,0.188712506980492,"2.5th percentile"
33.984575879397,8.40844371859296,0.284749889287378,"2.5th percentile"
34.0691748743719,8.40844371859296,0.458616301038493,"2.5th percentile"
34.1537738693467,8.40844371859296,0.450899322339698,"2.5th percentile"
34.2383728643216,8.40844371859296,0.389730808812138,"2.5th percentile"
34.3229718592965,8.40844371859296,0.408842344519527,"2.5th percentile"
34.4075708542714,8.40844371859296,0.368835509000773,"2.5th percentile"
34.4921698492462,8.40844371859296,0.310464897333815,"2.5th percentile"
34.5767688442211,8.40844371859296,0.295563403679702,"2.5th percentile"
34.661367839196,8.40844371859296,0.294982407797067,"2.5th percentile"
34.7459668341709,8.40844371859296,0.286297243114181,"2.5th percentile"
34.8305658291457,8.40844371859296,0.287549428801895,"2.5th percentile"
34.9151648241206,8.40844371859296,0.288485971790762,"2.5th percentile"
34.9997638190955,8.40844371859296,0.281302700032261,"2.5th percentile"
35.0843628140704,8.40844371859296,0.312373544015057,"2.5th percentile"
35.1689618090452,8.40844371859296,0.285419263575973,"2.5th percentile"
35.2535608040201,8.40844371859296,0.273912358961015,"2.5th percentile"
35.338159798995,8.40844371859296,0.293566174506761,"2.5th percentile"
35.4227587939698,8.40844371859296,0.286820719648879,"2.5th percentile"
35.5073577889447,8.40844371859296,0.280210004997496,"2.5th percentile"
35.5919567839196,8.40844371859296,0.266639636856962,"2.5th percentile"
35.6765557788945,8.40844371859296,0.277590877009344,"2.5th percentile"
35.7611547738694,8.40844371859296,0.288546278479299,"2.5th percentile"
35.8457537688442,8.40844371859296,0.28636509499534,"2.5th percentile"
35.9303527638191,8.40844371859296,0.284239006934864,"2.5th percentile"
36.014951758794,8.40844371859296,0.290232368920707,"2.5th percentile"
36.0995507537688,8.40844371859296,0.257210270061581,"2.5th percentile"
36.1841497487437,8.40844371859296,0.281483404236718,"2.5th percentile"
36.2687487437186,8.40844371859296,0.298037352586123,"2.5th percentile"
36.3533477386935,8.40844371859296,0.303755664146389,"2.5th percentile"
36.4379467336683,8.40844371859296,0.288643356891897,"2.5th percentile"
36.5225457286432,8.40844371859296,0.305116350800158,"2.5th percentile"
36.6071447236181,8.40844371859296,0.325695024630117,"2.5th percentile"
36.691743718593,8.40844371859296,0.3459215466724,"2.5th percentile"
36.7763427135678,8.40844371859296,0.33142182157227,"2.5th percentile"
36.8609417085427,8.40844371859296,0.338845970882018,"2.5th percentile"
36.9455407035176,8.40844371859296,0.331344169015027,"2.5th percentile"
37.0301396984925,8.40844371859296,0.338493967144858,"2.5th percentile"
37.1147386934673,8.40844371859296,0.338683507991706,"2.5th percentile"
37.1993376884422,8.40844371859296,0.333611339743698,"2.5th percentile"
37.2839366834171,8.40844371859296,0.353953376208394,"2.5th percentile"
37.368535678392,8.40844371859296,0.338192667003055,"2.5th percentile"
37.4531346733668,8.40844371859296,0.369243202203023,"2.5th percentile"
37.5377336683417,8.40844371859296,0.333201277215272,"2.5th percentile"
37.6223326633166,8.40844371859296,0.332588176130079,"2.5th percentile"
37.7069316582915,8.40844371859296,0.343265171393421,"2.5th percentile"
37.7915306532663,8.40844371859296,0.347630007263717,"2.5th percentile"
37.8761296482412,8.40844371859296,0.364873527232729,"2.5th percentile"
37.9607286432161,8.40844371859296,0.385167628273363,"2.5th percentile"
38.045327638191,8.40844371859296,0.382705368957238,"2.5th percentile"
38.1299266331658,8.40844371859296,0.387314429348874,"2.5th percentile"
38.2145256281407,8.40844371859296,0.351403296868396,"2.5th percentile"
38.2991246231156,8.40844371859296,0.331012273711002,"2.5th percentile"
38.3837236180904,8.40844371859296,0.38723863791665,"2.5th percentile"
38.4683226130653,8.40844371859296,0.339460750853545,"2.5th percentile"
38.5529216080402,8.40844371859296,0.332044488137078,"2.5th percentile"
38.6375206030151,8.40844371859296,0.33510632788316,"2.5th percentile"
38.72211959799,8.40844371859296,0.336230026569049,"2.5th percentile"
38.8067185929648,8.40844371859296,0.321758962859085,"2.5th percentile"
38.8913175879397,8.40844371859296,0.316174545619657,"2.5th percentile"
38.9759165829146,8.40844371859296,0.318074535818792,"2.5th percentile"
39.0605155778894,8.40844371859296,0.437814262159907,"2.5th percentile"
39.1451145728643,8.40844371859296,0.357734744194742,"2.5th percentile"
39.2297135678392,8.40844371859296,0.323972567096158,"2.5th percentile"
39.3143125628141,8.40844371859296,0.309126255322081,"2.5th percentile"
39.3989115577889,8.40844371859296,0.29162074378373,"2.5th percentile"
39.4835105527638,8.40844371859296,0.332143391635512,"2.5th percentile"
39.5681095477387,8.40844371859296,0.268198826803143,"2.5th percentile"
39.6527085427136,8.40844371859296,0.253664641286961,"2.5th percentile"
39.7373075376884,8.40844371859296,0.242186395038402,"2.5th percentile"
39.8219065326633,8.40844371859296,0.277863571802564,"2.5th percentile"
39.9065055276382,8.40844371859296,0.280392480680817,"2.5th percentile"
39.9911045226131,8.40844371859296,0.286147967082892,"2.5th percentile"
40.0757035175879,8.40844371859296,0.291413553292195,"2.5th percentile"
40.1603025125628,8.40844371859296,0.28569067974444,"2.5th percentile"
40.2449015075377,8.40844371859296,0.275147745753807,"2.5th percentile"
40.3295005025126,8.40844371859296,0.288068327342014,"2.5th percentile"
40.4140994974874,8.40844371859296,0.291586195526714,"2.5th percentile"
40.4986984924623,8.40844371859296,0.297088153401171,"2.5th percentile"
40.5832974874372,8.40844371859296,0.245593727888878,"2.5th percentile"
40.6678964824121,8.40844371859296,0.177335227056864,"2.5th percentile"
40.7524954773869,8.40844371859296,0.124016827978051,"2.5th percentile"
40.8370944723618,8.40844371859296,0.0863655848663981,"2.5th percentile"
40.9216934673367,8.40844371859296,0.0584905676693377,"2.5th percentile"
41.0062924623116,8.40844371859296,0.0392912034046319,"2.5th percentile"
41.0908914572864,8.40844371859296,0.0251839151464179,"2.5th percentile"
41.1754904522613,8.40844371859296,0.0206312176799795,"2.5th percentile"
41.2600894472362,8.40844371859296,0.0110294368903766,"2.5th percentile"
41.344688442211,8.40844371859296,0.00723645084163555,"2.5th percentile"
41.4292874371859,8.40844371859296,0.00496563253697549,"2.5th percentile"
41.5138864321608,8.40844371859296,0.00323269322072071,"2.5th percentile"
41.5984854271357,8.40844371859296,0.00201289867433636,"2.5th percentile"
41.6830844221106,8.40844371859296,0.00134592103435084,"2.5th percentile"
41.7676834170854,8.40844371859296,0.000850327529205891,"2.5th percentile"
41.8522824120603,8.40844371859296,0.000553978923556419,"2.5th percentile"
41.9368814070352,8.40844371859296,0.000403496880803553,"2.5th percentile"
42.02148040201,8.40844371859296,0.000256311987821879,"2.5th percentile"
42.1060793969849,8.40844371859296,0.000157104098471119,"2.5th percentile"
42.1906783919598,8.40844371859296,0.000104854834749048,"2.5th percentile"
42.2752773869347,8.40844371859296,6.68332151946692e-05,"2.5th percentile"
42.3598763819095,8.40844371859296,4.54629185159539e-05,"2.5th percentile"
42.4444753768844,8.40844371859296,2.91030795989422e-05,"2.5th percentile"
42.5290743718593,8.40844371859296,1.85383246049402e-05,"2.5th percentile"
42.6136733668342,8.40844371859296,1.20905033916335e-05,"2.5th percentile"
42.698272361809,8.40844371859296,8.00405715874458e-06,"2.5th percentile"
42.7828713567839,8.40844371859296,5.17612636969634e-06,"2.5th percentile"
42.8674703517588,8.40844371859296,3.57917946863165e-06,"2.5th percentile"
42.9520693467337,8.40844371859296,2.19891100641892e-06,"2.5th percentile"
43.0366683417085,8.40844371859296,1.45065442990276e-06,"2.5th percentile"
43.1212673366834,8.40844371859296,1.16227620290509e-06,"2.5th percentile"
43.2058663316583,8.40844371859296,8.70704235007218e-07,"2.5th percentile"
43.2904653266332,8.40844371859296,6.88411124403051e-07,"2.5th percentile"
43.375064321608,8.40844371859296,5.28521925527011e-07,"2.5th percentile"
43.4596633165829,8.40844371859296,5.69223468268208e-07,"2.5th percentile"
43.5442623115578,8.40844371859296,3.61397886807652e-07,"2.5th percentile"
43.6288613065327,8.40844371859296,2.71896014433628e-07,"2.5th percentile"
43.7134603015075,8.40844371859296,2.22047562852689e-07,"2.5th percentile"
43.7980592964824,8.40844371859296,1.55450102099031e-07,"2.5th percentile"
43.8826582914573,8.40844371859296,1.42310438185026e-07,"2.5th percentile"
43.9672572864322,8.40844371859296,1.05701625809139e-07,"2.5th percentile"
44.051856281407,8.40844371859296,7.59789833647871e-08,"2.5th percentile"
44.1364552763819,8.40844371859296,6.69916998065982e-08,"2.5th percentile"
44.2210542713568,8.40844371859296,5.79526395515151e-08,"2.5th percentile"
44.3056532663317,8.40844371859296,3.8896461020058e-08,"2.5th percentile"
44.3902522613065,8.40844371859296,3.22186771566021e-08,"2.5th percentile"
44.4748512562814,8.40844371859296,4.27784449491046e-08,"2.5th percentile"
44.5594502512563,8.40844371859296,3.49523567072213e-08,"2.5th percentile"
44.6440492462312,8.40844371859296,3.81663318266086e-08,"2.5th percentile"
44.728648241206,8.40844371859296,3.82033308873501e-08,"2.5th percentile"
44.8132472361809,8.40844371859296,4.50293238229843e-08,"2.5th percentile"
44.8978462311558,8.40844371859296,4.22133680939169e-08,"2.5th percentile"
44.9824452261307,8.40844371859296,3.60107069174734e-08,"2.5th percentile"
45.0670442211055,8.40844371859296,3.63661879394384e-08,"2.5th percentile"
45.1516432160804,8.40844371859296,4.24605836935311e-08,"2.5th percentile"
45.2362422110553,8.40844371859296,5.0143915828243e-08,"2.5th percentile"
45.3208412060302,8.40844371859296,4.51954928165632e-08,"2.5th percentile"
45.405440201005,8.40844371859296,4.91225599026171e-08,"2.5th percentile"
45.4900391959799,8.40844371859296,4.81937615264677e-08,"2.5th percentile"
45.5746381909548,8.40844371859296,5.08310039962523e-08,"2.5th percentile"
45.6592371859296,8.40844371859296,6.39383243161514e-08,"2.5th percentile"
45.7438361809045,8.40844371859296,5.97650674826294e-08,"2.5th percentile"
33.8999768844221,8.47647035175879,0.28262217760583,"2.5th percentile"
33.984575879397,8.47647035175879,0.461133813137684,"2.5th percentile"
34.0691748743719,8.47647035175879,0.450958463823197,"2.5th percentile"
34.1537738693467,8.47647035175879,0.457246011507888,"2.5th percentile"
34.2383728643216,8.47647035175879,0.445140342079585,"2.5th percentile"
34.3229718592965,8.47647035175879,0.370683077908138,"2.5th percentile"
34.4075708542714,8.47647035175879,0.368860331294845,"2.5th percentile"
34.4921698492462,8.47647035175879,0.330271025056939,"2.5th percentile"
34.5767688442211,8.47647035175879,0.323787632724289,"2.5th percentile"
34.661367839196,8.47647035175879,0.29555041968566,"2.5th percentile"
34.7459668341709,8.47647035175879,0.287911677144447,"2.5th percentile"
34.8305658291457,8.47647035175879,0.258695642474877,"2.5th percentile"
34.9151648241206,8.47647035175879,0.281139865293794,"2.5th percentile"
34.9997638190955,8.47647035175879,0.294725906189676,"2.5th percentile"
35.0843628140704,8.47647035175879,0.317475945361912,"2.5th percentile"
35.1689618090452,8.47647035175879,0.306528162956995,"2.5th percentile"
35.2535608040201,8.47647035175879,0.314280075081948,"2.5th percentile"
35.338159798995,8.47647035175879,0.30121173647577,"2.5th percentile"
35.4227587939698,8.47647035175879,0.282861249609522,"2.5th percentile"
35.5073577889447,8.47647035175879,0.281388495559426,"2.5th percentile"
35.5919567839196,8.47647035175879,0.281727025048383,"2.5th percentile"
35.6765557788945,8.47647035175879,0.287425041394258,"2.5th percentile"
35.7611547738694,8.47647035175879,0.268968796954916,"2.5th percentile"
35.8457537688442,8.47647035175879,0.278777338213224,"2.5th percentile"
35.9303527638191,8.47647035175879,0.275607822548403,"2.5th percentile"
36.014951758794,8.47647035175879,0.272743257612926,"2.5th percentile"
36.0995507537688,8.47647035175879,0.266414939432822,"2.5th percentile"
36.1841497487437,8.47647035175879,0.277069385720557,"2.5th percentile"
36.2687487437186,8.47647035175879,0.287301465002855,"2.5th percentile"
36.3533477386935,8.47647035175879,0.288519421830233,"2.5th percentile"
36.4379467336683,8.47647035175879,0.323779414321531,"2.5th percentile"
36.5225457286432,8.47647035175879,0.314063863169727,"2.5th percentile"
36.6071447236181,8.47647035175879,0.337366074779854,"2.5th percentile"
36.691743718593,8.47647035175879,0.33263344195625,"2.5th percentile"
36.7763427135678,8.47647035175879,0.338039731196546,"2.5th percentile"
36.8609417085427,8.47647035175879,0.32711377661692,"2.5th percentile"
36.9455407035176,8.47647035175879,0.335570690219588,"2.5th percentile"
37.0301396984925,8.47647035175879,0.331139585237381,"2.5th percentile"
37.1147386934673,8.47647035175879,0.36994595830109,"2.5th percentile"
37.1993376884422,8.47647035175879,0.335475230803403,"2.5th percentile"
37.2839366834171,8.47647035175879,0.344519690467108,"2.5th percentile"
37.368535678392,8.47647035175879,0.356962345740446,"2.5th percentile"
37.4531346733668,8.47647035175879,0.368673016609155,"2.5th percentile"
37.5377336683417,8.47647035175879,0.344084585308044,"2.5th percentile"
37.6223326633166,8.47647035175879,0.324132635187962,"2.5th percentile"
37.7069316582915,8.47647035175879,0.342372079814769,"2.5th percentile"
37.7915306532663,8.47647035175879,0.359939868303022,"2.5th percentile"
37.8761296482412,8.47647035175879,0.358421470408174,"2.5th percentile"
37.9607286432161,8.47647035175879,0.361898865837626,"2.5th percentile"
38.045327638191,8.47647035175879,0.368391146723411,"2.5th percentile"
38.1299266331658,8.47647035175879,0.347006157856926,"2.5th percentile"
38.2145256281407,8.47647035175879,0.346365415126517,"2.5th percentile"
38.2991246231156,8.47647035175879,0.350775226591057,"2.5th percentile"
38.3837236180904,8.47647035175879,0.361895373405435,"2.5th percentile"
38.4683226130653,8.47647035175879,0.360579007312596,"2.5th percentile"
38.5529216080402,8.47647035175879,0.347765552685873,"2.5th percentile"
38.6375206030151,8.47647035175879,0.350810069523542,"2.5th percentile"
38.72211959799,8.47647035175879,0.355449356726963,"2.5th percentile"
38.8067185929648,8.47647035175879,0.359674322412831,"2.5th percentile"
38.8913175879397,8.47647035175879,0.350685145315505,"2.5th percentile"
38.9759165829146,8.47647035175879,0.337523840081746,"2.5th percentile"
39.0605155778894,8.47647035175879,0.331385939700231,"2.5th percentile"
39.1451145728643,8.47647035175879,0.364466085245756,"2.5th percentile"
39.2297135678392,8.47647035175879,0.329623558671571,"2.5th percentile"
39.3143125628141,8.47647035175879,0.326611073675906,"2.5th percentile"
39.3989115577889,8.47647035175879,0.33066461841177,"2.5th percentile"
39.4835105527638,8.47647035175879,0.313770812370854,"2.5th percentile"
39.5681095477387,8.47647035175879,0.304922697916916,"2.5th percentile"
39.6527085427136,8.47647035175879,0.285551545776864,"2.5th percentile"
39.7373075376884,8.47647035175879,0.278726431195413,"2.5th percentile"
39.8219065326633,8.47647035175879,0.281232155499414,"2.5th percentile"
39.9065055276382,8.47647035175879,0.272328413312344,"2.5th percentile"
39.9911045226131,8.47647035175879,0.274498598131416,"2.5th percentile"
40.0757035175879,8.47647035175879,0.29148351302941,"2.5th percentile"
40.1603025125628,8.47647035175879,0.292058424188244,"2.5th percentile"
40.2449015075377,8.47647035175879,0.277879560764115,"2.5th percentile"
40.3295005025126,8.47647035175879,0.278802459210728,"2.5th percentile"
40.4140994974874,8.47647035175879,0.289402997980029,"2.5th percentile"
40.4986984924623,8.47647035175879,0.290140106284253,"2.5th percentile"
40.5832974874372,8.47647035175879,0.236443393196181,"2.5th percentile"
40.6678964824121,8.47647035175879,0.178045411330411,"2.5th percentile"
40.7524954773869,8.47647035175879,0.122349405188947,"2.5th percentile"
40.8370944723618,8.47647035175879,0.082692497261232,"2.5th percentile"
40.9216934673367,8.47647035175879,0.0559596548824249,"2.5th percentile"
41.0062924623116,8.47647035175879,0.0369919290107602,"2.5th percentile"
41.0908914572864,8.47647035175879,0.0251067158783193,"2.5th percentile"
41.1754904522613,8.47647035175879,0.0164561060842946,"2.5th percentile"
41.2600894472362,8.47647035175879,0.0109709538784788,"2.5th percentile"
41.344688442211,8.47647035175879,0.00856113783901653,"2.5th percentile"
41.4292874371859,8.47647035175879,0.00482505743823426,"2.5th percentile"
41.5138864321608,8.47647035175879,0.00309445168345699,"2.5th percentile"
41.5984854271357,8.47647035175879,0.00201020067264051,"2.5th percentile"
41.6830844221106,8.47647035175879,0.00169394626790026,"2.5th percentile"
41.7676834170854,8.47647035175879,0.00084931134466689,"2.5th percentile"
41.8522824120603,8.47647035175879,0.000552320850489692,"2.5th percentile"
41.9368814070352,8.47647035175879,0.000385572210601625,"2.5th percentile"
42.02148040201,8.47647035175879,0.000241975706438753,"2.5th percentile"
42.1060793969849,8.47647035175879,0.000166361440829002,"2.5th percentile"
42.1906783919598,8.47647035175879,0.000102441768887788,"2.5th percentile"
42.2752773869347,8.47647035175879,6.68739370637429e-05,"2.5th percentile"
42.3598763819095,8.47647035175879,4.54443686898802e-05,"2.5th percentile"
42.4444753768844,8.47647035175879,3.01119637707302e-05,"2.5th percentile"
42.5290743718593,8.47647035175879,1.85372349769221e-05,"2.5th percentile"
42.6136733668342,8.47647035175879,1.20726796198923e-05,"2.5th percentile"
42.698272361809,8.47647035175879,8.43371580916065e-06,"2.5th percentile"
42.7828713567839,8.47647035175879,5.16003867961305e-06,"2.5th percentile"
42.8674703517588,8.47647035175879,3.37698482539433e-06,"2.5th percentile"
42.9520693467337,8.47647035175879,2.27355435544953e-06,"2.5th percentile"
43.0366683417085,8.47647035175879,1.58885230355353e-06,"2.5th percentile"
43.1212673366834,8.47647035175879,9.50951403297177e-07,"2.5th percentile"
43.2058663316583,8.47647035175879,6.88043390925165e-07,"2.5th percentile"
43.2904653266332,8.47647035175879,5.41742322021049e-07,"2.5th percentile"
43.375064321608,8.47647035175879,5.19080959819599e-07,"2.5th percentile"
43.4596633165829,8.47647035175879,4.4248846564275e-07,"2.5th percentile"
43.5442623115578,8.47647035175879,3.15871566201425e-07,"2.5th percentile"
43.6288613065327,8.47647035175879,2.19332248450524e-07,"2.5th percentile"
43.7134603015075,8.47647035175879,1.79938856879779e-07,"2.5th percentile"
43.7980592964824,8.47647035175879,1.30160839146949e-07,"2.5th percentile"
43.8826582914573,8.47647035175879,1.37060339856559e-07,"2.5th percentile"
43.9672572864322,8.47647035175879,9.59503902954623e-08,"2.5th percentile"
44.051856281407,8.47647035175879,6.95422114925328e-08,"2.5th percentile"
44.1364552763819,8.47647035175879,5.76104920894714e-08,"2.5th percentile"
44.2210542713568,8.47647035175879,4.15316381250395e-08,"2.5th percentile"
44.3056532663317,8.47647035175879,3.21537093896851e-08,"2.5th percentile"
44.3902522613065,8.47647035175879,3.39715067298794e-08,"2.5th percentile"
44.4748512562814,8.47647035175879,3.61265398313574e-08,"2.5th percentile"
44.5594502512563,8.47647035175879,3.48187484994776e-08,"2.5th percentile"
44.6440492462312,8.47647035175879,3.6796813439123e-08,"2.5th percentile"
44.728648241206,8.47647035175879,3.95563784632544e-08,"2.5th percentile"
44.8132472361809,8.47647035175879,3.267566036892e-08,"2.5th percentile"
44.8978462311558,8.47647035175879,3.08289738051881e-08,"2.5th percentile"
44.9824452261307,8.47647035175879,3.91439969087748e-08,"2.5th percentile"
45.0670442211055,8.47647035175879,4.00694505532771e-08,"2.5th percentile"
45.1516432160804,8.47647035175879,3.96927078914607e-08,"2.5th percentile"
45.2362422110553,8.47647035175879,4.87227633235453e-08,"2.5th percentile"
45.3208412060302,8.47647035175879,5.42815980684819e-08,"2.5th percentile"
45.405440201005,8.47647035175879,4.69238557446042e-08,"2.5th percentile"
45.4900391959799,8.47647035175879,4.76750514198566e-08,"2.5th percentile"
45.5746381909548,8.47647035175879,5.70295732093452e-08,"2.5th percentile"
33.984575879397,8.54449698492462,0.512824105806329,"2.5th percentile"
34.0691748743719,8.54449698492462,0.492512530488976,"2.5th percentile"
34.1537738693467,8.54449698492462,0.429107200158566,"2.5th percentile"
34.2383728643216,8.54449698492462,0.453896936681452,"2.5th percentile"
34.3229718592965,8.54449698492462,0.408574183506727,"2.5th percentile"
34.4075708542714,8.54449698492462,0.387377000560014,"2.5th percentile"
34.4921698492462,8.54449698492462,0.350291224632044,"2.5th percentile"
34.5767688442211,8.54449698492462,0.325539076964318,"2.5th percentile"
34.661367839196,8.54449698492462,0.310685907073836,"2.5th percentile"
34.7459668341709,8.54449698492462,0.264624491861021,"2.5th percentile"
34.8305658291457,8.54449698492462,0.241019159970809,"2.5th percentile"
34.9151648241206,8.54449698492462,0.241348543741056,"2.5th percentile"
34.9997638190955,8.54449698492462,0.288581983102931,"2.5th percentile"
35.0843628140704,8.54449698492462,0.295498822857283,"2.5th percentile"
35.1689618090452,8.54449698492462,0.288560534574797,"2.5th percentile"
35.2535608040201,8.54449698492462,0.312207038737103,"2.5th percentile"
35.338159798995,8.54449698492462,0.272631094839437,"2.5th percentile"
35.4227587939698,8.54449698492462,0.25691098993691,"2.5th percentile"
35.5073577889447,8.54449698492462,0.267523777991574,"2.5th percentile"
35.5919567839196,8.54449698492462,0.271348886938136,"2.5th percentile"
35.6765557788945,8.54449698492462,0.275499103999864,"2.5th percentile"
35.7611547738694,8.54449698492462,0.285870291700093,"2.5th percentile"
35.8457537688442,8.54449698492462,0.301546064705492,"2.5th percentile"
35.9303527638191,8.54449698492462,0.278946863556227,"2.5th percentile"
36.014951758794,8.54449698492462,0.277176126283864,"2.5th percentile"
36.0995507537688,8.54449698492462,0.260649624838891,"2.5th percentile"
36.1841497487437,8.54449698492462,0.292269861811822,"2.5th percentile"
36.2687487437186,8.54449698492462,0.289390779531566,"2.5th percentile"
36.3533477386935,8.54449698492462,0.303768540358457,"2.5th percentile"
36.4379467336683,8.54449698492462,0.330785373142391,"2.5th percentile"
36.5225457286432,8.54449698492462,0.311613039666408,"2.5th percentile"
36.6071447236181,8.54449698492462,0.325319506159288,"2.5th percentile"
36.691743718593,8.54449698492462,0.365767628170076,"2.5th percentile"
36.7763427135678,8.54449698492462,0.347650206385727,"2.5th percentile"
36.8609417085427,8.54449698492462,0.349367201358083,"2.5th percentile"
36.9455407035176,8.54449698492462,0.330670511445242,"2.5th percentile"
37.0301396984925,8.54449698492462,0.336425158894602,"2.5th percentile"
37.1147386934673,8.54449698492462,0.357773307721359,"2.5th percentile"
37.1993376884422,8.54449698492462,0.327160025733462,"2.5th percentile"
37.2839366834171,8.54449698492462,0.340175722951882,"2.5th percentile"
37.368535678392,8.54449698492462,0.372697167735117,"2.5th percentile"
37.4531346733668,8.54449698492462,0.368251731586209,"2.5th percentile"
37.5377336683417,8.54449698492462,0.372956787446196,"2.5th percentile"
37.6223326633166,8.54449698492462,0.316893912175256,"2.5th percentile"
37.7069316582915,8.54449698492462,0.323291014174113,"2.5th percentile"
37.7915306532663,8.54449698492462,0.337243851085393,"2.5th percentile"
37.8761296482412,8.54449698492462,0.351095095967003,"2.5th percentile"
37.9607286432161,8.54449698492462,0.349596939254001,"2.5th percentile"
38.045327638191,8.54449698492462,0.35170057832663,"2.5th percentile"
38.1299266331658,8.54449698492462,0.386864166576282,"2.5th percentile"
38.2145256281407,8.54449698492462,0.360943260483133,"2.5th percentile"
38.2991246231156,8.54449698492462,0.368151078541108,"2.5th percentile"
38.3837236180904,8.54449698492462,0.370085375179489,"2.5th percentile"
38.4683226130653,8.54449698492462,0.385190204426714,"2.5th percentile"
38.5529216080402,8.54449698492462,0.366851483104403,"2.5th percentile"
38.6375206030151,8.54449698492462,0.359735811423113,"2.5th percentile"
38.72211959799,8.54449698492462,0.388955839750055,"2.5th percentile"
38.8067185929648,8.54449698492462,0.351990835023408,"2.5th percentile"
38.8913175879397,8.54449698492462,0.360408939035218,"2.5th percentile"
38.9759165829146,8.54449698492462,0.342151155514272,"2.5th percentile"
39.0605155778894,8.54449698492462,0.368481613685536,"2.5th percentile"
39.1451145728643,8.54449698492462,0.361028778526003,"2.5th percentile"
39.2297135678392,8.54449698492462,0.32278023067598,"2.5th percentile"
39.3143125628141,8.54449698492462,0.340156526045457,"2.5th percentile"
39.3989115577889,8.54449698492462,0.327984061530909,"2.5th percentile"
39.4835105527638,8.54449698492462,0.328668959646085,"2.5th percentile"
39.5681095477387,8.54449698492462,0.322299946157987,"2.5th percentile"
39.6527085427136,8.54449698492462,0.33369185894214,"2.5th percentile"
39.7373075376884,8.54449698492462,0.307929801685595,"2.5th percentile"
39.8219065326633,8.54449698492462,0.306399089719197,"2.5th percentile"
39.9065055276382,8.54449698492462,0.317346683510761,"2.5th percentile"
39.9911045226131,8.54449698492462,0.302356423668776,"2.5th percentile"
40.0757035175879,8.54449698492462,0.278151166385476,"2.5th percentile"
40.1603025125628,8.54449698492462,0.285429847931627,"2.5th percentile"
40.2449015075377,8.54449698492462,0.304370545708963,"2.5th percentile"
40.3295005025126,8.54449698492462,0.27394874328321,"2.5th percentile"
40.4140994974874,8.54449698492462,0.285251903997964,"2.5th percentile"
40.4986984924623,8.54449698492462,0.291216803269497,"2.5th percentile"
40.5832974874372,8.54449698492462,0.233949540553728,"2.5th percentile"
40.6678964824121,8.54449698492462,0.17817511058227,"2.5th percentile"
40.7524954773869,8.54449698492462,0.119600294603432,"2.5th percentile"
40.8370944723618,8.54449698492462,0.079851675564789,"2.5th percentile"
40.9216934673367,8.54449698492462,0.0554388265851156,"2.5th percentile"
41.0062924623116,8.54449698492462,0.0362691024463354,"2.5th percentile"
41.0908914572864,8.54449698492462,0.0241743147842439,"2.5th percentile"
41.1754904522613,8.54449698492462,0.0187776875638471,"2.5th percentile"
41.2600894472362,8.54449698492462,0.0108758565388447,"2.5th percentile"
41.344688442211,8.54449698492462,0.0079042329931272,"2.5th percentile"
41.4292874371859,8.54449698492462,0.0047420495823041,"2.5th percentile"
41.5138864321608,8.54449698492462,0.00354287690491418,"2.5th percentile"
41.5984854271357,8.54449698492462,0.00220843822575694,"2.5th percentile"
41.6830844221106,8.54449698492462,0.00131981946812982,"2.5th percentile"
41.7676834170854,8.54449698492462,0.000846018304550546,"2.5th percentile"
41.8522824120603,8.54449698492462,0.00056893719851833,"2.5th percentile"
41.9368814070352,8.54449698492462,0.000362163028381656,"2.5th percentile"
42.02148040201,8.54449698492462,0.000236292493261858,"2.5th percentile"
42.1060793969849,8.54449698492462,0.000158175716773259,"2.5th percentile"
42.1906783919598,8.54449698492462,0.000106270855084502,"2.5th percentile"
42.2752773869347,8.54449698492462,6.68026503265707e-05,"2.5th percentile"
42.3598763819095,8.54449698492462,4.48440272800226e-05,"2.5th percentile"
42.4444753768844,8.54449698492462,3.19090847144432e-05,"2.5th percentile"
42.5290743718593,8.54449698492462,1.87042898970529e-05,"2.5th percentile"
42.6136733668342,8.54449698492462,1.27465527423346e-05,"2.5th percentile"
42.698272361809,8.54449698492462,7.93038194582428e-06,"2.5th percentile"
42.7828713567839,8.54449698492462,5.24967498220149e-06,"2.5th percentile"
42.8674703517588,8.54449698492462,3.44693766150939e-06,"2.5th percentile"
42.9520693467337,8.54449698492462,2.22491254131074e-06,"2.5th percentile"
43.0366683417085,8.54449698492462,1.8442294327e-06,"2.5th percentile"
43.1212673366834,8.54449698492462,9.35221647711352e-07,"2.5th percentile"
43.2058663316583,8.54449698492462,6.55783059992904e-07,"2.5th percentile"
43.2904653266332,8.54449698492462,4.39796966724496e-07,"2.5th percentile"
43.375064321608,8.54449698492462,3.57320404766677e-07,"2.5th percentile"
43.4596633165829,8.54449698492462,2.93029035992458e-07,"2.5th percentile"
43.5442623115578,8.54449698492462,2.82343148934179e-07,"2.5th percentile"
43.6288613065327,8.54449698492462,1.76705238960666e-07,"2.5th percentile"
43.7134603015075,8.54449698492462,1.327969584779e-07,"2.5th percentile"
43.7980592964824,8.54449698492462,1.2186873316166e-07,"2.5th percentile"
43.8826582914573,8.54449698492462,8.71051236294608e-08,"2.5th percentile"
43.9672572864322,8.54449698492462,8.73471971096369e-08,"2.5th percentile"
44.051856281407,8.54449698492462,6.00907677631486e-08,"2.5th percentile"
44.1364552763819,8.54449698492462,5.0436588244102e-08,"2.5th percentile"
44.2210542713568,8.54449698492462,3.96960048178427e-08,"2.5th percentile"
44.3056532663317,8.54449698492462,3.08832643547502e-08,"2.5th percentile"
44.3902522613065,8.54449698492462,2.88959317888555e-08,"2.5th percentile"
44.4748512562814,8.54449698492462,3.24169510734108e-08,"2.5th percentile"
44.5594502512563,8.54449698492462,3.33168177200692e-08,"2.5th percentile"
44.6440492462312,8.54449698492462,3.40043837063367e-08,"2.5th percentile"
44.728648241206,8.54449698492462,3.25006510378009e-08,"2.5th percentile"
44.8132472361809,8.54449698492462,2.99211704883713e-08,"2.5th percentile"
44.8978462311558,8.54449698492462,3.12314595602311e-08,"2.5th percentile"
44.9824452261307,8.54449698492462,3.23509219605432e-08,"2.5th percentile"
45.0670442211055,8.54449698492462,4.17887129505277e-08,"2.5th percentile"
45.1516432160804,8.54449698492462,3.90623546326013e-08,"2.5th percentile"
45.2362422110553,8.54449698492462,4.94027365993779e-08,"2.5th percentile"
45.3208412060302,8.54449698492462,4.42257243477654e-08,"2.5th percentile"
45.405440201005,8.54449698492462,5.62261734366305e-08,"2.5th percentile"
33.984575879397,8.61252361809045,0.511134564758574,"2.5th percentile"
34.0691748743719,8.61252361809045,0.505135875768659,"2.5th percentile"
34.1537738693467,8.61252361809045,0.486979191767688,"2.5th percentile"
34.2383728643216,8.61252361809045,0.428932502896888,"2.5th percentile"
34.3229718592965,8.61252361809045,0.427580801626585,"2.5th percentile"
34.4075708542714,8.61252361809045,0.399482975975626,"2.5th percentile"
34.4921698492462,8.61252361809045,0.359648744364618,"2.5th percentile"
34.5767688442211,8.61252361809045,0.350831640236356,"2.5th percentile"
34.661367839196,8.61252361809045,0.321005738331732,"2.5th percentile"
34.7459668341709,8.61252361809045,0.271805341593389,"2.5th percentile"
34.8305658291457,8.61252361809045,0.261459832632721,"2.5th percentile"
34.9151648241206,8.61252361809045,0.24220039251018,"2.5th percentile"
34.9997638190955,8.61252361809045,0.238130729716083,"2.5th percentile"
35.0843628140704,8.61252361809045,0.295272277752534,"2.5th percentile"
35.1689618090452,8.61252361809045,0.263860118494889,"2.5th percentile"
35.2535608040201,8.61252361809045,0.252063310235623,"2.5th percentile"
35.338159798995,8.61252361809045,0.252969527739117,"2.5th percentile"
35.4227587939698,8.61252361809045,0.252883144281877,"2.5th percentile"
35.5073577889447,8.61252361809045,0.257285961276106,"2.5th percentile"
35.5919567839196,8.61252361809045,0.275678934115845,"2.5th percentile"
35.6765557788945,8.61252361809045,0.272100904061473,"2.5th percentile"
35.7611547738694,8.61252361809045,0.287863579746569,"2.5th percentile"
35.8457537688442,8.61252361809045,0.289658933562672,"2.5th percentile"
35.9303527638191,8.61252361809045,0.286734193454525,"2.5th percentile"
36.014951758794,8.61252361809045,0.285617642619233,"2.5th percentile"
36.0995507537688,8.61252361809045,0.261119007468233,"2.5th percentile"
36.1841497487437,8.61252361809045,0.298905361617532,"2.5th percentile"
36.2687487437186,8.61252361809045,0.295805210006316,"2.5th percentile"
36.3533477386935,8.61252361809045,0.317139317580856,"2.5th percentile"
36.4379467336683,8.61252361809045,0.321540562062401,"2.5th percentile"
36.5225457286432,8.61252361809045,0.299921004490426,"2.5th percentile"
36.6071447236181,8.61252361809045,0.348099405796545,"2.5th percentile"
36.691743718593,8.61252361809045,0.35266703622087,"2.5th percentile"
36.7763427135678,8.61252361809045,0.352769731496221,"2.5th percentile"
36.8609417085427,8.61252361809045,0.369320696244052,"2.5th percentile"
36.9455407035176,8.61252361809045,0.349373324011143,"2.5th percentile"
37.0301396984925,8.61252361809045,0.333667520395642,"2.5th percentile"
37.1147386934673,8.61252361809045,0.323357707413719,"2.5th percentile"
37.1993376884422,8.61252361809045,0.327038858213645,"2.5th percentile"
37.2839366834171,8.61252361809045,0.319576446774888,"2.5th percentile"
37.368535678392,8.61252361809045,0.362743109318816,"2.5th percentile"
37.4531346733668,8.61252361809045,0.370702197147473,"2.5th percentile"
37.5377336683417,8.61252361809045,0.390809095658122,"2.5th percentile"
37.6223326633166,8.61252361809045,0.357757448708233,"2.5th percentile"
37.7069316582915,8.61252361809045,0.344146562701868,"2.5th percentile"
37.7915306532663,8.61252361809045,0.323524030935113,"2.5th percentile"
37.8761296482412,8.61252361809045,0.342853124740869,"2.5th percentile"
37.9607286432161,8.61252361809045,0.352580301858431,"2.5th percentile"
38.045327638191,8.61252361809045,0.351819865510562,"2.5th percentile"
38.1299266331658,8.61252361809045,0.367995610842167,"2.5th percentile"
38.2145256281407,8.61252361809045,0.371640074321216,"2.5th percentile"
38.2991246231156,8.61252361809045,0.380902033703453,"2.5th percentile"
38.3837236180904,8.61252361809045,0.365261988482267,"2.5th percentile"
38.4683226130653,8.61252361809045,0.368875045008802,"2.5th percentile"
38.5529216080402,8.61252361809045,0.371895605107317,"2.5th percentile"
38.6375206030151,8.61252361809045,0.365512080236196,"2.5th percentile"
38.72211959799,8.61252361809045,0.385590571959907,"2.5th percentile"
38.8067185929648,8.61252361809045,0.374682725679537,"2.5th percentile"
38.8913175879397,8.61252361809045,0.348729733795338,"2.5th percentile"
38.9759165829146,8.61252361809045,0.350744931204162,"2.5th percentile"
39.0605155778894,8.61252361809045,0.341986631322447,"2.5th percentile"
39.1451145728643,8.61252361809045,0.32625988673583,"2.5th percentile"
39.2297135678392,8.61252361809045,0.335829466770013,"2.5th percentile"
39.3143125628141,8.61252361809045,0.34618396131449,"2.5th percentile"
39.3989115577889,8.61252361809045,0.333263619843734,"2.5th percentile"
39.4835105527638,8.61252361809045,0.333192145179326,"2.5th percentile"
39.5681095477387,8.61252361809045,0.33988075764243,"2.5th percentile"
39.6527085427136,8.61252361809045,0.340602819761972,"2.5th percentile"
39.7373075376884,8.61252361809045,0.329430277503735,"2.5th percentile"
39.8219065326633,8.61252361809045,0.35319044799679,"2.5th percentile"
39.9065055276382,8.61252361809045,0.325078255596823,"2.5th percentile"
39.9911045226131,8.61252361809045,0.328764680735951,"2.5th percentile"
40.0757035175879,8.61252361809045,0.304353046779724,"2.5th percentile"
40.1603025125628,8.61252361809045,0.294190063060607,"2.5th percentile"
40.2449015075377,8.61252361809045,0.320836892211511,"2.5th percentile"
40.3295005025126,8.61252361809045,0.304371244763406,"2.5th percentile"
40.4140994974874,8.61252361809045,0.291087471394787,"2.5th percentile"
40.4986984924623,8.61252361809045,0.29447679259918,"2.5th percentile"
40.5832974874372,8.61252361809045,0.222012123942759,"2.5th percentile"
40.6678964824121,8.61252361809045,0.167169234839012,"2.5th percentile"
40.7524954773869,8.61252361809045,0.118242325377704,"2.5th percentile"
40.8370944723618,8.61252361809045,0.0801286354566637,"2.5th percentile"
40.9216934673367,8.61252361809045,0.0546510121239455,"2.5th percentile"
41.0062924623116,8.61252361809045,0.0341191327688374,"2.5th percentile"
41.0908914572864,8.61252361809045,0.0251582605780792,"2.5th percentile"
41.1754904522613,8.61252361809045,0.0189951772609235,"2.5th percentile"
41.2600894472362,8.61252361809045,0.010568020445982,"2.5th percentile"
41.344688442211,8.61252361809045,0.00721503753228801,"2.5th percentile"
41.4292874371859,8.61252361809045,0.00507038588366007,"2.5th percentile"
41.5138864321608,8.61252361809045,0.00312760102703175,"2.5th percentile"
41.5984854271357,8.61252361809045,0.00207320801061025,"2.5th percentile"
41.6830844221106,8.61252361809045,0.00130600953978479,"2.5th percentile"
41.7676834170854,8.61252361809045,0.000821382006979265,"2.5th percentile"
41.8522824120603,8.61252361809045,0.000565868668740893,"2.5th percentile"
41.9368814070352,8.61252361809045,0.000357626112179374,"2.5th percentile"
42.02148040201,8.61252361809045,0.000235807849715361,"2.5th percentile"
42.1060793969849,8.61252361809045,0.000151700913973716,"2.5th percentile"
42.1906783919598,8.61252361809045,0.000102056945955927,"2.5th percentile"
42.2752773869347,8.61252361809045,6.64656451742817e-05,"2.5th percentile"
42.3598763819095,8.61252361809045,5.21412516063469e-05,"2.5th percentile"
42.4444753768844,8.61252361809045,3.06477491792368e-05,"2.5th percentile"
42.5290743718593,8.61252361809045,1.86188599172706e-05,"2.5th percentile"
42.6136733668342,8.61252361809045,1.21529785079033e-05,"2.5th percentile"
42.698272361809,8.61252361809045,8.28628385920875e-06,"2.5th percentile"
42.7828713567839,8.61252361809045,5.37092418254077e-06,"2.5th percentile"
42.8674703517588,8.61252361809045,3.36427037312187e-06,"2.5th percentile"
42.9520693467337,8.61252361809045,2.28310656033928e-06,"2.5th percentile"
43.0366683417085,8.61252361809045,1.52612369305108e-06,"2.5th percentile"
43.1212673366834,8.61252361809045,9.31452020152904e-07,"2.5th percentile"
43.2058663316583,8.61252361809045,6.15153836846374e-07,"2.5th percentile"
43.2904653266332,8.61252361809045,4.85276985819155e-07,"2.5th percentile"
43.375064321608,8.61252361809045,3.15738119999774e-07,"2.5th percentile"
43.4596633165829,8.61252361809045,2.78126578736783e-07,"2.5th percentile"
43.5442623115578,8.61252361809045,2.32538425111482e-07,"2.5th percentile"
43.6288613065327,8.61252361809045,1.43564027801451e-07,"2.5th percentile"
43.7134603015075,8.61252361809045,1.41535454695791e-07,"2.5th percentile"
43.7980592964824,8.61252361809045,1.11421882500795e-07,"2.5th percentile"
43.8826582914573,8.61252361809045,7.44463693063306e-08,"2.5th percentile"
43.9672572864322,8.61252361809045,7.15184295792765e-08,"2.5th percentile"
44.051856281407,8.61252361809045,5.44450031460851e-08,"2.5th percentile"
44.1364552763819,8.61252361809045,4.229001997178e-08,"2.5th percentile"
44.2210542713568,8.61252361809045,3.2059681409627e-08,"2.5th percentile"
44.3056532663317,8.61252361809045,2.12855727712086e-08,"2.5th percentile"
44.3902522613065,8.61252361809045,2.53766230664211e-08,"2.5th percentile"
44.4748512562814,8.61252361809045,2.78252655366159e-08,"2.5th percentile"
44.5594502512563,8.61252361809045,2.94939014538698e-08,"2.5th percentile"
44.6440492462312,8.61252361809045,2.70130227739964e-08,"2.5th percentile"
44.728648241206,8.61252361809045,2.62898958610518e-08,"2.5th percentile"
44.8132472361809,8.61252361809045,3.07941431582808e-08,"2.5th percentile"
44.8978462311558,8.61252361809045,2.64619047945456e-08,"2.5th percentile"
44.9824452261307,8.61252361809045,3.35463527751603e-08,"2.5th percentile"
45.0670442211055,8.61252361809045,3.64425176129006e-08,"2.5th percentile"
45.1516432160804,8.61252361809045,4.18932203753152e-08,"2.5th percentile"
45.2362422110553,8.61252361809045,4.87410718918077e-08,"2.5th percentile"
33.984575879397,8.68055025125628,0.489036865656584,"2.5th percentile"
34.0691748743719,8.68055025125628,0.51530445259102,"2.5th percentile"
34.1537738693467,8.68055025125628,0.494515392662528,"2.5th percentile"
34.2383728643216,8.68055025125628,0.43632873243529,"2.5th percentile"
34.3229718592965,8.68055025125628,0.435729511946957,"2.5th percentile"
34.4075708542714,8.68055025125628,0.407676337915146,"2.5th percentile"
34.4921698492462,8.68055025125628,0.369051486260294,"2.5th percentile"
34.5767688442211,8.68055025125628,0.356380196679346,"2.5th percentile"
34.661367839196,8.68055025125628,0.327317083363836,"2.5th percentile"
34.7459668341709,8.68055025125628,0.308191686335344,"2.5th percentile"
34.8305658291457,8.68055025125628,0.268760337825248,"2.5th percentile"
34.9151648241206,8.68055025125628,0.249242110309239,"2.5th percentile"
34.9997638190955,8.68055025125628,0.229454469613456,"2.5th percentile"
35.0843628140704,8.68055025125628,0.27669487522872,"2.5th percentile"
35.1689618090452,8.68055025125628,0.249956557003358,"2.5th percentile"
35.2535608040201,8.68055025125628,0.252257542881319,"2.5th percentile"
35.338159798995,8.68055025125628,0.262836415232142,"2.5th percentile"
35.4227587939698,8.68055025125628,0.265303471248181,"2.5th percentile"
35.5073577889447,8.68055025125628,0.285813711102683,"2.5th percentile"
35.5919567839196,8.68055025125628,0.295362481526629,"2.5th percentile"
35.6765557788945,8.68055025125628,0.298093048441111,"2.5th percentile"
35.7611547738694,8.68055025125628,0.309500168515114,"2.5th percentile"
35.8457537688442,8.68055025125628,0.321080413187075,"2.5th percentile"
35.9303527638191,8.68055025125628,0.296251145497171,"2.5th percentile"
36.014951758794,8.68055025125628,0.28357537924357,"2.5th percentile"
36.0995507537688,8.68055025125628,0.310589320466463,"2.5th percentile"
36.1841497487437,8.68055025125628,0.311672886301197,"2.5th percentile"
36.2687487437186,8.68055025125628,0.283394139822038,"2.5th percentile"
36.3533477386935,8.68055025125628,0.315945498128493,"2.5th percentile"
36.4379467336683,8.68055025125628,0.312173955282876,"2.5th percentile"
36.5225457286432,8.68055025125628,0.27586248777202,"2.5th percentile"
36.6071447236181,8.68055025125628,0.279717785932495,"2.5th percentile"
36.691743718593,8.68055025125628,0.302980199548728,"2.5th percentile"
36.7763427135678,8.68055025125628,0.307062858082843,"2.5th percentile"
36.8609417085427,8.68055025125628,0.346840713038908,"2.5th percentile"
36.9455407035176,8.68055025125628,0.323390526651691,"2.5th percentile"
37.0301396984925,8.68055025125628,0.313903643050786,"2.5th percentile"
37.1147386934673,8.68055025125628,0.315191795938187,"2.5th percentile"
37.1993376884422,8.68055025125628,0.310477298218043,"2.5th percentile"
37.2839366834171,8.68055025125628,0.28595872647509,"2.5th percentile"
37.368535678392,8.68055025125628,0.343269711897146,"2.5th percentile"
37.4531346733668,8.68055025125628,0.377428484471385,"2.5th percentile"
37.5377336683417,8.68055025125628,0.374314895515946,"2.5th percentile"
37.6223326633166,8.68055025125628,0.354527033836012,"2.5th percentile"
37.7069316582915,8.68055025125628,0.360576169319102,"2.5th percentile"
37.7915306532663,8.68055025125628,0.34074820515034,"2.5th percentile"
37.8761296482412,8.68055025125628,0.345138001177344,"2.5th percentile"
37.9607286432161,8.68055025125628,0.355889942007864,"2.5th percentile"
38.045327638191,8.68055025125628,0.367246257351237,"2.5th percentile"
38.1299266331658,8.68055025125628,0.362149997230451,"2.5th percentile"
38.2145256281407,8.68055025125628,0.368322018197722,"2.5th percentile"
38.2991246231156,8.68055025125628,0.384329884569323,"2.5th percentile"
38.3837236180904,8.68055025125628,0.380480960211966,"2.5th percentile"
38.4683226130653,8.68055025125628,0.38093638771022,"2.5th percentile"
38.5529216080402,8.68055025125628,0.382716064192387,"2.5th percentile"
38.6375206030151,8.68055025125628,0.367089026922292,"2.5th percentile"
38.72211959799,8.68055025125628,0.374930101084149,"2.5th percentile"
38.8067185929648,8.68055025125628,0.37499223215444,"2.5th percentile"
38.8913175879397,8.68055025125628,0.361230038618999,"2.5th percentile"
38.9759165829146,8.68055025125628,0.340844164711069,"2.5th percentile"
39.0605155778894,8.68055025125628,0.329171954367832,"2.5th percentile"
39.1451145728643,8.68055025125628,0.352922922079583,"2.5th percentile"
39.2297135678392,8.68055025125628,0.337501575574362,"2.5th percentile"
39.3143125628141,8.68055025125628,0.35364634173664,"2.5th percentile"
39.3989115577889,8.68055025125628,0.345365683309321,"2.5th percentile"
39.4835105527638,8.68055025125628,0.349678567869918,"2.5th percentile"
39.5681095477387,8.68055025125628,0.343268624172526,"2.5th percentile"
39.6527085427136,8.68055025125628,0.342789926483786,"2.5th percentile"
39.7373075376884,8.68055025125628,0.337312497971811,"2.5th percentile"
39.8219065326633,8.68055025125628,0.336989740643854,"2.5th percentile"
39.9065055276382,8.68055025125628,0.332709509557492,"2.5th percentile"
39.9911045226131,8.68055025125628,0.328720813699612,"2.5th percentile"
40.0757035175879,8.68055025125628,0.327985025047901,"2.5th percentile"
40.1603025125628,8.68055025125628,0.326416290114392,"2.5th percentile"
40.2449015075377,8.68055025125628,0.314111530469425,"2.5th percentile"
40.3295005025126,8.68055025125628,0.31732294782377,"2.5th percentile"
40.4140994974874,8.68055025125628,0.289175844610227,"2.5th percentile"
40.4986984924623,8.68055025125628,0.275717301132522,"2.5th percentile"
40.5832974874372,8.68055025125628,0.213099135217098,"2.5th percentile"
40.6678964824121,8.68055025125628,0.163435561744431,"2.5th percentile"
40.7524954773869,8.68055025125628,0.112772904762308,"2.5th percentile"
40.8370944723618,8.68055025125628,0.0753246696121632,"2.5th percentile"
40.9216934673367,8.68055025125628,0.0506843640417661,"2.5th percentile"
41.0062924623116,8.68055025125628,0.0340156024568367,"2.5th percentile"
41.0908914572864,8.68055025125628,0.0233858927187011,"2.5th percentile"
41.1754904522613,8.68055025125628,0.0161009391177198,"2.5th percentile"
41.2600894472362,8.68055025125628,0.0104372279162449,"2.5th percentile"
41.344688442211,8.68055025125628,0.0069699146232686,"2.5th percentile"
41.4292874371859,8.68055025125628,0.00551074143070938,"2.5th percentile"
41.5138864321608,8.68055025125628,0.00343831137914147,"2.5th percentile"
41.5984854271357,8.68055025125628,0.00234578208120509,"2.5th percentile"
41.6830844221106,8.68055025125628,0.00133787113650121,"2.5th percentile"
41.7676834170854,8.68055025125628,0.000802194166411092,"2.5th percentile"
41.8522824120603,8.68055025125628,0.000564492328603062,"2.5th percentile"
41.9368814070352,8.68055025125628,0.000355353769380651,"2.5th percentile"
42.02148040201,8.68055025125628,0.000232882664881,"2.5th percentile"
42.1060793969849,8.68055025125628,0.000156108863863013,"2.5th percentile"
42.1906783919598,8.68055025125628,9.8815208309322e-05,"2.5th percentile"
42.2752773869347,8.68055025125628,6.62510965815027e-05,"2.5th percentile"
42.3598763819095,8.68055025125628,4.5905310234917e-05,"2.5th percentile"
42.4444753768844,8.68055025125628,3.32345653074238e-05,"2.5th percentile"
42.5290743718593,8.68055025125628,1.84038460701084e-05,"2.5th percentile"
42.6136733668342,8.68055025125628,1.24508293754646e-05,"2.5th percentile"
42.698272361809,8.68055025125628,8.04132037116645e-06,"2.5th percentile"
42.7828713567839,8.68055025125628,5.29125956043621e-06,"2.5th percentile"
42.8674703517588,8.68055025125628,3.38979282651349e-06,"2.5th percentile"
42.9520693467337,8.68055025125628,2.45278174609905e-06,"2.5th percentile"
43.0366683417085,8.68055025125628,1.47686254125507e-06,"2.5th percentile"
43.1212673366834,8.68055025125628,9.18582823868275e-07,"2.5th percentile"
43.2058663316583,8.68055025125628,6.53710139812204e-07,"2.5th percentile"
43.2904653266332,8.68055025125628,4.90303427598886e-07,"2.5th percentile"
43.375064321608,8.68055025125628,3.41838525825867e-07,"2.5th percentile"
43.4596633165829,8.68055025125628,2.2195207480748e-07,"2.5th percentile"
43.5442623115578,8.68055025125628,1.41957656325014e-07,"2.5th percentile"
43.6288613065327,8.68055025125628,1.31891096557878e-07,"2.5th percentile"
43.7134603015075,8.68055025125628,1.04905260601325e-07,"2.5th percentile"
43.7980592964824,8.68055025125628,7.08947398980575e-08,"2.5th percentile"
43.8826582914573,8.68055025125628,7.29317743832519e-08,"2.5th percentile"
43.9672572864322,8.68055025125628,5.35401333102064e-08,"2.5th percentile"
44.051856281407,8.68055025125628,4.54515742473031e-08,"2.5th percentile"
44.1364552763819,8.68055025125628,3.47893199027649e-08,"2.5th percentile"
44.2210542713568,8.68055025125628,2.73771960457976e-08,"2.5th percentile"
44.3056532663317,8.68055025125628,2.09061924749327e-08,"2.5th percentile"
44.3902522613065,8.68055025125628,2.31399646653824e-08,"2.5th percentile"
44.4748512562814,8.68055025125628,2.37444908441264e-08,"2.5th percentile"
44.5594502512563,8.68055025125628,2.13603857469248e-08,"2.5th percentile"
44.6440492462312,8.68055025125628,2.51897784912636e-08,"2.5th percentile"
44.728648241206,8.68055025125628,2.60039360649359e-08,"2.5th percentile"
44.8132472361809,8.68055025125628,2.80924751958485e-08,"2.5th percentile"
44.8978462311558,8.68055025125628,2.99543064281236e-08,"2.5th percentile"
44.9824452261307,8.68055025125628,3.00422576455734e-08,"2.5th percentile"
33.984575879397,8.74857688442211,0.543451465571666,"2.5th percentile"
34.0691748743719,8.74857688442211,0.524595094858872,"2.5th percentile"
34.1537738693467,8.74857688442211,0.471558172739089,"2.5th percentile"
34.2383728643216,8.74857688442211,0.446194046412511,"2.5th percentile"
34.3229718592965,8.74857688442211,0.431395601985757,"2.5th percentile"
34.4075708542714,8.74857688442211,0.409453340321316,"2.5th percentile"
34.4921698492462,8.74857688442211,0.382777842063639,"2.5th percentile"
34.5767688442211,8.74857688442211,0.359242616799959,"2.5th percentile"
34.661367839196,8.74857688442211,0.332195082419107,"2.5th percentile"
34.7459668341709,8.74857688442211,0.294179067300808,"2.5th percentile"
34.8305658291457,8.74857688442211,0.290181141278592,"2.5th percentile"
34.9151648241206,8.74857688442211,0.26738436567999,"2.5th percentile"
34.9997638190955,8.74857688442211,0.254434262489104,"2.5th percentile"
35.0843628140704,8.74857688442211,0.253135288960645,"2.5th percentile"
35.1689618090452,8.74857688442211,0.263892405344372,"2.5th percentile"
35.2535608040201,8.74857688442211,0.267186877627317,"2.5th percentile"
35.338159798995,8.74857688442211,0.274415969522252,"2.5th percentile"
35.4227587939698,8.74857688442211,0.277063088858929,"2.5th percentile"
35.5073577889447,8.74857688442211,0.280482476100463,"2.5th percentile"
35.5919567839196,8.74857688442211,0.28826423989496,"2.5th percentile"
35.6765557788945,8.74857688442211,0.29266647199115,"2.5th percentile"
35.7611547738694,8.74857688442211,0.306576479426235,"2.5th percentile"
35.8457537688442,8.74857688442211,0.298456638615462,"2.5th percentile"
35.9303527638191,8.74857688442211,0.283798358379005,"2.5th percentile"
36.014951758794,8.74857688442211,0.301778818942302,"2.5th percentile"
36.0995507537688,8.74857688442211,0.30125297383417,"2.5th percentile"
36.1841497487437,8.74857688442211,0.31329020676714,"2.5th percentile"
36.2687487437186,8.74857688442211,0.297517448500638,"2.5th percentile"
36.3533477386935,8.74857688442211,0.324495997742248,"2.5th percentile"
36.4379467336683,8.74857688442211,0.311046711507587,"2.5th percentile"
36.5225457286432,8.74857688442211,0.280555278486335,"2.5th percentile"
36.6071447236181,8.74857688442211,0.279643645992153,"2.5th percentile"
36.691743718593,8.74857688442211,0.318670833097085,"2.5th percentile"
36.7763427135678,8.74857688442211,0.314938847866825,"2.5th percentile"
36.8609417085427,8.74857688442211,0.326796103564916,"2.5th percentile"
36.9455407035176,8.74857688442211,0.323818992653399,"2.5th percentile"
37.0301396984925,8.74857688442211,0.311321116640589,"2.5th percentile"
37.1147386934673,8.74857688442211,0.31423190667982,"2.5th percentile"
37.1993376884422,8.74857688442211,0.298239201105031,"2.5th percentile"
37.2839366834171,8.74857688442211,0.28853291225992,"2.5th percentile"
37.368535678392,8.74857688442211,0.343932612778241,"2.5th percentile"
37.4531346733668,8.74857688442211,0.381163339437395,"2.5th percentile"
37.5377336683417,8.74857688442211,0.397790159630454,"2.5th percentile"
37.6223326633166,8.74857688442211,0.361180549589296,"2.5th percentile"
37.7069316582915,8.74857688442211,0.391721214688968,"2.5th percentile"
37.7915306532663,8.74857688442211,0.366859163695108,"2.5th percentile"
37.8761296482412,8.74857688442211,0.35775635433698,"2.5th percentile"
37.9607286432161,8.74857688442211,0.371204904635252,"2.5th percentile"
38.045327638191,8.74857688442211,0.373315815606949,"2.5th percentile"
38.1299266331658,8.74857688442211,0.354978947137391,"2.5th percentile"
38.2145256281407,8.74857688442211,0.365725067676499,"2.5th percentile"
38.2991246231156,8.74857688442211,0.387873739473293,"2.5th percentile"
38.3837236180904,8.74857688442211,0.384037182089991,"2.5th percentile"
38.4683226130653,8.74857688442211,0.389417703041023,"2.5th percentile"
38.5529216080402,8.74857688442211,0.388850153689292,"2.5th percentile"
38.6375206030151,8.74857688442211,0.380401559664703,"2.5th percentile"
38.72211959799,8.74857688442211,0.389674443908182,"2.5th percentile"
38.8067185929648,8.74857688442211,0.392146559415755,"2.5th percentile"
38.8913175879397,8.74857688442211,0.365268426181789,"2.5th percentile"
38.9759165829146,8.74857688442211,0.392022451306146,"2.5th percentile"
39.0605155778894,8.74857688442211,0.337427672098321,"2.5th percentile"
39.1451145728643,8.74857688442211,0.350568533403334,"2.5th percentile"
39.2297135678392,8.74857688442211,0.345483467430033,"2.5th percentile"
39.3143125628141,8.74857688442211,0.35878974924817,"2.5th percentile"
39.3989115577889,8.74857688442211,0.366758494371364,"2.5th percentile"
39.4835105527638,8.74857688442211,0.355760210360475,"2.5th percentile"
39.5681095477387,8.74857688442211,0.358605090228396,"2.5th percentile"
39.6527085427136,8.74857688442211,0.35021462562189,"2.5th percentile"
39.7373075376884,8.74857688442211,0.360511327118718,"2.5th percentile"
39.8219065326633,8.74857688442211,0.37397785290307,"2.5th percentile"
39.9065055276382,8.74857688442211,0.347989180528099,"2.5th percentile"
39.9911045226131,8.74857688442211,0.366838674489457,"2.5th percentile"
40.0757035175879,8.74857688442211,0.340689635502549,"2.5th percentile"
40.1603025125628,8.74857688442211,0.340448147778318,"2.5th percentile"
40.2449015075377,8.74857688442211,0.328023078049117,"2.5th percentile"
40.3295005025126,8.74857688442211,0.313180632441251,"2.5th percentile"
40.4140994974874,8.74857688442211,0.308938480185345,"2.5th percentile"
40.4986984924623,8.74857688442211,0.278595361623519,"2.5th percentile"
40.5832974874372,8.74857688442211,0.211844167206609,"2.5th percentile"
40.6678964824121,8.74857688442211,0.163393586782486,"2.5th percentile"
40.7524954773869,8.74857688442211,0.112020805680945,"2.5th percentile"
40.8370944723618,8.74857688442211,0.0751045070451007,"2.5th percentile"
40.9216934673367,8.74857688442211,0.050373725368632,"2.5th percentile"
41.0062924623116,8.74857688442211,0.0343250819058573,"2.5th percentile"
41.0908914572864,8.74857688442211,0.0231661113478841,"2.5th percentile"
41.1754904522613,8.74857688442211,0.0162391219498732,"2.5th percentile"
41.2600894472362,8.74857688442211,0.010632225285408,"2.5th percentile"
41.344688442211,8.74857688442211,0.00740595220519847,"2.5th percentile"
41.4292874371859,8.74857688442211,0.00480674355665018,"2.5th percentile"
41.5138864321608,8.74857688442211,0.00315883080904232,"2.5th percentile"
41.5984854271357,8.74857688442211,0.00207908891612471,"2.5th percentile"
41.6830844221106,8.74857688442211,0.0012960965431796,"2.5th percentile"
41.7676834170854,8.74857688442211,0.000802025528305628,"2.5th percentile"
41.8522824120603,8.74857688442211,0.000536996495498562,"2.5th percentile"
41.9368814070352,8.74857688442211,0.00035579270375182,"2.5th percentile"
42.02148040201,8.74857688442211,0.000230524852902386,"2.5th percentile"
42.1060793969849,8.74857688442211,0.000178898634761995,"2.5th percentile"
42.1906783919598,8.74857688442211,0.000106598421304731,"2.5th percentile"
42.2752773869347,8.74857688442211,6.6284731703806e-05,"2.5th percentile"
42.3598763819095,8.74857688442211,4.37994078709904e-05,"2.5th percentile"
42.4444753768844,8.74857688442211,3.39856179107722e-05,"2.5th percentile"
42.5290743718593,8.74857688442211,1.84609673310026e-05,"2.5th percentile"
42.6136733668342,8.74857688442211,1.20234633820002e-05,"2.5th percentile"
42.698272361809,8.74857688442211,8.50418393008948e-06,"2.5th percentile"
42.7828713567839,8.74857688442211,5.20717287669505e-06,"2.5th percentile"
42.8674703517588,8.74857688442211,3.45647881995114e-06,"2.5th percentile"
42.9520693467337,8.74857688442211,2.51690667912792e-06,"2.5th percentile"
43.0366683417085,8.74857688442211,1.51943588841926e-06,"2.5th percentile"
43.1212673366834,8.74857688442211,1.19258034608468e-06,"2.5th percentile"
43.2058663316583,8.74857688442211,6.95287284135763e-07,"2.5th percentile"
43.2904653266332,8.74857688442211,5.11921323025359e-07,"2.5th percentile"
43.375064321608,8.74857688442211,3.51766488941059e-07,"2.5th percentile"
43.4596633165829,8.74857688442211,2.15401335164609e-07,"2.5th percentile"
43.5442623115578,8.74857688442211,1.56740810516822e-07,"2.5th percentile"
43.6288613065327,8.74857688442211,1.27753334941831e-07,"2.5th percentile"
43.7134603015075,8.74857688442211,1.00225939480348e-07,"2.5th percentile"
43.7980592964824,8.74857688442211,7.14283410668708e-08,"2.5th percentile"
43.8826582914573,8.74857688442211,4.94297659330252e-08,"2.5th percentile"
43.9672572864322,8.74857688442211,4.65447508437801e-08,"2.5th percentile"
44.051856281407,8.74857688442211,3.39906931120947e-08,"2.5th percentile"
44.1364552763819,8.74857688442211,2.82458377562875e-08,"2.5th percentile"
44.2210542713568,8.74857688442211,2.23092591958975e-08,"2.5th percentile"
44.3056532663317,8.74857688442211,1.88599658579425e-08,"2.5th percentile"
44.3902522613065,8.74857688442211,1.90360681838612e-08,"2.5th percentile"
44.4748512562814,8.74857688442211,1.93763266590344e-08,"2.5th percentile"
44.5594502512563,8.74857688442211,2.06857371694859e-08,"2.5th percentile"
44.6440492462312,8.74857688442211,2.25916907130249e-08,"2.5th percentile"
44.728648241206,8.74857688442211,2.16537645240572e-08,"2.5th percentile"
44.8132472361809,8.74857688442211,2.46831954120358e-08,"2.5th percentile"
33.984575879397,8.81660351758794,0.527624944501109,"2.5th percentile"
34.0691748743719,8.81660351758794,0.536029781903719,"2.5th percentile"
34.1537738693467,8.81660351758794,0.481748244397978,"2.5th percentile"
34.2383728643216,8.81660351758794,0.462814004257744,"2.5th percentile"
34.3229718592965,8.81660351758794,0.44628112141673,"2.5th percentile"
34.4075708542714,8.81660351758794,0.404154930631983,"2.5th percentile"
34.4921698492462,8.81660351758794,0.397944090027786,"2.5th percentile"
34.5767688442211,8.81660351758794,0.371154818459574,"2.5th percentile"
34.661367839196,8.81660351758794,0.343760888749843,"2.5th percentile"
34.7459668341709,8.81660351758794,0.317090027516142,"2.5th percentile"
34.8305658291457,8.81660351758794,0.30046681843217,"2.5th percentile"
34.9151648241206,8.81660351758794,0.271468439831178,"2.5th percentile"
34.9997638190955,8.81660351758794,0.251036376046337,"2.5th percentile"
35.0843628140704,8.81660351758794,0.249127865673277,"2.5th percentile"
35.1689618090452,8.81660351758794,0.251125499687809,"2.5th percentile"
35.2535608040201,8.81660351758794,0.213824177279919,"2.5th percentile"
35.338159798995,8.81660351758794,0.208045846018396,"2.5th percentile"
35.4227587939698,8.81660351758794,0.308340769848236,"2.5th percentile"
35.5073577889447,8.81660351758794,0.284704042724594,"2.5th percentile"
35.5919567839196,8.81660351758794,0.283355360052309,"2.5th percentile"
35.6765557788945,8.81660351758794,0.307138022221916,"2.5th percentile"
35.7611547738694,8.81660351758794,0.297954220816568,"2.5th percentile"
35.8457537688442,8.81660351758794,0.31179531441993,"2.5th percentile"
35.9303527638191,8.81660351758794,0.291358102209129,"2.5th percentile"
36.014951758794,8.81660351758794,0.306595040401911,"2.5th percentile"
36.0995507537688,8.81660351758794,0.3047834421446,"2.5th percentile"
36.1841497487437,8.81660351758794,0.294265325287391,"2.5th percentile"
36.2687487437186,8.81660351758794,0.307254795836224,"2.5th percentile"
36.3533477386935,8.81660351758794,0.326583291291565,"2.5th percentile"
36.4379467336683,8.81660351758794,0.298802410750907,"2.5th percentile"
36.5225457286432,8.81660351758794,0.270974283337192,"2.5th percentile"
36.6071447236181,8.81660351758794,0.275215528284267,"2.5th percentile"
36.691743718593,8.81660351758794,0.302141581522177,"2.5th percentile"
36.7763427135678,8.81660351758794,0.307583688737554,"2.5th percentile"
36.8609417085427,8.81660351758794,0.311332111953179,"2.5th percentile"
36.9455407035176,8.81660351758794,0.309444812975228,"2.5th percentile"
37.0301396984925,8.81660351758794,0.294007597292525,"2.5th percentile"
37.1147386934673,8.81660351758794,0.331796745051186,"2.5th percentile"
37.1993376884422,8.81660351758794,0.318661324355461,"2.5th percentile"
37.2839366834171,8.81660351758794,0.272991470540554,"2.5th percentile"
37.368535678392,8.81660351758794,0.310178206811749,"2.5th percentile"
37.4531346733668,8.81660351758794,0.395093197403434,"2.5th percentile"
37.5377336683417,8.81660351758794,0.372886422089901,"2.5th percentile"
37.6223326633166,8.81660351758794,0.347217410680234,"2.5th percentile"
37.7069316582915,8.81660351758794,0.348994140117755,"2.5th percentile"
37.7915306532663,8.81660351758794,0.337739081582686,"2.5th percentile"
37.8761296482412,8.81660351758794,0.408984595523161,"2.5th percentile"
37.9607286432161,8.81660351758794,0.356387817793388,"2.5th percentile"
38.045327638191,8.81660351758794,0.379961590645038,"2.5th percentile"
38.1299266331658,8.81660351758794,0.352989137696735,"2.5th percentile"
38.2145256281407,8.81660351758794,0.363481052699632,"2.5th percentile"
38.2991246231156,8.81660351758794,0.383338819551327,"2.5th percentile"
38.3837236180904,8.81660351758794,0.392142481604808,"2.5th percentile"
38.4683226130653,8.81660351758794,0.425714557924347,"2.5th percentile"
38.5529216080402,8.81660351758794,0.390799274558192,"2.5th percentile"
38.6375206030151,8.81660351758794,0.382567438775304,"2.5th percentile"
38.72211959799,8.81660351758794,0.386657115301205,"2.5th percentile"
38.8067185929648,8.81660351758794,0.381848607337453,"2.5th percentile"
38.8913175879397,8.81660351758794,0.36798393385277,"2.5th percentile"
38.9759165829146,8.81660351758794,0.343548085462672,"2.5th percentile"
39.0605155778894,8.81660351758794,0.349877071134892,"2.5th percentile"
39.1451145728643,8.81660351758794,0.358636336129312,"2.5th percentile"
39.2297135678392,8.81660351758794,0.355752622198766,"2.5th percentile"
39.3143125628141,8.81660351758794,0.356251628581385,"2.5th percentile"
39.3989115577889,8.81660351758794,0.358931529955858,"2.5th percentile"
39.4835105527638,8.81660351758794,0.403264995795877,"2.5th percentile"
39.5681095477387,8.81660351758794,0.402424218891927,"2.5th percentile"
39.6527085427136,8.81660351758794,0.42459232126461,"2.5th percentile"
39.7373075376884,8.81660351758794,0.399669095939266,"2.5th percentile"
39.8219065326633,8.81660351758794,0.33714390404936,"2.5th percentile"
39.9065055276382,8.81660351758794,0.31704180507504,"2.5th percentile"
39.9911045226131,8.81660351758794,0.334608709452893,"2.5th percentile"
40.0757035175879,8.81660351758794,0.347322490209575,"2.5th percentile"
40.1603025125628,8.81660351758794,0.357620080759422,"2.5th percentile"
40.2449015075377,8.81660351758794,0.337329657158326,"2.5th percentile"
40.3295005025126,8.81660351758794,0.324946865727227,"2.5th percentile"
40.4140994974874,8.81660351758794,0.303652726430109,"2.5th percentile"
40.4986984924623,8.81660351758794,0.27260677030373,"2.5th percentile"
40.5832974874372,8.81660351758794,0.194110352614944,"2.5th percentile"
40.6678964824121,8.81660351758794,0.153753290584441,"2.5th percentile"
40.7524954773869,8.81660351758794,0.103013638482557,"2.5th percentile"
40.8370944723618,8.81660351758794,0.0717394820769451,"2.5th percentile"
40.9216934673367,8.81660351758794,0.047099314594538,"2.5th percentile"
41.0062924623116,8.81660351758794,0.0313419338838119,"2.5th percentile"
41.0908914572864,8.81660351758794,0.0234083366843964,"2.5th percentile"
41.1754904522613,8.81660351758794,0.0161435737762109,"2.5th percentile"
41.2600894472362,8.81660351758794,0.0102739265027305,"2.5th percentile"
41.344688442211,8.81660351758794,0.0073684006985928,"2.5th percentile"
41.4292874371859,8.81660351758794,0.00499906741530473,"2.5th percentile"
41.5138864321608,8.81660351758794,0.00292149491405819,"2.5th percentile"
41.5984854271357,8.81660351758794,0.0019574627242417,"2.5th percentile"
41.6830844221106,8.81660351758794,0.00126786896586503,"2.5th percentile"
41.7676834170854,8.81660351758794,0.000786005753854368,"2.5th percentile"
41.8522824120603,8.81660351758794,0.000508260888934294,"2.5th percentile"
41.9368814070352,8.81660351758794,0.000350511196288163,"2.5th percentile"
42.02148040201,8.81660351758794,0.000235066575579247,"2.5th percentile"
42.1060793969849,8.81660351758794,0.000174794921451579,"2.5th percentile"
42.1906783919598,8.81660351758794,0.000105502377587788,"2.5th percentile"
42.2752773869347,8.81660351758794,6.64617618279874e-05,"2.5th percentile"
42.3598763819095,8.81660351758794,4.29357049927522e-05,"2.5th percentile"
42.4444753768844,8.81660351758794,3.79027414681785e-05,"2.5th percentile"
42.5290743718593,8.81660351758794,1.84558554999112e-05,"2.5th percentile"
42.6136733668342,8.81660351758794,1.20336341834799e-05,"2.5th percentile"
42.698272361809,8.81660351758794,8.81621410686497e-06,"2.5th percentile"
42.7828713567839,8.81660351758794,5.34656099354925e-06,"2.5th percentile"
42.8674703517588,8.81660351758794,3.7405372227523e-06,"2.5th percentile"
42.9520693467337,8.81660351758794,2.1861070995879e-06,"2.5th percentile"
43.0366683417085,8.81660351758794,1.40038632175475e-06,"2.5th percentile"
43.1212673366834,8.81660351758794,9.93129058119401e-07,"2.5th percentile"
43.2058663316583,8.81660351758794,7.82107773734188e-07,"2.5th percentile"
43.2904653266332,8.81660351758794,5.26474281836972e-07,"2.5th percentile"
43.375064321608,8.81660351758794,3.59635300026081e-07,"2.5th percentile"
43.4596633165829,8.81660351758794,1.91969613650184e-07,"2.5th percentile"
43.5442623115578,8.81660351758794,1.26416562680365e-07,"2.5th percentile"
43.6288613065327,8.81660351758794,9.31227345814858e-08,"2.5th percentile"
43.7134603015075,8.81660351758794,8.06718682969614e-08,"2.5th percentile"
43.7980592964824,8.81660351758794,6.06678271097829e-08,"2.5th percentile"
43.8826582914573,8.81660351758794,4.81184410584736e-08,"2.5th percentile"
43.9672572864322,8.81660351758794,3.36744874010184e-08,"2.5th percentile"
44.051856281407,8.81660351758794,2.93248744357126e-08,"2.5th percentile"
44.1364552763819,8.81660351758794,2.41249242835872e-08,"2.5th percentile"
44.2210542713568,8.81660351758794,1.8255312691585e-08,"2.5th percentile"
44.3056532663317,8.81660351758794,1.60193596631075e-08,"2.5th percentile"
44.3902522613065,8.81660351758794,1.63447935674988e-08,"2.5th percentile"
44.4748512562814,8.81660351758794,1.60298447255215e-08,"2.5th percentile"
44.5594502512563,8.81660351758794,1.70102038316915e-08,"2.5th percentile"
44.6440492462312,8.81660351758794,1.70971257921607e-08,"2.5th percentile"
33.984575879397,8.88463015075377,0.54685229100967,"2.5th percentile"
34.0691748743719,8.88463015075377,0.491877231202029,"2.5th percentile"
34.1537738693467,8.88463015075377,0.474721539378121,"2.5th percentile"
34.2383728643216,8.88463015075377,0.495405989671477,"2.5th percentile"
34.3229718592965,8.88463015075377,0.431745837119038,"2.5th percentile"
34.4075708542714,8.88463015075377,0.420728824181923,"2.5th percentile"
34.4921698492462,8.88463015075377,0.396844382358402,"2.5th percentile"
34.5767688442211,8.88463015075377,0.418863934170348,"2.5th percentile"
34.661367839196,8.88463015075377,0.352106536451759,"2.5th percentile"
34.7459668341709,8.88463015075377,0.322320844088538,"2.5th percentile"
34.8305658291457,8.88463015075377,0.306117073272131,"2.5th percentile"
34.9151648241206,8.88463015075377,0.300766331183136,"2.5th percentile"
34.9997638190955,8.88463015075377,0.26286409863231,"2.5th percentile"
35.0843628140704,8.88463015075377,0.252589641579793,"2.5th percentile"
35.1689618090452,8.88463015075377,0.232655954640877,"2.5th percentile"
35.2535608040201,8.88463015075377,0.193438761484182,"2.5th percentile"
35.338159798995,8.88463015075377,0.178413779314348,"2.5th percentile"
35.4227587939698,8.88463015075377,0.270990127528038,"2.5th percentile"
35.5073577889447,8.88463015075377,0.292865889705016,"2.5th percentile"
35.5919567839196,8.88463015075377,0.294733674074165,"2.5th percentile"
35.6765557788945,8.88463015075377,0.290651930642887,"2.5th percentile"
35.7611547738694,8.88463015075377,0.283207117052262,"2.5th percentile"
35.8457537688442,8.88463015075377,0.301327177955911,"2.5th percentile"
35.9303527638191,8.88463015075377,0.32190429181475,"2.5th percentile"
36.014951758794,8.88463015075377,0.304051907256655,"2.5th percentile"
36.0995507537688,8.88463015075377,0.2942036293823,"2.5th percentile"
36.1841497487437,8.88463015075377,0.283982273580742,"2.5th percentile"
36.2687487437186,8.88463015075377,0.321011576231149,"2.5th percentile"
36.3533477386935,8.88463015075377,0.29652652112496,"2.5th percentile"
36.4379467336683,8.88463015075377,0.293501268406064,"2.5th percentile"
36.5225457286432,8.88463015075377,0.284854892849553,"2.5th percentile"
36.6071447236181,8.88463015075377,0.301944972607855,"2.5th percentile"
36.691743718593,8.88463015075377,0.30530122516844,"2.5th percentile"
36.7763427135678,8.88463015075377,0.312603252539553,"2.5th percentile"
36.8609417085427,8.88463015075377,0.295519046926716,"2.5th percentile"
36.9455407035176,8.88463015075377,0.276282561876438,"2.5th percentile"
37.0301396984925,8.88463015075377,0.304063210518464,"2.5th percentile"
37.1147386934673,8.88463015075377,0.314907326885684,"2.5th percentile"
37.1993376884422,8.88463015075377,0.33368098625865,"2.5th percentile"
37.2839366834171,8.88463015075377,0.314522901047322,"2.5th percentile"
37.368535678392,8.88463015075377,0.295575038321634,"2.5th percentile"
37.4531346733668,8.88463015075377,0.333859579552514,"2.5th percentile"
37.5377336683417,8.88463015075377,0.332758573684871,"2.5th percentile"
37.6223326633166,8.88463015075377,0.338338062379458,"2.5th percentile"
37.7069316582915,8.88463015075377,0.338485107637321,"2.5th percentile"
37.7915306532663,8.88463015075377,0.315872111448001,"2.5th percentile"
37.8761296482412,8.88463015075377,0.320846027661399,"2.5th percentile"
37.9607286432161,8.88463015075377,0.341685702015923,"2.5th percentile"
38.045327638191,8.88463015075377,0.359215669086985,"2.5th percentile"
38.1299266331658,8.88463015075377,0.364553930701155,"2.5th percentile"
38.2145256281407,8.88463015075377,0.372977140049396,"2.5th percentile"
38.2991246231156,8.88463015075377,0.394247934632112,"2.5th percentile"
38.3837236180904,8.88463015075377,0.389266355313892,"2.5th percentile"
38.4683226130653,8.88463015075377,0.407693524488281,"2.5th percentile"
38.5529216080402,8.88463015075377,0.381795021593195,"2.5th percentile"
38.6375206030151,8.88463015075377,0.374632136480901,"2.5th percentile"
38.72211959799,8.88463015075377,0.381260554970194,"2.5th percentile"
38.8067185929648,8.88463015075377,0.360836459545391,"2.5th percentile"
38.8913175879397,8.88463015075377,0.375680825142117,"2.5th percentile"
38.9759165829146,8.88463015075377,0.387240620653575,"2.5th percentile"
39.0605155778894,8.88463015075377,0.371024705650239,"2.5th percentile"
39.1451145728643,8.88463015075377,0.365203261840036,"2.5th percentile"
39.2297135678392,8.88463015075377,0.368835137438323,"2.5th percentile"
39.3143125628141,8.88463015075377,0.372753967683287,"2.5th percentile"
39.3989115577889,8.88463015075377,0.36232786339192,"2.5th percentile"
39.4835105527638,8.88463015075377,0.386440691554936,"2.5th percentile"
39.5681095477387,8.88463015075377,0.416776742346333,"2.5th percentile"
39.6527085427136,8.88463015075377,0.431878022674004,"2.5th percentile"
39.7373075376884,8.88463015075377,0.385177519606336,"2.5th percentile"
39.8219065326633,8.88463015075377,0.352343612626531,"2.5th percentile"
39.9065055276382,8.88463015075377,0.499598326340506,"2.5th percentile"
39.9911045226131,8.88463015075377,0.401174978497882,"2.5th percentile"
40.0757035175879,8.88463015075377,0.451075812389962,"2.5th percentile"
40.1603025125628,8.88463015075377,0.381658322024621,"2.5th percentile"
40.2449015075377,8.88463015075377,0.366961595646762,"2.5th percentile"
40.3295005025126,8.88463015075377,0.342493974661373,"2.5th percentile"
40.4140994974874,8.88463015075377,0.314933308484251,"2.5th percentile"
40.4986984924623,8.88463015075377,0.262084366327648,"2.5th percentile"
40.5832974874372,8.88463015075377,0.198517943680752,"2.5th percentile"
40.6678964824121,8.88463015075377,0.139895881152546,"2.5th percentile"
40.7524954773869,8.88463015075377,0.100033883465269,"2.5th percentile"
40.8370944723618,8.88463015075377,0.0685911308424498,"2.5th percentile"
40.9216934673367,8.88463015075377,0.045278881656835,"2.5th percentile"
41.0062924623116,8.88463015075377,0.0321283678765204,"2.5th percentile"
41.0908914572864,8.88463015075377,0.0225826555711133,"2.5th percentile"
41.1754904522613,8.88463015075377,0.0148954314868022,"2.5th percentile"
41.2600894472362,8.88463015075377,0.0100944104109193,"2.5th percentile"
41.344688442211,8.88463015075377,0.00642172171108875,"2.5th percentile"
41.4292874371859,8.88463015075377,0.00456031704665516,"2.5th percentile"
41.5138864321608,8.88463015075377,0.00276177181833791,"2.5th percentile"
41.5984854271357,8.88463015075377,0.00164029907116616,"2.5th percentile"
41.6830844221106,8.88463015075377,0.0011252952330615,"2.5th percentile"
41.7676834170854,8.88463015075377,0.000762253379572485,"2.5th percentile"
41.8522824120603,8.88463015075377,0.000487834198850888,"2.5th percentile"
41.9368814070352,8.88463015075377,0.000333338308902549,"2.5th percentile"
42.02148040201,8.88463015075377,0.000235782813926567,"2.5th percentile"
42.1060793969849,8.88463015075377,0.000167912177847949,"2.5th percentile"
42.1906783919598,8.88463015075377,0.000126462742335689,"2.5th percentile"
42.2752773869347,8.88463015075377,6.56482140169608e-05,"2.5th percentile"
42.3598763819095,8.88463015075377,4.3565882766695e-05,"2.5th percentile"
42.4444753768844,8.88463015075377,2.82649767700517e-05,"2.5th percentile"
42.5290743718593,8.88463015075377,1.86575373002795e-05,"2.5th percentile"
42.6136733668342,8.88463015075377,1.1938722909355e-05,"2.5th percentile"
42.698272361809,8.88463015075377,7.7704631387671e-06,"2.5th percentile"
42.7828713567839,8.88463015075377,5.07646212944911e-06,"2.5th percentile"
42.8674703517588,8.88463015075377,3.57961083522098e-06,"2.5th percentile"
42.9520693467337,8.88463015075377,2.2628252400265e-06,"2.5th percentile"
43.0366683417085,8.88463015075377,1.62782459882674e-06,"2.5th percentile"
43.1212673366834,8.88463015075377,1.1402846806031e-06,"2.5th percentile"
43.2058663316583,8.88463015075377,7.544288666773e-07,"2.5th percentile"
43.2904653266332,8.88463015075377,4.95627325612469e-07,"2.5th percentile"
43.375064321608,8.88463015075377,3.59670349654046e-07,"2.5th percentile"
43.4596633165829,8.88463015075377,2.38250835471076e-07,"2.5th percentile"
43.5442623115578,8.88463015075377,1.44194619612097e-07,"2.5th percentile"
43.6288613065327,8.88463015075377,1.02310693671194e-07,"2.5th percentile"
43.7134603015075,8.88463015075377,6.57481818603852e-08,"2.5th percentile"
43.7980592964824,8.88463015075377,5.17288792215268e-08,"2.5th percentile"
43.8826582914573,8.88463015075377,3.83911043012377e-08,"2.5th percentile"
43.9672572864322,8.88463015075377,2.90379098145259e-08,"2.5th percentile"
44.051856281407,8.88463015075377,2.48725616127989e-08,"2.5th percentile"
44.1364552763819,8.88463015075377,1.84637659093496e-08,"2.5th percentile"
44.2210542713568,8.88463015075377,1.45635898924682e-08,"2.5th percentile"
44.3056532663317,8.88463015075377,1.41243507805184e-08,"2.5th percentile"
44.3902522613065,8.88463015075377,1.42453227666042e-08,"2.5th percentile"
44.4748512562814,8.88463015075377,1.4386717022948e-08,"2.5th percentile"
33.984575879397,8.9526567839196,0.571967010285777,"2.5th percentile"
34.0691748743719,8.9526567839196,0.496876779908207,"2.5th percentile"
34.1537738693467,8.9526567839196,0.47641130712472,"2.5th percentile"
34.2383728643216,8.9526567839196,0.46136961186886,"2.5th percentile"
34.3229718592965,8.9526567839196,0.441173691321086,"2.5th percentile"
34.4075708542714,8.9526567839196,0.422779014406146,"2.5th percentile"
34.4921698492462,8.9526567839196,0.401408001355591,"2.5th percentile"
34.5767688442211,8.9526567839196,0.372136765429485,"2.5th percentile"
34.661367839196,8.9526567839196,0.33937105546574,"2.5th percentile"
34.7459668341709,8.9526567839196,0.306832681409147,"2.5th percentile"
34.8305658291457,8.9526567839196,0.294328590213713,"2.5th percentile"
34.9151648241206,8.9526567839196,0.301458430609022,"2.5th percentile"
34.9997638190955,8.9526567839196,0.265056361477451,"2.5th percentile"
35.0843628140704,8.9526567839196,0.250286553981849,"2.5th percentile"
35.1689618090452,8.9526567839196,0.245404797319123,"2.5th percentile"
35.2535608040201,8.9526567839196,0.201060283071108,"2.5th percentile"
35.338159798995,8.9526567839196,0.238592310928924,"2.5th percentile"
35.4227587939698,8.9526567839196,0.257586518384896,"2.5th percentile"
35.5073577889447,8.9526567839196,0.258520069953752,"2.5th percentile"
35.5919567839196,8.9526567839196,0.27256508548022,"2.5th percentile"
35.6765557788945,8.9526567839196,0.287193753850778,"2.5th percentile"
35.7611547738694,8.9526567839196,0.270793347516383,"2.5th percentile"
35.8457537688442,8.9526567839196,0.294549379380833,"2.5th percentile"
35.9303527638191,8.9526567839196,0.32655148144793,"2.5th percentile"
36.014951758794,8.9526567839196,0.342463972901096,"2.5th percentile"
36.0995507537688,8.9526567839196,0.277098775278447,"2.5th percentile"
36.1841497487437,8.9526567839196,0.290583000769996,"2.5th percentile"
36.2687487437186,8.9526567839196,0.290987515829903,"2.5th percentile"
36.3533477386935,8.9526567839196,0.29321002791182,"2.5th percentile"
36.4379467336683,8.9526567839196,0.277616487109616,"2.5th percentile"
36.5225457286432,8.9526567839196,0.271603708205983,"2.5th percentile"
36.6071447236181,8.9526567839196,0.282508634833384,"2.5th percentile"
36.691743718593,8.9526567839196,0.303449536056784,"2.5th percentile"
36.7763427135678,8.9526567839196,0.315935277209578,"2.5th percentile"
36.8609417085427,8.9526567839196,0.290783980594973,"2.5th percentile"
36.9455407035176,8.9526567839196,0.282642155467786,"2.5th percentile"
37.0301396984925,8.9526567839196,0.327297187373751,"2.5th percentile"
37.1147386934673,8.9526567839196,0.311142191876162,"2.5th percentile"
37.1993376884422,8.9526567839196,0.316039467801014,"2.5th percentile"
37.2839366834171,8.9526567839196,0.315803274771497,"2.5th percentile"
37.368535678392,8.9526567839196,0.300821055229203,"2.5th percentile"
37.4531346733668,8.9526567839196,0.298165392247335,"2.5th percentile"
37.5377336683417,8.9526567839196,0.310602988475091,"2.5th percentile"
37.6223326633166,8.9526567839196,0.310468813504985,"2.5th percentile"
37.7069316582915,8.9526567839196,0.298018833804515,"2.5th percentile"
37.7915306532663,8.9526567839196,0.31573449326792,"2.5th percentile"
37.8761296482412,8.9526567839196,0.311282508861731,"2.5th percentile"
37.9607286432161,8.9526567839196,0.343008388226694,"2.5th percentile"
38.045327638191,8.9526567839196,0.35811322394793,"2.5th percentile"
38.1299266331658,8.9526567839196,0.362249663538823,"2.5th percentile"
38.2145256281407,8.9526567839196,0.373130265198893,"2.5th percentile"
38.2991246231156,8.9526567839196,0.382463750520683,"2.5th percentile"
38.3837236180904,8.9526567839196,0.390219855806884,"2.5th percentile"
38.4683226130653,8.9526567839196,0.389310074541482,"2.5th percentile"
38.5529216080402,8.9526567839196,0.42381569610733,"2.5th percentile"
38.6375206030151,8.9526567839196,0.39924399506368,"2.5th percentile"
38.72211959799,8.9526567839196,0.363612988690864,"2.5th percentile"
38.8067185929648,8.9526567839196,0.27084498145653,"2.5th percentile"
38.8913175879397,8.9526567839196,0.274501619867296,"2.5th percentile"
38.9759165829146,8.9526567839196,0.383728275009835,"2.5th percentile"
39.0605155778894,8.9526567839196,0.378507058697425,"2.5th percentile"
39.1451145728643,8.9526567839196,0.374679447609668,"2.5th percentile"
39.2297135678392,8.9526567839196,0.375720925007425,"2.5th percentile"
39.3143125628141,8.9526567839196,0.380551844802584,"2.5th percentile"
39.3989115577889,8.9526567839196,0.374114654249284,"2.5th percentile"
39.4835105527638,8.9526567839196,0.367975481636189,"2.5th percentile"
39.5681095477387,8.9526567839196,0.383651077956585,"2.5th percentile"
39.6527085427136,8.9526567839196,0.403571302817973,"2.5th percentile"
39.7373075376884,8.9526567839196,0.406178292971977,"2.5th percentile"
39.8219065326633,8.9526567839196,0.415753050096724,"2.5th percentile"
39.9065055276382,8.9526567839196,0.383673917100485,"2.5th percentile"
39.9911045226131,8.9526567839196,0.39272137940468,"2.5th percentile"
40.0757035175879,8.9526567839196,0.460580544592468,"2.5th percentile"
40.1603025125628,8.9526567839196,0.38337643023094,"2.5th percentile"
40.2449015075377,8.9526567839196,0.365359758771264,"2.5th percentile"
40.3295005025126,8.9526567839196,0.364583512445679,"2.5th percentile"
40.4140994974874,8.9526567839196,0.33621811676487,"2.5th percentile"
40.4986984924623,8.9526567839196,0.280842914109971,"2.5th percentile"
40.5832974874372,8.9526567839196,0.193028609871172,"2.5th percentile"
40.6678964824121,8.9526567839196,0.144072103152283,"2.5th percentile"
40.7524954773869,8.9526567839196,0.102809475706415,"2.5th percentile"
40.8370944723618,8.9526567839196,0.0644434432806345,"2.5th percentile"
40.9216934673367,8.9526567839196,0.0454208798810361,"2.5th percentile"
41.0062924623116,8.9526567839196,0.0310170901040653,"2.5th percentile"
41.0908914572864,8.9526567839196,0.0213154054528917,"2.5th percentile"
41.1754904522613,8.9526567839196,0.0137615600583203,"2.5th percentile"
41.2600894472362,8.9526567839196,0.00954880244733007,"2.5th percentile"
41.344688442211,8.9526567839196,0.0063086777912821,"2.5th percentile"
41.4292874371859,8.9526567839196,0.00427471943561456,"2.5th percentile"
41.5138864321608,8.9526567839196,0.00243675836611334,"2.5th percentile"
41.5984854271357,8.9526567839196,0.00151498123235128,"2.5th percentile"
41.6830844221106,8.9526567839196,0.00105849181470499,"2.5th percentile"
41.7676834170854,8.9526567839196,0.000726388568139837,"2.5th percentile"
41.8522824120603,8.9526567839196,0.000485496173912054,"2.5th percentile"
41.9368814070352,8.9526567839196,0.000328456022650311,"2.5th percentile"
42.02148040201,8.9526567839196,0.000241633636396779,"2.5th percentile"
42.1060793969849,8.9526567839196,0.000174016993494752,"2.5th percentile"
42.1906783919598,8.9526567839196,0.000106174891103559,"2.5th percentile"
42.2752773869347,8.9526567839196,6.4895365376938e-05,"2.5th percentile"
42.3598763819095,8.9526567839196,4.24944827438891e-05,"2.5th percentile"
42.4444753768844,8.9526567839196,2.82403776242296e-05,"2.5th percentile"
42.5290743718593,8.9526567839196,1.88129065218339e-05,"2.5th percentile"
42.6136733668342,8.9526567839196,1.18937484747376e-05,"2.5th percentile"
42.698272361809,8.9526567839196,7.65106541702842e-06,"2.5th percentile"
42.7828713567839,8.9526567839196,6.027384263265e-06,"2.5th percentile"
42.8674703517588,8.9526567839196,3.3312127168321e-06,"2.5th percentile"
42.9520693467337,8.9526567839196,2.31903301787669e-06,"2.5th percentile"
43.0366683417085,8.9526567839196,1.66388593008523e-06,"2.5th percentile"
43.1212673366834,8.9526567839196,1.1477962064629e-06,"2.5th percentile"
43.2058663316583,8.9526567839196,7.46318552011552e-07,"2.5th percentile"
43.2904653266332,8.9526567839196,5.12403389049633e-07,"2.5th percentile"
43.375064321608,8.9526567839196,3.53874799758248e-07,"2.5th percentile"
43.4596633165829,8.9526567839196,2.37093451411151e-07,"2.5th percentile"
43.5442623115578,8.9526567839196,1.5698304653557e-07,"2.5th percentile"
43.6288613065327,8.9526567839196,1.01665156414761e-07,"2.5th percentile"
43.7134603015075,8.9526567839196,6.57956546537269e-08,"2.5th percentile"
43.7980592964824,8.9526567839196,4.33350816286577e-08,"2.5th percentile"
43.8826582914573,8.9526567839196,3.19079068460425e-08,"2.5th percentile"
43.9672572864322,8.9526567839196,2.54856995158406e-08,"2.5th percentile"
44.051856281407,8.9526567839196,1.94103570992988e-08,"2.5th percentile"
44.1364552763819,8.9526567839196,1.52864739427196e-08,"2.5th percentile"
44.2210542713568,8.9526567839196,1.15492776355053e-08,"2.5th percentile"
44.3056532663317,8.9526567839196,1.12914704167234e-08,"2.5th percentile"
33.984575879397,9.02068341708543,0.567086091757452,"2.5th percentile"
34.0691748743719,9.02068341708543,0.502404726927328,"2.5th percentile"
34.1537738693467,9.02068341708543,0.487174623072023,"2.5th percentile"
34.2383728643216,9.02068341708543,0.469147725727925,"2.5th percentile"
34.3229718592965,9.02068341708543,0.450187873252761,"2.5th percentile"
34.4075708542714,9.02068341708543,0.447844268767371,"2.5th percentile"
34.4921698492462,9.02068341708543,0.459503549546729,"2.5th percentile"
34.5767688442211,9.02068341708543,0.374063746719694,"2.5th percentile"
34.661367839196,9.02068341708543,0.360956727664934,"2.5th percentile"
34.7459668341709,9.02068341708543,0.339834678801007,"2.5th percentile"
34.8305658291457,9.02068341708543,0.308453540697525,"2.5th percentile"
34.9151648241206,9.02068341708543,0.31995176586451,"2.5th percentile"
34.9997638190955,9.02068341708543,0.28329464887082,"2.5th percentile"
35.0843628140704,9.02068341708543,0.271793019819788,"2.5th percentile"
35.1689618090452,9.02068341708543,0.24860209265447,"2.5th percentile"
35.2535608040201,9.02068341708543,0.232376087758831,"2.5th percentile"
35.338159798995,9.02068341708543,0.2650722698005,"2.5th percentile"
35.4227587939698,9.02068341708543,0.243186481963612,"2.5th percentile"
35.5073577889447,9.02068341708543,0.269560744433567,"2.5th percentile"
35.5919567839196,9.02068341708543,0.253610296105573,"2.5th percentile"
35.6765557788945,9.02068341708543,0.280823424194146,"2.5th percentile"
35.7611547738694,9.02068341708543,0.278880702575093,"2.5th percentile"
35.8457537688442,9.02068341708543,0.292642010678521,"2.5th percentile"
35.9303527638191,9.02068341708543,0.327658273453196,"2.5th percentile"
36.014951758794,9.02068341708543,0.316520920221311,"2.5th percentile"
36.0995507537688,9.02068341708543,0.296758169217024,"2.5th percentile"
36.1841497487437,9.02068341708543,0.287021788881422,"2.5th percentile"
36.2687487437186,9.02068341708543,0.291074759578554,"2.5th percentile"
36.3533477386935,9.02068341708543,0.290490547792208,"2.5th percentile"
36.4379467336683,9.02068341708543,0.264277775096752,"2.5th percentile"
36.5225457286432,9.02068341708543,0.248191526940575,"2.5th percentile"
36.6071447236181,9.02068341708543,0.249857076494123,"2.5th percentile"
36.691743718593,9.02068341708543,0.241602794690775,"2.5th percentile"
36.7763427135678,9.02068341708543,0.230972260034987,"2.5th percentile"
36.8609417085427,9.02068341708543,0.211761563191633,"2.5th percentile"
36.9455407035176,9.02068341708543,0.28737857657497,"2.5th percentile"
37.0301396984925,9.02068341708543,0.306780995277901,"2.5th percentile"
37.1147386934673,9.02068341708543,0.292425968049808,"2.5th percentile"
37.1993376884422,9.02068341708543,0.271385408121367,"2.5th percentile"
37.2839366834171,9.02068341708543,0.289275830121967,"2.5th percentile"
37.368535678392,9.02068341708543,0.295370973235897,"2.5th percentile"
37.4531346733668,9.02068341708543,0.298781392553546,"2.5th percentile"
37.5377336683417,9.02068341708543,0.330539596418585,"2.5th percentile"
37.6223326633166,9.02068341708543,0.335905641224477,"2.5th percentile"
37.7069316582915,9.02068341708543,0.329760045330842,"2.5th percentile"
37.7915306532663,9.02068341708543,0.349271092627212,"2.5th percentile"
37.8761296482412,9.02068341708543,0.337778145814474,"2.5th percentile"
37.9607286432161,9.02068341708543,0.346143889863649,"2.5th percentile"
38.045327638191,9.02068341708543,0.353447473355524,"2.5th percentile"
38.1299266331658,9.02068341708543,0.357650973346613,"2.5th percentile"
38.2145256281407,9.02068341708543,0.371423414211295,"2.5th percentile"
38.2991246231156,9.02068341708543,0.382402965566075,"2.5th percentile"
38.3837236180904,9.02068341708543,0.384815319557789,"2.5th percentile"
38.4683226130653,9.02068341708543,0.373095979421031,"2.5th percentile"
38.5529216080402,9.02068341708543,0.393038305596717,"2.5th percentile"
38.6375206030151,9.02068341708543,0.401206537139446,"2.5th percentile"
38.72211959799,9.02068341708543,0.455826339440999,"2.5th percentile"
38.8067185929648,9.02068341708543,0.395000511903053,"2.5th percentile"
38.8913175879397,9.02068341708543,0.359280000651305,"2.5th percentile"
38.9759165829146,9.02068341708543,0.379532442062254,"2.5th percentile"
39.0605155778894,9.02068341708543,0.389602721202773,"2.5th percentile"
39.1451145728643,9.02068341708543,0.385595279297353,"2.5th percentile"
39.2297135678392,9.02068341708543,0.388116048725059,"2.5th percentile"
39.3143125628141,9.02068341708543,0.389631829587408,"2.5th percentile"
39.3989115577889,9.02068341708543,0.393073840562617,"2.5th percentile"
39.4835105527638,9.02068341708543,0.402374653613226,"2.5th percentile"
39.5681095477387,9.02068341708543,0.385766442910632,"2.5th percentile"
39.6527085427136,9.02068341708543,0.407891888611536,"2.5th percentile"
39.7373075376884,9.02068341708543,0.457873001167828,"2.5th percentile"
39.8219065326633,9.02068341708543,0.42055617594388,"2.5th percentile"
39.9065055276382,9.02068341708543,0.357162995655496,"2.5th percentile"
39.9911045226131,9.02068341708543,0.38390875403381,"2.5th percentile"
40.0757035175879,9.02068341708543,0.440001860410819,"2.5th percentile"
40.1603025125628,9.02068341708543,0.40609427151996,"2.5th percentile"
40.2449015075377,9.02068341708543,0.396694087741644,"2.5th percentile"
40.3295005025126,9.02068341708543,0.378071582191329,"2.5th percentile"
40.4140994974874,9.02068341708543,0.357623165937868,"2.5th percentile"
40.4986984924623,9.02068341708543,0.327409452853892,"2.5th percentile"
40.5832974874372,9.02068341708543,0.220694787581132,"2.5th percentile"
40.6678964824121,9.02068341708543,0.141270841399927,"2.5th percentile"
40.7524954773869,9.02068341708543,0.0958954106234584,"2.5th percentile"
40.8370944723618,9.02068341708543,0.0625264991077978,"2.5th percentile"
40.9216934673367,9.02068341708543,0.0406863910595042,"2.5th percentile"
41.0062924623116,9.02068341708543,0.0297686974521248,"2.5th percentile"
41.0908914572864,9.02068341708543,0.0200805012834964,"2.5th percentile"
41.1754904522613,9.02068341708543,0.0123503944973654,"2.5th percentile"
41.2600894472362,9.02068341708543,0.00889983033617558,"2.5th percentile"
41.344688442211,9.02068341708543,0.00611002046945365,"2.5th percentile"
41.4292874371859,9.02068341708543,0.0042956380573103,"2.5th percentile"
41.5138864321608,9.02068341708543,0.00252072994886523,"2.5th percentile"
41.5984854271357,9.02068341708543,0.00145553325972604,"2.5th percentile"
41.6830844221106,9.02068341708543,0.00102508597179583,"2.5th percentile"
41.7676834170854,9.02068341708543,0.00069440066696484,"2.5th percentile"
41.8522824120603,9.02068341708543,0.000475788392577712,"2.5th percentile"
41.9368814070352,9.02068341708543,0.000327261388106188,"2.5th percentile"
42.02148040201,9.02068341708543,0.00023802300143171,"2.5th percentile"
42.1060793969849,9.02068341708543,0.000154764528347958,"2.5th percentile"
42.1906783919598,9.02068341708543,0.000101779768537868,"2.5th percentile"
42.2752773869347,9.02068341708543,6.56774016025811e-05,"2.5th percentile"
42.3598763819095,9.02068341708543,4.20296397800279e-05,"2.5th percentile"
42.4444753768844,9.02068341708543,2.85321301716943e-05,"2.5th percentile"
42.5290743718593,9.02068341708543,1.83452800600588e-05,"2.5th percentile"
42.6136733668342,9.02068341708543,1.12224251703245e-05,"2.5th percentile"
42.698272361809,9.02068341708543,5.42376347306197e-06,"2.5th percentile"
42.7828713567839,9.02068341708543,4.02184635169466e-06,"2.5th percentile"
42.8674703517588,9.02068341708543,3.04756206743288e-06,"2.5th percentile"
42.9520693467337,9.02068341708543,2.43750331285568e-06,"2.5th percentile"
43.0366683417085,9.02068341708543,1.6462300935673e-06,"2.5th percentile"
43.1212673366834,9.02068341708543,1.1792549875662e-06,"2.5th percentile"
43.2058663316583,9.02068341708543,7.7336638879557e-07,"2.5th percentile"
43.2904653266332,9.02068341708543,5.01076437320958e-07,"2.5th percentile"
43.375064321608,9.02068341708543,3.13141552550572e-07,"2.5th percentile"
43.4596633165829,9.02068341708543,2.20138756180454e-07,"2.5th percentile"
43.5442623115578,9.02068341708543,1.54990291233278e-07,"2.5th percentile"
43.6288613065327,9.02068341708543,1.0050783880002e-07,"2.5th percentile"
43.7134603015075,9.02068341708543,6.55268381272972e-08,"2.5th percentile"
43.7980592964824,9.02068341708543,3.88737438087546e-08,"2.5th percentile"
43.8826582914573,9.02068341708543,2.79508325689057e-08,"2.5th percentile"
43.9672572864322,9.02068341708543,1.89299900927763e-08,"2.5th percentile"
44.051856281407,9.02068341708543,1.56257297456283e-08,"2.5th percentile"
33.984575879397,9.08871005025126,0.565464097993736,"2.5th percentile"
34.0691748743719,9.08871005025126,0.518637592480402,"2.5th percentile"
34.1537738693467,9.08871005025126,0.497499864375692,"2.5th percentile"
34.2383728643216,9.08871005025126,0.48233368747407,"2.5th percentile"
34.3229718592965,9.08871005025126,0.45442796916418,"2.5th percentile"
34.4075708542714,9.08871005025126,0.440861038715664,"2.5th percentile"
34.4921698492462,9.08871005025126,0.419670769417376,"2.5th percentile"
34.5767688442211,9.08871005025126,0.380565101086079,"2.5th percentile"
34.661367839196,9.08871005025126,0.377329081007912,"2.5th percentile"
34.7459668341709,9.08871005025126,0.338718385627328,"2.5th percentile"
34.8305658291457,9.08871005025126,0.341873832462621,"2.5th percentile"
34.9151648241206,9.08871005025126,0.332890222553637,"2.5th percentile"
34.9997638190955,9.08871005025126,0.334665481283599,"2.5th percentile"
35.0843628140704,9.08871005025126,0.287619851570062,"2.5th percentile"
35.1689618090452,9.08871005025126,0.257319979474781,"2.5th percentile"
35.2535608040201,9.08871005025126,0.247078612403668,"2.5th percentile"
35.338159798995,9.08871005025126,0.244748232047797,"2.5th percentile"
35.4227587939698,9.08871005025126,0.248987755351596,"2.5th percentile"
35.5073577889447,9.08871005025126,0.259940332548886,"2.5th percentile"
35.5919567839196,9.08871005025126,0.260003123177741,"2.5th percentile"
35.6765557788945,9.08871005025126,0.26046903177065,"2.5th percentile"
35.7611547738694,9.08871005025126,0.276728511443686,"2.5th percentile"
35.8457537688442,9.08871005025126,0.273306714823352,"2.5th percentile"
35.9303527638191,9.08871005025126,0.30762515791908,"2.5th percentile"
36.014951758794,9.08871005025126,0.315054052000262,"2.5th percentile"
36.0995507537688,9.08871005025126,0.320759598808844,"2.5th percentile"
36.1841497487437,9.08871005025126,0.321441386072919,"2.5th percentile"
36.2687487437186,9.08871005025126,0.307178073079428,"2.5th percentile"
36.3533477386935,9.08871005025126,0.295839041317442,"2.5th percentile"
36.4379467336683,9.08871005025126,0.289659207280635,"2.5th percentile"
36.5225457286432,9.08871005025126,0.262695387307527,"2.5th percentile"
36.6071447236181,9.08871005025126,0.2736697227894,"2.5th percentile"
36.691743718593,9.08871005025126,0.26795638474975,"2.5th percentile"
36.7763427135678,9.08871005025126,0.202600978608468,"2.5th percentile"
36.8609417085427,9.08871005025126,0.203024729621047,"2.5th percentile"
36.9455407035176,9.08871005025126,0.285048114090041,"2.5th percentile"
37.0301396984925,9.08871005025126,0.300359492379999,"2.5th percentile"
37.1147386934673,9.08871005025126,0.270384327040529,"2.5th percentile"
37.1993376884422,9.08871005025126,0.265829977502094,"2.5th percentile"
37.2839366834171,9.08871005025126,0.299202633069083,"2.5th percentile"
37.368535678392,9.08871005025126,0.312251095665393,"2.5th percentile"
37.4531346733668,9.08871005025126,0.304041998930221,"2.5th percentile"
37.5377336683417,9.08871005025126,0.295615041082129,"2.5th percentile"
37.6223326633166,9.08871005025126,0.313115164586701,"2.5th percentile"
37.7069316582915,9.08871005025126,0.367552024258214,"2.5th percentile"
37.7915306532663,9.08871005025126,0.356111680263534,"2.5th percentile"
37.8761296482412,9.08871005025126,0.37699903506438,"2.5th percentile"
37.9607286432161,9.08871005025126,0.343050884275901,"2.5th percentile"
38.045327638191,9.08871005025126,0.352922750972045,"2.5th percentile"
38.1299266331658,9.08871005025126,0.360393979741146,"2.5th percentile"
38.2145256281407,9.08871005025126,0.375718890466859,"2.5th percentile"
38.2991246231156,9.08871005025126,0.38451433208481,"2.5th percentile"
38.3837236180904,9.08871005025126,0.397690863119214,"2.5th percentile"
38.4683226130653,9.08871005025126,0.409552318994901,"2.5th percentile"
38.5529216080402,9.08871005025126,0.396209678312237,"2.5th percentile"
38.6375206030151,9.08871005025126,0.41341552306713,"2.5th percentile"
38.72211959799,9.08871005025126,0.398041640350562,"2.5th percentile"
38.8067185929648,9.08871005025126,0.387466132755694,"2.5th percentile"
38.8913175879397,9.08871005025126,0.374894824279302,"2.5th percentile"
38.9759165829146,9.08871005025126,0.372085512537586,"2.5th percentile"
39.0605155778894,9.08871005025126,0.376694816042057,"2.5th percentile"
39.1451145728643,9.08871005025126,0.398124641844836,"2.5th percentile"
39.2297135678392,9.08871005025126,0.394043503335324,"2.5th percentile"
39.3143125628141,9.08871005025126,0.411656674547825,"2.5th percentile"
39.3989115577889,9.08871005025126,0.405379239592749,"2.5th percentile"
39.4835105527638,9.08871005025126,0.405167935654985,"2.5th percentile"
39.5681095477387,9.08871005025126,0.399386132581709,"2.5th percentile"
39.6527085427136,9.08871005025126,0.412038574765568,"2.5th percentile"
39.7373075376884,9.08871005025126,0.448210440980011,"2.5th percentile"
39.8219065326633,9.08871005025126,0.386203643420755,"2.5th percentile"
39.9065055276382,9.08871005025126,0.358930466772986,"2.5th percentile"
39.9911045226131,9.08871005025126,0.360830330649882,"2.5th percentile"
40.0757035175879,9.08871005025126,0.405347051776162,"2.5th percentile"
40.1603025125628,9.08871005025126,0.360909858570017,"2.5th percentile"
40.2449015075377,9.08871005025126,0.437773127582109,"2.5th percentile"
40.3295005025126,9.08871005025126,0.37222356246017,"2.5th percentile"
40.4140994974874,9.08871005025126,0.369593016269515,"2.5th percentile"
40.4986984924623,9.08871005025126,0.320918908897918,"2.5th percentile"
40.5832974874372,9.08871005025126,0.228183709333383,"2.5th percentile"
40.6678964824121,9.08871005025126,0.157106544642407,"2.5th percentile"
40.7524954773869,9.08871005025126,0.101977939126039,"2.5th percentile"
40.8370944723618,9.08871005025126,0.0652972524813703,"2.5th percentile"
40.9216934673367,9.08871005025126,0.0407652211980908,"2.5th percentile"
41.0062924623116,9.08871005025126,0.0251707714123586,"2.5th percentile"
41.0908914572864,9.08871005025126,0.0178829424532124,"2.5th percentile"
41.1754904522613,9.08871005025126,0.0128394131218882,"2.5th percentile"
41.2600894472362,9.08871005025126,0.0088370508805646,"2.5th percentile"
41.344688442211,9.08871005025126,0.00600902166487087,"2.5th percentile"
41.4292874371859,9.08871005025126,0.00386818047042127,"2.5th percentile"
41.5138864321608,9.08871005025126,0.00232767431101126,"2.5th percentile"
41.5984854271357,9.08871005025126,0.00145746096620518,"2.5th percentile"
41.6830844221106,9.08871005025126,0.000988589429463538,"2.5th percentile"
41.7676834170854,9.08871005025126,0.000670475258886259,"2.5th percentile"
41.8522824120603,9.08871005025126,0.000443425300741981,"2.5th percentile"
41.9368814070352,9.08871005025126,0.000329902962955906,"2.5th percentile"
42.02148040201,9.08871005025126,0.000228259863803529,"2.5th percentile"
42.1060793969849,9.08871005025126,0.000142636626755363,"2.5th percentile"
42.1906783919598,9.08871005025126,9.50651009463217e-05,"2.5th percentile"
42.2752773869347,9.08871005025126,6.33268327766067e-05,"2.5th percentile"
42.3598763819095,9.08871005025126,4.38011144456186e-05,"2.5th percentile"
42.4444753768844,9.08871005025126,2.74572972575538e-05,"2.5th percentile"
42.5290743718593,9.08871005025126,1.69188933553571e-05,"2.5th percentile"
42.6136733668342,9.08871005025126,1.38925296599707e-05,"2.5th percentile"
42.698272361809,9.08871005025126,4.81447999756878e-06,"2.5th percentile"
42.7828713567839,9.08871005025126,2.68378001968811e-06,"2.5th percentile"
42.8674703517588,9.08871005025126,2.04375794197997e-06,"2.5th percentile"
42.9520693467337,9.08871005025126,2.33746518218331e-06,"2.5th percentile"
43.0366683417085,9.08871005025126,1.74498649497728e-06,"2.5th percentile"
43.1212673366834,9.08871005025126,1.06668140895073e-06,"2.5th percentile"
43.2058663316583,9.08871005025126,7.0862857676502e-07,"2.5th percentile"
43.2904653266332,9.08871005025126,5.09119639917247e-07,"2.5th percentile"
43.375064321608,9.08871005025126,3.29042484414655e-07,"2.5th percentile"
43.4596633165829,9.08871005025126,2.20676979860122e-07,"2.5th percentile"
43.5442623115578,9.08871005025126,1.47085012525831e-07,"2.5th percentile"
43.6288613065327,9.08871005025126,9.88518811323196e-08,"2.5th percentile"
43.7134603015075,9.08871005025126,6.50059890975011e-08,"2.5th percentile"
43.7980592964824,9.08871005025126,3.15253804622515e-08,"2.5th percentile"
43.8826582914573,9.08871005025126,2.56953011123223e-08,"2.5th percentile"
33.984575879397,9.15673668341709,0.581189877518418,"2.5th percentile"
34.0691748743719,9.15673668341709,0.577213932525786,"2.5th percentile"
34.1537738693467,9.15673668341709,0.522517468123297,"2.5th percentile"
34.2383728643216,9.15673668341709,0.486719674343902,"2.5th percentile"
34.3229718592965,9.15673668341709,0.468813634426202,"2.5th percentile"
34.4075708542714,9.15673668341709,0.445301691669663,"2.5th percentile"
34.4921698492462,9.15673668341709,0.427247088010416,"2.5th percentile"
34.5767688442211,9.15673668341709,0.378835866488057,"2.5th percentile"
34.661367839196,9.15673668341709,0.410314438088714,"2.5th percentile"
34.7459668341709,9.15673668341709,0.42921566174001,"2.5th percentile"
34.8305658291457,9.15673668341709,0.330654949641725,"2.5th percentile"
34.9151648241206,9.15673668341709,0.340624634030905,"2.5th percentile"
34.9997638190955,9.15673668341709,0.317475905110175,"2.5th percentile"
35.0843628140704,9.15673668341709,0.303768240426955,"2.5th percentile"
35.1689618090452,9.15673668341709,0.272830283488473,"2.5th percentile"
35.2535608040201,9.15673668341709,0.245100908564962,"2.5th percentile"
35.338159798995,9.15673668341709,0.242021004049014,"2.5th percentile"
35.4227587939698,9.15673668341709,0.242537051911974,"2.5th percentile"
35.5073577889447,9.15673668341709,0.266677056601133,"2.5th percentile"
35.5919567839196,9.15673668341709,0.257518911397492,"2.5th percentile"
35.6765557788945,9.15673668341709,0.265828630838909,"2.5th percentile"
35.7611547738694,9.15673668341709,0.268472128775909,"2.5th percentile"
35.8457537688442,9.15673668341709,0.275366742185741,"2.5th percentile"
35.9303527638191,9.15673668341709,0.302877921609438,"2.5th percentile"
36.014951758794,9.15673668341709,0.321117583787163,"2.5th percentile"
36.0995507537688,9.15673668341709,0.309313799831742,"2.5th percentile"
36.1841497487437,9.15673668341709,0.321576224194993,"2.5th percentile"
36.2687487437186,9.15673668341709,0.303475990201519,"2.5th percentile"
36.3533477386935,9.15673668341709,0.322153785347379,"2.5th percentile"
36.4379467336683,9.15673668341709,0.292265231413262,"2.5th percentile"
36.5225457286432,9.15673668341709,0.266473597217033,"2.5th percentile"
36.6071447236181,9.15673668341709,0.27719704099794,"2.5th percentile"
36.691743718593,9.15673668341709,0.277560574902341,"2.5th percentile"
36.7763427135678,9.15673668341709,0.210195533817971,"2.5th percentile"
36.8609417085427,9.15673668341709,0.204692949504451,"2.5th percentile"
36.9455407035176,9.15673668341709,0.280277208556222,"2.5th percentile"
37.0301396984925,9.15673668341709,0.27456472449638,"2.5th percentile"
37.1147386934673,9.15673668341709,0.266352363790561,"2.5th percentile"
37.1993376884422,9.15673668341709,0.270662560583875,"2.5th percentile"
37.2839366834171,9.15673668341709,0.298915588103073,"2.5th percentile"
37.368535678392,9.15673668341709,0.296932702293625,"2.5th percentile"
37.4531346733668,9.15673668341709,0.305144657021796,"2.5th percentile"
37.5377336683417,9.15673668341709,0.294854586097495,"2.5th percentile"
37.6223326633166,9.15673668341709,0.309659289956278,"2.5th percentile"
37.7069316582915,9.15673668341709,0.357523562423643,"2.5th percentile"
37.7915306532663,9.15673668341709,0.360117417107529,"2.5th percentile"
37.8761296482412,9.15673668341709,0.370937677294822,"2.5th percentile"
37.9607286432161,9.15673668341709,0.351299985144467,"2.5th percentile"
38.045327638191,9.15673668341709,0.347461951525806,"2.5th percentile"
38.1299266331658,9.15673668341709,0.358731440011634,"2.5th percentile"
38.2145256281407,9.15673668341709,0.423008747741581,"2.5th percentile"
38.2991246231156,9.15673668341709,0.394182624548853,"2.5th percentile"
38.3837236180904,9.15673668341709,0.386430749564875,"2.5th percentile"
38.4683226130653,9.15673668341709,0.394161135952997,"2.5th percentile"
38.5529216080402,9.15673668341709,0.397275784511346,"2.5th percentile"
38.6375206030151,9.15673668341709,0.414573841588471,"2.5th percentile"
38.72211959799,9.15673668341709,0.39080863550142,"2.5th percentile"
38.8067185929648,9.15673668341709,0.388892824397782,"2.5th percentile"
38.8913175879397,9.15673668341709,0.392271898795995,"2.5th percentile"
38.9759165829146,9.15673668341709,0.380226190935297,"2.5th percentile"
39.0605155778894,9.15673668341709,0.389193317701308,"2.5th percentile"
39.1451145728643,9.15673668341709,0.393908511501248,"2.5th percentile"
39.2297135678392,9.15673668341709,0.415985634674743,"2.5th percentile"
39.3143125628141,9.15673668341709,0.407494948420004,"2.5th percentile"
39.3989115577889,9.15673668341709,0.413550946230879,"2.5th percentile"
39.4835105527638,9.15673668341709,0.422109310489943,"2.5th percentile"
39.5681095477387,9.15673668341709,0.402437335110729,"2.5th percentile"
39.6527085427136,9.15673668341709,0.418236991220688,"2.5th percentile"
39.7373075376884,9.15673668341709,0.403734517209295,"2.5th percentile"
39.8219065326633,9.15673668341709,0.388064000852972,"2.5th percentile"
39.9065055276382,9.15673668341709,0.374898255697311,"2.5th percentile"
39.9911045226131,9.15673668341709,0.350439048685872,"2.5th percentile"
40.0757035175879,9.15673668341709,0.360336472614453,"2.5th percentile"
40.1603025125628,9.15673668341709,0.433769475832043,"2.5th percentile"
40.2449015075377,9.15673668341709,0.45003089413261,"2.5th percentile"
40.3295005025126,9.15673668341709,0.460111701290024,"2.5th percentile"
40.4140994974874,9.15673668341709,0.404249279994372,"2.5th percentile"
40.4986984924623,9.15673668341709,0.31761441310311,"2.5th percentile"
40.5832974874372,9.15673668341709,0.229379206191955,"2.5th percentile"
40.6678964824121,9.15673668341709,0.157161372580536,"2.5th percentile"
40.7524954773869,9.15673668341709,0.106122211755913,"2.5th percentile"
40.8370944723618,9.15673668341709,0.0655768889070889,"2.5th percentile"
40.9216934673367,9.15673668341709,0.0410726148826305,"2.5th percentile"
41.0062924623116,9.15673668341709,0.025084699314728,"2.5th percentile"
41.0908914572864,9.15673668341709,0.0176490772471048,"2.5th percentile"
41.1754904522613,9.15673668341709,0.012705196797995,"2.5th percentile"
41.2600894472362,9.15673668341709,0.00875010559870463,"2.5th percentile"
41.344688442211,9.15673668341709,0.00603839470263602,"2.5th percentile"
41.4292874371859,9.15673668341709,0.00383916652683882,"2.5th percentile"
41.5138864321608,9.15673668341709,0.00241477790522056,"2.5th percentile"
41.5984854271357,9.15673668341709,0.0014853349761916,"2.5th percentile"
41.6830844221106,9.15673668341709,0.0010135218279085,"2.5th percentile"
41.7676834170854,9.15673668341709,0.000692677674700945,"2.5th percentile"
41.8522824120603,9.15673668341709,0.000440950825374334,"2.5th percentile"
41.9368814070352,9.15673668341709,0.000335522958497097,"2.5th percentile"
42.02148040201,9.15673668341709,0.000226230840285847,"2.5th percentile"
42.1060793969849,9.15673668341709,0.000140832430154773,"2.5th percentile"
42.1906783919598,9.15673668341709,9.3154465090013e-05,"2.5th percentile"
42.2752773869347,9.15673668341709,6.3706811535858e-05,"2.5th percentile"
42.3598763819095,9.15673668341709,4.13247794138044e-05,"2.5th percentile"
42.4444753768844,9.15673668341709,2.74715485582243e-05,"2.5th percentile"
42.5290743718593,9.15673668341709,1.79490684957115e-05,"2.5th percentile"
42.6136733668342,9.15673668341709,1.23311799769501e-05,"2.5th percentile"
42.698272361809,9.15673668341709,4.46014556225978e-06,"2.5th percentile"
42.7828713567839,9.15673668341709,3.52913826584792e-06,"2.5th percentile"
42.8674703517588,9.15673668341709,1.94745082023564e-06,"2.5th percentile"
42.9520693467337,9.15673668341709,2.41231957092884e-06,"2.5th percentile"
43.0366683417085,9.15673668341709,1.48914920138987e-06,"2.5th percentile"
43.1212673366834,9.15673668341709,1.02490867358443e-06,"2.5th percentile"
43.2058663316583,9.15673668341709,7.04121426961126e-07,"2.5th percentile"
43.2904653266332,9.15673668341709,4.3053677925012e-07,"2.5th percentile"
43.375064321608,9.15673668341709,3.07201171563739e-07,"2.5th percentile"
43.4596633165829,9.15673668341709,2.22059020107255e-07,"2.5th percentile"
43.5442623115578,9.15673668341709,1.46220846829024e-07,"2.5th percentile"
43.6288613065327,9.15673668341709,9.30458672361038e-08,"2.5th percentile"
43.7134603015075,9.15673668341709,6.3252407575162e-08,"2.5th percentile"
33.984575879397,9.22476331658291,0.58349256546936,"2.5th percentile"
34.0691748743719,9.22476331658291,0.583470209448623,"2.5th percentile"
34.1537738693467,9.22476331658291,0.545599409740131,"2.5th percentile"
34.2383728643216,9.22476331658291,0.511503931794714,"2.5th percentile"
34.3229718592965,9.22476331658291,0.478568889892677,"2.5th percentile"
34.4075708542714,9.22476331658291,0.457733529687173,"2.5th percentile"
34.4921698492462,9.22476331658291,0.461535999739313,"2.5th percentile"
34.5767688442211,9.22476331658291,0.3902838027316,"2.5th percentile"
34.661367839196,9.22476331658291,0.373460340629483,"2.5th percentile"
34.7459668341709,9.22476331658291,0.41918614380141,"2.5th percentile"
34.8305658291457,9.22476331658291,0.423814534336215,"2.5th percentile"
34.9151648241206,9.22476331658291,0.383296362193279,"2.5th percentile"
34.9997638190955,9.22476331658291,0.321080381290511,"2.5th percentile"
35.0843628140704,9.22476331658291,0.301597728248033,"2.5th percentile"
35.1689618090452,9.22476331658291,0.308778151177853,"2.5th percentile"
35.2535608040201,9.22476331658291,0.263180433824956,"2.5th percentile"
35.338159798995,9.22476331658291,0.242067249421231,"2.5th percentile"
35.4227587939698,9.22476331658291,0.246745905318381,"2.5th percentile"
35.5073577889447,9.22476331658291,0.258179956061991,"2.5th percentile"
35.5919567839196,9.22476331658291,0.266412283093848,"2.5th percentile"
35.6765557788945,9.22476331658291,0.278175058355687,"2.5th percentile"
35.7611547738694,9.22476331658291,0.272225600769856,"2.5th percentile"
35.8457537688442,9.22476331658291,0.280951131193135,"2.5th percentile"
35.9303527638191,9.22476331658291,0.292935617144546,"2.5th percentile"
36.014951758794,9.22476331658291,0.324514528046741,"2.5th percentile"
36.0995507537688,9.22476331658291,0.310240491378968,"2.5th percentile"
36.1841497487437,9.22476331658291,0.306355903817944,"2.5th percentile"
36.2687487437186,9.22476331658291,0.309222252040778,"2.5th percentile"
36.3533477386935,9.22476331658291,0.320757605175347,"2.5th percentile"
36.4379467336683,9.22476331658291,0.297782781139474,"2.5th percentile"
36.5225457286432,9.22476331658291,0.296262769084448,"2.5th percentile"
36.6071447236181,9.22476331658291,0.30931800106796,"2.5th percentile"
36.691743718593,9.22476331658291,0.292990827919096,"2.5th percentile"
36.7763427135678,9.22476331658291,0.224285231306684,"2.5th percentile"
36.8609417085427,9.22476331658291,0.249781449426742,"2.5th percentile"
36.9455407035176,9.22476331658291,0.293793636495357,"2.5th percentile"
37.0301396984925,9.22476331658291,0.292199487814003,"2.5th percentile"
37.1147386934673,9.22476331658291,0.273436353099807,"2.5th percentile"
37.1993376884422,9.22476331658291,0.283153131283921,"2.5th percentile"
37.2839366834171,9.22476331658291,0.275958803105932,"2.5th percentile"
37.368535678392,9.22476331658291,0.297564997667508,"2.5th percentile"
37.4531346733668,9.22476331658291,0.325496999614423,"2.5th percentile"
37.5377336683417,9.22476331658291,0.335565160709048,"2.5th percentile"
37.6223326633166,9.22476331658291,0.350483147742256,"2.5th percentile"
37.7069316582915,9.22476331658291,0.375705806409065,"2.5th percentile"
37.7915306532663,9.22476331658291,0.3588270776844,"2.5th percentile"
37.8761296482412,9.22476331658291,0.38731092642222,"2.5th percentile"
37.9607286432161,9.22476331658291,0.365687161094766,"2.5th percentile"
38.045327638191,9.22476331658291,0.342673506347334,"2.5th percentile"
38.1299266331658,9.22476331658291,0.325983022965497,"2.5th percentile"
38.2145256281407,9.22476331658291,0.363118313252333,"2.5th percentile"
38.2991246231156,9.22476331658291,0.377393252129965,"2.5th percentile"
38.3837236180904,9.22476331658291,0.392396162480998,"2.5th percentile"
38.4683226130653,9.22476331658291,0.392551671770487,"2.5th percentile"
38.5529216080402,9.22476331658291,0.411326993102398,"2.5th percentile"
38.6375206030151,9.22476331658291,0.435697142453017,"2.5th percentile"
38.72211959799,9.22476331658291,0.420739329188529,"2.5th percentile"
38.8067185929648,9.22476331658291,0.399204229564429,"2.5th percentile"
38.8913175879397,9.22476331658291,0.424037067576009,"2.5th percentile"
38.9759165829146,9.22476331658291,0.42579663979045,"2.5th percentile"
39.0605155778894,9.22476331658291,0.414919687661321,"2.5th percentile"
39.1451145728643,9.22476331658291,0.384118751695291,"2.5th percentile"
39.2297135678392,9.22476331658291,0.395485296657216,"2.5th percentile"
39.3143125628141,9.22476331658291,0.435530186735629,"2.5th percentile"
39.3989115577889,9.22476331658291,0.419432820372612,"2.5th percentile"
39.4835105527638,9.22476331658291,0.438124748191359,"2.5th percentile"
39.5681095477387,9.22476331658291,0.391110357004215,"2.5th percentile"
39.6527085427136,9.22476331658291,0.417007046135715,"2.5th percentile"
39.7373075376884,9.22476331658291,0.421992057066379,"2.5th percentile"
39.8219065326633,9.22476331658291,0.408766407952669,"2.5th percentile"
39.9065055276382,9.22476331658291,0.422288614561204,"2.5th percentile"
39.9911045226131,9.22476331658291,0.387959070405872,"2.5th percentile"
40.0757035175879,9.22476331658291,0.367794276449937,"2.5th percentile"
40.1603025125628,9.22476331658291,0.429421277996891,"2.5th percentile"
40.2449015075377,9.22476331658291,0.462254860082404,"2.5th percentile"
40.3295005025126,9.22476331658291,0.465589862972977,"2.5th percentile"
40.4140994974874,9.22476331658291,0.408135737011582,"2.5th percentile"
40.4986984924623,9.22476331658291,0.341254054762242,"2.5th percentile"
40.5832974874372,9.22476331658291,0.244208485489569,"2.5th percentile"
40.6678964824121,9.22476331658291,0.165172478167456,"2.5th percentile"
40.7524954773869,9.22476331658291,0.114992369475934,"2.5th percentile"
40.8370944723618,9.22476331658291,0.0785594473838502,"2.5th percentile"
40.9216934673367,9.22476331658291,0.0443140206728138,"2.5th percentile"
41.0062924623116,9.22476331658291,0.0267342743929513,"2.5th percentile"
41.0908914572864,9.22476331658291,0.0156943782297246,"2.5th percentile"
41.1754904522613,9.22476331658291,0.0122767005961904,"2.5th percentile"
41.2600894472362,9.22476331658291,0.00880562708083751,"2.5th percentile"
41.344688442211,9.22476331658291,0.0052374943250062,"2.5th percentile"
41.4292874371859,9.22476331658291,0.00330856660924387,"2.5th percentile"
41.5138864321608,9.22476331658291,0.00217844343931099,"2.5th percentile"
41.5984854271357,9.22476331658291,0.00150497277667851,"2.5th percentile"
41.6830844221106,9.22476331658291,0.000951342988681644,"2.5th percentile"
41.7676834170854,9.22476331658291,0.000667148286099943,"2.5th percentile"
41.8522824120603,9.22476331658291,0.0004779049507563,"2.5th percentile"
41.9368814070352,9.22476331658291,0.000325816179147749,"2.5th percentile"
42.02148040201,9.22476331658291,0.000212111085434658,"2.5th percentile"
42.1060793969849,9.22476331658291,0.000134096574136916,"2.5th percentile"
42.1906783919598,9.22476331658291,8.91014403415438e-05,"2.5th percentile"
42.2752773869347,9.22476331658291,6.13687670085941e-05,"2.5th percentile"
42.3598763819095,9.22476331658291,3.9316054666902e-05,"2.5th percentile"
42.4444753768844,9.22476331658291,2.49654032120301e-05,"2.5th percentile"
42.5290743718593,9.22476331658291,1.55584868882921e-05,"2.5th percentile"
42.6136733668342,9.22476331658291,1.1545393953185e-05,"2.5th percentile"
42.698272361809,9.22476331658291,7.04363287124406e-06,"2.5th percentile"
42.7828713567839,9.22476331658291,3.59000840248504e-06,"2.5th percentile"
42.8674703517588,9.22476331658291,2.95094052034934e-06,"2.5th percentile"
42.9520693467337,9.22476331658291,2.70473011627649e-06,"2.5th percentile"
43.0366683417085,9.22476331658291,1.64364262877192e-06,"2.5th percentile"
43.1212673366834,9.22476331658291,1.01659796124366e-06,"2.5th percentile"
43.2058663316583,9.22476331658291,7.53011461303755e-07,"2.5th percentile"
43.2904653266332,9.22476331658291,5.03844813104177e-07,"2.5th percentile"
43.375064321608,9.22476331658291,3.07879685025336e-07,"2.5th percentile"
43.4596633165829,9.22476331658291,2.16926633011851e-07,"2.5th percentile"
43.5442623115578,9.22476331658291,1.43013028638154e-07,"2.5th percentile"
43.6288613065327,9.22476331658291,9.44338292389023e-08,"2.5th percentile"
33.984575879397,9.29278994974874,0.59538378166442,"2.5th percentile"
34.0691748743719,9.29278994974874,0.566300377962102,"2.5th percentile"
34.1537738693467,9.29278994974874,0.531413774488722,"2.5th percentile"
34.2383728643216,9.29278994974874,0.507250879107497,"2.5th percentile"
34.3229718592965,9.29278994974874,0.485104358814235,"2.5th percentile"
34.4075708542714,9.29278994974874,0.475708912807999,"2.5th percentile"
34.4921698492462,9.29278994974874,0.4479055148247,"2.5th percentile"
34.5767688442211,9.29278994974874,0.397463203124003,"2.5th percentile"
34.661367839196,9.29278994974874,0.393288307307898,"2.5th percentile"
34.7459668341709,9.29278994974874,0.419438136311306,"2.5th percentile"
34.8305658291457,9.29278994974874,0.401406483590557,"2.5th percentile"
34.9151648241206,9.29278994974874,0.408049971922155,"2.5th percentile"
34.9997638190955,9.29278994974874,0.33522963089517,"2.5th percentile"
35.0843628140704,9.29278994974874,0.325069294487906,"2.5th percentile"
35.1689618090452,9.29278994974874,0.287870495312537,"2.5th percentile"
35.2535608040201,9.29278994974874,0.267632669164356,"2.5th percentile"
35.338159798995,9.29278994974874,0.263441855393525,"2.5th percentile"
35.4227587939698,9.29278994974874,0.275708877836556,"2.5th percentile"
35.5073577889447,9.29278994974874,0.263597675242227,"2.5th percentile"
35.5919567839196,9.29278994974874,0.263947371285281,"2.5th percentile"
35.6765557788945,9.29278994974874,0.269302930223642,"2.5th percentile"
35.7611547738694,9.29278994974874,0.283953049455885,"2.5th percentile"
35.8457537688442,9.29278994974874,0.297393953979798,"2.5th percentile"
35.9303527638191,9.29278994974874,0.326970259546172,"2.5th percentile"
36.014951758794,9.29278994974874,0.316488921958011,"2.5th percentile"
36.0995507537688,9.29278994974874,0.327420571627779,"2.5th percentile"
36.1841497487437,9.29278994974874,0.295252968076876,"2.5th percentile"
36.2687487437186,9.29278994974874,0.287839060888325,"2.5th percentile"
36.3533477386935,9.29278994974874,0.310601955185054,"2.5th percentile"
36.4379467336683,9.29278994974874,0.303956107098526,"2.5th percentile"
36.5225457286432,9.29278994974874,0.319177362166189,"2.5th percentile"
36.6071447236181,9.29278994974874,0.295366273045524,"2.5th percentile"
36.691743718593,9.29278994974874,0.303382659181575,"2.5th percentile"
36.7763427135678,9.29278994974874,0.292697678333071,"2.5th percentile"
36.8609417085427,9.29278994974874,0.314579870060862,"2.5th percentile"
36.9455407035176,9.29278994974874,0.312428667903622,"2.5th percentile"
37.0301396984925,9.29278994974874,0.287520007336896,"2.5th percentile"
37.1147386934673,9.29278994974874,0.318398333456573,"2.5th percentile"
37.1993376884422,9.29278994974874,0.347263650312252,"2.5th percentile"
37.2839366834171,9.29278994974874,0.318387861976475,"2.5th percentile"
37.368535678392,9.29278994974874,0.307714499882114,"2.5th percentile"
37.4531346733668,9.29278994974874,0.358355969319971,"2.5th percentile"
37.5377336683417,9.29278994974874,0.371594168393311,"2.5th percentile"
37.6223326633166,9.29278994974874,0.371969027823361,"2.5th percentile"
37.7069316582915,9.29278994974874,0.385028412651427,"2.5th percentile"
37.7915306532663,9.29278994974874,0.370852686329283,"2.5th percentile"
37.8761296482412,9.29278994974874,0.378631449156046,"2.5th percentile"
37.9607286432161,9.29278994974874,0.356933744319058,"2.5th percentile"
38.045327638191,9.29278994974874,0.337281546890247,"2.5th percentile"
38.1299266331658,9.29278994974874,0.347719896578393,"2.5th percentile"
38.2145256281407,9.29278994974874,0.381071431235133,"2.5th percentile"
38.2991246231156,9.29278994974874,0.367129390533231,"2.5th percentile"
38.3837236180904,9.29278994974874,0.382506712209411,"2.5th percentile"
38.4683226130653,9.29278994974874,0.397493405005288,"2.5th percentile"
38.5529216080402,9.29278994974874,0.44205902524051,"2.5th percentile"
38.6375206030151,9.29278994974874,0.428412477101487,"2.5th percentile"
38.72211959799,9.29278994974874,0.425175452761451,"2.5th percentile"
38.8067185929648,9.29278994974874,0.398690411026252,"2.5th percentile"
38.8913175879397,9.29278994974874,0.456966493248138,"2.5th percentile"
38.9759165829146,9.29278994974874,0.409085591191126,"2.5th percentile"
39.0605155778894,9.29278994974874,0.411836308355607,"2.5th percentile"
39.1451145728643,9.29278994974874,0.389289427386684,"2.5th percentile"
39.2297135678392,9.29278994974874,0.387592153260631,"2.5th percentile"
39.3143125628141,9.29278994974874,0.422671081531193,"2.5th percentile"
39.3989115577889,9.29278994974874,0.429268949437021,"2.5th percentile"
39.4835105527638,9.29278994974874,0.456446305556939,"2.5th percentile"
39.5681095477387,9.29278994974874,0.384921255223706,"2.5th percentile"
39.6527085427136,9.29278994974874,0.399691211054976,"2.5th percentile"
39.7373075376884,9.29278994974874,0.41734637307477,"2.5th percentile"
39.8219065326633,9.29278994974874,0.416913776256578,"2.5th percentile"
39.9065055276382,9.29278994974874,0.423948380324166,"2.5th percentile"
39.9911045226131,9.29278994974874,0.392603255831948,"2.5th percentile"
40.0757035175879,9.29278994974874,0.35394985719738,"2.5th percentile"
40.1603025125628,9.29278994974874,0.392653147302241,"2.5th percentile"
40.2449015075377,9.29278994974874,0.445254727889804,"2.5th percentile"
40.3295005025126,9.29278994974874,0.470759786278191,"2.5th percentile"
40.4140994974874,9.29278994974874,0.467617394973071,"2.5th percentile"
40.4986984924623,9.29278994974874,0.342492309950978,"2.5th percentile"
40.5832974874372,9.29278994974874,0.247208631636532,"2.5th percentile"
40.6678964824121,9.29278994974874,0.170025862263891,"2.5th percentile"
40.7524954773869,9.29278994974874,0.129932811280401,"2.5th percentile"
40.8370944723618,9.29278994974874,0.0834095127631161,"2.5th percentile"
40.9216934673367,9.29278994974874,0.0553240336019857,"2.5th percentile"
41.0062924623116,9.29278994974874,0.0287557016373173,"2.5th percentile"
41.0908914572864,9.29278994974874,0.0167669078254613,"2.5th percentile"
41.1754904522613,9.29278994974874,0.0113781188609946,"2.5th percentile"
41.2600894472362,9.29278994974874,0.00731616331548403,"2.5th percentile"
41.344688442211,9.29278994974874,0.0045905048473618,"2.5th percentile"
41.4292874371859,9.29278994974874,0.00310354690211597,"2.5th percentile"
41.5138864321608,9.29278994974874,0.00205055956374546,"2.5th percentile"
41.5984854271357,9.29278994974874,0.00141030382318464,"2.5th percentile"
41.6830844221106,9.29278994974874,0.000821847782259128,"2.5th percentile"
41.7676834170854,9.29278994974874,0.000561557589216682,"2.5th percentile"
41.8522824120603,9.29278994974874,0.00043423318938446,"2.5th percentile"
41.9368814070352,9.29278994974874,0.000317089882631918,"2.5th percentile"
42.02148040201,9.29278994974874,0.000187352021320584,"2.5th percentile"
42.1060793969849,9.29278994974874,0.000120353376271957,"2.5th percentile"
42.1906783919598,9.29278994974874,8.5996026074132e-05,"2.5th percentile"
42.2752773869347,9.29278994974874,6.11489289460853e-05,"2.5th percentile"
42.3598763819095,9.29278994974874,3.60704060544252e-05,"2.5th percentile"
42.4444753768844,9.29278994974874,2.31401732646977e-05,"2.5th percentile"
42.5290743718593,9.29278994974874,1.56962447708641e-05,"2.5th percentile"
42.6136733668342,9.29278994974874,1.17260567554502e-05,"2.5th percentile"
42.698272361809,9.29278994974874,8.80231403790605e-06,"2.5th percentile"
42.7828713567839,9.29278994974874,5.45748043201103e-06,"2.5th percentile"
42.8674703517588,9.29278994974874,3.30380524613447e-06,"2.5th percentile"
42.9520693467337,9.29278994974874,2.21967632213757e-06,"2.5th percentile"
43.0366683417085,9.29278994974874,1.47177894526067e-06,"2.5th percentile"
43.1212673366834,9.29278994974874,9.25989663781883e-07,"2.5th percentile"
43.2058663316583,9.29278994974874,7.5362404121381e-07,"2.5th percentile"
43.2904653266332,9.29278994974874,5.04348233765065e-07,"2.5th percentile"
43.375064321608,9.29278994974874,2.85184337212062e-07,"2.5th percentile"
43.4596633165829,9.29278994974874,2.13354026287313e-07,"2.5th percentile"
43.5442623115578,9.29278994974874,1.41529007789699e-07,"2.5th percentile"
33.984575879397,9.36081658291457,0.59396674502811,"2.5th percentile"
34.0691748743719,9.36081658291457,0.575350132182202,"2.5th percentile"
34.1537738693467,9.36081658291457,0.532519339637906,"2.5th percentile"
34.2383728643216,9.36081658291457,0.514612694781271,"2.5th percentile"
34.3229718592965,9.36081658291457,0.497071480097693,"2.5th percentile"
34.4075708542714,9.36081658291457,0.488854296941248,"2.5th percentile"
34.4921698492462,9.36081658291457,0.432468770449452,"2.5th percentile"
34.5767688442211,9.36081658291457,0.402737289378447,"2.5th percentile"
34.661367839196,9.36081658291457,0.384046928280684,"2.5th percentile"
34.7459668341709,9.36081658291457,0.368321008106774,"2.5th percentile"
34.8305658291457,9.36081658291457,0.370794840065275,"2.5th percentile"
34.9151648241206,9.36081658291457,0.359442116798807,"2.5th percentile"
34.9997638190955,9.36081658291457,0.352896130949321,"2.5th percentile"
35.0843628140704,9.36081658291457,0.292532213087336,"2.5th percentile"
35.1689618090452,9.36081658291457,0.293302947505348,"2.5th percentile"
35.2535608040201,9.36081658291457,0.265694120134386,"2.5th percentile"
35.338159798995,9.36081658291457,0.256828227584749,"2.5th percentile"
35.4227587939698,9.36081658291457,0.259810445549579,"2.5th percentile"
35.5073577889447,9.36081658291457,0.267404195334722,"2.5th percentile"
35.5919567839196,9.36081658291457,0.261351356912573,"2.5th percentile"
35.6765557788945,9.36081658291457,0.273300133696411,"2.5th percentile"
35.7611547738694,9.36081658291457,0.313457695657532,"2.5th percentile"
35.8457537688442,9.36081658291457,0.310069211342212,"2.5th percentile"
35.9303527638191,9.36081658291457,0.317603926155792,"2.5th percentile"
36.014951758794,9.36081658291457,0.313288735977877,"2.5th percentile"
36.0995507537688,9.36081658291457,0.349450043926433,"2.5th percentile"
36.1841497487437,9.36081658291457,0.311004992179949,"2.5th percentile"
36.2687487437186,9.36081658291457,0.312183224400829,"2.5th percentile"
36.3533477386935,9.36081658291457,0.31451150925241,"2.5th percentile"
36.4379467336683,9.36081658291457,0.31614207495094,"2.5th percentile"
36.5225457286432,9.36081658291457,0.274169147157458,"2.5th percentile"
36.6071447236181,9.36081658291457,0.292386853819082,"2.5th percentile"
36.691743718593,9.36081658291457,0.287235237992281,"2.5th percentile"
36.7763427135678,9.36081658291457,0.32542441166714,"2.5th percentile"
36.8609417085427,9.36081658291457,0.33658508890886,"2.5th percentile"
36.9455407035176,9.36081658291457,0.344044791047221,"2.5th percentile"
37.0301396984925,9.36081658291457,0.330945953846179,"2.5th percentile"
37.1147386934673,9.36081658291457,0.345706892912214,"2.5th percentile"
37.1993376884422,9.36081658291457,0.348048437319066,"2.5th percentile"
37.2839366834171,9.36081658291457,0.340153283065087,"2.5th percentile"
37.368535678392,9.36081658291457,0.33475376909477,"2.5th percentile"
37.4531346733668,9.36081658291457,0.338338487025345,"2.5th percentile"
37.5377336683417,9.36081658291457,0.363850735624529,"2.5th percentile"
37.6223326633166,9.36081658291457,0.376909396109186,"2.5th percentile"
37.7069316582915,9.36081658291457,0.378603993129549,"2.5th percentile"
37.7915306532663,9.36081658291457,0.370733439528927,"2.5th percentile"
37.8761296482412,9.36081658291457,0.352768906426608,"2.5th percentile"
37.9607286432161,9.36081658291457,0.351568021553952,"2.5th percentile"
38.045327638191,9.36081658291457,0.338389545447868,"2.5th percentile"
38.1299266331658,9.36081658291457,0.392359653048804,"2.5th percentile"
38.2145256281407,9.36081658291457,0.375049569667147,"2.5th percentile"
38.2991246231156,9.36081658291457,0.35630083456033,"2.5th percentile"
38.3837236180904,9.36081658291457,0.39403063390407,"2.5th percentile"
38.4683226130653,9.36081658291457,0.406225958680155,"2.5th percentile"
38.5529216080402,9.36081658291457,0.415422445542188,"2.5th percentile"
38.6375206030151,9.36081658291457,0.437033233395587,"2.5th percentile"
38.72211959799,9.36081658291457,0.42673995105526,"2.5th percentile"
38.8067185929648,9.36081658291457,0.402181339237894,"2.5th percentile"
38.8913175879397,9.36081658291457,0.417083343660432,"2.5th percentile"
38.9759165829146,9.36081658291457,0.421670443261019,"2.5th percentile"
39.0605155778894,9.36081658291457,0.398300902404319,"2.5th percentile"
39.1451145728643,9.36081658291457,0.421331614681578,"2.5th percentile"
39.2297135678392,9.36081658291457,0.410496536996449,"2.5th percentile"
39.3143125628141,9.36081658291457,0.400676909145073,"2.5th percentile"
39.3989115577889,9.36081658291457,0.414864851805998,"2.5th percentile"
39.4835105527638,9.36081658291457,0.408929164999151,"2.5th percentile"
39.5681095477387,9.36081658291457,0.39878239987644,"2.5th percentile"
39.6527085427136,9.36081658291457,0.393765085436031,"2.5th percentile"
39.7373075376884,9.36081658291457,0.412614228722683,"2.5th percentile"
39.8219065326633,9.36081658291457,0.433782956983786,"2.5th percentile"
39.9065055276382,9.36081658291457,0.447941160137736,"2.5th percentile"
39.9911045226131,9.36081658291457,0.422330770134634,"2.5th percentile"
40.0757035175879,9.36081658291457,0.378060213135457,"2.5th percentile"
40.1603025125628,9.36081658291457,0.383834346119675,"2.5th percentile"
40.2449015075377,9.36081658291457,0.47652726073714,"2.5th percentile"
40.3295005025126,9.36081658291457,0.476816831089699,"2.5th percentile"
40.4140994974874,9.36081658291457,0.476529777616886,"2.5th percentile"
40.4986984924623,9.36081658291457,0.360622010955397,"2.5th percentile"
40.5832974874372,9.36081658291457,0.26393826410647,"2.5th percentile"
40.6678964824121,9.36081658291457,0.177475785308526,"2.5th percentile"
40.7524954773869,9.36081658291457,0.121855708225289,"2.5th percentile"
40.8370944723618,9.36081658291457,0.0832162958394074,"2.5th percentile"
40.9216934673367,9.36081658291457,0.0555621945686138,"2.5th percentile"
41.0062924623116,9.36081658291457,0.033272846292049,"2.5th percentile"
41.0908914572864,9.36081658291457,0.0201958663398713,"2.5th percentile"
41.1754904522613,9.36081658291457,0.01248791931469,"2.5th percentile"
41.2600894472362,9.36081658291457,0.00662137188848477,"2.5th percentile"
41.344688442211,9.36081658291457,0.00438104692472152,"2.5th percentile"
41.4292874371859,9.36081658291457,0.00272789364069591,"2.5th percentile"
41.5138864321608,9.36081658291457,0.00173591488906347,"2.5th percentile"
41.5984854271357,9.36081658291457,0.0011671010826452,"2.5th percentile"
41.6830844221106,9.36081658291457,0.000679585010555879,"2.5th percentile"
41.7676834170854,9.36081658291457,0.000376299358138994,"2.5th percentile"
41.8522824120603,9.36081658291457,0.000239989251724124,"2.5th percentile"
41.9368814070352,9.36081658291457,0.00026445962836043,"2.5th percentile"
42.02148040201,9.36081658291457,0.000173133947635344,"2.5th percentile"
42.1060793969849,9.36081658291457,0.000124878796431489,"2.5th percentile"
42.1906783919598,9.36081658291457,9.05580460586778e-05,"2.5th percentile"
42.2752773869347,9.36081658291457,4.721204748029e-05,"2.5th percentile"
42.3598763819095,9.36081658291457,3.25129470765143e-05,"2.5th percentile"
42.4444753768844,9.36081658291457,2.38783137439517e-05,"2.5th percentile"
42.5290743718593,9.36081658291457,1.61208038645093e-05,"2.5th percentile"
42.6136733668342,9.36081658291457,1.1066358651113e-05,"2.5th percentile"
42.698272361809,9.36081658291457,7.52163552788048e-06,"2.5th percentile"
42.7828713567839,9.36081658291457,4.79858759145829e-06,"2.5th percentile"
42.8674703517588,9.36081658291457,3.84786354567563e-06,"2.5th percentile"
42.9520693467337,9.36081658291457,2.36657839743561e-06,"2.5th percentile"
43.0366683417085,9.36081658291457,1.31907802339925e-06,"2.5th percentile"
43.1212673366834,9.36081658291457,8.82148033714765e-07,"2.5th percentile"
43.2058663316583,9.36081658291457,6.95399002503695e-07,"2.5th percentile"
43.2904653266332,9.36081658291457,4.87620187593071e-07,"2.5th percentile"
43.375064321608,9.36081658291457,3.33422200335667e-07,"2.5th percentile"
43.4596633165829,9.36081658291457,2.02346079543033e-07,"2.5th percentile"
33.984575879397,9.4288432160804,0.580492527466981,"2.5th percentile"
34.0691748743719,9.4288432160804,0.560422389430355,"2.5th percentile"
34.1537738693467,9.4288432160804,0.54284494382099,"2.5th percentile"
34.2383728643216,9.4288432160804,0.525298370431818,"2.5th percentile"
34.3229718592965,9.4288432160804,0.559419459776879,"2.5th percentile"
34.4075708542714,9.4288432160804,0.479656840502158,"2.5th percentile"
34.4921698492462,9.4288432160804,0.444811768860644,"2.5th percentile"
34.5767688442211,9.4288432160804,0.421937803385825,"2.5th percentile"
34.661367839196,9.4288432160804,0.406280254197263,"2.5th percentile"
34.7459668341709,9.4288432160804,0.390742163753113,"2.5th percentile"
34.8305658291457,9.4288432160804,0.395209843519279,"2.5th percentile"
34.9151648241206,9.4288432160804,0.402628362359428,"2.5th percentile"
34.9997638190955,9.4288432160804,0.338040994116338,"2.5th percentile"
35.0843628140704,9.4288432160804,0.314411365753021,"2.5th percentile"
35.1689618090452,9.4288432160804,0.294619067576133,"2.5th percentile"
35.2535608040201,9.4288432160804,0.285903724336566,"2.5th percentile"
35.338159798995,9.4288432160804,0.248195876789801,"2.5th percentile"
35.4227587939698,9.4288432160804,0.247182840037013,"2.5th percentile"
35.5073577889447,9.4288432160804,0.25877357328894,"2.5th percentile"
35.5919567839196,9.4288432160804,0.269195331032215,"2.5th percentile"
35.6765557788945,9.4288432160804,0.295180468342211,"2.5th percentile"
35.7611547738694,9.4288432160804,0.312928785055109,"2.5th percentile"
35.8457537688442,9.4288432160804,0.305063897620475,"2.5th percentile"
35.9303527638191,9.4288432160804,0.301961157279816,"2.5th percentile"
36.014951758794,9.4288432160804,0.329924907590222,"2.5th percentile"
36.0995507537688,9.4288432160804,0.333883210706639,"2.5th percentile"
36.1841497487437,9.4288432160804,0.339848956817509,"2.5th percentile"
36.2687487437186,9.4288432160804,0.348240653092639,"2.5th percentile"
36.3533477386935,9.4288432160804,0.361871446157996,"2.5th percentile"
36.4379467336683,9.4288432160804,0.324516413381874,"2.5th percentile"
36.5225457286432,9.4288432160804,0.280175190995567,"2.5th percentile"
36.6071447236181,9.4288432160804,0.276618835003811,"2.5th percentile"
36.691743718593,9.4288432160804,0.302560324377211,"2.5th percentile"
36.7763427135678,9.4288432160804,0.317112314474907,"2.5th percentile"
36.8609417085427,9.4288432160804,0.352303441535661,"2.5th percentile"
36.9455407035176,9.4288432160804,0.34783354037013,"2.5th percentile"
37.0301396984925,9.4288432160804,0.342490776918122,"2.5th percentile"
37.1147386934673,9.4288432160804,0.34493491680251,"2.5th percentile"
37.1993376884422,9.4288432160804,0.448175846113119,"2.5th percentile"
37.2839366834171,9.4288432160804,0.335824063128208,"2.5th percentile"
37.368535678392,9.4288432160804,0.329335450842263,"2.5th percentile"
37.4531346733668,9.4288432160804,0.318942237711389,"2.5th percentile"
37.5377336683417,9.4288432160804,0.359360914030144,"2.5th percentile"
37.6223326633166,9.4288432160804,0.38386446786074,"2.5th percentile"
37.7069316582915,9.4288432160804,0.377956969390763,"2.5th percentile"
37.7915306532663,9.4288432160804,0.384363864505815,"2.5th percentile"
37.8761296482412,9.4288432160804,0.3739569932446,"2.5th percentile"
37.9607286432161,9.4288432160804,0.393477215692016,"2.5th percentile"
38.045327638191,9.4288432160804,0.378748831037785,"2.5th percentile"
38.1299266331658,9.4288432160804,0.414635282421224,"2.5th percentile"
38.2145256281407,9.4288432160804,0.380405871555968,"2.5th percentile"
38.2991246231156,9.4288432160804,0.364033019732945,"2.5th percentile"
38.3837236180904,9.4288432160804,0.380309410784188,"2.5th percentile"
38.4683226130653,9.4288432160804,0.439793329063951,"2.5th percentile"
38.5529216080402,9.4288432160804,0.414050239519878,"2.5th percentile"
38.6375206030151,9.4288432160804,0.428859368344229,"2.5th percentile"
38.72211959799,9.4288432160804,0.482431379332072,"2.5th percentile"
38.8067185929648,9.4288432160804,0.418304468739691,"2.5th percentile"
38.8913175879397,9.4288432160804,0.40283532962883,"2.5th percentile"
38.9759165829146,9.4288432160804,0.418302695505524,"2.5th percentile"
39.0605155778894,9.4288432160804,0.388305050728773,"2.5th percentile"
39.1451145728643,9.4288432160804,0.404169982264294,"2.5th percentile"
39.2297135678392,9.4288432160804,0.413014643177421,"2.5th percentile"
39.3143125628141,9.4288432160804,0.412308804937858,"2.5th percentile"
39.3989115577889,9.4288432160804,0.399881327568926,"2.5th percentile"
39.4835105527638,9.4288432160804,0.406093129806128,"2.5th percentile"
39.5681095477387,9.4288432160804,0.406002090223089,"2.5th percentile"
39.6527085427136,9.4288432160804,0.414272311945288,"2.5th percentile"
39.7373075376884,9.4288432160804,0.420593662366921,"2.5th percentile"
39.8219065326633,9.4288432160804,0.423540569535971,"2.5th percentile"
39.9065055276382,9.4288432160804,0.429785286854353,"2.5th percentile"
39.9911045226131,9.4288432160804,0.46197144078129,"2.5th percentile"
40.0757035175879,9.4288432160804,0.400948480708265,"2.5th percentile"
40.1603025125628,9.4288432160804,0.392758539583283,"2.5th percentile"
40.2449015075377,9.4288432160804,0.405229736324215,"2.5th percentile"
40.3295005025126,9.4288432160804,0.410059384743941,"2.5th percentile"
40.4140994974874,9.4288432160804,0.476958661163009,"2.5th percentile"
40.4986984924623,9.4288432160804,0.38410980603817,"2.5th percentile"
40.5832974874372,9.4288432160804,0.306473381321516,"2.5th percentile"
40.6678964824121,9.4288432160804,0.176495626096881,"2.5th percentile"
40.7524954773869,9.4288432160804,0.12546970420047,"2.5th percentile"
40.8370944723618,9.4288432160804,0.0830228473527907,"2.5th percentile"
40.9216934673367,9.4288432160804,0.0566761596218365,"2.5th percentile"
41.0062924623116,9.4288432160804,0.0376894675219975,"2.5th percentile"
41.0908914572864,9.4288432160804,0.0248222199149,"2.5th percentile"
41.1754904522613,9.4288432160804,0.0143097434180648,"2.5th percentile"
41.2600894472362,9.4288432160804,0.00811409606826709,"2.5th percentile"
41.344688442211,9.4288432160804,0.00533905789334233,"2.5th percentile"
41.4292874371859,9.4288432160804,0.0036170695398976,"2.5th percentile"
41.5138864321608,9.4288432160804,0.0020859688367754,"2.5th percentile"
41.5984854271357,9.4288432160804,0.00127724033136423,"2.5th percentile"
41.6830844221106,9.4288432160804,0.000864823949842589,"2.5th percentile"
41.7676834170854,9.4288432160804,0.000437155910190638,"2.5th percentile"
41.8522824120603,9.4288432160804,0.000283051305251846,"2.5th percentile"
41.9368814070352,9.4288432160804,0.000274687331280922,"2.5th percentile"
42.02148040201,9.4288432160804,0.000176733782474452,"2.5th percentile"
42.1060793969849,9.4288432160804,0.000154764157190751,"2.5th percentile"
42.1906783919598,9.4288432160804,8.23823843207662e-05,"2.5th percentile"
42.2752773869347,9.4288432160804,3.70071621825108e-05,"2.5th percentile"
42.3598763819095,9.4288432160804,3.01113710570473e-05,"2.5th percentile"
42.4444753768844,9.4288432160804,2.30002812570836e-05,"2.5th percentile"
42.5290743718593,9.4288432160804,1.65203753965532e-05,"2.5th percentile"
42.6136733668342,9.4288432160804,1.09380607329059e-05,"2.5th percentile"
42.698272361809,9.4288432160804,9.58715721261985e-06,"2.5th percentile"
42.7828713567839,9.4288432160804,5.04365155890705e-06,"2.5th percentile"
42.8674703517588,9.4288432160804,3.12858233076439e-06,"2.5th percentile"
42.9520693467337,9.4288432160804,1.96923193071758e-06,"2.5th percentile"
43.0366683417085,9.4288432160804,1.40424266026515e-06,"2.5th percentile"
43.1212673366834,9.4288432160804,9.80572252682778e-07,"2.5th percentile"
43.2058663316583,9.4288432160804,7.65008995969573e-07,"2.5th percentile"
43.2904653266332,9.4288432160804,5.00979941597345e-07,"2.5th percentile"
43.375064321608,9.4288432160804,3.2101604895551e-07,"2.5th percentile"
33.984575879397,9.49686984924623,0.596343853521564,"2.5th percentile"
34.0691748743719,9.49686984924623,0.571019718293825,"2.5th percentile"
34.1537738693467,9.49686984924623,0.547597100062705,"2.5th percentile"
34.2383728643216,9.49686984924623,0.558569384806584,"2.5th percentile"
34.3229718592965,9.49686984924623,0.509055576218482,"2.5th percentile"
34.4075708542714,9.49686984924623,0.486020680523872,"2.5th percentile"
34.4921698492462,9.49686984924623,0.461716474590801,"2.5th percentile"
34.5767688442211,9.49686984924623,0.429283637941041,"2.5th percentile"
34.661367839196,9.49686984924623,0.402343650581574,"2.5th percentile"
34.7459668341709,9.49686984924623,0.396611434509182,"2.5th percentile"
34.8305658291457,9.49686984924623,0.386990588583689,"2.5th percentile"
34.9151648241206,9.49686984924623,0.392909712735105,"2.5th percentile"
34.9997638190955,9.49686984924623,0.384019640050854,"2.5th percentile"
35.0843628140704,9.49686984924623,0.333911349875962,"2.5th percentile"
35.1689618090452,9.49686984924623,0.296868605188765,"2.5th percentile"
35.2535608040201,9.49686984924623,0.288613015596516,"2.5th percentile"
35.338159798995,9.49686984924623,0.263690497033619,"2.5th percentile"
35.4227587939698,9.49686984924623,0.26097741940725,"2.5th percentile"
35.5073577889447,9.49686984924623,0.252760283307646,"2.5th percentile"
35.5919567839196,9.49686984924623,0.276618231834019,"2.5th percentile"
35.6765557788945,9.49686984924623,0.279981079420005,"2.5th percentile"
35.7611547738694,9.49686984924623,0.294198479389549,"2.5th percentile"
35.8457537688442,9.49686984924623,0.330613026640036,"2.5th percentile"
35.9303527638191,9.49686984924623,0.311762103892753,"2.5th percentile"
36.014951758794,9.49686984924623,0.30416932035313,"2.5th percentile"
36.0995507537688,9.49686984924623,0.32850319274466,"2.5th percentile"
36.1841497487437,9.49686984924623,0.33984184601365,"2.5th percentile"
36.2687487437186,9.49686984924623,0.314333539837989,"2.5th percentile"
36.3533477386935,9.49686984924623,0.324056077627499,"2.5th percentile"
36.4379467336683,9.49686984924623,0.305624461944097,"2.5th percentile"
36.5225457286432,9.49686984924623,0.275241916028353,"2.5th percentile"
36.6071447236181,9.49686984924623,0.273023212524362,"2.5th percentile"
36.691743718593,9.49686984924623,0.312509272971137,"2.5th percentile"
36.7763427135678,9.49686984924623,0.326977939683349,"2.5th percentile"
36.8609417085427,9.49686984924623,0.349695730375333,"2.5th percentile"
36.9455407035176,9.49686984924623,0.34431845651129,"2.5th percentile"
37.0301396984925,9.49686984924623,0.330333066146124,"2.5th percentile"
37.1147386934673,9.49686984924623,0.344518058366838,"2.5th percentile"
37.1993376884422,9.49686984924623,0.483057854497244,"2.5th percentile"
37.2839366834171,9.49686984924623,0.340038840724024,"2.5th percentile"
37.368535678392,9.49686984924623,0.331762092651814,"2.5th percentile"
37.4531346733668,9.49686984924623,0.321073748101483,"2.5th percentile"
37.5377336683417,9.49686984924623,0.358030566575116,"2.5th percentile"
37.6223326633166,9.49686984924623,0.396390027706483,"2.5th percentile"
37.7069316582915,9.49686984924623,0.383372491847048,"2.5th percentile"
37.7915306532663,9.49686984924623,0.391336130881502,"2.5th percentile"
37.8761296482412,9.49686984924623,0.375858079061033,"2.5th percentile"
37.9607286432161,9.49686984924623,0.355204083756324,"2.5th percentile"
38.045327638191,9.49686984924623,0.374212547736996,"2.5th percentile"
38.1299266331658,9.49686984924623,0.409338182872611,"2.5th percentile"
38.2145256281407,9.49686984924623,0.377821835568215,"2.5th percentile"
38.2991246231156,9.49686984924623,0.346406667639028,"2.5th percentile"
38.3837236180904,9.49686984924623,0.378288572757555,"2.5th percentile"
38.4683226130653,9.49686984924623,0.439298007679327,"2.5th percentile"
38.5529216080402,9.49686984924623,0.431161926628981,"2.5th percentile"
38.6375206030151,9.49686984924623,0.424496510847195,"2.5th percentile"
38.72211959799,9.49686984924623,0.474916471031783,"2.5th percentile"
38.8067185929648,9.49686984924623,0.416015879591879,"2.5th percentile"
38.8913175879397,9.49686984924623,0.411478956143003,"2.5th percentile"
38.9759165829146,9.49686984924623,0.415489640080102,"2.5th percentile"
39.0605155778894,9.49686984924623,0.401461063457154,"2.5th percentile"
39.1451145728643,9.49686984924623,0.416941470111304,"2.5th percentile"
39.2297135678392,9.49686984924623,0.421097925539788,"2.5th percentile"
39.3143125628141,9.49686984924623,0.42087083573788,"2.5th percentile"
39.3989115577889,9.49686984924623,0.41302874403104,"2.5th percentile"
39.4835105527638,9.49686984924623,0.401735662780591,"2.5th percentile"
39.5681095477387,9.49686984924623,0.41695340206851,"2.5th percentile"
39.6527085427136,9.49686984924623,0.424532859284624,"2.5th percentile"
39.7373075376884,9.49686984924623,0.430204623868703,"2.5th percentile"
39.8219065326633,9.49686984924623,0.422722185693049,"2.5th percentile"
39.9065055276382,9.49686984924623,0.420515647936347,"2.5th percentile"
39.9911045226131,9.49686984924623,0.423843159299156,"2.5th percentile"
40.0757035175879,9.49686984924623,0.439430521729771,"2.5th percentile"
40.1603025125628,9.49686984924623,0.393417370249761,"2.5th percentile"
40.2449015075377,9.49686984924623,0.423676578285628,"2.5th percentile"
40.3295005025126,9.49686984924623,0.450895435937341,"2.5th percentile"
40.4140994974874,9.49686984924623,0.467495229708467,"2.5th percentile"
40.4986984924623,9.49686984924623,0.383649358124507,"2.5th percentile"
40.5832974874372,9.49686984924623,0.303437810738206,"2.5th percentile"
40.6678964824121,9.49686984924623,0.197835326275997,"2.5th percentile"
40.7524954773869,9.49686984924623,0.140436321654756,"2.5th percentile"
40.8370944723618,9.49686984924623,0.0835035923187118,"2.5th percentile"
40.9216934673367,9.49686984924623,0.0571456327230514,"2.5th percentile"
41.0062924623116,9.49686984924623,0.0452639060301319,"2.5th percentile"
41.0908914572864,9.49686984924623,0.0249970459867813,"2.5th percentile"
41.1754904522613,9.49686984924623,0.0159320942147774,"2.5th percentile"
41.2600894472362,9.49686984924623,0.0101936358680546,"2.5th percentile"
41.344688442211,9.49686984924623,0.00535214102644057,"2.5th percentile"
41.4292874371859,9.49686984924623,0.00360071937916777,"2.5th percentile"
41.5138864321608,9.49686984924623,0.00209216032955036,"2.5th percentile"
41.5984854271357,9.49686984924623,0.00127804265650748,"2.5th percentile"
41.6830844221106,9.49686984924623,0.000852843349955948,"2.5th percentile"
41.7676834170854,9.49686984924623,0.00043144835844606,"2.5th percentile"
41.8522824120603,9.49686984924623,0.000297065844406092,"2.5th percentile"
41.9368814070352,9.49686984924623,0.000275086640217831,"2.5th percentile"
42.02148040201,9.49686984924623,0.000178475412357545,"2.5th percentile"
42.1060793969849,9.49686984924623,0.000154171712563886,"2.5th percentile"
42.1906783919598,9.49686984924623,8.28680929505039e-05,"2.5th percentile"
42.2752773869347,9.49686984924623,3.81495476497542e-05,"2.5th percentile"
42.3598763819095,9.49686984924623,3.00452236078244e-05,"2.5th percentile"
42.4444753768844,9.49686984924623,2.3137865886198e-05,"2.5th percentile"
42.5290743718593,9.49686984924623,1.6547636440179e-05,"2.5th percentile"
42.6136733668342,9.49686984924623,1.11408391713822e-05,"2.5th percentile"
42.698272361809,9.49686984924623,7.91244914214564e-06,"2.5th percentile"
42.7828713567839,9.49686984924623,5.08780166856198e-06,"2.5th percentile"
42.8674703517588,9.49686984924623,3.06976993602599e-06,"2.5th percentile"
42.9520693467337,9.49686984924623,2.01935896050475e-06,"2.5th percentile"
43.0366683417085,9.49686984924623,1.31463568065224e-06,"2.5th percentile"
43.1212673366834,9.49686984924623,9.23321290356299e-07,"2.5th percentile"
43.2058663316583,9.49686984924623,7.7402595510068e-07,"2.5th percentile"
43.2904653266332,9.49686984924623,4.92452348198371e-07,"2.5th percentile"
33.984575879397,9.56489648241206,0.59443429720075,"2.5th percentile"
34.0691748743719,9.56489648241206,0.575230227808024,"2.5th percentile"
34.1537738693467,9.56489648241206,0.580266896428172,"2.5th percentile"
34.2383728643216,9.56489648241206,0.540903636403598,"2.5th percentile"
34.3229718592965,9.56489648241206,0.564661680878733,"2.5th percentile"
34.4075708542714,9.56489648241206,0.553702101420764,"2.5th percentile"
34.4921698492462,9.56489648241206,0.487024279929147,"2.5th percentile"
34.5767688442211,9.56489648241206,0.44251388698785,"2.5th percentile"
34.661367839196,9.56489648241206,0.439002548236437,"2.5th percentile"
34.7459668341709,9.56489648241206,0.459414367811001,"2.5th percentile"
34.8305658291457,9.56489648241206,0.42742837343275,"2.5th percentile"
34.9151648241206,9.56489648241206,0.384126979148565,"2.5th percentile"
34.9997638190955,9.56489648241206,0.370240000029946,"2.5th percentile"
35.0843628140704,9.56489648241206,0.331374510465508,"2.5th percentile"
35.1689618090452,9.56489648241206,0.311219435848386,"2.5th percentile"
35.2535608040201,9.56489648241206,0.312065265918033,"2.5th percentile"
35.338159798995,9.56489648241206,0.280154550721365,"2.5th percentile"
35.4227587939698,9.56489648241206,0.265920765125003,"2.5th percentile"
35.5073577889447,9.56489648241206,0.255894242751812,"2.5th percentile"
35.5919567839196,9.56489648241206,0.268258716417852,"2.5th percentile"
35.6765557788945,9.56489648241206,0.302557389279101,"2.5th percentile"
35.7611547738694,9.56489648241206,0.30919563033069,"2.5th percentile"
35.8457537688442,9.56489648241206,0.331234284496759,"2.5th percentile"
35.9303527638191,9.56489648241206,0.329532060629229,"2.5th percentile"
36.014951758794,9.56489648241206,0.331229133341183,"2.5th percentile"
36.0995507537688,9.56489648241206,0.312301217497416,"2.5th percentile"
36.1841497487437,9.56489648241206,0.356516557549239,"2.5th percentile"
36.2687487437186,9.56489648241206,0.346619172154216,"2.5th percentile"
36.3533477386935,9.56489648241206,0.351955879226308,"2.5th percentile"
36.4379467336683,9.56489648241206,0.289474675614998,"2.5th percentile"
36.5225457286432,9.56489648241206,0.286435711831827,"2.5th percentile"
36.6071447236181,9.56489648241206,0.287165486370742,"2.5th percentile"
36.691743718593,9.56489648241206,0.306348204361053,"2.5th percentile"
36.7763427135678,9.56489648241206,0.326276232213437,"2.5th percentile"
36.8609417085427,9.56489648241206,0.34481535306823,"2.5th percentile"
36.9455407035176,9.56489648241206,0.334335104913228,"2.5th percentile"
37.0301396984925,9.56489648241206,0.335304027957068,"2.5th percentile"
37.1147386934673,9.56489648241206,0.352910817734234,"2.5th percentile"
37.1993376884422,9.56489648241206,0.369091158830903,"2.5th percentile"
37.2839366834171,9.56489648241206,0.464278626486666,"2.5th percentile"
37.368535678392,9.56489648241206,0.330817071018266,"2.5th percentile"
37.4531346733668,9.56489648241206,0.334570280957377,"2.5th percentile"
37.5377336683417,9.56489648241206,0.347927028050785,"2.5th percentile"
37.6223326633166,9.56489648241206,0.395473354120258,"2.5th percentile"
37.7069316582915,9.56489648241206,0.362369086349757,"2.5th percentile"
37.7915306532663,9.56489648241206,0.341176828912009,"2.5th percentile"
37.8761296482412,9.56489648241206,0.353008412076359,"2.5th percentile"
37.9607286432161,9.56489648241206,0.346944046528645,"2.5th percentile"
38.045327638191,9.56489648241206,0.35941093953378,"2.5th percentile"
38.1299266331658,9.56489648241206,0.405159658845925,"2.5th percentile"
38.2145256281407,9.56489648241206,0.384126873844129,"2.5th percentile"
38.2991246231156,9.56489648241206,0.380659709230286,"2.5th percentile"
38.3837236180904,9.56489648241206,0.412391544427839,"2.5th percentile"
38.4683226130653,9.56489648241206,0.443718653186967,"2.5th percentile"
38.5529216080402,9.56489648241206,0.44175376778104,"2.5th percentile"
38.6375206030151,9.56489648241206,0.435935595473627,"2.5th percentile"
38.72211959799,9.56489648241206,0.424776074732302,"2.5th percentile"
38.8067185929648,9.56489648241206,0.397375061736874,"2.5th percentile"
38.8913175879397,9.56489648241206,0.400829042539478,"2.5th percentile"
38.9759165829146,9.56489648241206,0.426506375864294,"2.5th percentile"
39.0605155778894,9.56489648241206,0.421626677300942,"2.5th percentile"
39.1451145728643,9.56489648241206,0.420977186997759,"2.5th percentile"
39.2297135678392,9.56489648241206,0.419724719157711,"2.5th percentile"
39.3143125628141,9.56489648241206,0.418080501082076,"2.5th percentile"
39.3989115577889,9.56489648241206,0.412663795666879,"2.5th percentile"
39.4835105527638,9.56489648241206,0.398589860954052,"2.5th percentile"
39.5681095477387,9.56489648241206,0.408077714401594,"2.5th percentile"
39.6527085427136,9.56489648241206,0.451155595358335,"2.5th percentile"
39.7373075376884,9.56489648241206,0.421493086698486,"2.5th percentile"
39.8219065326633,9.56489648241206,0.410917114299028,"2.5th percentile"
39.9065055276382,9.56489648241206,0.429715976045676,"2.5th percentile"
39.9911045226131,9.56489648241206,0.416767749933908,"2.5th percentile"
40.0757035175879,9.56489648241206,0.448888286836338,"2.5th percentile"
40.1603025125628,9.56489648241206,0.421578483551473,"2.5th percentile"
40.2449015075377,9.56489648241206,0.415235798618302,"2.5th percentile"
40.3295005025126,9.56489648241206,0.408816906469687,"2.5th percentile"
40.4140994974874,9.56489648241206,0.472659484555927,"2.5th percentile"
40.4986984924623,9.56489648241206,0.398760054452347,"2.5th percentile"
40.5832974874372,9.56489648241206,0.279021875360039,"2.5th percentile"
40.6678964824121,9.56489648241206,0.192280518397518,"2.5th percentile"
40.7524954773869,9.56489648241206,0.156331840172001,"2.5th percentile"
40.8370944723618,9.56489648241206,0.0854315478405825,"2.5th percentile"
40.9216934673367,9.56489648241206,0.0585464744222629,"2.5th percentile"
41.0062924623116,9.56489648241206,0.0514003728358453,"2.5th percentile"
41.0908914572864,9.56489648241206,0.0344868466210944,"2.5th percentile"
41.1754904522613,9.56489648241206,0.0187955519433076,"2.5th percentile"
41.2600894472362,9.56489648241206,0.0128998576951311,"2.5th percentile"
41.344688442211,9.56489648241206,0.00895038924278204,"2.5th percentile"
41.4292874371859,9.56489648241206,0.00606993742007427,"2.5th percentile"
41.5138864321608,9.56489648241206,0.00314577196166315,"2.5th percentile"
41.5984854271357,9.56489648241206,0.00202593130763826,"2.5th percentile"
41.6830844221106,9.56489648241206,0.00136888410679667,"2.5th percentile"
41.7676834170854,9.56489648241206,0.000783244250809545,"2.5th percentile"
41.8522824120603,9.56489648241206,0.000583940269929266,"2.5th percentile"
41.9368814070352,9.56489648241206,0.000313125876704892,"2.5th percentile"
42.02148040201,9.56489648241206,0.000204983842300912,"2.5th percentile"
42.1060793969849,9.56489648241206,0.000142640693813269,"2.5th percentile"
42.1906783919598,9.56489648241206,0.000100859775569193,"2.5th percentile"
42.2752773869347,9.56489648241206,4.53692323315495e-05,"2.5th percentile"
42.3598763819095,9.56489648241206,2.94387662348062e-05,"2.5th percentile"
42.4444753768844,9.56489648241206,2.46643172771276e-05,"2.5th percentile"
42.5290743718593,9.56489648241206,1.63530299521097e-05,"2.5th percentile"
42.6136733668342,9.56489648241206,1.12584976611001e-05,"2.5th percentile"
42.698272361809,9.56489648241206,7.34009494076963e-06,"2.5th percentile"
42.7828713567839,9.56489648241206,4.5749721951464e-06,"2.5th percentile"
42.8674703517588,9.56489648241206,3.04593656514807e-06,"2.5th percentile"
42.9520693467337,9.56489648241206,1.9262120850616e-06,"2.5th percentile"
43.0366683417085,9.56489648241206,1.39480357568942e-06,"2.5th percentile"
43.1212673366834,9.56489648241206,9.82939802285778e-07,"2.5th percentile"
43.2058663316583,9.56489648241206,7.93600124001396e-07,"2.5th percentile"
33.984575879397,9.63292311557789,0.606833389347288,"2.5th percentile"
34.0691748743719,9.63292311557789,0.599961080303726,"2.5th percentile"
34.1537738693467,9.63292311557789,0.567016135708415,"2.5th percentile"
34.2383728643216,9.63292311557789,0.554279373256702,"2.5th percentile"
34.3229718592965,9.63292311557789,0.546804325343792,"2.5th percentile"
34.4075708542714,9.63292311557789,0.545527573330695,"2.5th percentile"
34.4921698492462,9.63292311557789,0.50718762709628,"2.5th percentile"
34.5767688442211,9.63292311557789,0.458652854036246,"2.5th percentile"
34.661367839196,9.63292311557789,0.511041753657151,"2.5th percentile"
34.7459668341709,9.63292311557789,0.444434891289244,"2.5th percentile"
34.8305658291457,9.63292311557789,0.439462847094857,"2.5th percentile"
34.9151648241206,9.63292311557789,0.403057650289833,"2.5th percentile"
34.9997638190955,9.63292311557789,0.36758462272707,"2.5th percentile"
35.0843628140704,9.63292311557789,0.348446245957106,"2.5th percentile"
35.1689618090452,9.63292311557789,0.326179536871366,"2.5th percentile"
35.2535608040201,9.63292311557789,0.297495735936178,"2.5th percentile"
35.338159798995,9.63292311557789,0.282073014902217,"2.5th percentile"
35.4227587939698,9.63292311557789,0.260811438925321,"2.5th percentile"
35.5073577889447,9.63292311557789,0.272590569040715,"2.5th percentile"
35.5919567839196,9.63292311557789,0.284045203719746,"2.5th percentile"
35.6765557788945,9.63292311557789,0.290965060405535,"2.5th percentile"
35.7611547738694,9.63292311557789,0.326280637649912,"2.5th percentile"
35.8457537688442,9.63292311557789,0.300564245200189,"2.5th percentile"
35.9303527638191,9.63292311557789,0.314150637272697,"2.5th percentile"
36.014951758794,9.63292311557789,0.319249410328644,"2.5th percentile"
36.0995507537688,9.63292311557789,0.31490089892161,"2.5th percentile"
36.1841497487437,9.63292311557789,0.324437294770565,"2.5th percentile"
36.2687487437186,9.63292311557789,0.313856689451675,"2.5th percentile"
36.3533477386935,9.63292311557789,0.342933611001252,"2.5th percentile"
36.4379467336683,9.63292311557789,0.336709075941296,"2.5th percentile"
36.5225457286432,9.63292311557789,0.317290782970024,"2.5th percentile"
36.6071447236181,9.63292311557789,0.287898420866383,"2.5th percentile"
36.691743718593,9.63292311557789,0.306552535152746,"2.5th percentile"
36.7763427135678,9.63292311557789,0.328142679254993,"2.5th percentile"
36.8609417085427,9.63292311557789,0.346894890768186,"2.5th percentile"
36.9455407035176,9.63292311557789,0.326389412948393,"2.5th percentile"
37.0301396984925,9.63292311557789,0.355237192370512,"2.5th percentile"
37.1147386934673,9.63292311557789,0.355638736017053,"2.5th percentile"
37.1993376884422,9.63292311557789,0.35394114178348,"2.5th percentile"
37.2839366834171,9.63292311557789,0.332967763142859,"2.5th percentile"
37.368535678392,9.63292311557789,0.330293992538754,"2.5th percentile"
37.4531346733668,9.63292311557789,0.364687218669378,"2.5th percentile"
37.5377336683417,9.63292311557789,0.344181290880619,"2.5th percentile"
37.6223326633166,9.63292311557789,0.38085514522388,"2.5th percentile"
37.7069316582915,9.63292311557789,0.349849714546409,"2.5th percentile"
37.7915306532663,9.63292311557789,0.305418706668483,"2.5th percentile"
37.8761296482412,9.63292311557789,0.342550827296435,"2.5th percentile"
37.9607286432161,9.63292311557789,0.318436096692038,"2.5th percentile"
38.045327638191,9.63292311557789,0.360663344105252,"2.5th percentile"
38.1299266331658,9.63292311557789,0.406515222257082,"2.5th percentile"
38.2145256281407,9.63292311557789,0.404580865141864,"2.5th percentile"
38.2991246231156,9.63292311557789,0.39490550558272,"2.5th percentile"
38.3837236180904,9.63292311557789,0.417461672924965,"2.5th percentile"
38.4683226130653,9.63292311557789,0.443033069038179,"2.5th percentile"
38.5529216080402,9.63292311557789,0.420577150237205,"2.5th percentile"
38.6375206030151,9.63292311557789,0.399537106632292,"2.5th percentile"
38.72211959799,9.63292311557789,0.403666364467085,"2.5th percentile"
38.8067185929648,9.63292311557789,0.404058735482184,"2.5th percentile"
38.8913175879397,9.63292311557789,0.409647060067601,"2.5th percentile"
38.9759165829146,9.63292311557789,0.405045377097404,"2.5th percentile"
39.0605155778894,9.63292311557789,0.419614575046619,"2.5th percentile"
39.1451145728643,9.63292311557789,0.459310640686469,"2.5th percentile"
39.2297135678392,9.63292311557789,0.43601768305691,"2.5th percentile"
39.3143125628141,9.63292311557789,0.410402644611551,"2.5th percentile"
39.3989115577889,9.63292311557789,0.440873366790159,"2.5th percentile"
39.4835105527638,9.63292311557789,0.427329972432856,"2.5th percentile"
39.5681095477387,9.63292311557789,0.421628343119112,"2.5th percentile"
39.6527085427136,9.63292311557789,0.436322597862175,"2.5th percentile"
39.7373075376884,9.63292311557789,0.441304503861571,"2.5th percentile"
39.8219065326633,9.63292311557789,0.422631891056628,"2.5th percentile"
39.9065055276382,9.63292311557789,0.42944728890211,"2.5th percentile"
39.9911045226131,9.63292311557789,0.439853448549456,"2.5th percentile"
40.0757035175879,9.63292311557789,0.50036471455353,"2.5th percentile"
40.1603025125628,9.63292311557789,0.498979764944169,"2.5th percentile"
40.2449015075377,9.63292311557789,0.400711247017151,"2.5th percentile"
40.3295005025126,9.63292311557789,0.455469321534138,"2.5th percentile"
40.4140994974874,9.63292311557789,0.425631454088686,"2.5th percentile"
40.4986984924623,9.63292311557789,0.404231737373975,"2.5th percentile"
40.5832974874372,9.63292311557789,0.314934899102808,"2.5th percentile"
40.6678964824121,9.63292311557789,0.225468749083565,"2.5th percentile"
40.7524954773869,9.63292311557789,0.164456406219156,"2.5th percentile"
40.8370944723618,9.63292311557789,0.110443658841017,"2.5th percentile"
40.9216934673367,9.63292311557789,0.0795623854408606,"2.5th percentile"
41.0062924623116,9.63292311557789,0.05252171738662,"2.5th percentile"
41.0908914572864,9.63292311557789,0.0357004827288111,"2.5th percentile"
41.1754904522613,9.63292311557789,0.0217691244617413,"2.5th percentile"
41.2600894472362,9.63292311557789,0.0147459167333127,"2.5th percentile"
41.344688442211,9.63292311557789,0.00960363461579276,"2.5th percentile"
41.4292874371859,9.63292311557789,0.00650064109612056,"2.5th percentile"
41.5138864321608,9.63292311557789,0.00392044213202343,"2.5th percentile"
41.5984854271357,9.63292311557789,0.00272401256866445,"2.5th percentile"
41.6830844221106,9.63292311557789,0.00166849056355761,"2.5th percentile"
41.7676834170854,9.63292311557789,0.000878290804792519,"2.5th percentile"
41.8522824120603,9.63292311557789,0.000529097568477454,"2.5th percentile"
41.9368814070352,9.63292311557789,0.000350852663552187,"2.5th percentile"
42.02148040201,9.63292311557789,0.000218929930982997,"2.5th percentile"
42.1060793969849,9.63292311557789,0.000158914726611964,"2.5th percentile"
42.1906783919598,9.63292311557789,0.000100620167829327,"2.5th percentile"
42.2752773869347,9.63292311557789,5.43213022631875e-05,"2.5th percentile"
42.3598763819095,9.63292311557789,3.53663239474803e-05,"2.5th percentile"
42.4444753768844,9.63292311557789,2.61181959105546e-05,"2.5th percentile"
42.5290743718593,9.63292311557789,1.70518786089089e-05,"2.5th percentile"
42.6136733668342,9.63292311557789,1.12208039203813e-05,"2.5th percentile"
42.698272361809,9.63292311557789,7.28175555015362e-06,"2.5th percentile"
42.7828713567839,9.63292311557789,4.60099348415491e-06,"2.5th percentile"
42.8674703517588,9.63292311557789,2.97270535609746e-06,"2.5th percentile"
42.9520693467337,9.63292311557789,2.02254805826081e-06,"2.5th percentile"
43.0366683417085,9.63292311557789,1.25701515575859e-06,"2.5th percentile"
43.1212673366834,9.63292311557789,8.77959913944657e-07,"2.5th percentile"
43.2058663316583,9.63292311557789,6.49425957809047e-07,"2.5th percentile"
34.0691748743719,9.70094974874372,0.609231220898158,"2.5th percentile"
34.1537738693467,9.70094974874372,0.600094639049985,"2.5th percentile"
34.2383728643216,9.70094974874372,0.575664712339737,"2.5th percentile"
34.3229718592965,9.70094974874372,0.543061577113349,"2.5th percentile"
34.4075708542714,9.70094974874372,0.526736387867362,"2.5th percentile"
34.4921698492462,9.70094974874372,0.547487780452667,"2.5th percentile"
34.5767688442211,9.70094974874372,0.529687460305664,"2.5th percentile"
34.661367839196,9.70094974874372,0.476471808324151,"2.5th percentile"
34.7459668341709,9.70094974874372,0.419232290874273,"2.5th percentile"
34.8305658291457,9.70094974874372,0.41324269019995,"2.5th percentile"
34.9151648241206,9.70094974874372,0.415692421731481,"2.5th percentile"
34.9997638190955,9.70094974874372,0.372768599543185,"2.5th percentile"
35.0843628140704,9.70094974874372,0.342547028905197,"2.5th percentile"
35.1689618090452,9.70094974874372,0.327278438234778,"2.5th percentile"
35.2535608040201,9.70094974874372,0.318777775001157,"2.5th percentile"
35.338159798995,9.70094974874372,0.306816022407121,"2.5th percentile"
35.4227587939698,9.70094974874372,0.303323111025452,"2.5th percentile"
35.5073577889447,9.70094974874372,0.296377554497538,"2.5th percentile"
35.5919567839196,9.70094974874372,0.295002390236376,"2.5th percentile"
35.6765557788945,9.70094974874372,0.301983961960556,"2.5th percentile"
35.7611547738694,9.70094974874372,0.305453553581399,"2.5th percentile"
35.8457537688442,9.70094974874372,0.308733772375111,"2.5th percentile"
35.9303527638191,9.70094974874372,0.322735202332605,"2.5th percentile"
36.014951758794,9.70094974874372,0.3103198148682,"2.5th percentile"
36.0995507537688,9.70094974874372,0.335370587516154,"2.5th percentile"
36.1841497487437,9.70094974874372,0.33380932868439,"2.5th percentile"
36.2687487437186,9.70094974874372,0.294496679414311,"2.5th percentile"
36.3533477386935,9.70094974874372,0.312667922438347,"2.5th percentile"
36.4379467336683,9.70094974874372,0.298588413869693,"2.5th percentile"
36.5225457286432,9.70094974874372,0.323762541477194,"2.5th percentile"
36.6071447236181,9.70094974874372,0.332319527540307,"2.5th percentile"
36.691743718593,9.70094974874372,0.324398857138536,"2.5th percentile"
36.7763427135678,9.70094974874372,0.32483443390045,"2.5th percentile"
36.8609417085427,9.70094974874372,0.34953003890521,"2.5th percentile"
36.9455407035176,9.70094974874372,0.335280415212375,"2.5th percentile"
37.0301396984925,9.70094974874372,0.334652697128713,"2.5th percentile"
37.1147386934673,9.70094974874372,0.346576002032431,"2.5th percentile"
37.1993376884422,9.70094974874372,0.461154988997956,"2.5th percentile"
37.2839366834171,9.70094974874372,0.33121526494662,"2.5th percentile"
37.368535678392,9.70094974874372,0.363129599822042,"2.5th percentile"
37.4531346733668,9.70094974874372,0.38809111925994,"2.5th percentile"
37.5377336683417,9.70094974874372,0.338887417372928,"2.5th percentile"
37.6223326633166,9.70094974874372,0.382702818721937,"2.5th percentile"
37.7069316582915,9.70094974874372,0.322883550146998,"2.5th percentile"
37.7915306532663,9.70094974874372,0.366396709605708,"2.5th percentile"
37.8761296482412,9.70094974874372,0.386417368948996,"2.5th percentile"
37.9607286432161,9.70094974874372,0.363272923049586,"2.5th percentile"
38.045327638191,9.70094974874372,0.38401594577914,"2.5th percentile"
38.1299266331658,9.70094974874372,0.409448631945791,"2.5th percentile"
38.2145256281407,9.70094974874372,0.40403957562082,"2.5th percentile"
38.2991246231156,9.70094974874372,0.411930605064084,"2.5th percentile"
38.3837236180904,9.70094974874372,0.39356530265593,"2.5th percentile"
38.4683226130653,9.70094974874372,0.420776249201026,"2.5th percentile"
38.5529216080402,9.70094974874372,0.394708366834067,"2.5th percentile"
38.6375206030151,9.70094974874372,0.398636326532122,"2.5th percentile"
38.72211959799,9.70094974874372,0.40012981171162,"2.5th percentile"
38.8067185929648,9.70094974874372,0.40884330232661,"2.5th percentile"
38.8913175879397,9.70094974874372,0.449493726093409,"2.5th percentile"
38.9759165829146,9.70094974874372,0.429329677206298,"2.5th percentile"
39.0605155778894,9.70094974874372,0.435494819962987,"2.5th percentile"
39.1451145728643,9.70094974874372,0.466026289211968,"2.5th percentile"
39.2297135678392,9.70094974874372,0.4596670005382,"2.5th percentile"
39.3143125628141,9.70094974874372,0.428549929847167,"2.5th percentile"
39.3989115577889,9.70094974874372,0.444706843820811,"2.5th percentile"
39.4835105527638,9.70094974874372,0.452999434846324,"2.5th percentile"
39.5681095477387,9.70094974874372,0.431000971045346,"2.5th percentile"
39.6527085427136,9.70094974874372,0.434827538385903,"2.5th percentile"
39.7373075376884,9.70094974874372,0.464422378400448,"2.5th percentile"
39.8219065326633,9.70094974874372,0.446709924356469,"2.5th percentile"
39.9065055276382,9.70094974874372,0.441044352898313,"2.5th percentile"
39.9911045226131,9.70094974874372,0.437037954392945,"2.5th percentile"
40.0757035175879,9.70094974874372,0.436332144547421,"2.5th percentile"
40.1603025125628,9.70094974874372,0.519046849700087,"2.5th percentile"
40.2449015075377,9.70094974874372,0.441273295221883,"2.5th percentile"
40.3295005025126,9.70094974874372,0.443859671737629,"2.5th percentile"
40.4140994974874,9.70094974874372,0.482110250423309,"2.5th percentile"
40.4986984924623,9.70094974874372,0.403604329924247,"2.5th percentile"
40.5832974874372,9.70094974874372,0.30156680201423,"2.5th percentile"
40.6678964824121,9.70094974874372,0.222547956007255,"2.5th percentile"
40.7524954773869,9.70094974874372,0.164781066899491,"2.5th percentile"
40.8370944723618,9.70094974874372,0.0966552412393492,"2.5th percentile"
40.9216934673367,9.70094974874372,0.0602267642031045,"2.5th percentile"
41.0062924623116,9.70094974874372,0.0480418749571623,"2.5th percentile"
41.0908914572864,9.70094974874372,0.0358735766579984,"2.5th percentile"
41.1754904522613,9.70094974874372,0.0221208160278954,"2.5th percentile"
41.2600894472362,9.70094974874372,0.0149282546300174,"2.5th percentile"
41.344688442211,9.70094974874372,0.00989961394670572,"2.5th percentile"
41.4292874371859,9.70094974874372,0.00620251161334055,"2.5th percentile"
41.5138864321608,9.70094974874372,0.00422052733565365,"2.5th percentile"
41.5984854271357,9.70094974874372,0.00261385533407394,"2.5th percentile"
41.6830844221106,9.70094974874372,0.00148405270776462,"2.5th percentile"
41.7676834170854,9.70094974874372,0.00103160540793198,"2.5th percentile"
41.8522824120603,9.70094974874372,0.000556978887159104,"2.5th percentile"
41.9368814070352,9.70094974874372,0.000477591764297934,"2.5th percentile"
42.02148040201,9.70094974874372,0.000262145441775848,"2.5th percentile"
42.1060793969849,9.70094974874372,0.000170755404024351,"2.5th percentile"
42.1906783919598,9.70094974874372,0.000120669058451683,"2.5th percentile"
42.2752773869347,9.70094974874372,7.51507952054059e-05,"2.5th percentile"
42.3598763819095,9.70094974874372,4.35502838969035e-05,"2.5th percentile"
42.4444753768844,9.70094974874372,2.77838086886886e-05,"2.5th percentile"
42.5290743718593,9.70094974874372,1.80242201521839e-05,"2.5th percentile"
42.6136733668342,9.70094974874372,1.15829047197771e-05,"2.5th percentile"
42.698272361809,9.70094974874372,7.30835960563893e-06,"2.5th percentile"
42.7828713567839,9.70094974874372,4.54371776479368e-06,"2.5th percentile"
42.8674703517588,9.70094974874372,3.02169262866411e-06,"2.5th percentile"
42.9520693467337,9.70094974874372,1.96743507949272e-06,"2.5th percentile"
43.0366683417085,9.70094974874372,1.33488495299782e-06,"2.5th percentile"
43.1212673366834,9.70094974874372,9.85941576856089e-07,"2.5th percentile"
34.0691748743719,9.76897638190955,0.608195205365213,"2.5th percentile"
34.1537738693467,9.76897638190955,0.575724922703296,"2.5th percentile"
34.2383728643216,9.76897638190955,0.576760537381548,"2.5th percentile"
34.3229718592965,9.76897638190955,0.556398335976927,"2.5th percentile"
34.4075708542714,9.76897638190955,0.537518136114291,"2.5th percentile"
34.4921698492462,9.76897638190955,0.519351035244661,"2.5th percentile"
34.5767688442211,9.76897638190955,0.547772887559582,"2.5th percentile"
34.661367839196,9.76897638190955,0.501723463997967,"2.5th percentile"
34.7459668341709,9.76897638190955,0.465285802454605,"2.5th percentile"
34.8305658291457,9.76897638190955,0.442592064232031,"2.5th percentile"
34.9151648241206,9.76897638190955,0.402655602292608,"2.5th percentile"
34.9997638190955,9.76897638190955,0.394380594644642,"2.5th percentile"
35.0843628140704,9.76897638190955,0.358380635618494,"2.5th percentile"
35.1689618090452,9.76897638190955,0.344941886445471,"2.5th percentile"
35.2535608040201,9.76897638190955,0.341585266678271,"2.5th percentile"
35.338159798995,9.76897638190955,0.333603172331915,"2.5th percentile"
35.4227587939698,9.76897638190955,0.367545417469626,"2.5th percentile"
35.5073577889447,9.76897638190955,0.331279882534889,"2.5th percentile"
35.5919567839196,9.76897638190955,0.329909566988841,"2.5th percentile"
35.6765557788945,9.76897638190955,0.288034986803344,"2.5th percentile"
35.7611547738694,9.76897638190955,0.291308575884918,"2.5th percentile"
35.8457537688442,9.76897638190955,0.299278309160777,"2.5th percentile"
35.9303527638191,9.76897638190955,0.301167463904383,"2.5th percentile"
36.014951758794,9.76897638190955,0.302287800899643,"2.5th percentile"
36.0995507537688,9.76897638190955,0.304713705001675,"2.5th percentile"
36.1841497487437,9.76897638190955,0.298892583586128,"2.5th percentile"
36.2687487437186,9.76897638190955,0.278500021227263,"2.5th percentile"
36.3533477386935,9.76897638190955,0.294457720661965,"2.5th percentile"
36.4379467336683,9.76897638190955,0.290532115656055,"2.5th percentile"
36.5225457286432,9.76897638190955,0.299389131629514,"2.5th percentile"
36.6071447236181,9.76897638190955,0.312241888032316,"2.5th percentile"
36.691743718593,9.76897638190955,0.32703222306668,"2.5th percentile"
36.7763427135678,9.76897638190955,0.320296245294924,"2.5th percentile"
36.8609417085427,9.76897638190955,0.339797913827402,"2.5th percentile"
36.9455407035176,9.76897638190955,0.346622611736459,"2.5th percentile"
37.0301396984925,9.76897638190955,0.31070522773755,"2.5th percentile"
37.1147386934673,9.76897638190955,0.326965484525525,"2.5th percentile"
37.1993376884422,9.76897638190955,0.35741848093273,"2.5th percentile"
37.2839366834171,9.76897638190955,0.372302232251989,"2.5th percentile"
37.368535678392,9.76897638190955,0.362319117242002,"2.5th percentile"
37.4531346733668,9.76897638190955,0.359290521850441,"2.5th percentile"
37.5377336683417,9.76897638190955,0.339833667425974,"2.5th percentile"
37.6223326633166,9.76897638190955,0.375938239781535,"2.5th percentile"
37.7069316582915,9.76897638190955,0.385158906406711,"2.5th percentile"
37.7915306532663,9.76897638190955,0.393132857988299,"2.5th percentile"
37.8761296482412,9.76897638190955,0.390242093535688,"2.5th percentile"
37.9607286432161,9.76897638190955,0.40081092914295,"2.5th percentile"
38.045327638191,9.76897638190955,0.419047432270345,"2.5th percentile"
38.1299266331658,9.76897638190955,0.413841840426403,"2.5th percentile"
38.2145256281407,9.76897638190955,0.406990885964637,"2.5th percentile"
38.2991246231156,9.76897638190955,0.363963001150851,"2.5th percentile"
38.3837236180904,9.76897638190955,0.376759836982327,"2.5th percentile"
38.4683226130653,9.76897638190955,0.369335236428605,"2.5th percentile"
38.5529216080402,9.76897638190955,0.385137517423964,"2.5th percentile"
38.6375206030151,9.76897638190955,0.399544267878187,"2.5th percentile"
38.72211959799,9.76897638190955,0.399981094093815,"2.5th percentile"
38.8067185929648,9.76897638190955,0.440839848250341,"2.5th percentile"
38.8913175879397,9.76897638190955,0.453658903262753,"2.5th percentile"
38.9759165829146,9.76897638190955,0.460319932753524,"2.5th percentile"
39.0605155778894,9.76897638190955,0.469194566848851,"2.5th percentile"
39.1451145728643,9.76897638190955,0.474130669116036,"2.5th percentile"
39.2297135678392,9.76897638190955,0.467450379729751,"2.5th percentile"
39.3143125628141,9.76897638190955,0.464943444273457,"2.5th percentile"
39.3989115577889,9.76897638190955,0.470279774608464,"2.5th percentile"
39.4835105527638,9.76897638190955,0.497015719774304,"2.5th percentile"
39.5681095477387,9.76897638190955,0.463292061078137,"2.5th percentile"
39.6527085427136,9.76897638190955,0.456545533580719,"2.5th percentile"
39.7373075376884,9.76897638190955,0.485400057089863,"2.5th percentile"
39.8219065326633,9.76897638190955,0.443248121145929,"2.5th percentile"
39.9065055276382,9.76897638190955,0.448095004885934,"2.5th percentile"
39.9911045226131,9.76897638190955,0.443815794020511,"2.5th percentile"
40.0757035175879,9.76897638190955,0.442835500726573,"2.5th percentile"
40.1603025125628,9.76897638190955,0.512301953564747,"2.5th percentile"
40.2449015075377,9.76897638190955,0.507039176734073,"2.5th percentile"
40.3295005025126,9.76897638190955,0.461444661589181,"2.5th percentile"
40.4140994974874,9.76897638190955,0.451806380917314,"2.5th percentile"
40.4986984924623,9.76897638190955,0.387793863544981,"2.5th percentile"
40.5832974874372,9.76897638190955,0.276613292464248,"2.5th percentile"
40.6678964824121,9.76897638190955,0.224452244106305,"2.5th percentile"
40.7524954773869,9.76897638190955,0.164969770497277,"2.5th percentile"
40.8370944723618,9.76897638190955,0.115530007344785,"2.5th percentile"
40.9216934673367,9.76897638190955,0.0650071524763723,"2.5th percentile"
41.0062924623116,9.76897638190955,0.0504384621210267,"2.5th percentile"
41.0908914572864,9.76897638190955,0.0336072735595149,"2.5th percentile"
41.1754904522613,9.76897638190955,0.0235506069785631,"2.5th percentile"
41.2600894472362,9.76897638190955,0.0150116263346984,"2.5th percentile"
41.344688442211,9.76897638190955,0.0101686625694031,"2.5th percentile"
41.4292874371859,9.76897638190955,0.006316715824802,"2.5th percentile"
41.5138864321608,9.76897638190955,0.00360387516687533,"2.5th percentile"
41.5984854271357,9.76897638190955,0.00233032795268313,"2.5th percentile"
41.6830844221106,9.76897638190955,0.00152784798756746,"2.5th percentile"
41.7676834170854,9.76897638190955,0.00105471856274797,"2.5th percentile"
41.8522824120603,9.76897638190955,0.000643082889402425,"2.5th percentile"
41.9368814070352,9.76897638190955,0.000489765072031596,"2.5th percentile"
42.02148040201,9.76897638190955,0.000328956201253612,"2.5th percentile"
42.1060793969849,9.76897638190955,0.00020571315341059,"2.5th percentile"
42.1906783919598,9.76897638190955,0.000127303238516544,"2.5th percentile"
42.2752773869347,9.76897638190955,8.97193351489641e-05,"2.5th percentile"
42.3598763819095,9.76897638190955,5.26637025540604e-05,"2.5th percentile"
42.4444753768844,9.76897638190955,2.94973811842217e-05,"2.5th percentile"
42.5290743718593,9.76897638190955,1.84139097438551e-05,"2.5th percentile"
42.6136733668342,9.76897638190955,1.20547704151368e-05,"2.5th percentile"
42.698272361809,9.76897638190955,8.04175234988378e-06,"2.5th percentile"
42.7828713567839,9.76897638190955,4.82099457684982e-06,"2.5th percentile"
42.8674703517588,9.76897638190955,3.09463294232613e-06,"2.5th percentile"
42.9520693467337,9.76897638190955,2.00929567858224e-06,"2.5th percentile"
43.0366683417085,9.76897638190955,1.33227861660626e-06,"2.5th percentile"
43.1212673366834,9.76897638190955,9.77340952169549e-07,"2.5th percentile"
34.0691748743719,9.83700301507538,0.61770596377525,"2.5th percentile"
34.1537738693467,9.83700301507538,0.601636462758106,"2.5th percentile"
34.2383728643216,9.83700301507538,0.604401322225307,"2.5th percentile"
34.3229718592965,9.83700301507538,0.573463168808545,"2.5th percentile"
34.4075708542714,9.83700301507538,0.604764032764178,"2.5th percentile"
34.4921698492462,9.83700301507538,0.528381672713745,"2.5th percentile"
34.5767688442211,9.83700301507538,0.558668074338046,"2.5th percentile"
34.661367839196,9.83700301507538,0.489133739779444,"2.5th percentile"
34.7459668341709,9.83700301507538,0.476516796817873,"2.5th percentile"
34.8305658291457,9.83700301507538,0.489749107181097,"2.5th percentile"
34.9151648241206,9.83700301507538,0.440742984888839,"2.5th percentile"
34.9997638190955,9.83700301507538,0.405988029196135,"2.5th percentile"
35.0843628140704,9.83700301507538,0.368013821908898,"2.5th percentile"
35.1689618090452,9.83700301507538,0.354292551798597,"2.5th percentile"
35.2535608040201,9.83700301507538,0.342317391751988,"2.5th percentile"
35.338159798995,9.83700301507538,0.3390878185969,"2.5th percentile"
35.4227587939698,9.83700301507538,0.354273190797749,"2.5th percentile"
35.5073577889447,9.83700301507538,0.329984353779807,"2.5th percentile"
35.5919567839196,9.83700301507538,0.319633742563874,"2.5th percentile"
35.6765557788945,9.83700301507538,0.279740652355074,"2.5th percentile"
35.7611547738694,9.83700301507538,0.294588427541612,"2.5th percentile"
35.8457537688442,9.83700301507538,0.30534919407067,"2.5th percentile"
35.9303527638191,9.83700301507538,0.298929128971007,"2.5th percentile"
36.014951758794,9.83700301507538,0.315605563904373,"2.5th percentile"
36.0995507537688,9.83700301507538,0.299989999674733,"2.5th percentile"
36.1841497487437,9.83700301507538,0.277502082399092,"2.5th percentile"
36.2687487437186,9.83700301507538,0.285037278266294,"2.5th percentile"
36.3533477386935,9.83700301507538,0.291031171420693,"2.5th percentile"
36.4379467336683,9.83700301507538,0.281774711801078,"2.5th percentile"
36.5225457286432,9.83700301507538,0.28089511796176,"2.5th percentile"
36.6071447236181,9.83700301507538,0.272969132935233,"2.5th percentile"
36.691743718593,9.83700301507538,0.290086233388547,"2.5th percentile"
36.7763427135678,9.83700301507538,0.323612458838797,"2.5th percentile"
36.8609417085427,9.83700301507538,0.326993166454167,"2.5th percentile"
36.9455407035176,9.83700301507538,0.351707510781078,"2.5th percentile"
37.0301396984925,9.83700301507538,0.304795551999124,"2.5th percentile"
37.1147386934673,9.83700301507538,0.320419437321716,"2.5th percentile"
37.1993376884422,9.83700301507538,0.363895529566814,"2.5th percentile"
37.2839366834171,9.83700301507538,0.386441278245958,"2.5th percentile"
37.368535678392,9.83700301507538,0.366193418439579,"2.5th percentile"
37.4531346733668,9.83700301507538,0.382675489937542,"2.5th percentile"
37.5377336683417,9.83700301507538,0.395022001791417,"2.5th percentile"
37.6223326633166,9.83700301507538,0.388321507662393,"2.5th percentile"
37.7069316582915,9.83700301507538,0.392990446317944,"2.5th percentile"
37.7915306532663,9.83700301507538,0.398316045750756,"2.5th percentile"
37.8761296482412,9.83700301507538,0.396045989510302,"2.5th percentile"
37.9607286432161,9.83700301507538,0.419345383331061,"2.5th percentile"
38.045327638191,9.83700301507538,0.423186443434444,"2.5th percentile"
38.1299266331658,9.83700301507538,0.418466761473164,"2.5th percentile"
38.2145256281407,9.83700301507538,0.376242452905196,"2.5th percentile"
38.2991246231156,9.83700301507538,0.36548030167474,"2.5th percentile"
38.3837236180904,9.83700301507538,0.365759638255139,"2.5th percentile"
38.4683226130653,9.83700301507538,0.386746741107139,"2.5th percentile"
38.5529216080402,9.83700301507538,0.37913679560729,"2.5th percentile"
38.6375206030151,9.83700301507538,0.40103911986565,"2.5th percentile"
38.72211959799,9.83700301507538,0.465628194297579,"2.5th percentile"
38.8067185929648,9.83700301507538,0.454290240847883,"2.5th percentile"
38.8913175879397,9.83700301507538,0.470763524984238,"2.5th percentile"
38.9759165829146,9.83700301507538,0.480099626164477,"2.5th percentile"
39.0605155778894,9.83700301507538,0.510420688114359,"2.5th percentile"
39.1451145728643,9.83700301507538,0.495105155649122,"2.5th percentile"
39.2297135678392,9.83700301507538,0.47172889550347,"2.5th percentile"
39.3143125628141,9.83700301507538,0.503625833727139,"2.5th percentile"
39.3989115577889,9.83700301507538,0.481471605467048,"2.5th percentile"
39.4835105527638,9.83700301507538,0.482460538496774,"2.5th percentile"
39.5681095477387,9.83700301507538,0.461389021823461,"2.5th percentile"
39.6527085427136,9.83700301507538,0.473139712416486,"2.5th percentile"
39.7373075376884,9.83700301507538,0.459693090641823,"2.5th percentile"
39.8219065326633,9.83700301507538,0.446705753859631,"2.5th percentile"
39.9065055276382,9.83700301507538,0.45535332330683,"2.5th percentile"
39.9911045226131,9.83700301507538,0.477398467277021,"2.5th percentile"
40.0757035175879,9.83700301507538,0.435725477011038,"2.5th percentile"
40.1603025125628,9.83700301507538,0.479799836496852,"2.5th percentile"
40.2449015075377,9.83700301507538,0.474169163617185,"2.5th percentile"
40.3295005025126,9.83700301507538,0.45869042127221,"2.5th percentile"
40.4140994974874,9.83700301507538,0.44984654371719,"2.5th percentile"
40.4986984924623,9.83700301507538,0.332222439903499,"2.5th percentile"
40.5832974874372,9.83700301507538,0.252491188154711,"2.5th percentile"
40.6678964824121,9.83700301507538,0.187943080757035,"2.5th percentile"
40.7524954773869,9.83700301507538,0.163186248528645,"2.5th percentile"
40.8370944723618,9.83700301507538,0.102920745160041,"2.5th percentile"
40.9216934673367,9.83700301507538,0.0627704733494657,"2.5th percentile"
41.0062924623116,9.83700301507538,0.0461115811544483,"2.5th percentile"
41.0908914572864,9.83700301507538,0.0315084047961041,"2.5th percentile"
41.1754904522613,9.83700301507538,0.0222587952401842,"2.5th percentile"
41.2600894472362,9.83700301507538,0.0143932933614104,"2.5th percentile"
41.344688442211,9.83700301507538,0.00972117061996608,"2.5th percentile"
41.4292874371859,9.83700301507538,0.00659539622672953,"2.5th percentile"
41.5138864321608,9.83700301507538,0.00419112947231522,"2.5th percentile"
41.5984854271357,9.83700301507538,0.00275487112195684,"2.5th percentile"
41.6830844221106,9.83700301507538,0.00179581869188947,"2.5th percentile"
41.7676834170854,9.83700301507538,0.00115595283085046,"2.5th percentile"
41.8522824120603,9.83700301507538,0.000767584281485896,"2.5th percentile"
41.9368814070352,9.83700301507538,0.000488632450803902,"2.5th percentile"
42.02148040201,9.83700301507538,0.000328061329525131,"2.5th percentile"
42.1060793969849,9.83700301507538,0.000193475214599917,"2.5th percentile"
42.1906783919598,9.83700301507538,0.000133832143037909,"2.5th percentile"
42.2752773869347,9.83700301507538,8.50334385884796e-05,"2.5th percentile"
42.3598763819095,9.83700301507538,5.34012369349007e-05,"2.5th percentile"
42.4444753768844,9.83700301507538,2.81266185703473e-05,"2.5th percentile"
42.5290743718593,9.83700301507538,1.92219367061818e-05,"2.5th percentile"
42.6136733668342,9.83700301507538,1.26534978251574e-05,"2.5th percentile"
42.698272361809,9.83700301507538,8.04440231253259e-06,"2.5th percentile"
42.7828713567839,9.83700301507538,4.95266867828153e-06,"2.5th percentile"
42.8674703517588,9.83700301507538,3.1432780747612e-06,"2.5th percentile"
42.9520693467337,9.83700301507538,2.10653563372701e-06,"2.5th percentile"
43.0366683417085,9.83700301507538,1.39833185126755e-06,"2.5th percentile"
34.0691748743719,9.9050296482412,0.653359492409574,"2.5th percentile"
34.1537738693467,9.9050296482412,0.647726548931242,"2.5th percentile"
34.2383728643216,9.9050296482412,0.63265514917728,"2.5th percentile"
34.3229718592965,9.9050296482412,0.590928301930675,"2.5th percentile"
34.4075708542714,9.9050296482412,0.548737678774446,"2.5th percentile"
34.4921698492462,9.9050296482412,0.537632330703996,"2.5th percentile"
34.5767688442211,9.9050296482412,0.560162572751248,"2.5th percentile"
34.661367839196,9.9050296482412,0.518703436524293,"2.5th percentile"
34.7459668341709,9.9050296482412,0.504441728894212,"2.5th percentile"
34.8305658291457,9.9050296482412,0.482162189078896,"2.5th percentile"
34.9151648241206,9.9050296482412,0.437631138154759,"2.5th percentile"
34.9997638190955,9.9050296482412,0.419141854338541,"2.5th percentile"
35.0843628140704,9.9050296482412,0.375118551196492,"2.5th percentile"
35.1689618090452,9.9050296482412,0.368133516295962,"2.5th percentile"
35.2535608040201,9.9050296482412,0.358712674320272,"2.5th percentile"
35.338159798995,9.9050296482412,0.379606975262884,"2.5th percentile"
35.4227587939698,9.9050296482412,0.352638245325281,"2.5th percentile"
35.5073577889447,9.9050296482412,0.333398439691774,"2.5th percentile"
35.5919567839196,9.9050296482412,0.302111308035414,"2.5th percentile"
35.6765557788945,9.9050296482412,0.292162468588096,"2.5th percentile"
35.7611547738694,9.9050296482412,0.288750380682947,"2.5th percentile"
35.8457537688442,9.9050296482412,0.292567296965856,"2.5th percentile"
35.9303527638191,9.9050296482412,0.29629862943623,"2.5th percentile"
36.014951758794,9.9050296482412,0.321572714610305,"2.5th percentile"
36.0995507537688,9.9050296482412,0.313883027321981,"2.5th percentile"
36.1841497487437,9.9050296482412,0.261016887769782,"2.5th percentile"
36.2687487437186,9.9050296482412,0.276816905630332,"2.5th percentile"
36.3533477386935,9.9050296482412,0.297729309649711,"2.5th percentile"
36.4379467336683,9.9050296482412,0.290386745704566,"2.5th percentile"
36.5225457286432,9.9050296482412,0.291847026746601,"2.5th percentile"
36.6071447236181,9.9050296482412,0.271758940590368,"2.5th percentile"
36.691743718593,9.9050296482412,0.290578230170303,"2.5th percentile"
36.7763427135678,9.9050296482412,0.324484830746538,"2.5th percentile"
36.8609417085427,9.9050296482412,0.334882460686516,"2.5th percentile"
36.9455407035176,9.9050296482412,0.335197305775942,"2.5th percentile"
37.0301396984925,9.9050296482412,0.293860737162875,"2.5th percentile"
37.1147386934673,9.9050296482412,0.312254057804125,"2.5th percentile"
37.1993376884422,9.9050296482412,0.342981863320389,"2.5th percentile"
37.2839366834171,9.9050296482412,0.39539175913246,"2.5th percentile"
37.368535678392,9.9050296482412,0.370940919335622,"2.5th percentile"
37.4531346733668,9.9050296482412,0.388248234366481,"2.5th percentile"
37.5377336683417,9.9050296482412,0.377318172955374,"2.5th percentile"
37.6223326633166,9.9050296482412,0.424545330505934,"2.5th percentile"
37.7069316582915,9.9050296482412,0.399302029528905,"2.5th percentile"
37.7915306532663,9.9050296482412,0.401076651474283,"2.5th percentile"
37.8761296482412,9.9050296482412,0.404121039565824,"2.5th percentile"
37.9607286432161,9.9050296482412,0.39864002238776,"2.5th percentile"
38.045327638191,9.9050296482412,0.414567561346401,"2.5th percentile"
38.1299266331658,9.9050296482412,0.400311335637082,"2.5th percentile"
38.2145256281407,9.9050296482412,0.371531132450563,"2.5th percentile"
38.2991246231156,9.9050296482412,0.36639041155329,"2.5th percentile"
38.3837236180904,9.9050296482412,0.367936624731867,"2.5th percentile"
38.4683226130653,9.9050296482412,0.384304431128277,"2.5th percentile"
38.5529216080402,9.9050296482412,0.38028516800995,"2.5th percentile"
38.6375206030151,9.9050296482412,0.405941577140579,"2.5th percentile"
38.72211959799,9.9050296482412,0.442284651640736,"2.5th percentile"
38.8067185929648,9.9050296482412,0.455564964517099,"2.5th percentile"
38.8913175879397,9.9050296482412,0.481774492598803,"2.5th percentile"
38.9759165829146,9.9050296482412,0.475842122519821,"2.5th percentile"
39.0605155778894,9.9050296482412,0.490820543665957,"2.5th percentile"
39.1451145728643,9.9050296482412,0.498563341860253,"2.5th percentile"
39.2297135678392,9.9050296482412,0.487009165060791,"2.5th percentile"
39.3143125628141,9.9050296482412,0.511659879611806,"2.5th percentile"
39.3989115577889,9.9050296482412,0.490083362080885,"2.5th percentile"
39.4835105527638,9.9050296482412,0.47603455298135,"2.5th percentile"
39.5681095477387,9.9050296482412,0.468258948725385,"2.5th percentile"
39.6527085427136,9.9050296482412,0.463919747987048,"2.5th percentile"
39.7373075376884,9.9050296482412,0.44936985334278,"2.5th percentile"
39.8219065326633,9.9050296482412,0.443340131863238,"2.5th percentile"
39.9065055276382,9.9050296482412,0.451685366936406,"2.5th percentile"
39.9911045226131,9.9050296482412,0.450461231354802,"2.5th percentile"
40.0757035175879,9.9050296482412,0.440146368988238,"2.5th percentile"
40.1603025125628,9.9050296482412,0.458077312197468,"2.5th percentile"
40.2449015075377,9.9050296482412,0.498491775871942,"2.5th percentile"
40.3295005025126,9.9050296482412,0.468895484450492,"2.5th percentile"
40.4140994974874,9.9050296482412,0.441042077751746,"2.5th percentile"
40.4986984924623,9.9050296482412,0.363948752987293,"2.5th percentile"
40.5832974874372,9.9050296482412,0.248010761145003,"2.5th percentile"
40.6678964824121,9.9050296482412,0.23225833863777,"2.5th percentile"
40.7524954773869,9.9050296482412,0.148310934443788,"2.5th percentile"
40.8370944723618,9.9050296482412,0.0899554340085436,"2.5th percentile"
40.9216934673367,9.9050296482412,0.071662465113868,"2.5th percentile"
41.0062924623116,9.9050296482412,0.0463261779220382,"2.5th percentile"
41.0908914572864,9.9050296482412,0.034721647929479,"2.5th percentile"
41.1754904522613,9.9050296482412,0.0229158994532172,"2.5th percentile"
41.2600894472362,9.9050296482412,0.0149133315678044,"2.5th percentile"
41.344688442211,9.9050296482412,0.00926413814630123,"2.5th percentile"
41.4292874371859,9.9050296482412,0.0060251628417529,"2.5th percentile"
41.5138864321608,9.9050296482412,0.00415928565291859,"2.5th percentile"
41.5984854271357,9.9050296482412,0.00267559421427686,"2.5th percentile"
41.6830844221106,9.9050296482412,0.00183364292254328,"2.5th percentile"
41.7676834170854,9.9050296482412,0.00118069487681338,"2.5th percentile"
41.8522824120603,9.9050296482412,0.000737566933783517,"2.5th percentile"
41.9368814070352,9.9050296482412,0.000485686660335092,"2.5th percentile"
42.02148040201,9.9050296482412,0.000322635197215615,"2.5th percentile"
42.1060793969849,9.9050296482412,0.000209336084910409,"2.5th percentile"
42.1906783919598,9.9050296482412,0.000133984539243111,"2.5th percentile"
42.2752773869347,9.9050296482412,8.80775989433924e-05,"2.5th percentile"
42.3598763819095,9.9050296482412,5.22216070218574e-05,"2.5th percentile"
42.4444753768844,9.9050296482412,3.01218872860536e-05,"2.5th percentile"
42.5290743718593,9.9050296482412,1.8397138601359e-05,"2.5th percentile"
42.6136733668342,9.9050296482412,1.26145078960085e-05,"2.5th percentile"
42.698272361809,9.9050296482412,8.00249939244212e-06,"2.5th percentile"
42.7828713567839,9.9050296482412,4.94901566362238e-06,"2.5th percentile"
42.8674703517588,9.9050296482412,3.28401666639292e-06,"2.5th percentile"
42.9520693467337,9.9050296482412,2.7362127389528e-06,"2.5th percentile"
34.1537738693467,9.97305628140703,0.633314963496721,"2.5th percentile"
34.2383728643216,9.97305628140703,0.635854482121439,"2.5th percentile"
34.3229718592965,9.97305628140703,0.589676706220834,"2.5th percentile"
34.4075708542714,9.97305628140703,0.560700159517509,"2.5th percentile"
34.4921698492462,9.97305628140703,0.551371779434194,"2.5th percentile"
34.5767688442211,9.97305628140703,0.549840513173489,"2.5th percentile"
34.661367839196,9.97305628140703,0.538904202501125,"2.5th percentile"
34.7459668341709,9.97305628140703,0.522528794601978,"2.5th percentile"
34.8305658291457,9.97305628140703,0.483236488937429,"2.5th percentile"
34.9151648241206,9.97305628140703,0.444074559709412,"2.5th percentile"
34.9997638190955,9.97305628140703,0.424126914616363,"2.5th percentile"
35.0843628140704,9.97305628140703,0.428578329970238,"2.5th percentile"
35.1689618090452,9.97305628140703,0.407710129783395,"2.5th percentile"
35.2535608040201,9.97305628140703,0.402397226096749,"2.5th percentile"
35.338159798995,9.97305628140703,0.380147568447538,"2.5th percentile"
35.4227587939698,9.97305628140703,0.356362044975518,"2.5th percentile"
35.5073577889447,9.97305628140703,0.330809181647279,"2.5th percentile"
35.5919567839196,9.97305628140703,0.320495941950343,"2.5th percentile"
35.6765557788945,9.97305628140703,0.299938235137474,"2.5th percentile"
35.7611547738694,9.97305628140703,0.290691208090016,"2.5th percentile"
35.8457537688442,9.97305628140703,0.293251940713663,"2.5th percentile"
35.9303527638191,9.97305628140703,0.307489213980804,"2.5th percentile"
36.014951758794,9.97305628140703,0.335624196863797,"2.5th percentile"
36.0995507537688,9.97305628140703,0.295710341087558,"2.5th percentile"
36.1841497487437,9.97305628140703,0.271187823610883,"2.5th percentile"
36.2687487437186,9.97305628140703,0.297040328731488,"2.5th percentile"
36.3533477386935,9.97305628140703,0.291334731617054,"2.5th percentile"
36.4379467336683,9.97305628140703,0.290735679298548,"2.5th percentile"
36.5225457286432,9.97305628140703,0.277621558777795,"2.5th percentile"
36.6071447236181,9.97305628140703,0.291458097141496,"2.5th percentile"
36.691743718593,9.97305628140703,0.292132961224032,"2.5th percentile"
36.7763427135678,9.97305628140703,0.291872351837239,"2.5th percentile"
36.8609417085427,9.97305628140703,0.285858427409787,"2.5th percentile"
36.9455407035176,9.97305628140703,0.318512578853148,"2.5th percentile"
37.0301396984925,9.97305628140703,0.28692721179786,"2.5th percentile"
37.1147386934673,9.97305628140703,0.310817494038405,"2.5th percentile"
37.1993376884422,9.97305628140703,0.355063768434144,"2.5th percentile"
37.2839366834171,9.97305628140703,0.383337188689153,"2.5th percentile"
37.368535678392,9.97305628140703,0.390432482720216,"2.5th percentile"
37.4531346733668,9.97305628140703,0.410414087945743,"2.5th percentile"
37.5377336683417,9.97305628140703,0.393586694124966,"2.5th percentile"
37.6223326633166,9.97305628140703,0.37804133687484,"2.5th percentile"
37.7069316582915,9.97305628140703,0.381952717654874,"2.5th percentile"
37.7915306532663,9.97305628140703,0.382452611853527,"2.5th percentile"
37.8761296482412,9.97305628140703,0.396658283874973,"2.5th percentile"
37.9607286432161,9.97305628140703,0.405606795375971,"2.5th percentile"
38.045327638191,9.97305628140703,0.427356157481035,"2.5th percentile"
38.1299266331658,9.97305628140703,0.409727444775014,"2.5th percentile"
38.2145256281407,9.97305628140703,0.378876801227051,"2.5th percentile"
38.2991246231156,9.97305628140703,0.359581759965558,"2.5th percentile"
38.3837236180904,9.97305628140703,0.386181661842031,"2.5th percentile"
38.4683226130653,9.97305628140703,0.392997230205172,"2.5th percentile"
38.5529216080402,9.97305628140703,0.391336061937405,"2.5th percentile"
38.6375206030151,9.97305628140703,0.420251574455771,"2.5th percentile"
38.72211959799,9.97305628140703,0.448123206115591,"2.5th percentile"
38.8067185929648,9.97305628140703,0.463152894912005,"2.5th percentile"
38.8913175879397,9.97305628140703,0.485024821103798,"2.5th percentile"
38.9759165829146,9.97305628140703,0.477445247968088,"2.5th percentile"
39.0605155778894,9.97305628140703,0.488935056310203,"2.5th percentile"
39.1451145728643,9.97305628140703,0.503641709646183,"2.5th percentile"
39.2297135678392,9.97305628140703,0.474213931914573,"2.5th percentile"
39.3143125628141,9.97305628140703,0.52819666301249,"2.5th percentile"
39.3989115577889,9.97305628140703,0.504134230078332,"2.5th percentile"
39.4835105527638,9.97305628140703,0.490463412542903,"2.5th percentile"
39.5681095477387,9.97305628140703,0.475009568655948,"2.5th percentile"
39.6527085427136,9.97305628140703,0.459669240951766,"2.5th percentile"
39.7373075376884,9.97305628140703,0.473217076438708,"2.5th percentile"
39.8219065326633,9.97305628140703,0.457301124879315,"2.5th percentile"
39.9065055276382,9.97305628140703,0.442508270282348,"2.5th percentile"
39.9911045226131,9.97305628140703,0.46794861195441,"2.5th percentile"
40.0757035175879,9.97305628140703,0.450487428697417,"2.5th percentile"
40.1603025125628,9.97305628140703,0.461434751214823,"2.5th percentile"
40.2449015075377,9.97305628140703,0.496782110377361,"2.5th percentile"
40.3295005025126,9.97305628140703,0.483088551414286,"2.5th percentile"
40.4140994974874,9.97305628140703,0.436407810687457,"2.5th percentile"
40.4986984924623,9.97305628140703,0.34289185443473,"2.5th percentile"
40.5832974874372,9.97305628140703,0.278647497615787,"2.5th percentile"
40.6678964824121,9.97305628140703,0.2101329002498,"2.5th percentile"
40.7524954773869,9.97305628140703,0.130422276399975,"2.5th percentile"
40.8370944723618,9.97305628140703,0.107438213580471,"2.5th percentile"
40.9216934673367,9.97305628140703,0.0747204347337382,"2.5th percentile"
41.0062924623116,9.97305628140703,0.0430753598723108,"2.5th percentile"
41.0908914572864,9.97305628140703,0.0350308695097284,"2.5th percentile"
41.1754904522613,9.97305628140703,0.0208866805630083,"2.5th percentile"
41.2600894472362,9.97305628140703,0.0140197243320424,"2.5th percentile"
41.344688442211,9.97305628140703,0.0085030069098567,"2.5th percentile"
41.4292874371859,9.97305628140703,0.0063589941538853,"2.5th percentile"
41.5138864321608,9.97305628140703,0.0040723949305703,"2.5th percentile"
41.5984854271357,9.97305628140703,0.00267707421928463,"2.5th percentile"
41.6830844221106,9.97305628140703,0.00162341306634966,"2.5th percentile"
41.7676834170854,9.97305628140703,0.00117857730186152,"2.5th percentile"
41.8522824120603,9.97305628140703,0.0007432855028698,"2.5th percentile"
41.9368814070352,9.97305628140703,0.000475120304875828,"2.5th percentile"
42.02148040201,9.97305628140703,0.000325698940947258,"2.5th percentile"
42.1060793969849,9.97305628140703,0.000207616120814955,"2.5th percentile"
42.1906783919598,9.97305628140703,0.000136299230126969,"2.5th percentile"
42.2752773869347,9.97305628140703,7.97597361104047e-05,"2.5th percentile"
42.3598763819095,9.97305628140703,5.41252815540428e-05,"2.5th percentile"
42.4444753768844,9.97305628140703,3.86509921280441e-05,"2.5th percentile"
42.5290743718593,9.97305628140703,2.32612300816316e-05,"2.5th percentile"
42.6136733668342,9.97305628140703,1.58148741834436e-05,"2.5th percentile"
42.698272361809,9.97305628140703,9.40297307205867e-06,"2.5th percentile"
42.7828713567839,9.97305628140703,6.73938063050377e-06,"2.5th percentile"
42.8674703517588,9.97305628140703,4.2299796894058e-06,"2.5th percentile"
42.9520693467337,9.97305628140703,2.30309558028517e-06,"2.5th percentile"
34.1537738693467,10.0410829145729,0.643569752487278,"2.5th percentile"
34.2383728643216,10.0410829145729,0.612008783208446,"2.5th percentile"
34.3229718592965,10.0410829145729,0.611895383993261,"2.5th percentile"
34.4075708542714,10.0410829145729,0.619081944101511,"2.5th percentile"
34.4921698492462,10.0410829145729,0.5568272887608,"2.5th percentile"
34.5767688442211,10.0410829145729,0.535507024584387,"2.5th percentile"
34.661367839196,10.0410829145729,0.478200812913401,"2.5th percentile"
34.7459668341709,10.0410829145729,0.516854574931262,"2.5th percentile"
34.8305658291457,10.0410829145729,0.477710126709097,"2.5th percentile"
34.9151648241206,10.0410829145729,0.454909154920186,"2.5th percentile"
34.9997638190955,10.0410829145729,0.448791636037297,"2.5th percentile"
35.0843628140704,10.0410829145729,0.43655979871154,"2.5th percentile"
35.1689618090452,10.0410829145729,0.438110108634647,"2.5th percentile"
35.2535608040201,10.0410829145729,0.42756549228759,"2.5th percentile"
35.338159798995,10.0410829145729,0.376249582375716,"2.5th percentile"
35.4227587939698,10.0410829145729,0.352281349794282,"2.5th percentile"
35.5073577889447,10.0410829145729,0.342339505394151,"2.5th percentile"
35.5919567839196,10.0410829145729,0.330376330305574,"2.5th percentile"
35.6765557788945,10.0410829145729,0.306569317285823,"2.5th percentile"
35.7611547738694,10.0410829145729,0.292532877362103,"2.5th percentile"
35.8457537688442,10.0410829145729,0.293757436783081,"2.5th percentile"
35.9303527638191,10.0410829145729,0.302489509001838,"2.5th percentile"
36.014951758794,10.0410829145729,0.30708266561121,"2.5th percentile"
36.0995507537688,10.0410829145729,0.320350507125887,"2.5th percentile"
36.1841497487437,10.0410829145729,0.291425222055758,"2.5th percentile"
36.2687487437186,10.0410829145729,0.303828260037789,"2.5th percentile"
36.3533477386935,10.0410829145729,0.299976624336732,"2.5th percentile"
36.4379467336683,10.0410829145729,0.292651033475234,"2.5th percentile"
36.5225457286432,10.0410829145729,0.310614273219561,"2.5th percentile"
36.6071447236181,10.0410829145729,0.324734595734629,"2.5th percentile"
36.691743718593,10.0410829145729,0.298484374522374,"2.5th percentile"
36.7763427135678,10.0410829145729,0.313464438636466,"2.5th percentile"
36.8609417085427,10.0410829145729,0.299054465602812,"2.5th percentile"
36.9455407035176,10.0410829145729,0.311619699144882,"2.5th percentile"
37.0301396984925,10.0410829145729,0.306654894098076,"2.5th percentile"
37.1147386934673,10.0410829145729,0.342629258824212,"2.5th percentile"
37.1993376884422,10.0410829145729,0.371800801447881,"2.5th percentile"
37.2839366834171,10.0410829145729,0.388070303588655,"2.5th percentile"
37.368535678392,10.0410829145729,0.389850415654538,"2.5th percentile"
37.4531346733668,10.0410829145729,0.392709921711624,"2.5th percentile"
37.5377336683417,10.0410829145729,0.407467606828675,"2.5th percentile"
37.6223326633166,10.0410829145729,0.364956375052272,"2.5th percentile"
37.7069316582915,10.0410829145729,0.337112596886276,"2.5th percentile"
37.7915306532663,10.0410829145729,0.385084980347725,"2.5th percentile"
37.8761296482412,10.0410829145729,0.387287338986113,"2.5th percentile"
37.9607286432161,10.0410829145729,0.399241950911083,"2.5th percentile"
38.045327638191,10.0410829145729,0.409338273540635,"2.5th percentile"
38.1299266331658,10.0410829145729,0.435973585069746,"2.5th percentile"
38.2145256281407,10.0410829145729,0.383086407016717,"2.5th percentile"
38.2991246231156,10.0410829145729,0.389135802481953,"2.5th percentile"
38.3837236180904,10.0410829145729,0.41293557748549,"2.5th percentile"
38.4683226130653,10.0410829145729,0.414474349933418,"2.5th percentile"
38.5529216080402,10.0410829145729,0.433055032057977,"2.5th percentile"
38.6375206030151,10.0410829145729,0.443639533256192,"2.5th percentile"
38.72211959799,10.0410829145729,0.462312356581461,"2.5th percentile"
38.8067185929648,10.0410829145729,0.460887403880268,"2.5th percentile"
38.8913175879397,10.0410829145729,0.458912285161007,"2.5th percentile"
38.9759165829146,10.0410829145729,0.468079301626231,"2.5th percentile"
39.0605155778894,10.0410829145729,0.474903424852948,"2.5th percentile"
39.1451145728643,10.0410829145729,0.501309272970975,"2.5th percentile"
39.2297135678392,10.0410829145729,0.531621249539444,"2.5th percentile"
39.3143125628141,10.0410829145729,0.518553139447187,"2.5th percentile"
39.3989115577889,10.0410829145729,0.513845552372384,"2.5th percentile"
39.4835105527638,10.0410829145729,0.508933998206277,"2.5th percentile"
39.5681095477387,10.0410829145729,0.510200063451546,"2.5th percentile"
39.6527085427136,10.0410829145729,0.485212962424211,"2.5th percentile"
39.7373075376884,10.0410829145729,0.479280995333243,"2.5th percentile"
39.8219065326633,10.0410829145729,0.461446566943532,"2.5th percentile"
39.9065055276382,10.0410829145729,0.448633310368047,"2.5th percentile"
39.9911045226131,10.0410829145729,0.447498023239095,"2.5th percentile"
40.0757035175879,10.0410829145729,0.481403847738642,"2.5th percentile"
40.1603025125628,10.0410829145729,0.471437780064365,"2.5th percentile"
40.2449015075377,10.0410829145729,0.467765799780698,"2.5th percentile"
40.3295005025126,10.0410829145729,0.475393290543327,"2.5th percentile"
40.4140994974874,10.0410829145729,0.38884360228091,"2.5th percentile"
40.4986984924623,10.0410829145729,0.250100536853285,"2.5th percentile"
40.5832974874372,10.0410829145729,0.234896740324594,"2.5th percentile"
40.6678964824121,10.0410829145729,0.181542561275421,"2.5th percentile"
40.7524954773869,10.0410829145729,0.134144790174935,"2.5th percentile"
40.8370944723618,10.0410829145729,0.0855461128905468,"2.5th percentile"
40.9216934673367,10.0410829145729,0.0650247326093833,"2.5th percentile"
41.0062924623116,10.0410829145729,0.0407782336813056,"2.5th percentile"
41.0908914572864,10.0410829145729,0.031367384509441,"2.5th percentile"
41.1754904522613,10.0410829145729,0.0231688127169701,"2.5th percentile"
41.2600894472362,10.0410829145729,0.0151033940206013,"2.5th percentile"
41.344688442211,10.0410829145729,0.00712431321771052,"2.5th percentile"
41.4292874371859,10.0410829145729,0.00545058564727791,"2.5th percentile"
41.5138864321608,10.0410829145729,0.00392715170695033,"2.5th percentile"
41.5984854271357,10.0410829145729,0.00275169644410446,"2.5th percentile"
41.6830844221106,10.0410829145729,0.00178875480807126,"2.5th percentile"
41.7676834170854,10.0410829145729,0.0010232698662295,"2.5th percentile"
41.8522824120603,10.0410829145729,0.000771081472825097,"2.5th percentile"
41.9368814070352,10.0410829145729,0.000444895489067448,"2.5th percentile"
42.02148040201,10.0410829145729,0.000320451876797578,"2.5th percentile"
42.1060793969849,10.0410829145729,0.00020371811251852,"2.5th percentile"
42.1906783919598,10.0410829145729,0.000128778785536215,"2.5th percentile"
42.2752773869347,10.0410829145729,8.76789978549048e-05,"2.5th percentile"
42.3598763819095,10.0410829145729,5.69043622098816e-05,"2.5th percentile"
42.4444753768844,10.0410829145729,3.8018238454851e-05,"2.5th percentile"
42.5290743718593,10.0410829145729,2.29517785910692e-05,"2.5th percentile"
42.6136733668342,10.0410829145729,1.55700973852046e-05,"2.5th percentile"
42.698272361809,10.0410829145729,1.04538740627699e-05,"2.5th percentile"
42.7828713567839,10.0410829145729,5.30977417867684e-06,"2.5th percentile"
42.8674703517588,10.0410829145729,3.44806184484022e-06,"2.5th percentile"
34.1537738693467,10.1091095477387,0.667152515690971,"2.5th percentile"
34.2383728643216,10.1091095477387,0.640354872156368,"2.5th percentile"
34.3229718592965,10.1091095477387,0.629584456392464,"2.5th percentile"
34.4075708542714,10.1091095477387,0.583171847435973,"2.5th percentile"
34.4921698492462,10.1091095477387,0.576249292491714,"2.5th percentile"
34.5767688442211,10.1091095477387,0.508868281390099,"2.5th percentile"
34.661367839196,10.1091095477387,0.536000323700262,"2.5th percentile"
34.7459668341709,10.1091095477387,0.510235488958147,"2.5th percentile"
34.8305658291457,10.1091095477387,0.518436617721158,"2.5th percentile"
34.9151648241206,10.1091095477387,0.524445834408667,"2.5th percentile"
34.9997638190955,10.1091095477387,0.459480183444582,"2.5th percentile"
35.0843628140704,10.1091095477387,0.43834941121114,"2.5th percentile"
35.1689618090452,10.1091095477387,0.438586742453515,"2.5th percentile"
35.2535608040201,10.1091095477387,0.403742538102484,"2.5th percentile"
35.338159798995,10.1091095477387,0.382675316401265,"2.5th percentile"
35.4227587939698,10.1091095477387,0.401300473885141,"2.5th percentile"
35.5073577889447,10.1091095477387,0.347892511803921,"2.5th percentile"
35.5919567839196,10.1091095477387,0.318188386005103,"2.5th percentile"
35.6765557788945,10.1091095477387,0.322178373354117,"2.5th percentile"
35.7611547738694,10.1091095477387,0.300010865393354,"2.5th percentile"
35.8457537688442,10.1091095477387,0.290074531652868,"2.5th percentile"
35.9303527638191,10.1091095477387,0.287234587229069,"2.5th percentile"
36.014951758794,10.1091095477387,0.299715414462746,"2.5th percentile"
36.0995507537688,10.1091095477387,0.321834214348945,"2.5th percentile"
36.1841497487437,10.1091095477387,0.306422048527446,"2.5th percentile"
36.2687487437186,10.1091095477387,0.313263978658208,"2.5th percentile"
36.3533477386935,10.1091095477387,0.312680686097156,"2.5th percentile"
36.4379467336683,10.1091095477387,0.296290661500448,"2.5th percentile"
36.5225457286432,10.1091095477387,0.311894008914794,"2.5th percentile"
36.6071447236181,10.1091095477387,0.322721416704244,"2.5th percentile"
36.691743718593,10.1091095477387,0.3214457288905,"2.5th percentile"
36.7763427135678,10.1091095477387,0.335383355962092,"2.5th percentile"
36.8609417085427,10.1091095477387,0.328751622901262,"2.5th percentile"
36.9455407035176,10.1091095477387,0.30847428250711,"2.5th percentile"
37.0301396984925,10.1091095477387,0.334980158888444,"2.5th percentile"
37.1147386934673,10.1091095477387,0.3535591177532,"2.5th percentile"
37.1993376884422,10.1091095477387,0.394867913070017,"2.5th percentile"
37.2839366834171,10.1091095477387,0.381573821686699,"2.5th percentile"
37.368535678392,10.1091095477387,0.365856191564955,"2.5th percentile"
37.4531346733668,10.1091095477387,0.372844180468397,"2.5th percentile"
37.5377336683417,10.1091095477387,0.382815891599801,"2.5th percentile"
37.6223326633166,10.1091095477387,0.370152348346907,"2.5th percentile"
37.7069316582915,10.1091095477387,0.332489401112126,"2.5th percentile"
37.7915306532663,10.1091095477387,0.339164457952078,"2.5th percentile"
37.8761296482412,10.1091095477387,0.364639477768607,"2.5th percentile"
37.9607286432161,10.1091095477387,0.382188442189831,"2.5th percentile"
38.045327638191,10.1091095477387,0.391219654543527,"2.5th percentile"
38.1299266331658,10.1091095477387,0.389471696907425,"2.5th percentile"
38.2145256281407,10.1091095477387,0.407043220678645,"2.5th percentile"
38.2991246231156,10.1091095477387,0.420338867716292,"2.5th percentile"
38.3837236180904,10.1091095477387,0.423210304545757,"2.5th percentile"
38.4683226130653,10.1091095477387,0.393127947930443,"2.5th percentile"
38.5529216080402,10.1091095477387,0.402176517024053,"2.5th percentile"
38.6375206030151,10.1091095477387,0.420097241197772,"2.5th percentile"
38.72211959799,10.1091095477387,0.408203196952749,"2.5th percentile"
38.8067185929648,10.1091095477387,0.434369443084155,"2.5th percentile"
38.8913175879397,10.1091095477387,0.474003587588213,"2.5th percentile"
38.9759165829146,10.1091095477387,0.472934085864954,"2.5th percentile"
39.0605155778894,10.1091095477387,0.490804747479818,"2.5th percentile"
39.1451145728643,10.1091095477387,0.500920702770383,"2.5th percentile"
39.2297135678392,10.1091095477387,0.498819702017784,"2.5th percentile"
39.3143125628141,10.1091095477387,0.526784768572197,"2.5th percentile"
39.3989115577889,10.1091095477387,0.502100365164473,"2.5th percentile"
39.4835105527638,10.1091095477387,0.508315509194611,"2.5th percentile"
39.5681095477387,10.1091095477387,0.538218698332219,"2.5th percentile"
39.6527085427136,10.1091095477387,0.489056517028101,"2.5th percentile"
39.7373075376884,10.1091095477387,0.482923269969987,"2.5th percentile"
39.8219065326633,10.1091095477387,0.460592741895275,"2.5th percentile"
39.9065055276382,10.1091095477387,0.479476466880542,"2.5th percentile"
39.9911045226131,10.1091095477387,0.435539672316919,"2.5th percentile"
40.0757035175879,10.1091095477387,0.464570702539808,"2.5th percentile"
40.1603025125628,10.1091095477387,0.506558133172271,"2.5th percentile"
40.2449015075377,10.1091095477387,0.482333876109541,"2.5th percentile"
40.3295005025126,10.1091095477387,0.510934703575696,"2.5th percentile"
40.4140994974874,10.1091095477387,0.397664727620422,"2.5th percentile"
40.4986984924623,10.1091095477387,0.27085483984248,"2.5th percentile"
40.5832974874372,10.1091095477387,0.209119686168731,"2.5th percentile"
40.6678964824121,10.1091095477387,0.176174706110232,"2.5th percentile"
40.7524954773869,10.1091095477387,0.152098532708181,"2.5th percentile"
40.8370944723618,10.1091095477387,0.097935426582704,"2.5th percentile"
40.9216934673367,10.1091095477387,0.071130206077303,"2.5th percentile"
41.0062924623116,10.1091095477387,0.0509174336996349,"2.5th percentile"
41.0908914572864,10.1091095477387,0.0314334085075145,"2.5th percentile"
41.1754904522613,10.1091095477387,0.0234779638521024,"2.5th percentile"
41.2600894472362,10.1091095477387,0.0149865356878878,"2.5th percentile"
41.344688442211,10.1091095477387,0.0101116884517271,"2.5th percentile"
41.4292874371859,10.1091095477387,0.00518680841222032,"2.5th percentile"
41.5138864321608,10.1091095477387,0.00414414747507771,"2.5th percentile"
41.5984854271357,10.1091095477387,0.00268322723627314,"2.5th percentile"
41.6830844221106,10.1091095477387,0.00181800858294846,"2.5th percentile"
41.7676834170854,10.1091095477387,0.00111354696747695,"2.5th percentile"
41.8522824120603,10.1091095477387,0.000640784983887617,"2.5th percentile"
41.9368814070352,10.1091095477387,0.000421741879316382,"2.5th percentile"
42.02148040201,10.1091095477387,0.000316936507821568,"2.5th percentile"
42.1060793969849,10.1091095477387,0.000172113183337992,"2.5th percentile"
42.1906783919598,10.1091095477387,0.000137011286741137,"2.5th percentile"
42.2752773869347,10.1091095477387,9.2572152582619e-05,"2.5th percentile"
42.3598763819095,10.1091095477387,6.05576925381319e-05,"2.5th percentile"
42.4444753768844,10.1091095477387,3.90094743588427e-05,"2.5th percentile"
42.5290743718593,10.1091095477387,2.53319818001247e-05,"2.5th percentile"
42.6136733668342,10.1091095477387,1.53967878255213e-05,"2.5th percentile"
42.698272361809,10.1091095477387,8.05579408974345e-06,"2.5th percentile"
42.7828713567839,10.1091095477387,5.21208432772499e-06,"2.5th percentile"
42.8674703517588,10.1091095477387,3.46255807567852e-06,"2.5th percentile"
34.1537738693467,10.1771361809045,0.661872838089693,"2.5th percentile"
34.2383728643216,10.1771361809045,0.623411480825434,"2.5th percentile"
34.3229718592965,10.1771361809045,0.599221891197953,"2.5th percentile"
34.4075708542714,10.1771361809045,0.607218553846283,"2.5th percentile"
34.4921698492462,10.1771361809045,0.588211546678233,"2.5th percentile"
34.5767688442211,10.1771361809045,0.60922544794117,"2.5th percentile"
34.661367839196,10.1771361809045,0.537802379338303,"2.5th percentile"
34.7459668341709,10.1771361809045,0.527420229235531,"2.5th percentile"
34.8305658291457,10.1771361809045,0.497727025767978,"2.5th percentile"
34.9151648241206,10.1771361809045,0.528127188653683,"2.5th percentile"
34.9997638190955,10.1771361809045,0.469185463893231,"2.5th percentile"
35.0843628140704,10.1771361809045,0.478378723019204,"2.5th percentile"
35.1689618090452,10.1771361809045,0.431326078157888,"2.5th percentile"
35.2535608040201,10.1771361809045,0.412942810570859,"2.5th percentile"
35.338159798995,10.1771361809045,0.403376146187039,"2.5th percentile"
35.4227587939698,10.1771361809045,0.372462997490812,"2.5th percentile"
35.5073577889447,10.1771361809045,0.351018597397241,"2.5th percentile"
35.5919567839196,10.1771361809045,0.332877185965933,"2.5th percentile"
35.6765557788945,10.1771361809045,0.327144989423925,"2.5th percentile"
35.7611547738694,10.1771361809045,0.302973697808209,"2.5th percentile"
35.8457537688442,10.1771361809045,0.286278511114825,"2.5th percentile"
35.9303527638191,10.1771361809045,0.294716381007549,"2.5th percentile"
36.014951758794,10.1771361809045,0.295998867819751,"2.5th percentile"
36.0995507537688,10.1771361809045,0.293073198995412,"2.5th percentile"
36.1841497487437,10.1771361809045,0.302285109164017,"2.5th percentile"
36.2687487437186,10.1771361809045,0.32345760689104,"2.5th percentile"
36.3533477386935,10.1771361809045,0.312683451430746,"2.5th percentile"
36.4379467336683,10.1771361809045,0.309353782279624,"2.5th percentile"
36.5225457286432,10.1771361809045,0.321090062042108,"2.5th percentile"
36.6071447236181,10.1771361809045,0.315259373109545,"2.5th percentile"
36.691743718593,10.1771361809045,0.319579784009884,"2.5th percentile"
36.7763427135678,10.1771361809045,0.331430952206717,"2.5th percentile"
36.8609417085427,10.1771361809045,0.348561003070495,"2.5th percentile"
36.9455407035176,10.1771361809045,0.338469870280123,"2.5th percentile"
37.0301396984925,10.1771361809045,0.354456480159194,"2.5th percentile"
37.1147386934673,10.1771361809045,0.352714013718581,"2.5th percentile"
37.1993376884422,10.1771361809045,0.378259140943244,"2.5th percentile"
37.2839366834171,10.1771361809045,0.346756421172812,"2.5th percentile"
37.368535678392,10.1771361809045,0.33493747031549,"2.5th percentile"
37.4531346733668,10.1771361809045,0.346944156495897,"2.5th percentile"
37.5377336683417,10.1771361809045,0.345453183391596,"2.5th percentile"
37.6223326633166,10.1771361809045,0.359168300532993,"2.5th percentile"
37.7069316582915,10.1771361809045,0.3406375519745,"2.5th percentile"
37.7915306532663,10.1771361809045,0.337484182739077,"2.5th percentile"
37.8761296482412,10.1771361809045,0.33601137389827,"2.5th percentile"
37.9607286432161,10.1771361809045,0.340604559024937,"2.5th percentile"
38.045327638191,10.1771361809045,0.36056020168322,"2.5th percentile"
38.1299266331658,10.1771361809045,0.367496569290417,"2.5th percentile"
38.2145256281407,10.1771361809045,0.398477824155605,"2.5th percentile"
38.2991246231156,10.1771361809045,0.428705999718626,"2.5th percentile"
38.3837236180904,10.1771361809045,0.436205348598049,"2.5th percentile"
38.4683226130653,10.1771361809045,0.432264090570515,"2.5th percentile"
38.5529216080402,10.1771361809045,0.401120227232182,"2.5th percentile"
38.6375206030151,10.1771361809045,0.393086274073957,"2.5th percentile"
38.72211959799,10.1771361809045,0.398111299789571,"2.5th percentile"
38.8067185929648,10.1771361809045,0.438553578945738,"2.5th percentile"
38.8913175879397,10.1771361809045,0.456466456513146,"2.5th percentile"
38.9759165829146,10.1771361809045,0.487181393180205,"2.5th percentile"
39.0605155778894,10.1771361809045,0.48590732948196,"2.5th percentile"
39.1451145728643,10.1771361809045,0.484941454660121,"2.5th percentile"
39.2297135678392,10.1771361809045,0.512577348083959,"2.5th percentile"
39.3143125628141,10.1771361809045,0.527489025293102,"2.5th percentile"
39.3989115577889,10.1771361809045,0.53254134057557,"2.5th percentile"
39.4835105527638,10.1771361809045,0.545424968395764,"2.5th percentile"
39.5681095477387,10.1771361809045,0.510085302397913,"2.5th percentile"
39.6527085427136,10.1771361809045,0.519612927086551,"2.5th percentile"
39.7373075376884,10.1771361809045,0.488846066537569,"2.5th percentile"
39.8219065326633,10.1771361809045,0.474459933402626,"2.5th percentile"
39.9065055276382,10.1771361809045,0.472931211228923,"2.5th percentile"
39.9911045226131,10.1771361809045,0.416817918691157,"2.5th percentile"
40.0757035175879,10.1771361809045,0.438816658415903,"2.5th percentile"
40.1603025125628,10.1771361809045,0.461677168892623,"2.5th percentile"
40.2449015075377,10.1771361809045,0.484740296279873,"2.5th percentile"
40.3295005025126,10.1771361809045,0.516429561607111,"2.5th percentile"
40.4140994974874,10.1771361809045,0.440535285217969,"2.5th percentile"
40.4986984924623,10.1771361809045,0.496514741247601,"2.5th percentile"
40.5832974874372,10.1771361809045,0.227052509470195,"2.5th percentile"
40.6678964824121,10.1771361809045,0.202235174870783,"2.5th percentile"
40.7524954773869,10.1771361809045,0.155808600320762,"2.5th percentile"
40.8370944723618,10.1771361809045,0.104760970672299,"2.5th percentile"
40.9216934673367,10.1771361809045,0.0710022818888316,"2.5th percentile"
41.0062924623116,10.1771361809045,0.047877426591059,"2.5th percentile"
41.0908914572864,10.1771361809045,0.0351166527286322,"2.5th percentile"
41.1754904522613,10.1771361809045,0.0220466432434055,"2.5th percentile"
41.2600894472362,10.1771361809045,0.0151715761493848,"2.5th percentile"
41.344688442211,10.1771361809045,0.00968420082614968,"2.5th percentile"
41.4292874371859,10.1771361809045,0.00637988768238786,"2.5th percentile"
41.5138864321608,10.1771361809045,0.00414506245928208,"2.5th percentile"
41.5984854271357,10.1771361809045,0.00272735060128508,"2.5th percentile"
41.6830844221106,10.1771361809045,0.00162004911197147,"2.5th percentile"
41.7676834170854,10.1771361809045,0.00111803568412801,"2.5th percentile"
41.8522824120603,10.1771361809045,0.000608199936992885,"2.5th percentile"
41.9368814070352,10.1771361809045,0.000369611043845957,"2.5th percentile"
42.02148040201,10.1771361809045,0.000253005122008522,"2.5th percentile"
42.1060793969849,10.1771361809045,0.000156087557545063,"2.5th percentile"
42.1906783919598,10.1771361809045,0.000136217533463749,"2.5th percentile"
42.2752773869347,10.1771361809045,8.95934629150285e-05,"2.5th percentile"
42.3598763819095,10.1771361809045,5.79650335474424e-05,"2.5th percentile"
42.4444753768844,10.1771361809045,3.90774741037701e-05,"2.5th percentile"
42.5290743718593,10.1771361809045,2.51312743616086e-05,"2.5th percentile"
42.6136733668342,10.1771361809045,1.6619246198806e-05,"2.5th percentile"
42.698272361809,10.1771361809045,1.01185726174896e-05,"2.5th percentile"
42.7828713567839,10.1771361809045,6.17588152862429e-06,"2.5th percentile"
34.1537738693467,10.2451628140704,0.692074918321868,"2.5th percentile"
34.2383728643216,10.2451628140704,0.62719485053405,"2.5th percentile"
34.3229718592965,10.2451628140704,0.638000428193613,"2.5th percentile"
34.4075708542714,10.2451628140704,0.605418435931907,"2.5th percentile"
34.4921698492462,10.2451628140704,0.584428137943916,"2.5th percentile"
34.5767688442211,10.2451628140704,0.574911726124293,"2.5th percentile"
34.661367839196,10.2451628140704,0.55118992337217,"2.5th percentile"
34.7459668341709,10.2451628140704,0.553491811360392,"2.5th percentile"
34.8305658291457,10.2451628140704,0.524254084129284,"2.5th percentile"
34.9151648241206,10.2451628140704,0.529055375793093,"2.5th percentile"
34.9997638190955,10.2451628140704,0.477629201432303,"2.5th percentile"
35.0843628140704,10.2451628140704,0.461827778013966,"2.5th percentile"
35.1689618090452,10.2451628140704,0.429688265722222,"2.5th percentile"
35.2535608040201,10.2451628140704,0.422468865820539,"2.5th percentile"
35.338159798995,10.2451628140704,0.394063116749,"2.5th percentile"
35.4227587939698,10.2451628140704,0.371884456754178,"2.5th percentile"
35.5073577889447,10.2451628140704,0.348360708351929,"2.5th percentile"
35.5919567839196,10.2451628140704,0.328902889013684,"2.5th percentile"
35.6765557788945,10.2451628140704,0.338280945878834,"2.5th percentile"
35.7611547738694,10.2451628140704,0.31222892271791,"2.5th percentile"
35.8457537688442,10.2451628140704,0.295045154771314,"2.5th percentile"
35.9303527638191,10.2451628140704,0.293650297030125,"2.5th percentile"
36.014951758794,10.2451628140704,0.304723789155041,"2.5th percentile"
36.0995507537688,10.2451628140704,0.285766485749083,"2.5th percentile"
36.1841497487437,10.2451628140704,0.295210913977166,"2.5th percentile"
36.2687487437186,10.2451628140704,0.319704484385854,"2.5th percentile"
36.3533477386935,10.2451628140704,0.317116947156687,"2.5th percentile"
36.4379467336683,10.2451628140704,0.319038520218359,"2.5th percentile"
36.5225457286432,10.2451628140704,0.324875988215359,"2.5th percentile"
36.6071447236181,10.2451628140704,0.318331902523343,"2.5th percentile"
36.691743718593,10.2451628140704,0.334532585085686,"2.5th percentile"
36.7763427135678,10.2451628140704,0.337710369657341,"2.5th percentile"
36.8609417085427,10.2451628140704,0.354001100803974,"2.5th percentile"
36.9455407035176,10.2451628140704,0.338025566910925,"2.5th percentile"
37.0301396984925,10.2451628140704,0.379631519692255,"2.5th percentile"
37.1147386934673,10.2451628140704,0.37957654906478,"2.5th percentile"
37.1993376884422,10.2451628140704,0.407471085396875,"2.5th percentile"
37.2839366834171,10.2451628140704,0.350884598394631,"2.5th percentile"
37.368535678392,10.2451628140704,0.335929475698686,"2.5th percentile"
37.4531346733668,10.2451628140704,0.332712379564161,"2.5th percentile"
37.5377336683417,10.2451628140704,0.333226535442225,"2.5th percentile"
37.6223326633166,10.2451628140704,0.344042343880414,"2.5th percentile"
37.7069316582915,10.2451628140704,0.361018398156529,"2.5th percentile"
37.7915306532663,10.2451628140704,0.338177411405904,"2.5th percentile"
37.8761296482412,10.2451628140704,0.336939124579696,"2.5th percentile"
37.9607286432161,10.2451628140704,0.340672753438952,"2.5th percentile"
38.045327638191,10.2451628140704,0.349068618015679,"2.5th percentile"
38.1299266331658,10.2451628140704,0.369943058891899,"2.5th percentile"
38.2145256281407,10.2451628140704,0.390022670482657,"2.5th percentile"
38.2991246231156,10.2451628140704,0.421244438285854,"2.5th percentile"
38.3837236180904,10.2451628140704,0.439080619026683,"2.5th percentile"
38.4683226130653,10.2451628140704,0.443229998673991,"2.5th percentile"
38.5529216080402,10.2451628140704,0.402742264480505,"2.5th percentile"
38.6375206030151,10.2451628140704,0.391835064106501,"2.5th percentile"
38.72211959799,10.2451628140704,0.394781174812795,"2.5th percentile"
38.8067185929648,10.2451628140704,0.419513407166903,"2.5th percentile"
38.8913175879397,10.2451628140704,0.456674793015907,"2.5th percentile"
38.9759165829146,10.2451628140704,0.470114135515186,"2.5th percentile"
39.0605155778894,10.2451628140704,0.470829059324683,"2.5th percentile"
39.1451145728643,10.2451628140704,0.466619197709737,"2.5th percentile"
39.2297135678392,10.2451628140704,0.518661077310637,"2.5th percentile"
39.3143125628141,10.2451628140704,0.544340695065289,"2.5th percentile"
39.3989115577889,10.2451628140704,0.51651993711597,"2.5th percentile"
39.4835105527638,10.2451628140704,0.538587041815218,"2.5th percentile"
39.5681095477387,10.2451628140704,0.556167692043683,"2.5th percentile"
39.6527085427136,10.2451628140704,0.528856232477472,"2.5th percentile"
39.7373075376884,10.2451628140704,0.498976507940571,"2.5th percentile"
39.8219065326633,10.2451628140704,0.479015758098369,"2.5th percentile"
39.9065055276382,10.2451628140704,0.47747101151893,"2.5th percentile"
39.9911045226131,10.2451628140704,0.428102458174156,"2.5th percentile"
40.0757035175879,10.2451628140704,0.461250821289164,"2.5th percentile"
40.1603025125628,10.2451628140704,0.471658802197689,"2.5th percentile"
40.2449015075377,10.2451628140704,0.496142491815326,"2.5th percentile"
40.3295005025126,10.2451628140704,0.494863275922135,"2.5th percentile"
40.4140994974874,10.2451628140704,0.420397364208186,"2.5th percentile"
40.4986984924623,10.2451628140704,0.493765738010002,"2.5th percentile"
40.5832974874372,10.2451628140704,0.248026111363086,"2.5th percentile"
40.6678964824121,10.2451628140704,0.206064633877786,"2.5th percentile"
40.7524954773869,10.2451628140704,0.159051530853585,"2.5th percentile"
40.8370944723618,10.2451628140704,0.10657179980955,"2.5th percentile"
40.9216934673367,10.2451628140704,0.0588561108288163,"2.5th percentile"
41.0062924623116,10.2451628140704,0.049590479771521,"2.5th percentile"
41.0908914572864,10.2451628140704,0.0331067519488181,"2.5th percentile"
41.1754904522613,10.2451628140704,0.0216939284544913,"2.5th percentile"
41.2600894472362,10.2451628140704,0.0125292486877412,"2.5th percentile"
41.344688442211,10.2451628140704,0.00898416771810914,"2.5th percentile"
41.4292874371859,10.2451628140704,0.0062555863602334,"2.5th percentile"
41.5138864321608,10.2451628140704,0.00418843084656225,"2.5th percentile"
41.5984854271357,10.2451628140704,0.00270881296630002,"2.5th percentile"
41.6830844221106,10.2451628140704,0.00180256615809156,"2.5th percentile"
41.7676834170854,10.2451628140704,0.000860909709775243,"2.5th percentile"
41.8522824120603,10.2451628140704,0.000684321263625535,"2.5th percentile"
41.9368814070352,10.2451628140704,0.000493295133587493,"2.5th percentile"
42.02148040201,10.2451628140704,0.000311225907618657,"2.5th percentile"
42.1060793969849,10.2451628140704,0.000158385671298087,"2.5th percentile"
42.1906783919598,10.2451628140704,0.000138748831953496,"2.5th percentile"
42.2752773869347,10.2451628140704,9.39192756501765e-05,"2.5th percentile"
42.3598763819095,10.2451628140704,5.7403719595349e-05,"2.5th percentile"
42.4444753768844,10.2451628140704,3.89586928940173e-05,"2.5th percentile"
42.5290743718593,10.2451628140704,2.13217178987073e-05,"2.5th percentile"
42.6136733668342,10.2451628140704,1.50877633941077e-05,"2.5th percentile"
42.698272361809,10.2451628140704,9.94552316282433e-06,"2.5th percentile"
34.2383728643216,10.3131894472362,0.635742737717052,"2.5th percentile"
34.3229718592965,10.3131894472362,0.638575555708339,"2.5th percentile"
34.4075708542714,10.3131894472362,0.610001195113115,"2.5th percentile"
34.4921698492462,10.3131894472362,0.57520456542854,"2.5th percentile"
34.5767688442211,10.3131894472362,0.578559150659717,"2.5th percentile"
34.661367839196,10.3131894472362,0.602424473501384,"2.5th percentile"
34.7459668341709,10.3131894472362,0.547952413075073,"2.5th percentile"
34.8305658291457,10.3131894472362,0.524579097132902,"2.5th percentile"
34.9151648241206,10.3131894472362,0.508085438454562,"2.5th percentile"
34.9997638190955,10.3131894472362,0.479941798345239,"2.5th percentile"
35.0843628140704,10.3131894472362,0.477237121433252,"2.5th percentile"
35.1689618090452,10.3131894472362,0.453590504862228,"2.5th percentile"
35.2535608040201,10.3131894472362,0.418241533596386,"2.5th percentile"
35.338159798995,10.3131894472362,0.404839985132788,"2.5th percentile"
35.4227587939698,10.3131894472362,0.394736426694286,"2.5th percentile"
35.5073577889447,10.3131894472362,0.360655404001512,"2.5th percentile"
35.5919567839196,10.3131894472362,0.345854278120128,"2.5th percentile"
35.6765557788945,10.3131894472362,0.33815148697474,"2.5th percentile"
35.7611547738694,10.3131894472362,0.322629362553036,"2.5th percentile"
35.8457537688442,10.3131894472362,0.305001362555235,"2.5th percentile"
35.9303527638191,10.3131894472362,0.299433321350249,"2.5th percentile"
36.014951758794,10.3131894472362,0.290203649872859,"2.5th percentile"
36.0995507537688,10.3131894472362,0.286078688041195,"2.5th percentile"
36.1841497487437,10.3131894472362,0.290551409253812,"2.5th percentile"
36.2687487437186,10.3131894472362,0.314619053359851,"2.5th percentile"
36.3533477386935,10.3131894472362,0.319588906776897,"2.5th percentile"
36.4379467336683,10.3131894472362,0.323043820589219,"2.5th percentile"
36.5225457286432,10.3131894472362,0.330749534487506,"2.5th percentile"
36.6071447236181,10.3131894472362,0.340972949700629,"2.5th percentile"
36.691743718593,10.3131894472362,0.344624826695969,"2.5th percentile"
36.7763427135678,10.3131894472362,0.342066936970063,"2.5th percentile"
36.8609417085427,10.3131894472362,0.36396462437181,"2.5th percentile"
36.9455407035176,10.3131894472362,0.389614243550922,"2.5th percentile"
37.0301396984925,10.3131894472362,0.351793914847674,"2.5th percentile"
37.1147386934673,10.3131894472362,0.379889995624504,"2.5th percentile"
37.1993376884422,10.3131894472362,0.357369067008386,"2.5th percentile"
37.2839366834171,10.3131894472362,0.331925399244492,"2.5th percentile"
37.368535678392,10.3131894472362,0.316979085146892,"2.5th percentile"
37.4531346733668,10.3131894472362,0.309378634852348,"2.5th percentile"
37.5377336683417,10.3131894472362,0.322664442324307,"2.5th percentile"
37.6223326633166,10.3131894472362,0.331550227770099,"2.5th percentile"
37.7069316582915,10.3131894472362,0.33061379467189,"2.5th percentile"
37.7915306532663,10.3131894472362,0.336928200960602,"2.5th percentile"
37.8761296482412,10.3131894472362,0.332506775417046,"2.5th percentile"
37.9607286432161,10.3131894472362,0.339774639478516,"2.5th percentile"
38.045327638191,10.3131894472362,0.349734422853566,"2.5th percentile"
38.1299266331658,10.3131894472362,0.354100204008361,"2.5th percentile"
38.2145256281407,10.3131894472362,0.377688784003673,"2.5th percentile"
38.2991246231156,10.3131894472362,0.419235309841267,"2.5th percentile"
38.3837236180904,10.3131894472362,0.439828863591997,"2.5th percentile"
38.4683226130653,10.3131894472362,0.473920734523966,"2.5th percentile"
38.5529216080402,10.3131894472362,0.397693632866938,"2.5th percentile"
38.6375206030151,10.3131894472362,0.402463354914877,"2.5th percentile"
38.72211959799,10.3131894472362,0.421180864751586,"2.5th percentile"
38.8067185929648,10.3131894472362,0.427133608451669,"2.5th percentile"
38.8913175879397,10.3131894472362,0.477393026337744,"2.5th percentile"
38.9759165829146,10.3131894472362,0.487188785334319,"2.5th percentile"
39.0605155778894,10.3131894472362,0.497693508016329,"2.5th percentile"
39.1451145728643,10.3131894472362,0.482418746576477,"2.5th percentile"
39.2297135678392,10.3131894472362,0.481521948438656,"2.5th percentile"
39.3143125628141,10.3131894472362,0.523986327447091,"2.5th percentile"
39.3989115577889,10.3131894472362,0.528179093497193,"2.5th percentile"
39.4835105527638,10.3131894472362,0.527648927917806,"2.5th percentile"
39.5681095477387,10.3131894472362,0.516457162914926,"2.5th percentile"
39.6527085427136,10.3131894472362,0.517982471089828,"2.5th percentile"
39.7373075376884,10.3131894472362,0.527956416758266,"2.5th percentile"
39.8219065326633,10.3131894472362,0.501457161901016,"2.5th percentile"
39.9065055276382,10.3131894472362,0.468240324972429,"2.5th percentile"
39.9911045226131,10.3131894472362,0.449901406977003,"2.5th percentile"
40.0757035175879,10.3131894472362,0.456428669381581,"2.5th percentile"
40.1603025125628,10.3131894472362,0.4833697701466,"2.5th percentile"
40.2449015075377,10.3131894472362,0.505436221164215,"2.5th percentile"
40.3295005025126,10.3131894472362,0.492641894254199,"2.5th percentile"
40.4140994974874,10.3131894472362,0.457712144633156,"2.5th percentile"
40.4986984924623,10.3131894472362,0.284621978252761,"2.5th percentile"
40.5832974874372,10.3131894472362,0.227265008217643,"2.5th percentile"
40.6678964824121,10.3131894472362,0.205452222913448,"2.5th percentile"
40.7524954773869,10.3131894472362,0.150173126418317,"2.5th percentile"
40.8370944723618,10.3131894472362,0.104403769086295,"2.5th percentile"
40.9216934673367,10.3131894472362,0.0568642050834001,"2.5th percentile"
41.0062924623116,10.3131894472362,0.0493000167208505,"2.5th percentile"
41.0908914572864,10.3131894472362,0.0300785314846661,"2.5th percentile"
41.1754904522613,10.3131894472362,0.0219776888476626,"2.5th percentile"
41.2600894472362,10.3131894472362,0.013661291813077,"2.5th percentile"
41.344688442211,10.3131894472362,0.0100346164823039,"2.5th percentile"
41.4292874371859,10.3131894472362,0.0067003573819316,"2.5th percentile"
41.5138864321608,10.3131894472362,0.00430747552198827,"2.5th percentile"
41.5984854271357,10.3131894472362,0.00276638705998145,"2.5th percentile"
41.6830844221106,10.3131894472362,0.00153267320110695,"2.5th percentile"
41.7676834170854,10.3131894472362,0.000853772622113277,"2.5th percentile"
41.8522824120603,10.3131894472362,0.000783400819921689,"2.5th percentile"
41.9368814070352,10.3131894472362,0.000501987673191264,"2.5th percentile"
42.02148040201,10.3131894472362,0.000324178480226918,"2.5th percentile"
42.1060793969849,10.3131894472362,0.000210267953731276,"2.5th percentile"
42.1906783919598,10.3131894472362,0.000139692943588084,"2.5th percentile"
42.2752773869347,10.3131894472362,9.13547540203412e-05,"2.5th percentile"
42.3598763819095,10.3131894472362,6.08548932782746e-05,"2.5th percentile"
42.4444753768844,10.3131894472362,3.93914160965686e-05,"2.5th percentile"
42.5290743718593,10.3131894472362,2.37502523692382e-05,"2.5th percentile"
42.6136733668342,10.3131894472362,1.52367743044788e-05,"2.5th percentile"
42.698272361809,10.3131894472362,1.0572658605403e-05,"2.5th percentile"
34.2383728643216,10.381216080402,0.654351766148771,"2.5th percentile"
34.3229718592965,10.381216080402,0.665058019241811,"2.5th percentile"
34.4075708542714,10.381216080402,0.62697165270707,"2.5th percentile"
34.4921698492462,10.381216080402,0.592515361355614,"2.5th percentile"
34.5767688442211,10.381216080402,0.593910683019148,"2.5th percentile"
34.661367839196,10.381216080402,0.583909114130084,"2.5th percentile"
34.7459668341709,10.381216080402,0.556658046080774,"2.5th percentile"
34.8305658291457,10.381216080402,0.529452369494701,"2.5th percentile"
34.9151648241206,10.381216080402,0.515067035229562,"2.5th percentile"
34.9997638190955,10.381216080402,0.497153339058404,"2.5th percentile"
35.0843628140704,10.381216080402,0.48627497197814,"2.5th percentile"
35.1689618090452,10.381216080402,0.463757399730505,"2.5th percentile"
35.2535608040201,10.381216080402,0.430984135181982,"2.5th percentile"
35.338159798995,10.381216080402,0.42208717065569,"2.5th percentile"
35.4227587939698,10.381216080402,0.403211004992518,"2.5th percentile"
35.5073577889447,10.381216080402,0.374862280636223,"2.5th percentile"
35.5919567839196,10.381216080402,0.361130127174547,"2.5th percentile"
35.6765557788945,10.381216080402,0.353471471968917,"2.5th percentile"
35.7611547738694,10.381216080402,0.325726658912925,"2.5th percentile"
35.8457537688442,10.381216080402,0.31517546323133,"2.5th percentile"
35.9303527638191,10.381216080402,0.288660098601118,"2.5th percentile"
36.014951758794,10.381216080402,0.281475260637218,"2.5th percentile"
36.0995507537688,10.381216080402,0.271416013450872,"2.5th percentile"
36.1841497487437,10.381216080402,0.288128270827434,"2.5th percentile"
36.2687487437186,10.381216080402,0.311234273674839,"2.5th percentile"
36.3533477386935,10.381216080402,0.318724086366394,"2.5th percentile"
36.4379467336683,10.381216080402,0.314749812190787,"2.5th percentile"
36.5225457286432,10.381216080402,0.332827626956394,"2.5th percentile"
36.6071447236181,10.381216080402,0.339244573815915,"2.5th percentile"
36.691743718593,10.381216080402,0.372937213320555,"2.5th percentile"
36.7763427135678,10.381216080402,0.353984479661533,"2.5th percentile"
36.8609417085427,10.381216080402,0.360566696871585,"2.5th percentile"
36.9455407035176,10.381216080402,0.361356685259761,"2.5th percentile"
37.0301396984925,10.381216080402,0.324392395865197,"2.5th percentile"
37.1147386934673,10.381216080402,0.361047409461631,"2.5th percentile"
37.1993376884422,10.381216080402,0.34340480613941,"2.5th percentile"
37.2839366834171,10.381216080402,0.342317618829509,"2.5th percentile"
37.368535678392,10.381216080402,0.320920652104032,"2.5th percentile"
37.4531346733668,10.381216080402,0.318632467487327,"2.5th percentile"
37.5377336683417,10.381216080402,0.310772468438832,"2.5th percentile"
37.6223326633166,10.381216080402,0.322731511070258,"2.5th percentile"
37.7069316582915,10.381216080402,0.318269480219165,"2.5th percentile"
37.7915306532663,10.381216080402,0.338630292227053,"2.5th percentile"
37.8761296482412,10.381216080402,0.352306843166318,"2.5th percentile"
37.9607286432161,10.381216080402,0.338390319036021,"2.5th percentile"
38.045327638191,10.381216080402,0.363424375029108,"2.5th percentile"
38.1299266331658,10.381216080402,0.355620217976864,"2.5th percentile"
38.2145256281407,10.381216080402,0.367863839804244,"2.5th percentile"
38.2991246231156,10.381216080402,0.394970300857356,"2.5th percentile"
38.3837236180904,10.381216080402,0.449700543319254,"2.5th percentile"
38.4683226130653,10.381216080402,0.449917073571643,"2.5th percentile"
38.5529216080402,10.381216080402,0.430124048979303,"2.5th percentile"
38.6375206030151,10.381216080402,0.427058912881264,"2.5th percentile"
38.72211959799,10.381216080402,0.437679058739422,"2.5th percentile"
38.8067185929648,10.381216080402,0.45082329103452,"2.5th percentile"
38.8913175879397,10.381216080402,0.456191174388567,"2.5th percentile"
38.9759165829146,10.381216080402,0.497382910018776,"2.5th percentile"
39.0605155778894,10.381216080402,0.483938457497753,"2.5th percentile"
39.1451145728643,10.381216080402,0.480103108259262,"2.5th percentile"
39.2297135678392,10.381216080402,0.476635096119603,"2.5th percentile"
39.3143125628141,10.381216080402,0.474307554494971,"2.5th percentile"
39.3989115577889,10.381216080402,0.504183329713822,"2.5th percentile"
39.4835105527638,10.381216080402,0.536314806841047,"2.5th percentile"
39.5681095477387,10.381216080402,0.529784723306469,"2.5th percentile"
39.6527085427136,10.381216080402,0.530302256543581,"2.5th percentile"
39.7373075376884,10.381216080402,0.538221992823896,"2.5th percentile"
39.8219065326633,10.381216080402,0.506728395108495,"2.5th percentile"
39.9065055276382,10.381216080402,0.475026713301985,"2.5th percentile"
39.9911045226131,10.381216080402,0.485732830497199,"2.5th percentile"
40.0757035175879,10.381216080402,0.50163985888628,"2.5th percentile"
40.1603025125628,10.381216080402,0.509286809404793,"2.5th percentile"
40.2449015075377,10.381216080402,0.536760215026886,"2.5th percentile"
40.3295005025126,10.381216080402,0.579146562088147,"2.5th percentile"
40.4140994974874,10.381216080402,0.47241342942722,"2.5th percentile"
40.4986984924623,10.381216080402,0.29644580613157,"2.5th percentile"
40.5832974874372,10.381216080402,0.264752457873506,"2.5th percentile"
40.6678964824121,10.381216080402,0.209127125956562,"2.5th percentile"
40.7524954773869,10.381216080402,0.150456656183801,"2.5th percentile"
40.8370944723618,10.381216080402,0.110620468183916,"2.5th percentile"
40.9216934673367,10.381216080402,0.0786773174938414,"2.5th percentile"
41.0062924623116,10.381216080402,0.0493882196817345,"2.5th percentile"
41.0908914572864,10.381216080402,0.0273653376648853,"2.5th percentile"
41.1754904522613,10.381216080402,0.0220159899200812,"2.5th percentile"
41.2600894472362,10.381216080402,0.0141404173804054,"2.5th percentile"
41.344688442211,10.381216080402,0.0101014664911359,"2.5th percentile"
41.4292874371859,10.381216080402,0.00661217189860664,"2.5th percentile"
41.5138864321608,10.381216080402,0.00431879169404058,"2.5th percentile"
41.5984854271357,10.381216080402,0.00268665509958493,"2.5th percentile"
41.6830844221106,10.381216080402,0.00176454733096725,"2.5th percentile"
41.7676834170854,10.381216080402,0.00113309267392936,"2.5th percentile"
41.8522824120603,10.381216080402,0.000778182279604994,"2.5th percentile"
41.9368814070352,10.381216080402,0.000474428530857449,"2.5th percentile"
42.02148040201,10.381216080402,0.000332857275378876,"2.5th percentile"
42.1060793969849,10.381216080402,0.000187077747694425,"2.5th percentile"
42.1906783919598,10.381216080402,0.000140595140366398,"2.5th percentile"
42.2752773869347,10.381216080402,9.0884890175579e-05,"2.5th percentile"
42.3598763819095,10.381216080402,5.74118670969115e-05,"2.5th percentile"
42.4444753768844,10.381216080402,3.78768745403062e-05,"2.5th percentile"
42.5290743718593,10.381216080402,2.55517248064347e-05,"2.5th percentile"
42.6136733668342,10.381216080402,1.67021038553974e-05,"2.5th percentile"
34.2383728643216,10.4492427135678,0.680518404482557,"2.5th percentile"
34.3229718592965,10.4492427135678,0.669121215431898,"2.5th percentile"
34.4075708542714,10.4492427135678,0.659133187660577,"2.5th percentile"
34.4921698492462,10.4492427135678,0.605760261559585,"2.5th percentile"
34.5767688442211,10.4492427135678,0.603352645465927,"2.5th percentile"
34.661367839196,10.4492427135678,0.579786587982718,"2.5th percentile"
34.7459668341709,10.4492427135678,0.563639812441323,"2.5th percentile"
34.8305658291457,10.4492427135678,0.538030659588273,"2.5th percentile"
34.9151648241206,10.4492427135678,0.522171900225326,"2.5th percentile"
34.9997638190955,10.4492427135678,0.524266074569977,"2.5th percentile"
35.0843628140704,10.4492427135678,0.507883245267989,"2.5th percentile"
35.1689618090452,10.4492427135678,0.474680228773909,"2.5th percentile"
35.2535608040201,10.4492427135678,0.44815541434318,"2.5th percentile"
35.338159798995,10.4492427135678,0.428881854884349,"2.5th percentile"
35.4227587939698,10.4492427135678,0.411531058343789,"2.5th percentile"
35.5073577889447,10.4492427135678,0.395618414259423,"2.5th percentile"
35.5919567839196,10.4492427135678,0.392271017701178,"2.5th percentile"
35.6765557788945,10.4492427135678,0.348249986796193,"2.5th percentile"
35.7611547738694,10.4492427135678,0.330208821979001,"2.5th percentile"
35.8457537688442,10.4492427135678,0.310576546689506,"2.5th percentile"
35.9303527638191,10.4492427135678,0.297799269415511,"2.5th percentile"
36.014951758794,10.4492427135678,0.283764298836136,"2.5th percentile"
36.0995507537688,10.4492427135678,0.272302522887068,"2.5th percentile"
36.1841497487437,10.4492427135678,0.283026822293324,"2.5th percentile"
36.2687487437186,10.4492427135678,0.318700270093683,"2.5th percentile"
36.3533477386935,10.4492427135678,0.31837887424532,"2.5th percentile"
36.4379467336683,10.4492427135678,0.334477265944429,"2.5th percentile"
36.5225457286432,10.4492427135678,0.3328062712405,"2.5th percentile"
36.6071447236181,10.4492427135678,0.33456667250868,"2.5th percentile"
36.691743718593,10.4492427135678,0.350815451204172,"2.5th percentile"
36.7763427135678,10.4492427135678,0.345453151882613,"2.5th percentile"
36.8609417085427,10.4492427135678,0.333126588542702,"2.5th percentile"
36.9455407035176,10.4492427135678,0.305359786379201,"2.5th percentile"
37.0301396984925,10.4492427135678,0.304303310665292,"2.5th percentile"
37.1147386934673,10.4492427135678,0.323636354577719,"2.5th percentile"
37.1993376884422,10.4492427135678,0.337218466710693,"2.5th percentile"
37.2839366834171,10.4492427135678,0.307198246922486,"2.5th percentile"
37.368535678392,10.4492427135678,0.312400161407565,"2.5th percentile"
37.4531346733668,10.4492427135678,0.311832196224063,"2.5th percentile"
37.5377336683417,10.4492427135678,0.307474682509004,"2.5th percentile"
37.6223326633166,10.4492427135678,0.331029930309358,"2.5th percentile"
37.7069316582915,10.4492427135678,0.34096265575851,"2.5th percentile"
37.7915306532663,10.4492427135678,0.349491043967078,"2.5th percentile"
37.8761296482412,10.4492427135678,0.359656830518097,"2.5th percentile"
37.9607286432161,10.4492427135678,0.345793860155457,"2.5th percentile"
38.045327638191,10.4492427135678,0.367335275224556,"2.5th percentile"
38.1299266331658,10.4492427135678,0.353647531988181,"2.5th percentile"
38.2145256281407,10.4492427135678,0.359382224907714,"2.5th percentile"
38.2991246231156,10.4492427135678,0.397482544655385,"2.5th percentile"
38.3837236180904,10.4492427135678,0.407792114285692,"2.5th percentile"
38.4683226130653,10.4492427135678,0.459231106001325,"2.5th percentile"
38.5529216080402,10.4492427135678,0.444931087250721,"2.5th percentile"
38.6375206030151,10.4492427135678,0.435030497003661,"2.5th percentile"
38.72211959799,10.4492427135678,0.431345269964881,"2.5th percentile"
38.8067185929648,10.4492427135678,0.460774866498439,"2.5th percentile"
38.8913175879397,10.4492427135678,0.481673570855456,"2.5th percentile"
38.9759165829146,10.4492427135678,0.465602824357817,"2.5th percentile"
39.0605155778894,10.4492427135678,0.480177982296297,"2.5th percentile"
39.1451145728643,10.4492427135678,0.485653783226033,"2.5th percentile"
39.2297135678392,10.4492427135678,0.475731422131953,"2.5th percentile"
39.3143125628141,10.4492427135678,0.472772824558786,"2.5th percentile"
39.3989115577889,10.4492427135678,0.4846672997519,"2.5th percentile"
39.4835105527638,10.4492427135678,0.522391349308131,"2.5th percentile"
39.5681095477387,10.4492427135678,0.541583085067818,"2.5th percentile"
39.6527085427136,10.4492427135678,0.586858967272974,"2.5th percentile"
39.7373075376884,10.4492427135678,0.562919131517319,"2.5th percentile"
39.8219065326633,10.4492427135678,0.52167215450665,"2.5th percentile"
39.9065055276382,10.4492427135678,0.49399218085492,"2.5th percentile"
39.9911045226131,10.4492427135678,0.498621394161598,"2.5th percentile"
40.0757035175879,10.4492427135678,0.504954371963121,"2.5th percentile"
40.1603025125628,10.4492427135678,0.517539470449983,"2.5th percentile"
40.2449015075377,10.4492427135678,0.564258078957958,"2.5th percentile"
40.3295005025126,10.4492427135678,0.569025142602232,"2.5th percentile"
40.4140994974874,10.4492427135678,0.455186177556649,"2.5th percentile"
40.4986984924623,10.4492427135678,0.32860381192982,"2.5th percentile"
40.5832974874372,10.4492427135678,0.243329342264304,"2.5th percentile"
40.6678964824121,10.4492427135678,0.193517328853687,"2.5th percentile"
40.7524954773869,10.4492427135678,0.13709195234227,"2.5th percentile"
40.8370944723618,10.4492427135678,0.113434724511667,"2.5th percentile"
40.9216934673367,10.4492427135678,0.0592020581378142,"2.5th percentile"
41.0062924623116,10.4492427135678,0.046724907763014,"2.5th percentile"
41.0908914572864,10.4492427135678,0.0254788658293824,"2.5th percentile"
41.1754904522613,10.4492427135678,0.0228823091628716,"2.5th percentile"
41.2600894472362,10.4492427135678,0.0145068181840813,"2.5th percentile"
41.344688442211,10.4492427135678,0.00975790957776752,"2.5th percentile"
41.4292874371859,10.4492427135678,0.00654652366595527,"2.5th percentile"
41.5138864321608,10.4492427135678,0.00434765715672944,"2.5th percentile"
41.5984854271357,10.4492427135678,0.00270902998588373,"2.5th percentile"
41.6830844221106,10.4492427135678,0.00174250962038686,"2.5th percentile"
41.7676834170854,10.4492427135678,0.00115272618624847,"2.5th percentile"
41.8522824120603,10.4492427135678,0.000781831226836106,"2.5th percentile"
41.9368814070352,10.4492427135678,0.000497281380823204,"2.5th percentile"
42.02148040201,10.4492427135678,0.000334006763817913,"2.5th percentile"
42.1060793969849,10.4492427135678,0.000217051307057553,"2.5th percentile"
42.1906783919598,10.4492427135678,0.000144253047374163,"2.5th percentile"
42.2752773869347,10.4492427135678,9.1149858677464e-05,"2.5th percentile"
42.3598763819095,10.4492427135678,5.9542455513467e-05,"2.5th percentile"
42.4444753768844,10.4492427135678,3.85356456417431e-05,"2.5th percentile"
42.5290743718593,10.4492427135678,2.59622572932372e-05,"2.5th percentile"
42.6136733668342,10.4492427135678,1.68188630882107e-05,"2.5th percentile"
34.2383728643216,10.5172693467337,0.701181994150574,"2.5th percentile"
34.3229718592965,10.5172693467337,0.676388101111029,"2.5th percentile"
34.4075708542714,10.5172693467337,0.635014080129583,"2.5th percentile"
34.4921698492462,10.5172693467337,0.614323580287936,"2.5th percentile"
34.5767688442211,10.5172693467337,0.595631802110607,"2.5th percentile"
34.661367839196,10.5172693467337,0.567587677671837,"2.5th percentile"
34.7459668341709,10.5172693467337,0.579026595658658,"2.5th percentile"
34.8305658291457,10.5172693467337,0.550058463409411,"2.5th percentile"
34.9151648241206,10.5172693467337,0.52812974650381,"2.5th percentile"
34.9997638190955,10.5172693467337,0.515424784944826,"2.5th percentile"
35.0843628140704,10.5172693467337,0.517160878075708,"2.5th percentile"
35.1689618090452,10.5172693467337,0.48780889296594,"2.5th percentile"
35.2535608040201,10.5172693467337,0.459742303526714,"2.5th percentile"
35.338159798995,10.5172693467337,0.423304410628231,"2.5th percentile"
35.4227587939698,10.5172693467337,0.420680958787328,"2.5th percentile"
35.5073577889447,10.5172693467337,0.39677313772412,"2.5th percentile"
35.5919567839196,10.5172693467337,0.381193634222989,"2.5th percentile"
35.6765557788945,10.5172693467337,0.34605244650647,"2.5th percentile"
35.7611547738694,10.5172693467337,0.332368928189794,"2.5th percentile"
35.8457537688442,10.5172693467337,0.314863725628254,"2.5th percentile"
35.9303527638191,10.5172693467337,0.303768826096835,"2.5th percentile"
36.014951758794,10.5172693467337,0.279041819721015,"2.5th percentile"
36.0995507537688,10.5172693467337,0.271993912063928,"2.5th percentile"
36.1841497487437,10.5172693467337,0.273510742693664,"2.5th percentile"
36.2687487437186,10.5172693467337,0.308923983550149,"2.5th percentile"
36.3533477386935,10.5172693467337,0.318890068155455,"2.5th percentile"
36.4379467336683,10.5172693467337,0.322726365967877,"2.5th percentile"
36.5225457286432,10.5172693467337,0.327331300363419,"2.5th percentile"
36.6071447236181,10.5172693467337,0.339268844637779,"2.5th percentile"
36.691743718593,10.5172693467337,0.341082159444502,"2.5th percentile"
36.7763427135678,10.5172693467337,0.316950728708591,"2.5th percentile"
36.8609417085427,10.5172693467337,0.298726692689815,"2.5th percentile"
36.9455407035176,10.5172693467337,0.300199061829608,"2.5th percentile"
37.0301396984925,10.5172693467337,0.3089084800859,"2.5th percentile"
37.1147386934673,10.5172693467337,0.322475356257612,"2.5th percentile"
37.1993376884422,10.5172693467337,0.333057831814109,"2.5th percentile"
37.2839366834171,10.5172693467337,0.309534556356952,"2.5th percentile"
37.368535678392,10.5172693467337,0.29353488910083,"2.5th percentile"
37.4531346733668,10.5172693467337,0.291624938384321,"2.5th percentile"
37.5377336683417,10.5172693467337,0.30627638311699,"2.5th percentile"
37.6223326633166,10.5172693467337,0.336855135362552,"2.5th percentile"
37.7069316582915,10.5172693467337,0.34627371844393,"2.5th percentile"
37.7915306532663,10.5172693467337,0.347462247292757,"2.5th percentile"
37.8761296482412,10.5172693467337,0.372505266441409,"2.5th percentile"
37.9607286432161,10.5172693467337,0.354220812919116,"2.5th percentile"
38.045327638191,10.5172693467337,0.364081438366223,"2.5th percentile"
38.1299266331658,10.5172693467337,0.360323530959673,"2.5th percentile"
38.2145256281407,10.5172693467337,0.3849316403779,"2.5th percentile"
38.2991246231156,10.5172693467337,0.433856020984026,"2.5th percentile"
38.3837236180904,10.5172693467337,0.447155533622071,"2.5th percentile"
38.4683226130653,10.5172693467337,0.494438674716383,"2.5th percentile"
38.5529216080402,10.5172693467337,0.468976291348685,"2.5th percentile"
38.6375206030151,10.5172693467337,0.432395555355228,"2.5th percentile"
38.72211959799,10.5172693467337,0.421261213450108,"2.5th percentile"
38.8067185929648,10.5172693467337,0.464430345096216,"2.5th percentile"
38.8913175879397,10.5172693467337,0.466747365406943,"2.5th percentile"
38.9759165829146,10.5172693467337,0.468722400049529,"2.5th percentile"
39.0605155778894,10.5172693467337,0.46540593561392,"2.5th percentile"
39.1451145728643,10.5172693467337,0.466180961821501,"2.5th percentile"
39.2297135678392,10.5172693467337,0.47747054214827,"2.5th percentile"
39.3143125628141,10.5172693467337,0.478709239370184,"2.5th percentile"
39.3989115577889,10.5172693467337,0.481707113942066,"2.5th percentile"
39.4835105527638,10.5172693467337,0.496728170921641,"2.5th percentile"
39.5681095477387,10.5172693467337,0.52135313793699,"2.5th percentile"
39.6527085427136,10.5172693467337,0.55802396726446,"2.5th percentile"
39.7373075376884,10.5172693467337,0.572568006236439,"2.5th percentile"
39.8219065326633,10.5172693467337,0.536666465728544,"2.5th percentile"
39.9065055276382,10.5172693467337,0.501956312677211,"2.5th percentile"
39.9911045226131,10.5172693467337,0.509074518359633,"2.5th percentile"
40.0757035175879,10.5172693467337,0.518969945050302,"2.5th percentile"
40.1603025125628,10.5172693467337,0.52524148334887,"2.5th percentile"
40.2449015075377,10.5172693467337,0.456324767445624,"2.5th percentile"
40.3295005025126,10.5172693467337,0.489226057139967,"2.5th percentile"
40.4140994974874,10.5172693467337,0.445177793009465,"2.5th percentile"
40.4986984924623,10.5172693467337,0.327301084689914,"2.5th percentile"
40.5832974874372,10.5172693467337,0.268721111594305,"2.5th percentile"
40.6678964824121,10.5172693467337,0.18404209948499,"2.5th percentile"
40.7524954773869,10.5172693467337,0.125612386522282,"2.5th percentile"
40.8370944723618,10.5172693467337,0.115649919611567,"2.5th percentile"
40.9216934673367,10.5172693467337,0.0765709443779838,"2.5th percentile"
41.0062924623116,10.5172693467337,0.0392204215946827,"2.5th percentile"
41.0908914572864,10.5172693467337,0.0263310839414052,"2.5th percentile"
41.1754904522613,10.5172693467337,0.0217362288829072,"2.5th percentile"
41.2600894472362,10.5172693467337,0.0135692303291991,"2.5th percentile"
41.344688442211,10.5172693467337,0.00980529691169352,"2.5th percentile"
41.4292874371859,10.5172693467337,0.00630773838976461,"2.5th percentile"
41.5138864321608,10.5172693467337,0.00416533167914003,"2.5th percentile"
41.5984854271357,10.5172693467337,0.00270627745856526,"2.5th percentile"
41.6830844221106,10.5172693467337,0.00185344694650761,"2.5th percentile"
41.7676834170854,10.5172693467337,0.0011648267837223,"2.5th percentile"
41.8522824120603,10.5172693467337,0.00080033141180209,"2.5th percentile"
41.9368814070352,10.5172693467337,0.000509949877962035,"2.5th percentile"
42.02148040201,10.5172693467337,0.000319296788697623,"2.5th percentile"
42.1060793969849,10.5172693467337,0.000223717190613017,"2.5th percentile"
42.1906783919598,10.5172693467337,0.000141869251501425,"2.5th percentile"
42.2752773869347,10.5172693467337,9.12990170590447e-05,"2.5th percentile"
42.3598763819095,10.5172693467337,6.07693128341508e-05,"2.5th percentile"
42.4444753768844,10.5172693467337,3.9251648903749e-05,"2.5th percentile"
42.5290743718593,10.5172693467337,2.31655122736142e-05,"2.5th percentile"
34.3229718592965,10.5852959798995,0.687708399314003,"2.5th percentile"
34.4075708542714,10.5852959798995,0.638155761570105,"2.5th percentile"
34.4921698492462,10.5852959798995,0.612631941913847,"2.5th percentile"
34.5767688442211,10.5852959798995,0.612990884343202,"2.5th percentile"
34.661367839196,10.5852959798995,0.597196816098435,"2.5th percentile"
34.7459668341709,10.5852959798995,0.593696472403279,"2.5th percentile"
34.8305658291457,10.5852959798995,0.557781107781976,"2.5th percentile"
34.9151648241206,10.5852959798995,0.542607015958093,"2.5th percentile"
34.9997638190955,10.5852959798995,0.523882537010982,"2.5th percentile"
35.0843628140704,10.5852959798995,0.506976481604944,"2.5th percentile"
35.1689618090452,10.5852959798995,0.497262610306088,"2.5th percentile"
35.2535608040201,10.5852959798995,0.449769113981841,"2.5th percentile"
35.338159798995,10.5852959798995,0.436545375362467,"2.5th percentile"
35.4227587939698,10.5852959798995,0.427364153844942,"2.5th percentile"
35.5073577889447,10.5852959798995,0.409958413223796,"2.5th percentile"
35.5919567839196,10.5852959798995,0.372853051042745,"2.5th percentile"
35.6765557788945,10.5852959798995,0.348756414999799,"2.5th percentile"
35.7611547738694,10.5852959798995,0.329472315358145,"2.5th percentile"
35.8457537688442,10.5852959798995,0.321901448533523,"2.5th percentile"
35.9303527638191,10.5852959798995,0.30038185496935,"2.5th percentile"
36.014951758794,10.5852959798995,0.29414884282418,"2.5th percentile"
36.0995507537688,10.5852959798995,0.264832696412807,"2.5th percentile"
36.1841497487437,10.5852959798995,0.263405837870321,"2.5th percentile"
36.2687487437186,10.5852959798995,0.30261479743469,"2.5th percentile"
36.3533477386935,10.5852959798995,0.293779590329667,"2.5th percentile"
36.4379467336683,10.5852959798995,0.295243304465209,"2.5th percentile"
36.5225457286432,10.5852959798995,0.289478737338556,"2.5th percentile"
36.6071447236181,10.5852959798995,0.31278142316203,"2.5th percentile"
36.691743718593,10.5852959798995,0.296385077072958,"2.5th percentile"
36.7763427135678,10.5852959798995,0.257825053293045,"2.5th percentile"
36.8609417085427,10.5852959798995,0.30092674692176,"2.5th percentile"
36.9455407035176,10.5852959798995,0.297416139161679,"2.5th percentile"
37.0301396984925,10.5852959798995,0.302332621045762,"2.5th percentile"
37.1147386934673,10.5852959798995,0.305977976575174,"2.5th percentile"
37.1993376884422,10.5852959798995,0.30828662154874,"2.5th percentile"
37.2839366834171,10.5852959798995,0.319597946057471,"2.5th percentile"
37.368535678392,10.5852959798995,0.306663200925068,"2.5th percentile"
37.4531346733668,10.5852959798995,0.301590066522476,"2.5th percentile"
37.5377336683417,10.5852959798995,0.314922528964492,"2.5th percentile"
37.6223326633166,10.5852959798995,0.356806546898165,"2.5th percentile"
37.7069316582915,10.5852959798995,0.369011747441119,"2.5th percentile"
37.7915306532663,10.5852959798995,0.369430604383905,"2.5th percentile"
37.8761296482412,10.5852959798995,0.418389617856973,"2.5th percentile"
37.9607286432161,10.5852959798995,0.356166393643291,"2.5th percentile"
38.045327638191,10.5852959798995,0.377618648045574,"2.5th percentile"
38.1299266331658,10.5852959798995,0.361271546600007,"2.5th percentile"
38.2145256281407,10.5852959798995,0.369088609900463,"2.5th percentile"
38.2991246231156,10.5852959798995,0.427802201718347,"2.5th percentile"
38.3837236180904,10.5852959798995,0.429925261121459,"2.5th percentile"
38.4683226130653,10.5852959798995,0.442304053687664,"2.5th percentile"
38.5529216080402,10.5852959798995,0.426456054302284,"2.5th percentile"
38.6375206030151,10.5852959798995,0.433283785918857,"2.5th percentile"
38.72211959799,10.5852959798995,0.433687528033404,"2.5th percentile"
38.8067185929648,10.5852959798995,0.456137932074553,"2.5th percentile"
38.8913175879397,10.5852959798995,0.472325435338241,"2.5th percentile"
38.9759165829146,10.5852959798995,0.456234743168756,"2.5th percentile"
39.0605155778894,10.5852959798995,0.470964175149125,"2.5th percentile"
39.1451145728643,10.5852959798995,0.486665138823782,"2.5th percentile"
39.2297135678392,10.5852959798995,0.512636928125173,"2.5th percentile"
39.3143125628141,10.5852959798995,0.509342067975107,"2.5th percentile"
39.3989115577889,10.5852959798995,0.508552709825971,"2.5th percentile"
39.4835105527638,10.5852959798995,0.509524524654764,"2.5th percentile"
39.5681095477387,10.5852959798995,0.529740792595692,"2.5th percentile"
39.6527085427136,10.5852959798995,0.575731052640879,"2.5th percentile"
39.7373075376884,10.5852959798995,0.552075285608224,"2.5th percentile"
39.8219065326633,10.5852959798995,0.520999818255521,"2.5th percentile"
39.9065055276382,10.5852959798995,0.510891890748823,"2.5th percentile"
39.9911045226131,10.5852959798995,0.505024825664621,"2.5th percentile"
40.0757035175879,10.5852959798995,0.521890905708987,"2.5th percentile"
40.1603025125628,10.5852959798995,0.519180219040963,"2.5th percentile"
40.2449015075377,10.5852959798995,0.466825257197914,"2.5th percentile"
40.3295005025126,10.5852959798995,0.461793709613247,"2.5th percentile"
40.4140994974874,10.5852959798995,0.45401479738064,"2.5th percentile"
40.4986984924623,10.5852959798995,0.296013403254765,"2.5th percentile"
40.5832974874372,10.5852959798995,0.279606590635905,"2.5th percentile"
40.6678964824121,10.5852959798995,0.193677255917043,"2.5th percentile"
40.7524954773869,10.5852959798995,0.153681818911014,"2.5th percentile"
40.8370944723618,10.5852959798995,0.115049141109787,"2.5th percentile"
40.9216934673367,10.5852959798995,0.0718221814687284,"2.5th percentile"
41.0062924623116,10.5852959798995,0.0383799509873508,"2.5th percentile"
41.0908914572864,10.5852959798995,0.0296195756936459,"2.5th percentile"
41.1754904522613,10.5852959798995,0.0183249869301181,"2.5th percentile"
41.2600894472362,10.5852959798995,0.0138692850416353,"2.5th percentile"
41.344688442211,10.5852959798995,0.00942496237050265,"2.5th percentile"
41.4292874371859,10.5852959798995,0.00585656020813403,"2.5th percentile"
41.5138864321608,10.5852959798995,0.00402879422848059,"2.5th percentile"
41.5984854271357,10.5852959798995,0.00276460231910252,"2.5th percentile"
41.6830844221106,10.5852959798995,0.00181288938762062,"2.5th percentile"
41.7676834170854,10.5852959798995,0.00119139874069248,"2.5th percentile"
41.8522824120603,10.5852959798995,0.000770621110204793,"2.5th percentile"
41.9368814070352,10.5852959798995,0.000507751552776128,"2.5th percentile"
42.02148040201,10.5852959798995,0.000332507030200897,"2.5th percentile"
42.1060793969849,10.5852959798995,0.000228973794952431,"2.5th percentile"
42.1906783919598,10.5852959798995,0.000145039771434341,"2.5th percentile"
42.2752773869347,10.5852959798995,9.46074408945506e-05,"2.5th percentile"
42.3598763819095,10.5852959798995,6.14382142445464e-05,"2.5th percentile"
42.4444753768844,10.5852959798995,3.92132231846496e-05,"2.5th percentile"
42.5290743718593,10.5852959798995,2.65098990753451e-05,"2.5th percentile"
34.3229718592965,10.6533226130653,0.664404770642286,"2.5th percentile"
34.4075708542714,10.6533226130653,0.651922398574359,"2.5th percentile"
34.4921698492462,10.6533226130653,0.642296151512869,"2.5th percentile"
34.5767688442211,10.6533226130653,0.618092266298882,"2.5th percentile"
34.661367839196,10.6533226130653,0.607133755600445,"2.5th percentile"
34.7459668341709,10.6533226130653,0.587016481601593,"2.5th percentile"
34.8305658291457,10.6533226130653,0.554323486770303,"2.5th percentile"
34.9151648241206,10.6533226130653,0.556039464302326,"2.5th percentile"
34.9997638190955,10.6533226130653,0.525489087772502,"2.5th percentile"
35.0843628140704,10.6533226130653,0.499984060535964,"2.5th percentile"
35.1689618090452,10.6533226130653,0.493155343779828,"2.5th percentile"
35.2535608040201,10.6533226130653,0.447843455653862,"2.5th percentile"
35.338159798995,10.6533226130653,0.421199189657205,"2.5th percentile"
35.4227587939698,10.6533226130653,0.418949725471393,"2.5th percentile"
35.5073577889447,10.6533226130653,0.402834348534479,"2.5th percentile"
35.5919567839196,10.6533226130653,0.36823727565928,"2.5th percentile"
35.6765557788945,10.6533226130653,0.339594144898278,"2.5th percentile"
35.7611547738694,10.6533226130653,0.336768358969857,"2.5th percentile"
35.8457537688442,10.6533226130653,0.320891932501214,"2.5th percentile"
35.9303527638191,10.6533226130653,0.297382904397635,"2.5th percentile"
36.014951758794,10.6533226130653,0.293674490760309,"2.5th percentile"
36.0995507537688,10.6533226130653,0.263527267081095,"2.5th percentile"
36.1841497487437,10.6533226130653,0.261397751991812,"2.5th percentile"
36.2687487437186,10.6533226130653,0.295742566696079,"2.5th percentile"
36.3533477386935,10.6533226130653,0.284886578122449,"2.5th percentile"
36.4379467336683,10.6533226130653,0.276003847124538,"2.5th percentile"
36.5225457286432,10.6533226130653,0.287599995483831,"2.5th percentile"
36.6071447236181,10.6533226130653,0.30816392719273,"2.5th percentile"
36.691743718593,10.6533226130653,0.266378831023773,"2.5th percentile"
36.7763427135678,10.6533226130653,0.270973385593787,"2.5th percentile"
36.8609417085427,10.6533226130653,0.29533074696757,"2.5th percentile"
36.9455407035176,10.6533226130653,0.298529858043118,"2.5th percentile"
37.0301396984925,10.6533226130653,0.300728943188088,"2.5th percentile"
37.1147386934673,10.6533226130653,0.302187744903329,"2.5th percentile"
37.1993376884422,10.6533226130653,0.317780505884848,"2.5th percentile"
37.2839366834171,10.6533226130653,0.321663154985666,"2.5th percentile"
37.368535678392,10.6533226130653,0.310347581902345,"2.5th percentile"
37.4531346733668,10.6533226130653,0.318560827180253,"2.5th percentile"
37.5377336683417,10.6533226130653,0.314673433437847,"2.5th percentile"
37.6223326633166,10.6533226130653,0.357985444482372,"2.5th percentile"
37.7069316582915,10.6533226130653,0.364674737244324,"2.5th percentile"
37.7915306532663,10.6533226130653,0.418978347719587,"2.5th percentile"
37.8761296482412,10.6533226130653,0.381310569133787,"2.5th percentile"
37.9607286432161,10.6533226130653,0.358194784705185,"2.5th percentile"
38.045327638191,10.6533226130653,0.377553651376505,"2.5th percentile"
38.1299266331658,10.6533226130653,0.361215932870265,"2.5th percentile"
38.2145256281407,10.6533226130653,0.370645394245469,"2.5th percentile"
38.2991246231156,10.6533226130653,0.441511719961614,"2.5th percentile"
38.3837236180904,10.6533226130653,0.45801498282932,"2.5th percentile"
38.4683226130653,10.6533226130653,0.472879984089061,"2.5th percentile"
38.5529216080402,10.6533226130653,0.454377814150859,"2.5th percentile"
38.6375206030151,10.6533226130653,0.418393961624232,"2.5th percentile"
38.72211959799,10.6533226130653,0.464285385304339,"2.5th percentile"
38.8067185929648,10.6533226130653,0.432351885241652,"2.5th percentile"
38.8913175879397,10.6533226130653,0.463246532776751,"2.5th percentile"
38.9759165829146,10.6533226130653,0.457114434455819,"2.5th percentile"
39.0605155778894,10.6533226130653,0.453775999039332,"2.5th percentile"
39.1451145728643,10.6533226130653,0.458897480336368,"2.5th percentile"
39.2297135678392,10.6533226130653,0.503342275794735,"2.5th percentile"
39.3143125628141,10.6533226130653,0.477177978402614,"2.5th percentile"
39.3989115577889,10.6533226130653,0.514944024703914,"2.5th percentile"
39.4835105527638,10.6533226130653,0.518248481826529,"2.5th percentile"
39.5681095477387,10.6533226130653,0.547626592687362,"2.5th percentile"
39.6527085427136,10.6533226130653,0.556396489168364,"2.5th percentile"
39.7373075376884,10.6533226130653,0.526539964412442,"2.5th percentile"
39.8219065326633,10.6533226130653,0.520438322762838,"2.5th percentile"
39.9065055276382,10.6533226130653,0.542291267475831,"2.5th percentile"
39.9911045226131,10.6533226130653,0.518466972614484,"2.5th percentile"
40.0757035175879,10.6533226130653,0.524376836429098,"2.5th percentile"
40.1603025125628,10.6533226130653,0.526235621391482,"2.5th percentile"
40.2449015075377,10.6533226130653,0.454170980906348,"2.5th percentile"
40.3295005025126,10.6533226130653,0.475474978454533,"2.5th percentile"
40.4140994974874,10.6533226130653,0.43200520258389,"2.5th percentile"
40.4986984924623,10.6533226130653,0.319026953866772,"2.5th percentile"
40.5832974874372,10.6533226130653,0.249202272834562,"2.5th percentile"
40.6678964824121,10.6533226130653,0.201178013036364,"2.5th percentile"
40.7524954773869,10.6533226130653,0.131342479272706,"2.5th percentile"
40.8370944723618,10.6533226130653,0.0981192498114232,"2.5th percentile"
40.9216934673367,10.6533226130653,0.0745388963580843,"2.5th percentile"
41.0062924623116,10.6533226130653,0.0483923977173244,"2.5th percentile"
41.0908914572864,10.6533226130653,0.0325052942633447,"2.5th percentile"
41.1754904522613,10.6533226130653,0.0213871221926333,"2.5th percentile"
41.2600894472362,10.6533226130653,0.0141395927051061,"2.5th percentile"
41.344688442211,10.6533226130653,0.00965052979525442,"2.5th percentile"
41.4292874371859,10.6533226130653,0.00612681693815015,"2.5th percentile"
41.5138864321608,10.6533226130653,0.00436500221486372,"2.5th percentile"
41.5984854271357,10.6533226130653,0.00274290749191587,"2.5th percentile"
41.6830844221106,10.6533226130653,0.00181588372989338,"2.5th percentile"
41.7676834170854,10.6533226130653,0.0012096611392604,"2.5th percentile"
41.8522824120603,10.6533226130653,0.000788545211455175,"2.5th percentile"
41.9368814070352,10.6533226130653,0.000524598440883802,"2.5th percentile"
42.02148040201,10.6533226130653,0.000341301208301601,"2.5th percentile"
42.1060793969849,10.6533226130653,0.000219886965584328,"2.5th percentile"
42.1906783919598,10.6533226130653,0.000151974485539206,"2.5th percentile"
42.2752773869347,10.6533226130653,9.47249056084603e-05,"2.5th percentile"
42.3598763819095,10.6533226130653,6.24108021533673e-05,"2.5th percentile"
42.4444753768844,10.6533226130653,4.06952272292966e-05,"2.5th percentile"
42.5290743718593,10.6533226130653,2.67303367582602e-05,"2.5th percentile"
34.4921698492462,10.7213492462312,0.636705706294742,"2.5th percentile"
34.5767688442211,10.7213492462312,0.631399974967071,"2.5th percentile"
34.661367839196,10.7213492462312,0.607826145810554,"2.5th percentile"
34.7459668341709,10.7213492462312,0.58971390619709,"2.5th percentile"
34.8305658291457,10.7213492462312,0.560448862738537,"2.5th percentile"
34.9151648241206,10.7213492462312,0.542175372935685,"2.5th percentile"
34.9997638190955,10.7213492462312,0.546886270737985,"2.5th percentile"
35.0843628140704,10.7213492462312,0.493099242964196,"2.5th percentile"
35.1689618090452,10.7213492462312,0.481399504633655,"2.5th percentile"
35.2535608040201,10.7213492462312,0.44929135659999,"2.5th percentile"
35.338159798995,10.7213492462312,0.437923342073715,"2.5th percentile"
35.4227587939698,10.7213492462312,0.421358113414593,"2.5th percentile"
35.5073577889447,10.7213492462312,0.403023908590827,"2.5th percentile"
35.5919567839196,10.7213492462312,0.374027663841601,"2.5th percentile"
35.6765557788945,10.7213492462312,0.347802117839066,"2.5th percentile"
35.7611547738694,10.7213492462312,0.337461803239738,"2.5th percentile"
35.8457537688442,10.7213492462312,0.322540817547665,"2.5th percentile"
35.9303527638191,10.7213492462312,0.307452101292939,"2.5th percentile"
36.014951758794,10.7213492462312,0.309383436832002,"2.5th percentile"
36.0995507537688,10.7213492462312,0.30099462113392,"2.5th percentile"
36.1841497487437,10.7213492462312,0.268027035332535,"2.5th percentile"
36.2687487437186,10.7213492462312,0.270236188008471,"2.5th percentile"
36.3533477386935,10.7213492462312,0.28859553073262,"2.5th percentile"
36.4379467336683,10.7213492462312,0.253463571775245,"2.5th percentile"
36.5225457286432,10.7213492462312,0.249084536380321,"2.5th percentile"
36.6071447236181,10.7213492462312,0.279079621192708,"2.5th percentile"
36.691743718593,10.7213492462312,0.245864658290554,"2.5th percentile"
36.7763427135678,10.7213492462312,0.231194647724583,"2.5th percentile"
36.8609417085427,10.7213492462312,0.234969979353764,"2.5th percentile"
36.9455407035176,10.7213492462312,0.277402679167147,"2.5th percentile"
37.0301396984925,10.7213492462312,0.290329646789261,"2.5th percentile"
37.1147386934673,10.7213492462312,0.289614556052863,"2.5th percentile"
37.1993376884422,10.7213492462312,0.287582406752253,"2.5th percentile"
37.2839366834171,10.7213492462312,0.299856903739871,"2.5th percentile"
37.368535678392,10.7213492462312,0.303854053380555,"2.5th percentile"
37.4531346733668,10.7213492462312,0.33212401335041,"2.5th percentile"
37.5377336683417,10.7213492462312,0.329771551069711,"2.5th percentile"
37.6223326633166,10.7213492462312,0.336569402501786,"2.5th percentile"
37.7069316582915,10.7213492462312,0.320761174907573,"2.5th percentile"
37.7915306532663,10.7213492462312,0.327579786194564,"2.5th percentile"
37.8761296482412,10.7213492462312,0.433920642915239,"2.5th percentile"
37.9607286432161,10.7213492462312,0.432842557059625,"2.5th percentile"
38.045327638191,10.7213492462312,0.375129381492773,"2.5th percentile"
38.1299266331658,10.7213492462312,0.359046163804959,"2.5th percentile"
38.2145256281407,10.7213492462312,0.380343932169129,"2.5th percentile"
38.2991246231156,10.7213492462312,0.406228235123335,"2.5th percentile"
38.3837236180904,10.7213492462312,0.461844374544447,"2.5th percentile"
38.4683226130653,10.7213492462312,0.457873251482978,"2.5th percentile"
38.5529216080402,10.7213492462312,0.487176741958113,"2.5th percentile"
38.6375206030151,10.7213492462312,0.410372471472066,"2.5th percentile"
38.72211959799,10.7213492462312,0.401222266219626,"2.5th percentile"
38.8067185929648,10.7213492462312,0.463798982947316,"2.5th percentile"
38.8913175879397,10.7213492462312,0.439499420505976,"2.5th percentile"
38.9759165829146,10.7213492462312,0.454544930556839,"2.5th percentile"
39.0605155778894,10.7213492462312,0.479367838719862,"2.5th percentile"
39.1451145728643,10.7213492462312,0.474118038453658,"2.5th percentile"
39.2297135678392,10.7213492462312,0.47514036061781,"2.5th percentile"
39.3143125628141,10.7213492462312,0.478417742814198,"2.5th percentile"
39.3989115577889,10.7213492462312,0.47619027130073,"2.5th percentile"
39.4835105527638,10.7213492462312,0.517243317720726,"2.5th percentile"
39.5681095477387,10.7213492462312,0.443288472036528,"2.5th percentile"
39.6527085427136,10.7213492462312,0.534162131521233,"2.5th percentile"
39.7373075376884,10.7213492462312,0.528505302202954,"2.5th percentile"
39.8219065326633,10.7213492462312,0.494166883508374,"2.5th percentile"
39.9065055276382,10.7213492462312,0.480447262347141,"2.5th percentile"
39.9911045226131,10.7213492462312,0.498235669904996,"2.5th percentile"
40.0757035175879,10.7213492462312,0.510851510862486,"2.5th percentile"
40.1603025125628,10.7213492462312,0.518690092516065,"2.5th percentile"
40.2449015075377,10.7213492462312,0.510118099770823,"2.5th percentile"
40.3295005025126,10.7213492462312,0.519760508340105,"2.5th percentile"
40.4140994974874,10.7213492462312,0.4568660964248,"2.5th percentile"
40.4986984924623,10.7213492462312,0.370556362413899,"2.5th percentile"
40.5832974874372,10.7213492462312,0.265123254622992,"2.5th percentile"
40.6678964824121,10.7213492462312,0.23577922431672,"2.5th percentile"
40.7524954773869,10.7213492462312,0.167649266331133,"2.5th percentile"
40.8370944723618,10.7213492462312,0.0994925238785398,"2.5th percentile"
40.9216934673367,10.7213492462312,0.0608290032946019,"2.5th percentile"
41.0062924623116,10.7213492462312,0.0447946882204658,"2.5th percentile"
41.0908914572864,10.7213492462312,0.0251982268579741,"2.5th percentile"
41.1754904522613,10.7213492462312,0.0220863507954427,"2.5th percentile"
41.2600894472362,10.7213492462312,0.0146273998671874,"2.5th percentile"
41.344688442211,10.7213492462312,0.00959032643877306,"2.5th percentile"
41.4292874371859,10.7213492462312,0.00628774864065884,"2.5th percentile"
41.5138864321608,10.7213492462312,0.004358258394198,"2.5th percentile"
41.5984854271357,10.7213492462312,0.00270307106544629,"2.5th percentile"
41.6830844221106,10.7213492462312,0.0018348511955214,"2.5th percentile"
41.7676834170854,10.7213492462312,0.00120785857868507,"2.5th percentile"
41.8522824120603,10.7213492462312,0.000789012314003286,"2.5th percentile"
41.9368814070352,10.7213492462312,0.000524813536731806,"2.5th percentile"
42.02148040201,10.7213492462312,0.000348056137584734,"2.5th percentile"
42.1060793969849,10.7213492462312,0.000222710402608377,"2.5th percentile"
42.1906783919598,10.7213492462312,0.000148081398341822,"2.5th percentile"
42.2752773869347,10.7213492462312,9.52589704964113e-05,"2.5th percentile"
42.3598763819095,10.7213492462312,6.25168511645158e-05,"2.5th percentile"
42.4444753768844,10.7213492462312,4.13959416721627e-05,"2.5th percentile"
42.5290743718593,10.7213492462312,2.64285891678266e-05,"2.5th percentile"
42.6136733668342,10.7213492462312,1.79210044381893e-05,"2.5th percentile"
34.5767688442211,10.789375879397,0.635331900735087,"2.5th percentile"
34.661367839196,10.789375879397,0.630528045420496,"2.5th percentile"
34.7459668341709,10.789375879397,0.56217113155022,"2.5th percentile"
34.8305658291457,10.789375879397,0.551122395087378,"2.5th percentile"
34.9151648241206,10.789375879397,0.531983408003583,"2.5th percentile"
34.9997638190955,10.789375879397,0.517282211910532,"2.5th percentile"
35.0843628140704,10.789375879397,0.497686227717831,"2.5th percentile"
35.1689618090452,10.789375879397,0.515109283946036,"2.5th percentile"
35.2535608040201,10.789375879397,0.442039491775778,"2.5th percentile"
35.338159798995,10.789375879397,0.42164029991165,"2.5th percentile"
35.4227587939698,10.789375879397,0.411597830797938,"2.5th percentile"
35.5073577889447,10.789375879397,0.386967248361484,"2.5th percentile"
35.5919567839196,10.789375879397,0.372366979524368,"2.5th percentile"
35.6765557788945,10.789375879397,0.351955421872908,"2.5th percentile"
35.7611547738694,10.789375879397,0.330020247015904,"2.5th percentile"
35.8457537688442,10.789375879397,0.315740586107597,"2.5th percentile"
35.9303527638191,10.789375879397,0.309676192205147,"2.5th percentile"
36.014951758794,10.789375879397,0.302114835164475,"2.5th percentile"
36.0995507537688,10.789375879397,0.300334141154346,"2.5th percentile"
36.1841497487437,10.789375879397,0.282402942393402,"2.5th percentile"
36.2687487437186,10.789375879397,0.253917275344963,"2.5th percentile"
36.3533477386935,10.789375879397,0.257269343076726,"2.5th percentile"
36.4379467336683,10.789375879397,0.253445711577426,"2.5th percentile"
36.5225457286432,10.789375879397,0.241385438388189,"2.5th percentile"
36.6071447236181,10.789375879397,0.268853456940882,"2.5th percentile"
36.691743718593,10.789375879397,0.246795980502534,"2.5th percentile"
36.7763427135678,10.789375879397,0.211874921871931,"2.5th percentile"
36.8609417085427,10.789375879397,0.198737493216641,"2.5th percentile"
36.9455407035176,10.789375879397,0.239863535569463,"2.5th percentile"
37.0301396984925,10.789375879397,0.276919037511672,"2.5th percentile"
37.1147386934673,10.789375879397,0.300381189368858,"2.5th percentile"
37.1993376884422,10.789375879397,0.315431767232621,"2.5th percentile"
37.2839366834171,10.789375879397,0.317072579734686,"2.5th percentile"
37.368535678392,10.789375879397,0.322903099465173,"2.5th percentile"
37.4531346733668,10.789375879397,0.330387546996862,"2.5th percentile"
37.5377336683417,10.789375879397,0.343013922469097,"2.5th percentile"
37.6223326633166,10.789375879397,0.342994101264602,"2.5th percentile"
37.7069316582915,10.789375879397,0.325909153595223,"2.5th percentile"
37.7915306532663,10.789375879397,0.315179192896788,"2.5th percentile"
37.8761296482412,10.789375879397,0.396204293926593,"2.5th percentile"
37.9607286432161,10.789375879397,0.377245230623091,"2.5th percentile"
38.045327638191,10.789375879397,0.358225552822183,"2.5th percentile"
38.1299266331658,10.789375879397,0.39402524095802,"2.5th percentile"
38.2145256281407,10.789375879397,0.420013794825106,"2.5th percentile"
38.2991246231156,10.789375879397,0.423432386905492,"2.5th percentile"
38.3837236180904,10.789375879397,0.433431311675612,"2.5th percentile"
38.4683226130653,10.789375879397,0.453851659295375,"2.5th percentile"
38.5529216080402,10.789375879397,0.48993223990402,"2.5th percentile"
38.6375206030151,10.789375879397,0.426268667876503,"2.5th percentile"
38.72211959799,10.789375879397,0.395455626209342,"2.5th percentile"
38.8067185929648,10.789375879397,0.396229679470657,"2.5th percentile"
38.8913175879397,10.789375879397,0.437703646805751,"2.5th percentile"
38.9759165829146,10.789375879397,0.461135188348042,"2.5th percentile"
39.0605155778894,10.789375879397,0.463478811243176,"2.5th percentile"
39.1451145728643,10.789375879397,0.490154143155049,"2.5th percentile"
39.2297135678392,10.789375879397,0.489075894400531,"2.5th percentile"
39.3143125628141,10.789375879397,0.490226260466502,"2.5th percentile"
39.3989115577889,10.789375879397,0.481837009401758,"2.5th percentile"
39.4835105527638,10.789375879397,0.508851588888841,"2.5th percentile"
39.5681095477387,10.789375879397,0.474631328080455,"2.5th percentile"
39.6527085427136,10.789375879397,0.44282548002902,"2.5th percentile"
39.7373075376884,10.789375879397,0.450331389077181,"2.5th percentile"
39.8219065326633,10.789375879397,0.488585273966272,"2.5th percentile"
39.9065055276382,10.789375879397,0.495594388875388,"2.5th percentile"
39.9911045226131,10.789375879397,0.528687841004902,"2.5th percentile"
40.0757035175879,10.789375879397,0.516781337435734,"2.5th percentile"
40.1603025125628,10.789375879397,0.538583320493921,"2.5th percentile"
40.2449015075377,10.789375879397,0.545322829579269,"2.5th percentile"
40.3295005025126,10.789375879397,0.513334132868059,"2.5th percentile"
40.4140994974874,10.789375879397,0.460893046849839,"2.5th percentile"
40.4986984924623,10.789375879397,0.372866905238503,"2.5th percentile"
40.5832974874372,10.789375879397,0.255681460607549,"2.5th percentile"
40.6678964824121,10.789375879397,0.233511841041486,"2.5th percentile"
40.7524954773869,10.789375879397,0.13729639438295,"2.5th percentile"
40.8370944723618,10.789375879397,0.0997975488760865,"2.5th percentile"
40.9216934673367,10.789375879397,0.0727389008385919,"2.5th percentile"
41.0062924623116,10.789375879397,0.0422540665084407,"2.5th percentile"
41.0908914572864,10.789375879397,0.0288073327453749,"2.5th percentile"
41.1754904522613,10.789375879397,0.022135065400555,"2.5th percentile"
41.2600894472362,10.789375879397,0.0147812940281817,"2.5th percentile"
41.344688442211,10.789375879397,0.00861897953268624,"2.5th percentile"
41.4292874371859,10.789375879397,0.00628957251278229,"2.5th percentile"
41.5138864321608,10.789375879397,0.00423428659400662,"2.5th percentile"
41.5984854271357,10.789375879397,0.0028709995323106,"2.5th percentile"
41.6830844221106,10.789375879397,0.00183450069608656,"2.5th percentile"
41.7676834170854,10.789375879397,0.00121171567614527,"2.5th percentile"
41.8522824120603,10.789375879397,0.000808772977107585,"2.5th percentile"
41.9368814070352,10.789375879397,0.00053113839195005,"2.5th percentile"
42.02148040201,10.789375879397,0.000346758130492995,"2.5th percentile"
42.1060793969849,10.789375879397,0.000228151459782024,"2.5th percentile"
42.1906783919598,10.789375879397,0.000146160407307918,"2.5th percentile"
42.2752773869347,10.789375879397,9.45428019963727e-05,"2.5th percentile"
42.3598763819095,10.789375879397,6.36106005330622e-05,"2.5th percentile"
42.4444753768844,10.789375879397,4.07928968387663e-05,"2.5th percentile"
42.5290743718593,10.789375879397,2.68308235628387e-05,"2.5th percentile"
42.6136733668342,10.789375879397,1.78607911775797e-05,"2.5th percentile"
34.661367839196,10.8574025125628,0.582059546401756,"2.5th percentile"
34.7459668341709,10.8574025125628,0.552144127145849,"2.5th percentile"
34.8305658291457,10.8574025125628,0.524915834789632,"2.5th percentile"
34.9151648241206,10.8574025125628,0.5154265993945,"2.5th percentile"
34.9997638190955,10.8574025125628,0.503903513862202,"2.5th percentile"
35.0843628140704,10.8574025125628,0.489745593470186,"2.5th percentile"
35.1689618090452,10.8574025125628,0.469967513393903,"2.5th percentile"
35.2535608040201,10.8574025125628,0.446633227535215,"2.5th percentile"
35.338159798995,10.8574025125628,0.42322111871339,"2.5th percentile"
35.4227587939698,10.8574025125628,0.402443927209217,"2.5th percentile"
35.5073577889447,10.8574025125628,0.385476428216923,"2.5th percentile"
35.5919567839196,10.8574025125628,0.366599145376929,"2.5th percentile"
35.6765557788945,10.8574025125628,0.349010726982383,"2.5th percentile"
35.7611547738694,10.8574025125628,0.327355698416301,"2.5th percentile"
35.8457537688442,10.8574025125628,0.316423350347524,"2.5th percentile"
35.9303527638191,10.8574025125628,0.303526222931714,"2.5th percentile"
36.014951758794,10.8574025125628,0.311040313108289,"2.5th percentile"
36.0995507537688,10.8574025125628,0.303161723634597,"2.5th percentile"
36.1841497487437,10.8574025125628,0.290914084169754,"2.5th percentile"
36.2687487437186,10.8574025125628,0.288468016260592,"2.5th percentile"
36.3533477386935,10.8574025125628,0.242921608006061,"2.5th percentile"
36.4379467336683,10.8574025125628,0.245698426333601,"2.5th percentile"
36.5225457286432,10.8574025125628,0.25927975197148,"2.5th percentile"
36.6071447236181,10.8574025125628,0.268056302035477,"2.5th percentile"
36.691743718593,10.8574025125628,0.234429182429972,"2.5th percentile"
36.7763427135678,10.8574025125628,0.205280801622787,"2.5th percentile"
36.8609417085427,10.8574025125628,0.198668970357458,"2.5th percentile"
36.9455407035176,10.8574025125628,0.243513290799454,"2.5th percentile"
37.0301396984925,10.8574025125628,0.288838259042353,"2.5th percentile"
37.1147386934673,10.8574025125628,0.287802990876111,"2.5th percentile"
37.1993376884422,10.8574025125628,0.298010787959718,"2.5th percentile"
37.2839366834171,10.8574025125628,0.335154554920692,"2.5th percentile"
37.368535678392,10.8574025125628,0.318045426512088,"2.5th percentile"
37.4531346733668,10.8574025125628,0.318875767346875,"2.5th percentile"
37.5377336683417,10.8574025125628,0.331589590239553,"2.5th percentile"
37.6223326633166,10.8574025125628,0.352575172089514,"2.5th percentile"
37.7069316582915,10.8574025125628,0.28245319417742,"2.5th percentile"
37.7915306532663,10.8574025125628,0.316362713865917,"2.5th percentile"
37.8761296482412,10.8574025125628,0.350890628992775,"2.5th percentile"
37.9607286432161,10.8574025125628,0.358287895466515,"2.5th percentile"
38.045327638191,10.8574025125628,0.347651203694342,"2.5th percentile"
38.1299266331658,10.8574025125628,0.353268812590069,"2.5th percentile"
38.2145256281407,10.8574025125628,0.374838121514083,"2.5th percentile"
38.2991246231156,10.8574025125628,0.391306364922104,"2.5th percentile"
38.3837236180904,10.8574025125628,0.40225940611419,"2.5th percentile"
38.4683226130653,10.8574025125628,0.479568089254791,"2.5th percentile"
38.5529216080402,10.8574025125628,0.475791525787335,"2.5th percentile"
38.6375206030151,10.8574025125628,0.444865635237775,"2.5th percentile"
38.72211959799,10.8574025125628,0.412179103950749,"2.5th percentile"
38.8067185929648,10.8574025125628,0.446343810513261,"2.5th percentile"
38.8913175879397,10.8574025125628,0.45056669969775,"2.5th percentile"
38.9759165829146,10.8574025125628,0.467814536874933,"2.5th percentile"
39.0605155778894,10.8574025125628,0.534329446547058,"2.5th percentile"
39.1451145728643,10.8574025125628,0.53266458781724,"2.5th percentile"
39.2297135678392,10.8574025125628,0.515386422705588,"2.5th percentile"
39.3143125628141,10.8574025125628,0.495247283892907,"2.5th percentile"
39.3989115577889,10.8574025125628,0.474809959421443,"2.5th percentile"
39.4835105527638,10.8574025125628,0.453587905161063,"2.5th percentile"
39.5681095477387,10.8574025125628,0.47722333930281,"2.5th percentile"
39.6527085427136,10.8574025125628,0.414963783524886,"2.5th percentile"
39.7373075376884,10.8574025125628,0.464202411044598,"2.5th percentile"
39.8219065326633,10.8574025125628,0.462707171674654,"2.5th percentile"
39.9065055276382,10.8574025125628,0.483438734852997,"2.5th percentile"
39.9911045226131,10.8574025125628,0.511046142921612,"2.5th percentile"
40.0757035175879,10.8574025125628,0.514516348036806,"2.5th percentile"
40.1603025125628,10.8574025125628,0.543508598888886,"2.5th percentile"
40.2449015075377,10.8574025125628,0.52946339597345,"2.5th percentile"
40.3295005025126,10.8574025125628,0.511003878890265,"2.5th percentile"
40.4140994974874,10.8574025125628,0.468518204821845,"2.5th percentile"
40.4986984924623,10.8574025125628,0.388758554782633,"2.5th percentile"
40.5832974874372,10.8574025125628,0.256855910825054,"2.5th percentile"
40.6678964824121,10.8574025125628,0.182468621806155,"2.5th percentile"
40.7524954773869,10.8574025125628,0.133524423934934,"2.5th percentile"
40.8370944723618,10.8574025125628,0.100899669631485,"2.5th percentile"
40.9216934673367,10.8574025125628,0.0611291114828128,"2.5th percentile"
41.0062924623116,10.8574025125628,0.0436307092091371,"2.5th percentile"
41.0908914572864,10.8574025125628,0.0326769211105287,"2.5th percentile"
41.1754904522613,10.8574025125628,0.0217592810492288,"2.5th percentile"
41.2600894472362,10.8574025125628,0.0147613119908911,"2.5th percentile"
41.344688442211,10.8574025125628,0.009654897239522,"2.5th percentile"
41.4292874371859,10.8574025125628,0.00616764484183765,"2.5th percentile"
41.5138864321608,10.8574025125628,0.00428426069360544,"2.5th percentile"
41.5984854271357,10.8574025125628,0.00266409280890912,"2.5th percentile"
41.6830844221106,10.8574025125628,0.00183116006299959,"2.5th percentile"
41.7676834170854,10.8574025125628,0.00113438882960707,"2.5th percentile"
41.8522824120603,10.8574025125628,0.000645691653063459,"2.5th percentile"
41.9368814070352,10.8574025125628,0.000521742015802095,"2.5th percentile"
42.02148040201,10.8574025125628,0.0003038213539966,"2.5th percentile"
42.1060793969849,10.8574025125628,0.000224880685050745,"2.5th percentile"
42.1906783919598,10.8574025125628,0.000147501919521796,"2.5th percentile"
42.2752773869347,10.8574025125628,9.71126565984343e-05,"2.5th percentile"
42.3598763819095,10.8574025125628,6.31873934671916e-05,"2.5th percentile"
42.4444753768844,10.8574025125628,4.20117638844416e-05,"2.5th percentile"
42.5290743718593,10.8574025125628,2.71187297898377e-05,"2.5th percentile"
42.6136733668342,10.8574025125628,1.77153377326574e-05,"2.5th percentile"
42.698272361809,10.8574025125628,1.14450079754318e-05,"2.5th percentile"
34.7459668341709,10.9254291457286,0.561473902827062,"2.5th percentile"
34.8305658291457,10.9254291457286,0.518783953242558,"2.5th percentile"
34.9151648241206,10.9254291457286,0.498824738187939,"2.5th percentile"
34.9997638190955,10.9254291457286,0.489294724990314,"2.5th percentile"
35.0843628140704,10.9254291457286,0.477646014118348,"2.5th percentile"
35.1689618090452,10.9254291457286,0.458829457341345,"2.5th percentile"
35.2535608040201,10.9254291457286,0.434222591150273,"2.5th percentile"
35.338159798995,10.9254291457286,0.418069544659199,"2.5th percentile"
35.4227587939698,10.9254291457286,0.396503777214273,"2.5th percentile"
35.5073577889447,10.9254291457286,0.379084479616324,"2.5th percentile"
35.5919567839196,10.9254291457286,0.348264310499343,"2.5th percentile"
35.6765557788945,10.9254291457286,0.368209661861522,"2.5th percentile"
35.7611547738694,10.9254291457286,0.32394138245995,"2.5th percentile"
35.8457537688442,10.9254291457286,0.318803822381806,"2.5th percentile"
35.9303527638191,10.9254291457286,0.299358489522424,"2.5th percentile"
36.014951758794,10.9254291457286,0.313781034568711,"2.5th percentile"
36.0995507537688,10.9254291457286,0.308287517808057,"2.5th percentile"
36.1841497487437,10.9254291457286,0.302268293510276,"2.5th percentile"
36.2687487437186,10.9254291457286,0.324201849835865,"2.5th percentile"
36.3533477386935,10.9254291457286,0.268390603450662,"2.5th percentile"
36.4379467336683,10.9254291457286,0.252008559100777,"2.5th percentile"
36.5225457286432,10.9254291457286,0.244140939808271,"2.5th percentile"
36.6071447236181,10.9254291457286,0.235948906070192,"2.5th percentile"
36.691743718593,10.9254291457286,0.241481480425799,"2.5th percentile"
36.7763427135678,10.9254291457286,0.244479217479068,"2.5th percentile"
36.8609417085427,10.9254291457286,0.262780247185676,"2.5th percentile"
36.9455407035176,10.9254291457286,0.283495469055777,"2.5th percentile"
37.0301396984925,10.9254291457286,0.291840386817327,"2.5th percentile"
37.1147386934673,10.9254291457286,0.265290308748464,"2.5th percentile"
37.1993376884422,10.9254291457286,0.274567496713176,"2.5th percentile"
37.2839366834171,10.9254291457286,0.322116104246522,"2.5th percentile"
37.368535678392,10.9254291457286,0.309851095016668,"2.5th percentile"
37.4531346733668,10.9254291457286,0.315999452313171,"2.5th percentile"
37.5377336683417,10.9254291457286,0.329127417363689,"2.5th percentile"
37.6223326633166,10.9254291457286,0.350449513191611,"2.5th percentile"
37.7069316582915,10.9254291457286,0.29006511857612,"2.5th percentile"
37.7915306532663,10.9254291457286,0.311515888120769,"2.5th percentile"
37.8761296482412,10.9254291457286,0.329713257346939,"2.5th percentile"
37.9607286432161,10.9254291457286,0.3359214821969,"2.5th percentile"
38.045327638191,10.9254291457286,0.343380895294773,"2.5th percentile"
38.1299266331658,10.9254291457286,0.351502995210695,"2.5th percentile"
38.2145256281407,10.9254291457286,0.387710547329488,"2.5th percentile"
38.2991246231156,10.9254291457286,0.411148865689727,"2.5th percentile"
38.3837236180904,10.9254291457286,0.46725662761821,"2.5th percentile"
38.4683226130653,10.9254291457286,0.469812181247055,"2.5th percentile"
38.5529216080402,10.9254291457286,0.433187553471233,"2.5th percentile"
38.6375206030151,10.9254291457286,0.44348994745776,"2.5th percentile"
38.72211959799,10.9254291457286,0.416191758796492,"2.5th percentile"
38.8067185929648,10.9254291457286,0.447628136420996,"2.5th percentile"
38.8913175879397,10.9254291457286,0.474262753360137,"2.5th percentile"
38.9759165829146,10.9254291457286,0.52921566830571,"2.5th percentile"
39.0605155778894,10.9254291457286,0.549342540765133,"2.5th percentile"
39.1451145728643,10.9254291457286,0.535632454026612,"2.5th percentile"
39.2297135678392,10.9254291457286,0.50364284230358,"2.5th percentile"
39.3143125628141,10.9254291457286,0.516605620378321,"2.5th percentile"
39.3989115577889,10.9254291457286,0.475530748375007,"2.5th percentile"
39.4835105527638,10.9254291457286,0.465014139170944,"2.5th percentile"
39.5681095477387,10.9254291457286,0.464215255417981,"2.5th percentile"
39.6527085427136,10.9254291457286,0.439884470686031,"2.5th percentile"
39.7373075376884,10.9254291457286,0.462753724765526,"2.5th percentile"
39.8219065326633,10.9254291457286,0.434126724068016,"2.5th percentile"
39.9065055276382,10.9254291457286,0.456592902225893,"2.5th percentile"
39.9911045226131,10.9254291457286,0.476747607949276,"2.5th percentile"
40.0757035175879,10.9254291457286,0.511266919273016,"2.5th percentile"
40.1603025125628,10.9254291457286,0.558023366018223,"2.5th percentile"
40.2449015075377,10.9254291457286,0.536431043105456,"2.5th percentile"
40.3295005025126,10.9254291457286,0.508377880774847,"2.5th percentile"
40.4140994974874,10.9254291457286,0.465534469878334,"2.5th percentile"
40.4986984924623,10.9254291457286,0.395765900724992,"2.5th percentile"
40.5832974874372,10.9254291457286,0.282168333154567,"2.5th percentile"
40.6678964824121,10.9254291457286,0.202398342047689,"2.5th percentile"
40.7524954773869,10.9254291457286,0.152766117272908,"2.5th percentile"
40.8370944723618,10.9254291457286,0.104905588587949,"2.5th percentile"
40.9216934673367,10.9254291457286,0.0721603542311534,"2.5th percentile"
41.0062924623116,10.9254291457286,0.0478020268663281,"2.5th percentile"
41.0908914572864,10.9254291457286,0.0269087143443545,"2.5th percentile"
41.1754904522613,10.9254291457286,0.022144311021182,"2.5th percentile"
41.2600894472362,10.9254291457286,0.0143602864786474,"2.5th percentile"
41.344688442211,10.9254291457286,0.00980138147068548,"2.5th percentile"
41.4292874371859,10.9254291457286,0.00644979208839037,"2.5th percentile"
41.5138864321608,10.9254291457286,0.00426004885281198,"2.5th percentile"
41.5984854271357,10.9254291457286,0.00279296276102989,"2.5th percentile"
41.6830844221106,10.9254291457286,0.00184850078379107,"2.5th percentile"
41.7676834170854,10.9254291457286,0.00103334362876305,"2.5th percentile"
41.8522824120603,10.9254291457286,0.000780572188364697,"2.5th percentile"
41.9368814070352,10.9254291457286,0.000517619106940447,"2.5th percentile"
42.02148040201,10.9254291457286,0.000341173604204466,"2.5th percentile"
42.1060793969849,10.9254291457286,0.00022314933999358,"2.5th percentile"
42.1906783919598,10.9254291457286,0.000148337869771621,"2.5th percentile"
42.2752773869347,10.9254291457286,9.73644802473626e-05,"2.5th percentile"
42.3598763819095,10.9254291457286,6.35000836124132e-05,"2.5th percentile"
42.4444753768844,10.9254291457286,4.20089813426684e-05,"2.5th percentile"
42.5290743718593,10.9254291457286,2.75589620509398e-05,"2.5th percentile"
42.6136733668342,10.9254291457286,1.84927524687994e-05,"2.5th percentile"
42.698272361809,10.9254291457286,1.1867919732876e-05,"2.5th percentile"
34.8305658291457,10.9934557788945,0.520814651758082,"2.5th percentile"
34.9151648241206,10.9934557788945,0.521449539861826,"2.5th percentile"
34.9997638190955,10.9934557788945,0.48234799763807,"2.5th percentile"
35.0843628140704,10.9934557788945,0.46576471612382,"2.5th percentile"
35.1689618090452,10.9934557788945,0.551991266179898,"2.5th percentile"
35.2535608040201,10.9934557788945,0.426674400363527,"2.5th percentile"
35.338159798995,10.9934557788945,0.404362566439461,"2.5th percentile"
35.4227587939698,10.9934557788945,0.379925306201765,"2.5th percentile"
35.5073577889447,10.9934557788945,0.371750810226675,"2.5th percentile"
35.5919567839196,10.9934557788945,0.344262675356526,"2.5th percentile"
35.6765557788945,10.9934557788945,0.328620834914413,"2.5th percentile"
35.7611547738694,10.9934557788945,0.325005478194693,"2.5th percentile"
35.8457537688442,10.9934557788945,0.322087483699223,"2.5th percentile"
35.9303527638191,10.9934557788945,0.318838923362179,"2.5th percentile"
36.014951758794,10.9934557788945,0.314014127476643,"2.5th percentile"
36.0995507537688,10.9934557788945,0.308659648528614,"2.5th percentile"
36.1841497487437,10.9934557788945,0.30067770995258,"2.5th percentile"
36.2687487437186,10.9934557788945,0.305088028694383,"2.5th percentile"
36.3533477386935,10.9934557788945,0.283359763547477,"2.5th percentile"
36.4379467336683,10.9934557788945,0.243140351558828,"2.5th percentile"
36.5225457286432,10.9934557788945,0.248273802015638,"2.5th percentile"
36.6071447236181,10.9934557788945,0.231201053065867,"2.5th percentile"
36.691743718593,10.9934557788945,0.243288297739731,"2.5th percentile"
36.7763427135678,10.9934557788945,0.236946547931454,"2.5th percentile"
36.8609417085427,10.9934557788945,0.259199046562303,"2.5th percentile"
36.9455407035176,10.9934557788945,0.274105974417367,"2.5th percentile"
37.0301396984925,10.9934557788945,0.292675368384922,"2.5th percentile"
37.1147386934673,10.9934557788945,0.26545773059651,"2.5th percentile"
37.1993376884422,10.9934557788945,0.265651575102666,"2.5th percentile"
37.2839366834171,10.9934557788945,0.291082492901812,"2.5th percentile"
37.368535678392,10.9934557788945,0.310797874785656,"2.5th percentile"
37.4531346733668,10.9934557788945,0.303602718609514,"2.5th percentile"
37.5377336683417,10.9934557788945,0.322366648428923,"2.5th percentile"
37.6223326633166,10.9934557788945,0.334895299787387,"2.5th percentile"
37.7069316582915,10.9934557788945,0.283442121506921,"2.5th percentile"
37.7915306532663,10.9934557788945,0.306056109052502,"2.5th percentile"
37.8761296482412,10.9934557788945,0.325621365963179,"2.5th percentile"
37.9607286432161,10.9934557788945,0.324333476974138,"2.5th percentile"
38.045327638191,10.9934557788945,0.339203677526795,"2.5th percentile"
38.1299266331658,10.9934557788945,0.347747871667968,"2.5th percentile"
38.2145256281407,10.9934557788945,0.389908223552089,"2.5th percentile"
38.2991246231156,10.9934557788945,0.417659481717367,"2.5th percentile"
38.3837236180904,10.9934557788945,0.442885228549097,"2.5th percentile"
38.4683226130653,10.9934557788945,0.475620844454328,"2.5th percentile"
38.5529216080402,10.9934557788945,0.48651913500308,"2.5th percentile"
38.6375206030151,10.9934557788945,0.459000011508771,"2.5th percentile"
38.72211959799,10.9934557788945,0.409514746932792,"2.5th percentile"
38.8067185929648,10.9934557788945,0.422959006397629,"2.5th percentile"
38.8913175879397,10.9934557788945,0.440555522018676,"2.5th percentile"
38.9759165829146,10.9934557788945,0.498110967717988,"2.5th percentile"
39.0605155778894,10.9934557788945,0.474762131317643,"2.5th percentile"
39.1451145728643,10.9934557788945,0.523875122399168,"2.5th percentile"
39.2297135678392,10.9934557788945,0.533291497174509,"2.5th percentile"
39.3143125628141,10.9934557788945,0.506017315137136,"2.5th percentile"
39.3989115577889,10.9934557788945,0.471253223820392,"2.5th percentile"
39.4835105527638,10.9934557788945,0.454613139362495,"2.5th percentile"
39.5681095477387,10.9934557788945,0.456870251182799,"2.5th percentile"
39.6527085427136,10.9934557788945,0.436670000373341,"2.5th percentile"
39.7373075376884,10.9934557788945,0.462415022572604,"2.5th percentile"
39.8219065326633,10.9934557788945,0.417593736695901,"2.5th percentile"
39.9065055276382,10.9934557788945,0.454101128583266,"2.5th percentile"
39.9911045226131,10.9934557788945,0.474665517351161,"2.5th percentile"
40.0757035175879,10.9934557788945,0.514644149691478,"2.5th percentile"
40.1603025125628,10.9934557788945,0.557577338113496,"2.5th percentile"
40.2449015075377,10.9934557788945,0.538708104023761,"2.5th percentile"
40.3295005025126,10.9934557788945,0.511379226293947,"2.5th percentile"
40.4140994974874,10.9934557788945,0.461146509500074,"2.5th percentile"
40.4986984924623,10.9934557788945,0.378208365811703,"2.5th percentile"
40.5832974874372,10.9934557788945,0.297056886083387,"2.5th percentile"
40.6678964824121,10.9934557788945,0.218965557346562,"2.5th percentile"
40.7524954773869,10.9934557788945,0.156156230900026,"2.5th percentile"
40.8370944723618,10.9934557788945,0.113331086641348,"2.5th percentile"
40.9216934673367,10.9934557788945,0.072551758217506,"2.5th percentile"
41.0062924623116,10.9934557788945,0.0467592223375541,"2.5th percentile"
41.0908914572864,10.9934557788945,0.0319821669660431,"2.5th percentile"
41.1754904522613,10.9934557788945,0.021149953895608,"2.5th percentile"
41.2600894472362,10.9934557788945,0.0144445220254662,"2.5th percentile"
41.344688442211,10.9934557788945,0.00991234786805711,"2.5th percentile"
41.4292874371859,10.9934557788945,0.00657728393337549,"2.5th percentile"
41.5138864321608,10.9934557788945,0.00427344166854616,"2.5th percentile"
41.5984854271357,10.9934557788945,0.00280265277636578,"2.5th percentile"
41.6830844221106,10.9934557788945,0.00182249473653984,"2.5th percentile"
41.7676834170854,10.9934557788945,0.00119625031890028,"2.5th percentile"
41.8522824120603,10.9934557788945,0.000802165404510166,"2.5th percentile"
41.9368814070352,10.9934557788945,0.000525094952005086,"2.5th percentile"
42.02148040201,10.9934557788945,0.000343338268396855,"2.5th percentile"
42.1060793969849,10.9934557788945,0.000212424282028192,"2.5th percentile"
42.1906783919598,10.9934557788945,0.000148661790505811,"2.5th percentile"
42.2752773869347,10.9934557788945,9.79928584211353e-05,"2.5th percentile"
42.3598763819095,10.9934557788945,6.40350170840613e-05,"2.5th percentile"
42.4444753768844,10.9934557788945,4.16177505027475e-05,"2.5th percentile"
42.5290743718593,10.9934557788945,2.88323594449075e-05,"2.5th percentile"
42.6136733668342,10.9934557788945,1.83744478680117e-05,"2.5th percentile"
34.8305658291457,11.0614824120603,0.533637113615785,"2.5th percentile"
34.9151648241206,11.0614824120603,0.495990370212437,"2.5th percentile"
34.9997638190955,11.0614824120603,0.482731704702326,"2.5th percentile"
35.0843628140704,11.0614824120603,0.465297653888966,"2.5th percentile"
35.1689618090452,11.0614824120603,0.450327323190364,"2.5th percentile"
35.2535608040201,11.0614824120603,0.457123271730305,"2.5th percentile"
35.338159798995,11.0614824120603,0.404906298630171,"2.5th percentile"
35.4227587939698,11.0614824120603,0.382412659426352,"2.5th percentile"
35.5073577889447,11.0614824120603,0.36105277537754,"2.5th percentile"
35.5919567839196,11.0614824120603,0.344184856762623,"2.5th percentile"
35.6765557788945,11.0614824120603,0.326852867947206,"2.5th percentile"
35.7611547738694,11.0614824120603,0.323738465718149,"2.5th percentile"
35.8457537688442,11.0614824120603,0.322427807212632,"2.5th percentile"
35.9303527638191,11.0614824120603,0.320538900958772,"2.5th percentile"
36.014951758794,11.0614824120603,0.311084907111725,"2.5th percentile"
36.0995507537688,11.0614824120603,0.303123827445514,"2.5th percentile"
36.1841497487437,11.0614824120603,0.308047205510017,"2.5th percentile"
36.2687487437186,11.0614824120603,0.308443449053506,"2.5th percentile"
36.3533477386935,11.0614824120603,0.316828868429306,"2.5th percentile"
36.4379467336683,11.0614824120603,0.274457365634497,"2.5th percentile"
36.5225457286432,11.0614824120603,0.237252381112023,"2.5th percentile"
36.6071447236181,11.0614824120603,0.225285469340773,"2.5th percentile"
36.691743718593,11.0614824120603,0.246323901808253,"2.5th percentile"
36.7763427135678,11.0614824120603,0.245436465626067,"2.5th percentile"
36.8609417085427,11.0614824120603,0.241351637651021,"2.5th percentile"
36.9455407035176,11.0614824120603,0.260071497255126,"2.5th percentile"
37.0301396984925,11.0614824120603,0.26194331272313,"2.5th percentile"
37.1147386934673,11.0614824120603,0.265394596118833,"2.5th percentile"
37.1993376884422,11.0614824120603,0.268652270185302,"2.5th percentile"
37.2839366834171,11.0614824120603,0.274182866987092,"2.5th percentile"
37.368535678392,11.0614824120603,0.295495766735229,"2.5th percentile"
37.4531346733668,11.0614824120603,0.302777788130712,"2.5th percentile"
37.5377336683417,11.0614824120603,0.330387898109335,"2.5th percentile"
37.6223326633166,11.0614824120603,0.305843204870488,"2.5th percentile"
37.7069316582915,11.0614824120603,0.306566253289018,"2.5th percentile"
37.7915306532663,11.0614824120603,0.305069546634942,"2.5th percentile"
37.8761296482412,11.0614824120603,0.314729714255022,"2.5th percentile"
37.9607286432161,11.0614824120603,0.338279140517235,"2.5th percentile"
38.045327638191,11.0614824120603,0.392020528864369,"2.5th percentile"
38.1299266331658,11.0614824120603,0.413916310276872,"2.5th percentile"
38.2145256281407,11.0614824120603,0.432114497120392,"2.5th percentile"
38.2991246231156,11.0614824120603,0.441593548924295,"2.5th percentile"
38.3837236180904,11.0614824120603,0.435193432084998,"2.5th percentile"
38.4683226130653,11.0614824120603,0.474647561483293,"2.5th percentile"
38.5529216080402,11.0614824120603,0.450009605344172,"2.5th percentile"
38.6375206030151,11.0614824120603,0.464338663191046,"2.5th percentile"
38.72211959799,11.0614824120603,0.468160491238222,"2.5th percentile"
38.8067185929648,11.0614824120603,0.459007982492443,"2.5th percentile"
38.8913175879397,11.0614824120603,0.463996124320839,"2.5th percentile"
38.9759165829146,11.0614824120603,0.479226385478554,"2.5th percentile"
39.0605155778894,11.0614824120603,0.527727560783434,"2.5th percentile"
39.1451145728643,11.0614824120603,0.491172467318675,"2.5th percentile"
39.2297135678392,11.0614824120603,0.487226975030808,"2.5th percentile"
39.3143125628141,11.0614824120603,0.483935844086432,"2.5th percentile"
39.3989115577889,11.0614824120603,0.505568139515123,"2.5th percentile"
39.4835105527638,11.0614824120603,0.452208301253309,"2.5th percentile"
39.5681095477387,11.0614824120603,0.453745887015107,"2.5th percentile"
39.6527085427136,11.0614824120603,0.454036214681734,"2.5th percentile"
39.7373075376884,11.0614824120603,0.456498384371766,"2.5th percentile"
39.8219065326633,11.0614824120603,0.413509384050324,"2.5th percentile"
39.9065055276382,11.0614824120603,0.468479118325461,"2.5th percentile"
39.9911045226131,11.0614824120603,0.490174922787152,"2.5th percentile"
40.0757035175879,11.0614824120603,0.557356580297972,"2.5th percentile"
40.1603025125628,11.0614824120603,0.553676817906144,"2.5th percentile"
40.2449015075377,11.0614824120603,0.538696442133133,"2.5th percentile"
40.3295005025126,11.0614824120603,0.500753374566401,"2.5th percentile"
40.4140994974874,11.0614824120603,0.468396949481188,"2.5th percentile"
40.4986984924623,11.0614824120603,0.353186232751151,"2.5th percentile"
40.5832974874372,11.0614824120603,0.282830815482444,"2.5th percentile"
40.6678964824121,11.0614824120603,0.218297833806936,"2.5th percentile"
40.7524954773869,11.0614824120603,0.150538891723562,"2.5th percentile"
40.8370944723618,11.0614824120603,0.10693056474021,"2.5th percentile"
40.9216934673367,11.0614824120603,0.0722109757441169,"2.5th percentile"
41.0062924623116,11.0614824120603,0.040672263377071,"2.5th percentile"
41.0908914572864,11.0614824120603,0.0332526587266697,"2.5th percentile"
41.1754904522613,11.0614824120603,0.0211738810303073,"2.5th percentile"
41.2600894472362,11.0614824120603,0.012020704307711,"2.5th percentile"
41.344688442211,11.0614824120603,0.00996967124342149,"2.5th percentile"
41.4292874371859,11.0614824120603,0.00644182037178535,"2.5th percentile"
41.5138864321608,11.0614824120603,0.0041842708787677,"2.5th percentile"
41.5984854271357,11.0614824120603,0.00278497624236162,"2.5th percentile"
41.6830844221106,11.0614824120603,0.00184454355203345,"2.5th percentile"
42.4444753768844,11.0614824120603,4.14900868608829e-05,"2.5th percentile"
42.5290743718593,11.0614824120603,2.76905606891246e-05,"2.5th percentile"
34.8305658291457,11.1295090452261,0.521618077029021,"2.5th percentile"
34.9151648241206,11.1295090452261,0.51457562085353,"2.5th percentile"
34.9997638190955,11.1295090452261,0.49121967213752,"2.5th percentile"
35.0843628140704,11.1295090452261,0.460827083412652,"2.5th percentile"
35.1689618090452,11.1295090452261,0.461945774906579,"2.5th percentile"
35.2535608040201,11.1295090452261,0.421065800613264,"2.5th percentile"
35.338159798995,11.1295090452261,0.437218379992397,"2.5th percentile"
35.4227587939698,11.1295090452261,0.375055224537992,"2.5th percentile"
35.5073577889447,11.1295090452261,0.353089902267208,"2.5th percentile"
35.5919567839196,11.1295090452261,0.332723334861061,"2.5th percentile"
35.6765557788945,11.1295090452261,0.330689876212902,"2.5th percentile"
35.7611547738694,11.1295090452261,0.322634978298805,"2.5th percentile"
35.8457537688442,11.1295090452261,0.324245435645836,"2.5th percentile"
35.9303527638191,11.1295090452261,0.319067102156324,"2.5th percentile"
36.014951758794,11.1295090452261,0.316838528633735,"2.5th percentile"
36.0995507537688,11.1295090452261,0.318201122593861,"2.5th percentile"
36.1841497487437,11.1295090452261,0.304554135920287,"2.5th percentile"
36.2687487437186,11.1295090452261,0.30487469808062,"2.5th percentile"
36.3533477386935,11.1295090452261,0.328953270985884,"2.5th percentile"
36.4379467336683,11.1295090452261,0.312271529657477,"2.5th percentile"
36.5225457286432,11.1295090452261,0.260671027844597,"2.5th percentile"
36.6071447236181,11.1295090452261,0.23171924523217,"2.5th percentile"
36.691743718593,11.1295090452261,0.244134529350518,"2.5th percentile"
36.7763427135678,11.1295090452261,0.245892524354887,"2.5th percentile"
36.8609417085427,11.1295090452261,0.229630965684794,"2.5th percentile"
36.9455407035176,11.1295090452261,0.239389712151662,"2.5th percentile"
37.0301396984925,11.1295090452261,0.252749682250772,"2.5th percentile"
37.1147386934673,11.1295090452261,0.27419114548112,"2.5th percentile"
37.1993376884422,11.1295090452261,0.309625296356692,"2.5th percentile"
37.2839366834171,11.1295090452261,0.304760850509455,"2.5th percentile"
37.368535678392,11.1295090452261,0.307587200841703,"2.5th percentile"
37.4531346733668,11.1295090452261,0.284777952715666,"2.5th percentile"
37.5377336683417,11.1295090452261,0.306367842847906,"2.5th percentile"
37.6223326633166,11.1295090452261,0.307477044858376,"2.5th percentile"
37.7069316582915,11.1295090452261,0.28449454949779,"2.5th percentile"
37.7915306532663,11.1295090452261,0.324154575517468,"2.5th percentile"
37.8761296482412,11.1295090452261,0.337643626193144,"2.5th percentile"
37.9607286432161,11.1295090452261,0.410199773126489,"2.5th percentile"
38.045327638191,11.1295090452261,0.393757917309266,"2.5th percentile"
38.1299266331658,11.1295090452261,0.415170352261261,"2.5th percentile"
38.2145256281407,11.1295090452261,0.413181626167729,"2.5th percentile"
38.2991246231156,11.1295090452261,0.446156933226989,"2.5th percentile"
38.3837236180904,11.1295090452261,0.441206953045584,"2.5th percentile"
38.4683226130653,11.1295090452261,0.432815074517848,"2.5th percentile"
38.5529216080402,11.1295090452261,0.463687901015519,"2.5th percentile"
38.6375206030151,11.1295090452261,0.407481215583995,"2.5th percentile"
38.72211959799,11.1295090452261,0.462482644002788,"2.5th percentile"
38.8067185929648,11.1295090452261,0.483818703839119,"2.5th percentile"
38.8913175879397,11.1295090452261,0.491106747860551,"2.5th percentile"
38.9759165829146,11.1295090452261,0.457184075046239,"2.5th percentile"
39.0605155778894,11.1295090452261,0.460813648996059,"2.5th percentile"
39.1451145728643,11.1295090452261,0.478877763332014,"2.5th percentile"
39.2297135678392,11.1295090452261,0.461073598479529,"2.5th percentile"
39.3143125628141,11.1295090452261,0.491021204877961,"2.5th percentile"
39.3989115577889,11.1295090452261,0.504888065291822,"2.5th percentile"
39.4835105527638,11.1295090452261,0.48037792745674,"2.5th percentile"
39.5681095477387,11.1295090452261,0.443219556940337,"2.5th percentile"
39.6527085427136,11.1295090452261,0.469203964450038,"2.5th percentile"
39.7373075376884,11.1295090452261,0.442484466803887,"2.5th percentile"
39.8219065326633,11.1295090452261,0.468698759311863,"2.5th percentile"
39.9065055276382,11.1295090452261,0.488290206209401,"2.5th percentile"
39.9911045226131,11.1295090452261,0.509345944547666,"2.5th percentile"
40.0757035175879,11.1295090452261,0.593920108613593,"2.5th percentile"
40.1603025125628,11.1295090452261,0.563000709678886,"2.5th percentile"
40.2449015075377,11.1295090452261,0.504092091430764,"2.5th percentile"
40.3295005025126,11.1295090452261,0.510837924538616,"2.5th percentile"
40.4140994974874,11.1295090452261,0.448925857244782,"2.5th percentile"
40.4986984924623,11.1295090452261,0.354521551399379,"2.5th percentile"
40.5832974874372,11.1295090452261,0.283767091995905,"2.5th percentile"
40.6678964824121,11.1295090452261,0.219350453156625,"2.5th percentile"
40.7524954773869,11.1295090452261,0.152802541826766,"2.5th percentile"
40.8370944723618,11.1295090452261,0.110383473174145,"2.5th percentile"
40.9216934673367,11.1295090452261,0.070572477096364,"2.5th percentile"
41.0062924623116,11.1295090452261,0.0451576837746091,"2.5th percentile"
41.0908914572864,11.1295090452261,0.0314299234393582,"2.5th percentile"
41.1754904522613,11.1295090452261,0.0217520766395569,"2.5th percentile"
41.2600894472362,11.1295090452261,0.0147780613368421,"2.5th percentile"
41.344688442211,11.1295090452261,0.00993991366640641,"2.5th percentile"
41.4292874371859,11.1295090452261,0.00658553586799172,"2.5th percentile"
41.5138864321608,11.1295090452261,0.0042441189128681,"2.5th percentile"
41.5984854271357,11.1295090452261,0.00279761326093977,"2.5th percentile"
41.6830844221106,11.1295090452261,0.0018862137901404,"2.5th percentile"
34.8305658291457,11.197535678392,0.514921348306329,"2.5th percentile"
34.9151648241206,11.197535678392,0.497359245309714,"2.5th percentile"
34.9997638190955,11.197535678392,0.459293676503963,"2.5th percentile"
35.0843628140704,11.197535678392,0.535488461797848,"2.5th percentile"
35.1689618090452,11.197535678392,0.467031589614569,"2.5th percentile"
35.2535608040201,11.197535678392,0.412445271321026,"2.5th percentile"
35.338159798995,11.197535678392,0.39578348437431,"2.5th percentile"
35.4227587939698,11.197535678392,0.364257030737052,"2.5th percentile"
35.5073577889447,11.197535678392,0.340734064899342,"2.5th percentile"
35.5919567839196,11.197535678392,0.331122511578621,"2.5th percentile"
35.6765557788945,11.197535678392,0.333667896413071,"2.5th percentile"
35.7611547738694,11.197535678392,0.343789008931851,"2.5th percentile"
35.8457537688442,11.197535678392,0.355459676933747,"2.5th percentile"
35.9303527638191,11.197535678392,0.340954965038728,"2.5th percentile"
36.014951758794,11.197535678392,0.338715407266299,"2.5th percentile"
36.0995507537688,11.197535678392,0.314094361140037,"2.5th percentile"
36.1841497487437,11.197535678392,0.345530798784032,"2.5th percentile"
36.2687487437186,11.197535678392,0.303699120566891,"2.5th percentile"
36.3533477386935,11.197535678392,0.278463681808859,"2.5th percentile"
36.4379467336683,11.197535678392,0.307607554927394,"2.5th percentile"
36.5225457286432,11.197535678392,0.259995885753255,"2.5th percentile"
36.6071447236181,11.197535678392,0.238042815639214,"2.5th percentile"
36.691743718593,11.197535678392,0.226578299962966,"2.5th percentile"
36.7763427135678,11.197535678392,0.227904274413984,"2.5th percentile"
36.8609417085427,11.197535678392,0.227715593499857,"2.5th percentile"
36.9455407035176,11.197535678392,0.230105653703715,"2.5th percentile"
37.0301396984925,11.197535678392,0.246096059015926,"2.5th percentile"
37.1147386934673,11.197535678392,0.264910295555255,"2.5th percentile"
37.1993376884422,11.197535678392,0.282712058413896,"2.5th percentile"
37.2839366834171,11.197535678392,0.309634249906055,"2.5th percentile"
37.368535678392,11.197535678392,0.293101957918712,"2.5th percentile"
37.4531346733668,11.197535678392,0.274104994446881,"2.5th percentile"
37.5377336683417,11.197535678392,0.281278397088882,"2.5th percentile"
37.6223326633166,11.197535678392,0.292065816770318,"2.5th percentile"
37.7069316582915,11.197535678392,0.317929051692317,"2.5th percentile"
37.7915306532663,11.197535678392,0.363408679138577,"2.5th percentile"
37.8761296482412,11.197535678392,0.365203087226529,"2.5th percentile"
37.9607286432161,11.197535678392,0.39192686741883,"2.5th percentile"
38.045327638191,11.197535678392,0.419699734991461,"2.5th percentile"
38.1299266331658,11.197535678392,0.407852440094982,"2.5th percentile"
38.2145256281407,11.197535678392,0.379163382599045,"2.5th percentile"
38.2991246231156,11.197535678392,0.388789297228755,"2.5th percentile"
38.3837236180904,11.197535678392,0.417258773003433,"2.5th percentile"
38.4683226130653,11.197535678392,0.447330763562722,"2.5th percentile"
38.5529216080402,11.197535678392,0.456341253725842,"2.5th percentile"
38.6375206030151,11.197535678392,0.484724093884716,"2.5th percentile"
38.72211959799,11.197535678392,0.492505599010702,"2.5th percentile"
38.8067185929648,11.197535678392,0.499869752546063,"2.5th percentile"
38.8913175879397,11.197535678392,0.456357830299493,"2.5th percentile"
38.9759165829146,11.197535678392,0.453903979843979,"2.5th percentile"
39.0605155778894,11.197535678392,0.44050470191939,"2.5th percentile"
39.1451145728643,11.197535678392,0.430790203186906,"2.5th percentile"
39.2297135678392,11.197535678392,0.445989200663043,"2.5th percentile"
39.3143125628141,11.197535678392,0.490650375404763,"2.5th percentile"
39.3989115577889,11.197535678392,0.49131754010827,"2.5th percentile"
39.4835105527638,11.197535678392,0.472615430235166,"2.5th percentile"
39.5681095477387,11.197535678392,0.472484634689937,"2.5th percentile"
39.6527085427136,11.197535678392,0.458765776419166,"2.5th percentile"
39.7373075376884,11.197535678392,0.448822808706411,"2.5th percentile"
39.8219065326633,11.197535678392,0.44952152397752,"2.5th percentile"
39.9065055276382,11.197535678392,0.504003764112677,"2.5th percentile"
39.9911045226131,11.197535678392,0.526720392752789,"2.5th percentile"
40.0757035175879,11.197535678392,0.550364900037331,"2.5th percentile"
40.1603025125628,11.197535678392,0.538341870210124,"2.5th percentile"
40.2449015075377,11.197535678392,0.473811231040867,"2.5th percentile"
40.3295005025126,11.197535678392,0.443861830090662,"2.5th percentile"
40.4140994974874,11.197535678392,0.424357358058813,"2.5th percentile"
40.4986984924623,11.197535678392,0.371139013877372,"2.5th percentile"
40.5832974874372,11.197535678392,0.27661353062855,"2.5th percentile"
40.6678964824121,11.197535678392,0.209772443619236,"2.5th percentile"
40.7524954773869,11.197535678392,0.154415608490665,"2.5th percentile"
40.8370944723618,11.197535678392,0.0972062179994514,"2.5th percentile"
40.9216934673367,11.197535678392,0.0759614440686333,"2.5th percentile"
41.0062924623116,11.197535678392,0.0476047603433019,"2.5th percentile"
41.0908914572864,11.197535678392,0.0292652428785586,"2.5th percentile"
41.1754904522613,11.197535678392,0.0222137322793353,"2.5th percentile"
41.2600894472362,11.197535678392,0.0151806105614961,"2.5th percentile"
41.344688442211,11.197535678392,0.0101060337289931,"2.5th percentile"
41.4292874371859,11.197535678392,0.00647944408925257,"2.5th percentile"
41.5138864321608,11.197535678392,0.00427854915875562,"2.5th percentile"
41.5984854271357,11.197535678392,0.00269810647809943,"2.5th percentile"
41.6830844221106,11.197535678392,0.00191437625809713,"2.5th percentile"
34.8305658291457,11.2655623115578,0.527738683943811,"2.5th percentile"
34.9151648241206,11.2655623115578,0.522429979343826,"2.5th percentile"
34.9997638190955,11.2655623115578,0.465186058072387,"2.5th percentile"
35.0843628140704,11.2655623115578,0.446555393591681,"2.5th percentile"
35.1689618090452,11.2655623115578,0.426055723340608,"2.5th percentile"
35.2535608040201,11.2655623115578,0.404392174424343,"2.5th percentile"
35.338159798995,11.2655623115578,0.403791583920854,"2.5th percentile"
35.4227587939698,11.2655623115578,0.366252671136139,"2.5th percentile"
35.5073577889447,11.2655623115578,0.342639766734144,"2.5th percentile"
35.5919567839196,11.2655623115578,0.337919759033984,"2.5th percentile"
35.6765557788945,11.2655623115578,0.354946006494881,"2.5th percentile"
35.7611547738694,11.2655623115578,0.347159694317348,"2.5th percentile"
35.8457537688442,11.2655623115578,0.363934543972665,"2.5th percentile"
35.9303527638191,11.2655623115578,0.320190896167257,"2.5th percentile"
36.014951758794,11.2655623115578,0.340858976890402,"2.5th percentile"
36.0995507537688,11.2655623115578,0.342050880635614,"2.5th percentile"
36.1841497487437,11.2655623115578,0.323848779852008,"2.5th percentile"
36.2687487437186,11.2655623115578,0.284513936083735,"2.5th percentile"
36.3533477386935,11.2655623115578,0.281497383909732,"2.5th percentile"
36.4379467336683,11.2655623115578,0.260151267552243,"2.5th percentile"
36.5225457286432,11.2655623115578,0.258155116601174,"2.5th percentile"
36.6071447236181,11.2655623115578,0.255066111884478,"2.5th percentile"
36.691743718593,11.2655623115578,0.23733058271473,"2.5th percentile"
36.7763427135678,11.2655623115578,0.214216903318022,"2.5th percentile"
36.8609417085427,11.2655623115578,0.221702054739352,"2.5th percentile"
36.9455407035176,11.2655623115578,0.229525104436284,"2.5th percentile"
37.0301396984925,11.2655623115578,0.235448523401687,"2.5th percentile"
37.1147386934673,11.2655623115578,0.240265480198669,"2.5th percentile"
37.1993376884422,11.2655623115578,0.26245728955598,"2.5th percentile"
37.2839366834171,11.2655623115578,0.268901310980223,"2.5th percentile"
37.368535678392,11.2655623115578,0.24803644147315,"2.5th percentile"
37.4531346733668,11.2655623115578,0.270903435687986,"2.5th percentile"
37.5377336683417,11.2655623115578,0.276992961940351,"2.5th percentile"
37.6223326633166,11.2655623115578,0.307807732717475,"2.5th percentile"
37.7069316582915,11.2655623115578,0.33825512001771,"2.5th percentile"
37.7915306532663,11.2655623115578,0.346470203509218,"2.5th percentile"
37.8761296482412,11.2655623115578,0.316594818756493,"2.5th percentile"
37.9607286432161,11.2655623115578,0.353308755404274,"2.5th percentile"
38.045327638191,11.2655623115578,0.406611446449586,"2.5th percentile"
38.1299266331658,11.2655623115578,0.382816211465559,"2.5th percentile"
38.2145256281407,11.2655623115578,0.362507140834724,"2.5th percentile"
38.2991246231156,11.2655623115578,0.316049882034671,"2.5th percentile"
38.3837236180904,11.2655623115578,0.349135634643245,"2.5th percentile"
38.4683226130653,11.2655623115578,0.439836760495694,"2.5th percentile"
38.5529216080402,11.2655623115578,0.396035994090105,"2.5th percentile"
38.6375206030151,11.2655623115578,0.458985449369746,"2.5th percentile"
38.72211959799,11.2655623115578,0.459914520193653,"2.5th percentile"
38.8067185929648,11.2655623115578,0.432753180456794,"2.5th percentile"
38.8913175879397,11.2655623115578,0.454352655474859,"2.5th percentile"
38.9759165829146,11.2655623115578,0.47022153500453,"2.5th percentile"
39.0605155778894,11.2655623115578,0.434536482296253,"2.5th percentile"
39.1451145728643,11.2655623115578,0.459223934998057,"2.5th percentile"
39.2297135678392,11.2655623115578,0.470697082875198,"2.5th percentile"
39.3143125628141,11.2655623115578,0.48348041806689,"2.5th percentile"
39.3989115577889,11.2655623115578,0.491702489708144,"2.5th percentile"
39.4835105527638,11.2655623115578,0.475366824973995,"2.5th percentile"
39.5681095477387,11.2655623115578,0.478023094549621,"2.5th percentile"
39.6527085427136,11.2655623115578,0.443973005918476,"2.5th percentile"
39.7373075376884,11.2655623115578,0.44507484340265,"2.5th percentile"
39.8219065326633,11.2655623115578,0.472743687346853,"2.5th percentile"
39.9065055276382,11.2655623115578,0.502131849745997,"2.5th percentile"
39.9911045226131,11.2655623115578,0.523504900791775,"2.5th percentile"
40.0757035175879,11.2655623115578,0.553906875933034,"2.5th percentile"
40.1603025125628,11.2655623115578,0.492043472428073,"2.5th percentile"
40.2449015075377,11.2655623115578,0.434453837319973,"2.5th percentile"
40.3295005025126,11.2655623115578,0.416039416045349,"2.5th percentile"
40.4140994974874,11.2655623115578,0.433096709684963,"2.5th percentile"
40.4986984924623,11.2655623115578,0.361536122952645,"2.5th percentile"
40.5832974874372,11.2655623115578,0.271922711821346,"2.5th percentile"
40.6678964824121,11.2655623115578,0.20667115705574,"2.5th percentile"
40.7524954773869,11.2655623115578,0.151044716914199,"2.5th percentile"
40.8370944723618,11.2655623115578,0.096575571753627,"2.5th percentile"
40.9216934673367,11.2655623115578,0.0642751168591588,"2.5th percentile"
41.0062924623116,11.2655623115578,0.0497252461924306,"2.5th percentile"
41.0908914572864,11.2655623115578,0.0291248364135969,"2.5th percentile"
41.1754904522613,11.2655623115578,0.0189015089935454,"2.5th percentile"
41.2600894472362,11.2655623115578,0.0151736956569354,"2.5th percentile"
41.344688442211,11.2655623115578,0.0100934170680141,"2.5th percentile"
41.4292874371859,11.2655623115578,0.00586409340774886,"2.5th percentile"
41.5138864321608,11.2655623115578,0.00320544501638295,"2.5th percentile"
41.5984854271357,11.2655623115578,0.00280521913152638,"2.5th percentile"
41.6830844221106,11.2655623115578,0.00185427005356002,"2.5th percentile"
34.9151648241206,11.3335889447236,0.48024600325197,"2.5th percentile"
34.9997638190955,11.3335889447236,0.431833632798967,"2.5th percentile"
35.0843628140704,11.3335889447236,0.438033123595178,"2.5th percentile"
35.1689618090452,11.3335889447236,0.417894496469397,"2.5th percentile"
35.2535608040201,11.3335889447236,0.397392452496076,"2.5th percentile"
35.338159798995,11.3335889447236,0.386149302488055,"2.5th percentile"
35.4227587939698,11.3335889447236,0.34828423295067,"2.5th percentile"
35.5073577889447,11.3335889447236,0.335288115137888,"2.5th percentile"
35.5919567839196,11.3335889447236,0.349892171110338,"2.5th percentile"
35.6765557788945,11.3335889447236,0.337028592156154,"2.5th percentile"
35.7611547738694,11.3335889447236,0.357317446558825,"2.5th percentile"
35.8457537688442,11.3335889447236,0.329970817711023,"2.5th percentile"
35.9303527638191,11.3335889447236,0.321603770984321,"2.5th percentile"
36.014951758794,11.3335889447236,0.324074586697344,"2.5th percentile"
36.0995507537688,11.3335889447236,0.319023965548663,"2.5th percentile"
36.1841497487437,11.3335889447236,0.314841368175973,"2.5th percentile"
36.2687487437186,11.3335889447236,0.34698742516746,"2.5th percentile"
36.3533477386935,11.3335889447236,0.285194930127485,"2.5th percentile"
36.4379467336683,11.3335889447236,0.26711068773821,"2.5th percentile"
36.5225457286432,11.3335889447236,0.271576112734177,"2.5th percentile"
36.6071447236181,11.3335889447236,0.249096262605621,"2.5th percentile"
36.691743718593,11.3335889447236,0.265312582826124,"2.5th percentile"
36.7763427135678,11.3335889447236,0.22375596993638,"2.5th percentile"
36.8609417085427,11.3335889447236,0.23101442639161,"2.5th percentile"
36.9455407035176,11.3335889447236,0.227008172122047,"2.5th percentile"
37.0301396984925,11.3335889447236,0.227618126962513,"2.5th percentile"
37.1147386934673,11.3335889447236,0.239248113041513,"2.5th percentile"
37.1993376884422,11.3335889447236,0.251647249035683,"2.5th percentile"
37.2839366834171,11.3335889447236,0.252304159984843,"2.5th percentile"
37.368535678392,11.3335889447236,0.150236842825148,"2.5th percentile"
37.4531346733668,11.3335889447236,0.242124534403847,"2.5th percentile"
37.5377336683417,11.3335889447236,0.283688760667614,"2.5th percentile"
37.6223326633166,11.3335889447236,0.302300100262887,"2.5th percentile"
37.7069316582915,11.3335889447236,0.333382151136736,"2.5th percentile"
37.7915306532663,11.3335889447236,0.356960243956106,"2.5th percentile"
37.8761296482412,11.3335889447236,0.298031643247415,"2.5th percentile"
37.9607286432161,11.3335889447236,0.307867414637646,"2.5th percentile"
38.045327638191,11.3335889447236,0.374294201502409,"2.5th percentile"
38.1299266331658,11.3335889447236,0.364921100191241,"2.5th percentile"
38.2145256281407,11.3335889447236,0.295077050710846,"2.5th percentile"
38.2991246231156,11.3335889447236,0.312500745088792,"2.5th percentile"
38.3837236180904,11.3335889447236,0.414304399161959,"2.5th percentile"
38.4683226130653,11.3335889447236,0.406394631410106,"2.5th percentile"
38.5529216080402,11.3335889447236,0.38728793143504,"2.5th percentile"
38.6375206030151,11.3335889447236,0.454173231098784,"2.5th percentile"
38.72211959799,11.3335889447236,0.487601632771713,"2.5th percentile"
38.8067185929648,11.3335889447236,0.460250815902908,"2.5th percentile"
38.8913175879397,11.3335889447236,0.50241966114788,"2.5th percentile"
38.9759165829146,11.3335889447236,0.507497049372584,"2.5th percentile"
39.0605155778894,11.3335889447236,0.492108617513063,"2.5th percentile"
39.1451145728643,11.3335889447236,0.489520326809011,"2.5th percentile"
39.2297135678392,11.3335889447236,0.459980648568174,"2.5th percentile"
39.3143125628141,11.3335889447236,0.47808359474087,"2.5th percentile"
39.3989115577889,11.3335889447236,0.480059127684785,"2.5th percentile"
39.4835105527638,11.3335889447236,0.51153528802557,"2.5th percentile"
39.5681095477387,11.3335889447236,0.478371547277525,"2.5th percentile"
39.6527085427136,11.3335889447236,0.44480831526825,"2.5th percentile"
39.7373075376884,11.3335889447236,0.463322774046223,"2.5th percentile"
39.8219065326633,11.3335889447236,0.464028221764253,"2.5th percentile"
39.9065055276382,11.3335889447236,0.483771168123565,"2.5th percentile"
39.9911045226131,11.3335889447236,0.545123580002567,"2.5th percentile"
40.0757035175879,11.3335889447236,0.503466375632058,"2.5th percentile"
40.1603025125628,11.3335889447236,0.449623314783125,"2.5th percentile"
40.2449015075377,11.3335889447236,0.39973370102132,"2.5th percentile"
40.3295005025126,11.3335889447236,0.379482624897582,"2.5th percentile"
40.4140994974874,11.3335889447236,0.367779979082016,"2.5th percentile"
40.4986984924623,11.3335889447236,0.324345460106883,"2.5th percentile"
40.5832974874372,11.3335889447236,0.262090984566153,"2.5th percentile"
40.6678964824121,11.3335889447236,0.198957295208605,"2.5th percentile"
40.7524954773869,11.3335889447236,0.144447990805583,"2.5th percentile"
40.8370944723618,11.3335889447236,0.102584500252343,"2.5th percentile"
40.9216934673367,11.3335889447236,0.0565636496171472,"2.5th percentile"
41.0062924623116,11.3335889447236,0.0499025407713914,"2.5th percentile"
41.0908914572864,11.3335889447236,0.0305478651278835,"2.5th percentile"
41.1754904522613,11.3335889447236,0.0181959222838242,"2.5th percentile"
41.2600894472362,11.3335889447236,0.013878396511445,"2.5th percentile"
41.344688442211,11.3335889447236,0.00921737888894067,"2.5th percentile"
41.4292874371859,11.3335889447236,0.00452123072628995,"2.5th percentile"
41.5138864321608,11.3335889447236,0.00313947336495611,"2.5th percentile"
41.5984854271357,11.3335889447236,0.00281596632536492,"2.5th percentile"
41.6830844221106,11.3335889447236,0.00185613370136288,"2.5th percentile"
34.9151648241206,11.4016155778894,0.512653615254783,"2.5th percentile"
34.9997638190955,11.4016155778894,0.433522474826541,"2.5th percentile"
35.0843628140704,11.4016155778894,0.431327530073391,"2.5th percentile"
35.1689618090452,11.4016155778894,0.413379892186058,"2.5th percentile"
35.2535608040201,11.4016155778894,0.37656818545692,"2.5th percentile"
35.338159798995,11.4016155778894,0.367723193372116,"2.5th percentile"
35.4227587939698,11.4016155778894,0.347300726407845,"2.5th percentile"
35.5073577889447,11.4016155778894,0.338635250782069,"2.5th percentile"
35.5919567839196,11.4016155778894,0.347211601842964,"2.5th percentile"
35.6765557788945,11.4016155778894,0.335647036447371,"2.5th percentile"
35.7611547738694,11.4016155778894,0.339439980358139,"2.5th percentile"
35.8457537688442,11.4016155778894,0.328913784010029,"2.5th percentile"
35.9303527638191,11.4016155778894,0.326666042120001,"2.5th percentile"
36.014951758794,11.4016155778894,0.327371926486701,"2.5th percentile"
36.0995507537688,11.4016155778894,0.321042331180676,"2.5th percentile"
36.1841497487437,11.4016155778894,0.31374820626152,"2.5th percentile"
36.2687487437186,11.4016155778894,0.302967898823124,"2.5th percentile"
36.3533477386935,11.4016155778894,0.285050350405449,"2.5th percentile"
36.4379467336683,11.4016155778894,0.271170580619596,"2.5th percentile"
36.5225457286432,11.4016155778894,0.276119395304216,"2.5th percentile"
36.6071447236181,11.4016155778894,0.255757938544984,"2.5th percentile"
36.691743718593,11.4016155778894,0.252535023897693,"2.5th percentile"
36.7763427135678,11.4016155778894,0.223046080762355,"2.5th percentile"
36.8609417085427,11.4016155778894,0.226208392682395,"2.5th percentile"
36.9455407035176,11.4016155778894,0.228081838917008,"2.5th percentile"
37.0301396984925,11.4016155778894,0.226257926418602,"2.5th percentile"
37.1147386934673,11.4016155778894,0.233085546274662,"2.5th percentile"
37.1993376884422,11.4016155778894,0.247105147139668,"2.5th percentile"
37.2839366834171,11.4016155778894,0.243391928762232,"2.5th percentile"
37.368535678392,11.4016155778894,0.146832627239298,"2.5th percentile"
37.4531346733668,11.4016155778894,0.238159867651833,"2.5th percentile"
37.5377336683417,11.4016155778894,0.290247962875153,"2.5th percentile"
37.6223326633166,11.4016155778894,0.304164314747086,"2.5th percentile"
37.7069316582915,11.4016155778894,0.330226042172351,"2.5th percentile"
37.7915306532663,11.4016155778894,0.337983576487289,"2.5th percentile"
37.8761296482412,11.4016155778894,0.297089146318531,"2.5th percentile"
37.9607286432161,11.4016155778894,0.305588871554937,"2.5th percentile"
38.045327638191,11.4016155778894,0.354351380996277,"2.5th percentile"
38.1299266331658,11.4016155778894,0.34481997088585,"2.5th percentile"
38.2145256281407,11.4016155778894,0.292585653743188,"2.5th percentile"
38.2991246231156,11.4016155778894,0.339594345353925,"2.5th percentile"
38.3837236180904,11.4016155778894,0.37853713335802,"2.5th percentile"
38.4683226130653,11.4016155778894,0.380071927483355,"2.5th percentile"
38.5529216080402,11.4016155778894,0.397779652273533,"2.5th percentile"
38.6375206030151,11.4016155778894,0.432147658063131,"2.5th percentile"
38.72211959799,11.4016155778894,0.473003156086885,"2.5th percentile"
38.8067185929648,11.4016155778894,0.466569453287253,"2.5th percentile"
38.8913175879397,11.4016155778894,0.502754155853613,"2.5th percentile"
38.9759165829146,11.4016155778894,0.509159346719603,"2.5th percentile"
39.0605155778894,11.4016155778894,0.497870046610549,"2.5th percentile"
39.1451145728643,11.4016155778894,0.461078765877274,"2.5th percentile"
39.2297135678392,11.4016155778894,0.469624205559789,"2.5th percentile"
39.3143125628141,11.4016155778894,0.457360279216883,"2.5th percentile"
39.3989115577889,11.4016155778894,0.473980069797179,"2.5th percentile"
39.4835105527638,11.4016155778894,0.47601871679033,"2.5th percentile"
39.5681095477387,11.4016155778894,0.472162918270411,"2.5th percentile"
39.6527085427136,11.4016155778894,0.440586688760775,"2.5th percentile"
39.7373075376884,11.4016155778894,0.45809458268652,"2.5th percentile"
39.8219065326633,11.4016155778894,0.457421970564861,"2.5th percentile"
39.9065055276382,11.4016155778894,0.479902804138943,"2.5th percentile"
39.9911045226131,11.4016155778894,0.5090280111997,"2.5th percentile"
40.0757035175879,11.4016155778894,0.507809398223271,"2.5th percentile"
40.1603025125628,11.4016155778894,0.425995505136482,"2.5th percentile"
40.2449015075377,11.4016155778894,0.377099426152352,"2.5th percentile"
40.3295005025126,11.4016155778894,0.348810876439624,"2.5th percentile"
40.4140994974874,11.4016155778894,0.372015765266463,"2.5th percentile"
40.4986984924623,11.4016155778894,0.301381761119945,"2.5th percentile"
40.5832974874372,11.4016155778894,0.253287846033475,"2.5th percentile"
40.6678964824121,11.4016155778894,0.192358489762267,"2.5th percentile"
40.7524954773869,11.4016155778894,0.141708021963323,"2.5th percentile"
40.8370944723618,11.4016155778894,0.101549216059977,"2.5th percentile"
40.9216934673367,11.4016155778894,0.0711796090482904,"2.5th percentile"
41.0062924623116,11.4016155778894,0.0496686670124163,"2.5th percentile"
41.0908914572864,11.4016155778894,0.0319989735880882,"2.5th percentile"
41.1754904522613,11.4016155778894,0.0228065952984642,"2.5th percentile"
41.2600894472362,11.4016155778894,0.0135694785062643,"2.5th percentile"
41.344688442211,11.4016155778894,0.00973408108364933,"2.5th percentile"
41.4292874371859,11.4016155778894,0.00529121692195788,"2.5th percentile"
41.5138864321608,11.4016155778894,0.00399291585249108,"2.5th percentile"
41.5984854271357,11.4016155778894,0.00226102312840751,"2.5th percentile"
41.6830844221106,11.4016155778894,0.00275696206688314,"2.5th percentile"
34.9997638190955,11.4696422110553,0.482556831494899,"2.5th percentile"
35.0843628140704,11.4696422110553,0.432770252917515,"2.5th percentile"
35.1689618090452,11.4696422110553,0.433903620476885,"2.5th percentile"
35.2535608040201,11.4696422110553,0.390049770408969,"2.5th percentile"
35.338159798995,11.4696422110553,0.356125286079674,"2.5th percentile"
35.4227587939698,11.4696422110553,0.342203639814178,"2.5th percentile"
35.5073577889447,11.4696422110553,0.330168339238247,"2.5th percentile"
35.5919567839196,11.4696422110553,0.340907337010978,"2.5th percentile"
35.6765557788945,11.4696422110553,0.337311418734395,"2.5th percentile"
35.7611547738694,11.4696422110553,0.365654222303154,"2.5th percentile"
35.8457537688442,11.4696422110553,0.330226652338945,"2.5th percentile"
35.9303527638191,11.4696422110553,0.329918919034476,"2.5th percentile"
36.014951758794,11.4696422110553,0.323902729351246,"2.5th percentile"
36.0995507537688,11.4696422110553,0.325380226329362,"2.5th percentile"
36.1841497487437,11.4696422110553,0.318994125791005,"2.5th percentile"
36.2687487437186,11.4696422110553,0.317433638410378,"2.5th percentile"
36.3533477386935,11.4696422110553,0.31875950092167,"2.5th percentile"
36.4379467336683,11.4696422110553,0.314280888793293,"2.5th percentile"
36.5225457286432,11.4696422110553,0.278231002516571,"2.5th percentile"
36.6071447236181,11.4696422110553,0.271462375772654,"2.5th percentile"
36.691743718593,11.4696422110553,0.267665403910099,"2.5th percentile"
36.7763427135678,11.4696422110553,0.251450598181601,"2.5th percentile"
36.8609417085427,11.4696422110553,0.233296948113171,"2.5th percentile"
36.9455407035176,11.4696422110553,0.230047931184715,"2.5th percentile"
37.0301396984925,11.4696422110553,0.24052201729698,"2.5th percentile"
37.1147386934673,11.4696422110553,0.233243148510959,"2.5th percentile"
37.1993376884422,11.4696422110553,0.218432644280428,"2.5th percentile"
37.2839366834171,11.4696422110553,0.133788582808325,"2.5th percentile"
37.368535678392,11.4696422110553,0.139141454741876,"2.5th percentile"
37.4531346733668,11.4696422110553,0.177495805867192,"2.5th percentile"
37.5377336683417,11.4696422110553,0.148820510762019,"2.5th percentile"
37.6223326633166,11.4696422110553,0.216985688507082,"2.5th percentile"
37.7069316582915,11.4696422110553,0.326181227503264,"2.5th percentile"
37.7915306532663,11.4696422110553,0.323888248701968,"2.5th percentile"
37.8761296482412,11.4696422110553,0.309894079366523,"2.5th percentile"
37.9607286432161,11.4696422110553,0.299794759118424,"2.5th percentile"
38.045327638191,11.4696422110553,0.325120403990481,"2.5th percentile"
38.1299266331658,11.4696422110553,0.336200065986486,"2.5th percentile"
38.2145256281407,11.4696422110553,0.307770752923698,"2.5th percentile"
38.2991246231156,11.4696422110553,0.324853893979901,"2.5th percentile"
38.3837236180904,11.4696422110553,0.350050528906225,"2.5th percentile"
38.4683226130653,11.4696422110553,0.364277517571812,"2.5th percentile"
38.5529216080402,11.4696422110553,0.423476639463498,"2.5th percentile"
38.6375206030151,11.4696422110553,0.447825047733275,"2.5th percentile"
38.72211959799,11.4696422110553,0.464987003519959,"2.5th percentile"
38.8067185929648,11.4696422110553,0.400580198905011,"2.5th percentile"
38.8913175879397,11.4696422110553,0.394736252522272,"2.5th percentile"
38.9759165829146,11.4696422110553,0.440498984814727,"2.5th percentile"
39.0605155778894,11.4696422110553,0.471203760866373,"2.5th percentile"
39.1451145728643,11.4696422110553,0.479934775327564,"2.5th percentile"
39.2297135678392,11.4696422110553,0.45949175477179,"2.5th percentile"
39.3143125628141,11.4696422110553,0.447979989099331,"2.5th percentile"
39.3989115577889,11.4696422110553,0.460612969145377,"2.5th percentile"
39.4835105527638,11.4696422110553,0.483202639614141,"2.5th percentile"
39.5681095477387,11.4696422110553,0.465071041894911,"2.5th percentile"
39.6527085427136,11.4696422110553,0.440029998596632,"2.5th percentile"
39.7373075376884,11.4696422110553,0.458506065729641,"2.5th percentile"
39.8219065326633,11.4696422110553,0.469512395955621,"2.5th percentile"
39.9065055276382,11.4696422110553,0.470544977749967,"2.5th percentile"
39.9911045226131,11.4696422110553,0.481005255412818,"2.5th percentile"
40.0757035175879,11.4696422110553,0.455818557262054,"2.5th percentile"
40.1603025125628,11.4696422110553,0.413086370377324,"2.5th percentile"
40.2449015075377,11.4696422110553,0.385418752125455,"2.5th percentile"
40.3295005025126,11.4696422110553,0.283387683420042,"2.5th percentile"
40.4140994974874,11.4696422110553,0.264569971529169,"2.5th percentile"
40.4986984924623,11.4696422110553,0.257373309312514,"2.5th percentile"
40.5832974874372,11.4696422110553,0.235064502257873,"2.5th percentile"
40.6678964824121,11.4696422110553,0.185852313764696,"2.5th percentile"
40.7524954773869,11.4696422110553,0.137902247943477,"2.5th percentile"
40.8370944723618,11.4696422110553,0.101350456816849,"2.5th percentile"
40.9216934673367,11.4696422110553,0.0929472406953401,"2.5th percentile"
41.0062924623116,11.4696422110553,0.0491352207765055,"2.5th percentile"
41.0908914572864,11.4696422110553,0.0329251487716048,"2.5th percentile"
41.1754904522613,11.4696422110553,0.0218935213307132,"2.5th percentile"
41.2600894472362,11.4696422110553,0.0149896415288226,"2.5th percentile"
41.344688442211,11.4696422110553,0.00723726343598161,"2.5th percentile"
41.4292874371859,11.4696422110553,0.00583671740899533,"2.5th percentile"
41.5138864321608,11.4696422110553,0.00299389249439305,"2.5th percentile"
41.5984854271357,11.4696422110553,0.00209529896155703,"2.5th percentile"
41.6830844221106,11.4696422110553,0.00192806248764378,"2.5th percentile"
34.9997638190955,11.5376688442211,0.449769901651156,"2.5th percentile"
35.0843628140704,11.5376688442211,0.438539570221422,"2.5th percentile"
35.1689618090452,11.5376688442211,0.42951425745623,"2.5th percentile"
35.2535608040201,11.5376688442211,0.373089447421764,"2.5th percentile"
35.338159798995,11.5376688442211,0.350414296655507,"2.5th percentile"
35.4227587939698,11.5376688442211,0.367923498431041,"2.5th percentile"
35.5073577889447,11.5376688442211,0.33594829325599,"2.5th percentile"
35.5919567839196,11.5376688442211,0.341830869784591,"2.5th percentile"
35.6765557788945,11.5376688442211,0.337505023205591,"2.5th percentile"
35.7611547738694,11.5376688442211,0.33835655291618,"2.5th percentile"
35.8457537688442,11.5376688442211,0.334675362719469,"2.5th percentile"
35.9303527638191,11.5376688442211,0.330849267802742,"2.5th percentile"
36.014951758794,11.5376688442211,0.325959225789371,"2.5th percentile"
36.0995507537688,11.5376688442211,0.319457740361125,"2.5th percentile"
36.1841497487437,11.5376688442211,0.320568766736477,"2.5th percentile"
36.2687487437186,11.5376688442211,0.320234075203131,"2.5th percentile"
36.3533477386935,11.5376688442211,0.331273944677515,"2.5th percentile"
36.4379467336683,11.5376688442211,0.284762266400373,"2.5th percentile"
36.5225457286432,11.5376688442211,0.318305123605909,"2.5th percentile"
36.6071447236181,11.5376688442211,0.275634315198135,"2.5th percentile"
36.691743718593,11.5376688442211,0.272166147518897,"2.5th percentile"
36.7763427135678,11.5376688442211,0.242857516397659,"2.5th percentile"
36.8609417085427,11.5376688442211,0.25302867556693,"2.5th percentile"
36.9455407035176,11.5376688442211,0.229708532100804,"2.5th percentile"
37.0301396984925,11.5376688442211,0.245395366539418,"2.5th percentile"
37.1147386934673,11.5376688442211,0.262381114072658,"2.5th percentile"
37.1993376884422,11.5376688442211,0.218191444228254,"2.5th percentile"
37.2839366834171,11.5376688442211,0.112900387458601,"2.5th percentile"
37.368535678392,11.5376688442211,0.0913634555894037,"2.5th percentile"
37.4531346733668,11.5376688442211,0.122163702483385,"2.5th percentile"
37.5377336683417,11.5376688442211,0.235585438235198,"2.5th percentile"
37.6223326633166,11.5376688442211,0.309857714652738,"2.5th percentile"
37.7069316582915,11.5376688442211,0.292149706858091,"2.5th percentile"
37.7915306532663,11.5376688442211,0.298453867339654,"2.5th percentile"
37.8761296482412,11.5376688442211,0.307535682618282,"2.5th percentile"
37.9607286432161,11.5376688442211,0.297505367692685,"2.5th percentile"
38.045327638191,11.5376688442211,0.303552208527083,"2.5th percentile"
38.1299266331658,11.5376688442211,0.326251978015438,"2.5th percentile"
38.2145256281407,11.5376688442211,0.329237711734982,"2.5th percentile"
38.2991246231156,11.5376688442211,0.324478410427058,"2.5th percentile"
38.3837236180904,11.5376688442211,0.361385695286169,"2.5th percentile"
38.4683226130653,11.5376688442211,0.38011697603733,"2.5th percentile"
38.5529216080402,11.5376688442211,0.435393613445995,"2.5th percentile"
38.6375206030151,11.5376688442211,0.437716019921511,"2.5th percentile"
38.72211959799,11.5376688442211,0.446026319661602,"2.5th percentile"
38.8067185929648,11.5376688442211,0.41443277534057,"2.5th percentile"
38.8913175879397,11.5376688442211,0.458636041018066,"2.5th percentile"
38.9759165829146,11.5376688442211,0.482638963486444,"2.5th percentile"
39.0605155778894,11.5376688442211,0.421842943494012,"2.5th percentile"
39.1451145728643,11.5376688442211,0.46538567739743,"2.5th percentile"
39.2297135678392,11.5376688442211,0.458008008384322,"2.5th percentile"
39.3143125628141,11.5376688442211,0.4371896435493,"2.5th percentile"
39.3989115577889,11.5376688442211,0.468461029248431,"2.5th percentile"
39.4835105527638,11.5376688442211,0.512429764879323,"2.5th percentile"
39.5681095477387,11.5376688442211,0.495622374003728,"2.5th percentile"
39.6527085427136,11.5376688442211,0.445306411417218,"2.5th percentile"
39.7373075376884,11.5376688442211,0.448147064303282,"2.5th percentile"
39.8219065326633,11.5376688442211,0.474341026552582,"2.5th percentile"
39.9065055276382,11.5376688442211,0.461178162239858,"2.5th percentile"
39.9911045226131,11.5376688442211,0.432954534290368,"2.5th percentile"
40.0757035175879,11.5376688442211,0.416341312558398,"2.5th percentile"
40.1603025125628,11.5376688442211,0.374068241067969,"2.5th percentile"
40.2449015075377,11.5376688442211,0.311550094173139,"2.5th percentile"
40.3295005025126,11.5376688442211,0.264182577901681,"2.5th percentile"
40.4140994974874,11.5376688442211,0.219722848798673,"2.5th percentile"
40.4986984924623,11.5376688442211,0.234094722386758,"2.5th percentile"
40.5832974874372,11.5376688442211,0.213153457192917,"2.5th percentile"
40.6678964824121,11.5376688442211,0.176727734497939,"2.5th percentile"
40.7524954773869,11.5376688442211,0.134684883299745,"2.5th percentile"
40.8370944723618,11.5376688442211,0.100589646695998,"2.5th percentile"
40.9216934673367,11.5376688442211,0.0791008366922108,"2.5th percentile"
41.0062924623116,11.5376688442211,0.0479580333390037,"2.5th percentile"
41.0908914572864,11.5376688442211,0.0327599956056041,"2.5th percentile"
41.1754904522613,11.5376688442211,0.0221727259755181,"2.5th percentile"
41.2600894472362,11.5376688442211,0.0112153817776837,"2.5th percentile"
41.344688442211,11.5376688442211,0.00823445526331095,"2.5th percentile"
41.4292874371859,11.5376688442211,0.00400581373562647,"2.5th percentile"
41.5138864321608,11.5376688442211,0.00272123380627591,"2.5th percentile"
41.5984854271357,11.5376688442211,0.00203527076517166,"2.5th percentile"
41.6830844221106,11.5376688442211,0.00269552476665526,"2.5th percentile"
34.9997638190955,11.6056954773869,0.457377634770401,"2.5th percentile"
35.0843628140704,11.6056954773869,0.44347380709069,"2.5th percentile"
35.1689618090452,11.6056954773869,0.405498135229368,"2.5th percentile"
35.2535608040201,11.6056954773869,0.36083127498672,"2.5th percentile"
35.338159798995,11.6056954773869,0.35967536750238,"2.5th percentile"
35.4227587939698,11.6056954773869,0.347922293037901,"2.5th percentile"
35.5073577889447,11.6056954773869,0.339532460434265,"2.5th percentile"
35.5919567839196,11.6056954773869,0.342907957039438,"2.5th percentile"
35.6765557788945,11.6056954773869,0.332928257207907,"2.5th percentile"
35.7611547738694,11.6056954773869,0.332630437636688,"2.5th percentile"
35.8457537688442,11.6056954773869,0.333329624289412,"2.5th percentile"
35.9303527638191,11.6056954773869,0.330127152381958,"2.5th percentile"
36.014951758794,11.6056954773869,0.328082923319763,"2.5th percentile"
36.0995507537688,11.6056954773869,0.317969335806749,"2.5th percentile"
36.1841497487437,11.6056954773869,0.326289460791336,"2.5th percentile"
36.2687487437186,11.6056954773869,0.322035413105896,"2.5th percentile"
36.3533477386935,11.6056954773869,0.336176973022404,"2.5th percentile"
36.4379467336683,11.6056954773869,0.296347824581363,"2.5th percentile"
36.5225457286432,11.6056954773869,0.289250455048034,"2.5th percentile"
36.6071447236181,11.6056954773869,0.288989621047943,"2.5th percentile"
36.691743718593,11.6056954773869,0.287247727715318,"2.5th percentile"
36.7763427135678,11.6056954773869,0.256463010643562,"2.5th percentile"
36.8609417085427,11.6056954773869,0.263331066256926,"2.5th percentile"
36.9455407035176,11.6056954773869,0.219201049119012,"2.5th percentile"
37.0301396984925,11.6056954773869,0.238427494618763,"2.5th percentile"
37.1147386934673,11.6056954773869,0.214155889651185,"2.5th percentile"
37.1993376884422,11.6056954773869,0.173804948717167,"2.5th percentile"
37.2839366834171,11.6056954773869,0.118383868684728,"2.5th percentile"
37.368535678392,11.6056954773869,0.315417424720873,"2.5th percentile"
37.4531346733668,11.6056954773869,0.117341360190757,"2.5th percentile"
37.5377336683417,11.6056954773869,0.239997763511596,"2.5th percentile"
37.6223326633166,11.6056954773869,0.283529402493405,"2.5th percentile"
37.7069316582915,11.6056954773869,0.284537234619409,"2.5th percentile"
37.7915306532663,11.6056954773869,0.294262493844101,"2.5th percentile"
37.8761296482412,11.6056954773869,0.2986268487364,"2.5th percentile"
37.9607286432161,11.6056954773869,0.287554824023377,"2.5th percentile"
38.045327638191,11.6056954773869,0.290250778251687,"2.5th percentile"
38.1299266331658,11.6056954773869,0.308213397689427,"2.5th percentile"
38.2145256281407,11.6056954773869,0.330622941801646,"2.5th percentile"
38.2991246231156,11.6056954773869,0.339092311376658,"2.5th percentile"
38.3837236180904,11.6056954773869,0.36744657881336,"2.5th percentile"
38.4683226130653,11.6056954773869,0.361818857986531,"2.5th percentile"
38.5529216080402,11.6056954773869,0.38220745193911,"2.5th percentile"
38.6375206030151,11.6056954773869,0.415722601980827,"2.5th percentile"
38.72211959799,11.6056954773869,0.422423305271784,"2.5th percentile"
38.8067185929648,11.6056954773869,0.421875542548001,"2.5th percentile"
38.8913175879397,11.6056954773869,0.415403660999016,"2.5th percentile"
38.9759165829146,11.6056954773869,0.392438771977488,"2.5th percentile"
39.0605155778894,11.6056954773869,0.462715148489784,"2.5th percentile"
39.1451145728643,11.6056954773869,0.423809392108511,"2.5th percentile"
39.2297135678392,11.6056954773869,0.462034717469703,"2.5th percentile"
39.3143125628141,11.6056954773869,0.4705169253575,"2.5th percentile"
39.3989115577889,11.6056954773869,0.475657623496445,"2.5th percentile"
39.4835105527638,11.6056954773869,0.505510768303484,"2.5th percentile"
39.5681095477387,11.6056954773869,0.482911581076229,"2.5th percentile"
39.6527085427136,11.6056954773869,0.446696915959084,"2.5th percentile"
39.7373075376884,11.6056954773869,0.439375802100457,"2.5th percentile"
39.8219065326633,11.6056954773869,0.462887162705261,"2.5th percentile"
39.9065055276382,11.6056954773869,0.435516432042973,"2.5th percentile"
39.9911045226131,11.6056954773869,0.45298283653486,"2.5th percentile"
40.0757035175879,11.6056954773869,0.355922694764927,"2.5th percentile"
40.1603025125628,11.6056954773869,0.303527754469366,"2.5th percentile"
40.2449015075377,11.6056954773869,0.293617308279183,"2.5th percentile"
40.3295005025126,11.6056954773869,0.252965719582723,"2.5th percentile"
40.4140994974874,11.6056954773869,0.223479832214838,"2.5th percentile"
40.4986984924623,11.6056954773869,0.191416866476504,"2.5th percentile"
40.5832974874372,11.6056954773869,0.182450186494967,"2.5th percentile"
40.6678964824121,11.6056954773869,0.162918531413795,"2.5th percentile"
40.7524954773869,11.6056954773869,0.134808576766777,"2.5th percentile"
40.8370944723618,11.6056954773869,0.0965183040458249,"2.5th percentile"
40.9216934673367,11.6056954773869,0.067625695935203,"2.5th percentile"
41.0062924623116,11.6056954773869,0.046831469002038,"2.5th percentile"
41.0908914572864,11.6056954773869,0.0327482355930408,"2.5th percentile"
41.1754904522613,11.6056954773869,0.0214545730815723,"2.5th percentile"
41.2600894472362,11.6056954773869,0.0113538244921345,"2.5th percentile"
41.344688442211,11.6056954773869,0.00657573284665869,"2.5th percentile"
41.4292874371859,11.6056954773869,0.00589643934058066,"2.5th percentile"
41.5138864321608,11.6056954773869,0.00287882967797435,"2.5th percentile"
41.5984854271357,11.6056954773869,0.00201248125042918,"2.5th percentile"
35.0843628140704,11.6737221105528,0.451293201443149,"2.5th percentile"
35.1689618090452,11.6737221105528,0.402186554330636,"2.5th percentile"
35.2535608040201,11.6737221105528,0.354541102240278,"2.5th percentile"
35.338159798995,11.6737221105528,0.355048976629416,"2.5th percentile"
35.4227587939698,11.6737221105528,0.350991152894801,"2.5th percentile"
35.5073577889447,11.6737221105528,0.342676141336093,"2.5th percentile"
35.5919567839196,11.6737221105528,0.334665829089085,"2.5th percentile"
35.6765557788945,11.6737221105528,0.342643177648475,"2.5th percentile"
35.7611547738694,11.6737221105528,0.332622255677321,"2.5th percentile"
35.8457537688442,11.6737221105528,0.334562303632985,"2.5th percentile"
35.9303527638191,11.6737221105528,0.328732870425136,"2.5th percentile"
36.014951758794,11.6737221105528,0.334240205853468,"2.5th percentile"
36.0995507537688,11.6737221105528,0.328294818991374,"2.5th percentile"
36.1841497487437,11.6737221105528,0.322410327087072,"2.5th percentile"
36.2687487437186,11.6737221105528,0.352980251884773,"2.5th percentile"
36.3533477386935,11.6737221105528,0.306404344922754,"2.5th percentile"
36.4379467336683,11.6737221105528,0.310354783697813,"2.5th percentile"
36.5225457286432,11.6737221105528,0.306196809660217,"2.5th percentile"
36.6071447236181,11.6737221105528,0.285792724923297,"2.5th percentile"
36.691743718593,11.6737221105528,0.288435639019952,"2.5th percentile"
36.7763427135678,11.6737221105528,0.269586241552523,"2.5th percentile"
36.8609417085427,11.6737221105528,0.277803863903022,"2.5th percentile"
36.9455407035176,11.6737221105528,0.217905126908863,"2.5th percentile"
37.0301396984925,11.6737221105528,0.223775808845462,"2.5th percentile"
37.1147386934673,11.6737221105528,0.216577648756792,"2.5th percentile"
37.1993376884422,11.6737221105528,0.156295081468969,"2.5th percentile"
37.2839366834171,11.6737221105528,0.187098568943636,"2.5th percentile"
37.368535678392,11.6737221105528,0.423092775070348,"2.5th percentile"
37.4531346733668,11.6737221105528,0.181145916681274,"2.5th percentile"
37.5377336683417,11.6737221105528,0.260993524427815,"2.5th percentile"
37.6223326633166,11.6737221105528,0.267412874000178,"2.5th percentile"
37.7069316582915,11.6737221105528,0.284590374626641,"2.5th percentile"
37.7915306532663,11.6737221105528,0.297469464567431,"2.5th percentile"
37.8761296482412,11.6737221105528,0.308498249400873,"2.5th percentile"
37.9607286432161,11.6737221105528,0.305302322228757,"2.5th percentile"
38.045327638191,11.6737221105528,0.291322917588823,"2.5th percentile"
38.1299266331658,11.6737221105528,0.298344677289103,"2.5th percentile"
38.2145256281407,11.6737221105528,0.316213955755733,"2.5th percentile"
38.2991246231156,11.6737221105528,0.347061888815626,"2.5th percentile"
38.3837236180904,11.6737221105528,0.348628517835522,"2.5th percentile"
38.4683226130653,11.6737221105528,0.346819930899204,"2.5th percentile"
38.5529216080402,11.6737221105528,0.367914383775434,"2.5th percentile"
38.6375206030151,11.6737221105528,0.407045863097997,"2.5th percentile"
38.72211959799,11.6737221105528,0.39446857580281,"2.5th percentile"
38.8067185929648,11.6737221105528,0.373625292157279,"2.5th percentile"
38.8913175879397,11.6737221105528,0.381607155650905,"2.5th percentile"
38.9759165829146,11.6737221105528,0.389928162553332,"2.5th percentile"
39.0605155778894,11.6737221105528,0.395293600154792,"2.5th percentile"
39.1451145728643,11.6737221105528,0.456352669236725,"2.5th percentile"
39.2297135678392,11.6737221105528,0.410855976732935,"2.5th percentile"
39.3143125628141,11.6737221105528,0.44483912508287,"2.5th percentile"
39.3989115577889,11.6737221105528,0.492192708463308,"2.5th percentile"
39.4835105527638,11.6737221105528,0.487097049480351,"2.5th percentile"
39.5681095477387,11.6737221105528,0.455233178771074,"2.5th percentile"
39.6527085427136,11.6737221105528,0.441091673822664,"2.5th percentile"
39.7373075376884,11.6737221105528,0.451063619651759,"2.5th percentile"
39.8219065326633,11.6737221105528,0.435968954969982,"2.5th percentile"
39.9065055276382,11.6737221105528,0.397404818935775,"2.5th percentile"
39.9911045226131,11.6737221105528,0.348213845920689,"2.5th percentile"
40.0757035175879,11.6737221105528,0.305452940392489,"2.5th percentile"
40.1603025125628,11.6737221105528,0.278608258184517,"2.5th percentile"
40.2449015075377,11.6737221105528,0.246096340740016,"2.5th percentile"
40.3295005025126,11.6737221105528,0.244878429526433,"2.5th percentile"
40.4140994974874,11.6737221105528,0.19624506657736,"2.5th percentile"
40.4986984924623,11.6737221105528,0.167212510038148,"2.5th percentile"
40.5832974874372,11.6737221105528,0.169298984465286,"2.5th percentile"
40.6678964824121,11.6737221105528,0.144620100419994,"2.5th percentile"
40.7524954773869,11.6737221105528,0.128574922620711,"2.5th percentile"
40.8370944723618,11.6737221105528,0.0899219375038412,"2.5th percentile"
40.9216934673367,11.6737221105528,0.0664908265149657,"2.5th percentile"
41.0062924623116,11.6737221105528,0.0459796365856641,"2.5th percentile"
41.0908914572864,11.6737221105528,0.0314112257052003,"2.5th percentile"
41.1754904522613,11.6737221105528,0.0166906037860874,"2.5th percentile"
41.2600894472362,11.6737221105528,0.0116485690101619,"2.5th percentile"
41.344688442211,11.6737221105528,0.0076949211637709,"2.5th percentile"
41.4292874371859,11.6737221105528,0.00621337948013672,"2.5th percentile"
41.5138864321608,11.6737221105528,0.00401757913645978,"2.5th percentile"
41.5984854271357,11.6737221105528,0.003898637512215,"2.5th percentile"
41.6830844221106,11.6737221105528,0.00181344310709056,"2.5th percentile"
35.0843628140704,11.7417487437186,0.440199021245758,"2.5th percentile"
35.1689618090452,11.7417487437186,0.397962532908765,"2.5th percentile"
35.2535608040201,11.7417487437186,0.404989232345491,"2.5th percentile"
35.338159798995,11.7417487437186,0.3766530328655,"2.5th percentile"
35.4227587939698,11.7417487437186,0.356493907627665,"2.5th percentile"
35.5073577889447,11.7417487437186,0.333797239809885,"2.5th percentile"
35.5919567839196,11.7417487437186,0.346684789900926,"2.5th percentile"
35.6765557788945,11.7417487437186,0.334820154840013,"2.5th percentile"
35.7611547738694,11.7417487437186,0.335047105672584,"2.5th percentile"
35.8457537688442,11.7417487437186,0.343080697874425,"2.5th percentile"
35.9303527638191,11.7417487437186,0.331111301599281,"2.5th percentile"
36.014951758794,11.7417487437186,0.333388056039162,"2.5th percentile"
36.0995507537688,11.7417487437186,0.334043217450778,"2.5th percentile"
36.1841497487437,11.7417487437186,0.318695013351891,"2.5th percentile"
36.2687487437186,11.7417487437186,0.335303226658491,"2.5th percentile"
36.3533477386935,11.7417487437186,0.344853932426124,"2.5th percentile"
36.4379467336683,11.7417487437186,0.339487659776235,"2.5th percentile"
36.5225457286432,11.7417487437186,0.309126317670377,"2.5th percentile"
36.6071447236181,11.7417487437186,0.312086622203561,"2.5th percentile"
36.691743718593,11.7417487437186,0.304614949182949,"2.5th percentile"
36.7763427135678,11.7417487437186,0.286005032733865,"2.5th percentile"
36.8609417085427,11.7417487437186,0.258715570356439,"2.5th percentile"
36.9455407035176,11.7417487437186,0.217365109013472,"2.5th percentile"
37.0301396984925,11.7417487437186,0.220849350884104,"2.5th percentile"
37.1147386934673,11.7417487437186,0.220667364232613,"2.5th percentile"
37.1993376884422,11.7417487437186,0.153372272005574,"2.5th percentile"
37.2839366834171,11.7417487437186,0.181145137381107,"2.5th percentile"
37.368535678392,11.7417487437186,0.417719393345632,"2.5th percentile"
37.4531346733668,11.7417487437186,0.177377757358366,"2.5th percentile"
37.5377336683417,11.7417487437186,0.25793878811307,"2.5th percentile"
37.6223326633166,11.7417487437186,0.26239113157085,"2.5th percentile"
37.7069316582915,11.7417487437186,0.279528544345068,"2.5th percentile"
37.7915306532663,11.7417487437186,0.295577592892467,"2.5th percentile"
37.8761296482412,11.7417487437186,0.305627546938582,"2.5th percentile"
37.9607286432161,11.7417487437186,0.30180727606004,"2.5th percentile"
38.045327638191,11.7417487437186,0.289170153378893,"2.5th percentile"
38.1299266331658,11.7417487437186,0.29996104790807,"2.5th percentile"
38.2145256281407,11.7417487437186,0.317982956411379,"2.5th percentile"
38.2991246231156,11.7417487437186,0.337037832391415,"2.5th percentile"
38.3837236180904,11.7417487437186,0.354491170234982,"2.5th percentile"
38.4683226130653,11.7417487437186,0.348353160511295,"2.5th percentile"
38.5529216080402,11.7417487437186,0.391786248618596,"2.5th percentile"
38.6375206030151,11.7417487437186,0.390409330244769,"2.5th percentile"
38.72211959799,11.7417487437186,0.378380669964776,"2.5th percentile"
38.8067185929648,11.7417487437186,0.392408749366139,"2.5th percentile"
38.8913175879397,11.7417487437186,0.394564549334445,"2.5th percentile"
38.9759165829146,11.7417487437186,0.408955934727735,"2.5th percentile"
39.0605155778894,11.7417487437186,0.391756694016417,"2.5th percentile"
39.1451145728643,11.7417487437186,0.413032801483484,"2.5th percentile"
39.2297135678392,11.7417487437186,0.426721420846592,"2.5th percentile"
39.3143125628141,11.7417487437186,0.467615808195127,"2.5th percentile"
39.3989115577889,11.7417487437186,0.509038560162443,"2.5th percentile"
39.4835105527638,11.7417487437186,0.463165079470204,"2.5th percentile"
39.5681095477387,11.7417487437186,0.441320758610761,"2.5th percentile"
39.6527085427136,11.7417487437186,0.42801072058637,"2.5th percentile"
39.7373075376884,11.7417487437186,0.425032712218351,"2.5th percentile"
39.8219065326633,11.7417487437186,0.400201537392762,"2.5th percentile"
39.9065055276382,11.7417487437186,0.358730284131968,"2.5th percentile"
39.9911045226131,11.7417487437186,0.320761949633557,"2.5th percentile"
40.0757035175879,11.7417487437186,0.298844278087434,"2.5th percentile"
40.1603025125628,11.7417487437186,0.263559739504644,"2.5th percentile"
40.2449015075377,11.7417487437186,0.242705610117796,"2.5th percentile"
40.3295005025126,11.7417487437186,0.185343321651024,"2.5th percentile"
40.4140994974874,11.7417487437186,0.18251753278042,"2.5th percentile"
40.4986984924623,11.7417487437186,0.161794890046368,"2.5th percentile"
40.5832974874372,11.7417487437186,0.147148452584684,"2.5th percentile"
40.6678964824121,11.7417487437186,0.153325691477432,"2.5th percentile"
40.7524954773869,11.7417487437186,0.118429012697876,"2.5th percentile"
40.8370944723618,11.7417487437186,0.0861799721182519,"2.5th percentile"
40.9216934673367,11.7417487437186,0.0631265947636132,"2.5th percentile"
41.0062924623116,11.7417487437186,0.0354771353043768,"2.5th percentile"
41.0908914572864,11.7417487437186,0.0275295870532462,"2.5th percentile"
41.1754904522613,11.7417487437186,0.0160945085456304,"2.5th percentile"
41.2600894472362,11.7417487437186,0.0143156080018858,"2.5th percentile"
41.344688442211,11.7417487437186,0.00962822483231889,"2.5th percentile"
41.4292874371859,11.7417487437186,0.00608595716855597,"2.5th percentile"
41.5138864321608,11.7417487437186,0.00389091155907789,"2.5th percentile"
41.5984854271357,11.7417487437186,0.00265914653053722,"2.5th percentile"
41.6830844221106,11.7417487437186,0.00180244565508548,"2.5th percentile"
35.1689618090452,11.8097753768844,0.374520665469253,"2.5th percentile"
35.2535608040201,11.8097753768844,0.40655111591752,"2.5th percentile"
35.338159798995,11.8097753768844,0.376577027763761,"2.5th percentile"
35.4227587939698,11.8097753768844,0.344958881313919,"2.5th percentile"
35.5073577889447,11.8097753768844,0.334713770851758,"2.5th percentile"
35.5919567839196,11.8097753768844,0.335003781188653,"2.5th percentile"
35.6765557788945,11.8097753768844,0.340524543552522,"2.5th percentile"
35.7611547738694,11.8097753768844,0.338431515430221,"2.5th percentile"
35.8457537688442,11.8097753768844,0.340821958129892,"2.5th percentile"
35.9303527638191,11.8097753768844,0.342839586197782,"2.5th percentile"
36.014951758794,11.8097753768844,0.344535065220335,"2.5th percentile"
36.0995507537688,11.8097753768844,0.353873770246799,"2.5th percentile"
36.1841497487437,11.8097753768844,0.333796038043801,"2.5th percentile"
36.2687487437186,11.8097753768844,0.331173827585903,"2.5th percentile"
36.3533477386935,11.8097753768844,0.356983812002869,"2.5th percentile"
36.4379467336683,11.8097753768844,0.361014727381064,"2.5th percentile"
36.5225457286432,11.8097753768844,0.295753248256264,"2.5th percentile"
36.6071447236181,11.8097753768844,0.292997907260927,"2.5th percentile"
36.691743718593,11.8097753768844,0.293766218900212,"2.5th percentile"
36.7763427135678,11.8097753768844,0.277825314604185,"2.5th percentile"
36.8609417085427,11.8097753768844,0.27027083753884,"2.5th percentile"
36.9455407035176,11.8097753768844,0.2230130502635,"2.5th percentile"
37.0301396984925,11.8097753768844,0.221145756479783,"2.5th percentile"
37.1147386934673,11.8097753768844,0.237436391974668,"2.5th percentile"
37.1993376884422,11.8097753768844,0.293634223116511,"2.5th percentile"
37.2839366834171,11.8097753768844,0.369619433835055,"2.5th percentile"
37.368535678392,11.8097753768844,0.41235250067635,"2.5th percentile"
37.4531346733668,11.8097753768844,0.420231200485376,"2.5th percentile"
37.5377336683417,11.8097753768844,0.251499334232105,"2.5th percentile"
37.6223326633166,11.8097753768844,0.257161608954499,"2.5th percentile"
37.7069316582915,11.8097753768844,0.256709638838575,"2.5th percentile"
37.7915306532663,11.8097753768844,0.275252694933399,"2.5th percentile"
37.8761296482412,11.8097753768844,0.292373763016039,"2.5th percentile"
37.9607286432161,11.8097753768844,0.289094459494526,"2.5th percentile"
38.045327638191,11.8097753768844,0.291405441430732,"2.5th percentile"
38.1299266331658,11.8097753768844,0.28307337610186,"2.5th percentile"
38.2145256281407,11.8097753768844,0.304906551575611,"2.5th percentile"
38.2991246231156,11.8097753768844,0.317152985760948,"2.5th percentile"
38.3837236180904,11.8097753768844,0.33223072523619,"2.5th percentile"
38.4683226130653,11.8097753768844,0.355405098566993,"2.5th percentile"
38.5529216080402,11.8097753768844,0.374843338950097,"2.5th percentile"
38.6375206030151,11.8097753768844,0.352729137893816,"2.5th percentile"
38.72211959799,11.8097753768844,0.371815042570247,"2.5th percentile"
38.8067185929648,11.8097753768844,0.427619677240923,"2.5th percentile"
38.8913175879397,11.8097753768844,0.448782893994042,"2.5th percentile"
38.9759165829146,11.8097753768844,0.419512129447012,"2.5th percentile"
39.0605155778894,11.8097753768844,0.370164249144579,"2.5th percentile"
39.1451145728643,11.8097753768844,0.375528397142857,"2.5th percentile"
39.2297135678392,11.8097753768844,0.42897070788937,"2.5th percentile"
39.3143125628141,11.8097753768844,0.45832608719068,"2.5th percentile"
39.3989115577889,11.8097753768844,0.459220542170717,"2.5th percentile"
39.4835105527638,11.8097753768844,0.437254563765739,"2.5th percentile"
39.5681095477387,11.8097753768844,0.407129058787061,"2.5th percentile"
39.6527085427136,11.8097753768844,0.424869935009517,"2.5th percentile"
39.7373075376884,11.8097753768844,0.391657871522791,"2.5th percentile"
39.8219065326633,11.8097753768844,0.380406158130736,"2.5th percentile"
39.9065055276382,11.8097753768844,0.350339588966482,"2.5th percentile"
39.9911045226131,11.8097753768844,0.269841802013299,"2.5th percentile"
40.0757035175879,11.8097753768844,0.233616164446286,"2.5th percentile"
40.1603025125628,11.8097753768844,0.217666491542258,"2.5th percentile"
40.2449015075377,11.8097753768844,0.181171630064717,"2.5th percentile"
40.3295005025126,11.8097753768844,0.207584869300499,"2.5th percentile"
40.4140994974874,11.8097753768844,0.15982186181631,"2.5th percentile"
40.4986984924623,11.8097753768844,0.157271185737653,"2.5th percentile"
40.5832974874372,11.8097753768844,0.140483371708728,"2.5th percentile"
40.6678964824121,11.8097753768844,0.124111511924283,"2.5th percentile"
40.7524954773869,11.8097753768844,0.105240702625362,"2.5th percentile"
40.8370944723618,11.8097753768844,0.0808267076568314,"2.5th percentile"
40.9216934673367,11.8097753768844,0.0594425949618015,"2.5th percentile"
41.0062924623116,11.8097753768844,0.0427450783999576,"2.5th percentile"
41.0908914572864,11.8097753768844,0.0280009435718712,"2.5th percentile"
41.1754904522613,11.8097753768844,0.0205694020375797,"2.5th percentile"
41.2600894472362,11.8097753768844,0.0137062859424821,"2.5th percentile"
41.344688442211,11.8097753768844,0.00940987671885984,"2.5th percentile"
41.4292874371859,11.8097753768844,0.00622899164030702,"2.5th percentile"
41.5138864321608,11.8097753768844,0.00402458839136368,"2.5th percentile"
41.5984854271357,11.8097753768844,0.0026501227328265,"2.5th percentile"
41.6830844221106,11.8097753768844,0.00183573414458516,"2.5th percentile"
41.7676834170854,11.8097753768844,0.00165257380162476,"2.5th percentile"
35.1689618090452,11.8778020100503,0.367039313653628,"2.5th percentile"
35.2535608040201,11.8778020100503,0.356686300051356,"2.5th percentile"
35.338159798995,11.8778020100503,0.352984818020231,"2.5th percentile"
35.4227587939698,11.8778020100503,0.355916106662505,"2.5th percentile"
35.5073577889447,11.8778020100503,0.331524043981157,"2.5th percentile"
35.5919567839196,11.8778020100503,0.34096144084881,"2.5th percentile"
35.6765557788945,11.8778020100503,0.348852016411675,"2.5th percentile"
35.7611547738694,11.8778020100503,0.339554825259937,"2.5th percentile"
35.8457537688442,11.8778020100503,0.338410476596373,"2.5th percentile"
35.9303527638191,11.8778020100503,0.376557297337004,"2.5th percentile"
36.014951758794,11.8778020100503,0.366109871661612,"2.5th percentile"
36.0995507537688,11.8778020100503,0.35558802803528,"2.5th percentile"
36.1841497487437,11.8778020100503,0.333740518752223,"2.5th percentile"
36.2687487437186,11.8778020100503,0.329226045096181,"2.5th percentile"
36.3533477386935,11.8778020100503,0.352047061660917,"2.5th percentile"
36.4379467336683,11.8778020100503,0.353147623943708,"2.5th percentile"
36.5225457286432,11.8778020100503,0.333507453263803,"2.5th percentile"
36.6071447236181,11.8778020100503,0.31789505956846,"2.5th percentile"
36.691743718593,11.8778020100503,0.320963229859418,"2.5th percentile"
36.7763427135678,11.8778020100503,0.275666135247363,"2.5th percentile"
36.8609417085427,11.8778020100503,0.260870838128265,"2.5th percentile"
36.9455407035176,11.8778020100503,0.24263660648958,"2.5th percentile"
37.0301396984925,11.8778020100503,0.276426806510107,"2.5th percentile"
37.1147386934673,11.8778020100503,0.284790710355695,"2.5th percentile"
37.1993376884422,11.8778020100503,0.391371019733267,"2.5th percentile"
37.2839366834171,11.8778020100503,0.399165805821061,"2.5th percentile"
37.368535678392,11.8778020100503,0.40699350298083,"2.5th percentile"
37.4531346733668,11.8778020100503,0.414850069679426,"2.5th percentile"
37.5377336683417,11.8778020100503,0.257316797331396,"2.5th percentile"
37.6223326633166,11.8778020100503,0.233997615930054,"2.5th percentile"
37.7069316582915,11.8778020100503,0.230954169899052,"2.5th percentile"
37.7915306532663,11.8778020100503,0.251878884842622,"2.5th percentile"
37.8761296482412,11.8778020100503,0.253362759093579,"2.5th percentile"
37.9607286432161,11.8778020100503,0.27160565046645,"2.5th percentile"
38.045327638191,11.8778020100503,0.281441001216964,"2.5th percentile"
38.1299266331658,11.8778020100503,0.31239306957407,"2.5th percentile"
38.2145256281407,11.8778020100503,0.310685888713568,"2.5th percentile"
38.2991246231156,11.8778020100503,0.344967975017276,"2.5th percentile"
38.3837236180904,11.8778020100503,0.371233071794367,"2.5th percentile"
38.4683226130653,11.8778020100503,0.379492704858607,"2.5th percentile"
38.5529216080402,11.8778020100503,0.39932201058892,"2.5th percentile"
38.6375206030151,11.8778020100503,0.416192226357209,"2.5th percentile"
38.72211959799,11.8778020100503,0.42220106551234,"2.5th percentile"
38.8067185929648,11.8778020100503,0.436146973509559,"2.5th percentile"
38.8913175879397,11.8778020100503,0.426065987342349,"2.5th percentile"
38.9759165829146,11.8778020100503,0.440631151053568,"2.5th percentile"
39.0605155778894,11.8778020100503,0.440965082867797,"2.5th percentile"
39.1451145728643,11.8778020100503,0.423076410106068,"2.5th percentile"
39.2297135678392,11.8778020100503,0.414898419551487,"2.5th percentile"
39.3143125628141,11.8778020100503,0.377973750794314,"2.5th percentile"
39.3989115577889,11.8778020100503,0.428019381166112,"2.5th percentile"
39.4835105527638,11.8778020100503,0.414229272269652,"2.5th percentile"
39.5681095477387,11.8778020100503,0.443883851127223,"2.5th percentile"
39.6527085427136,11.8778020100503,0.382616058265894,"2.5th percentile"
39.7373075376884,11.8778020100503,0.362760387211198,"2.5th percentile"
39.8219065326633,11.8778020100503,0.33118698958421,"2.5th percentile"
39.9065055276382,11.8778020100503,0.319304064583966,"2.5th percentile"
39.9911045226131,11.8778020100503,0.240742800463517,"2.5th percentile"
40.0757035175879,11.8778020100503,0.204054641621162,"2.5th percentile"
40.1603025125628,11.8778020100503,0.191232433842948,"2.5th percentile"
40.2449015075377,11.8778020100503,0.195519738823307,"2.5th percentile"
40.3295005025126,11.8778020100503,0.177945912806649,"2.5th percentile"
40.4140994974874,11.8778020100503,0.176267532589886,"2.5th percentile"
40.4986984924623,11.8778020100503,0.129810101793064,"2.5th percentile"
40.5832974874372,11.8778020100503,0.114352124824819,"2.5th percentile"
40.6678964824121,11.8778020100503,0.104216947823653,"2.5th percentile"
40.7524954773869,11.8778020100503,0.0889661008877245,"2.5th percentile"
40.8370944723618,11.8778020100503,0.072009422407767,"2.5th percentile"
40.9216934673367,11.8778020100503,0.0548636650686042,"2.5th percentile"
41.0062924623116,11.8778020100503,0.0405501045877573,"2.5th percentile"
41.0908914572864,11.8778020100503,0.0287487879855881,"2.5th percentile"
41.1754904522613,11.8778020100503,0.0198749566764813,"2.5th percentile"
41.2600894472362,11.8778020100503,0.0134506005341555,"2.5th percentile"
41.344688442211,11.8778020100503,0.00921331396847289,"2.5th percentile"
41.4292874371859,11.8778020100503,0.00607920704644651,"2.5th percentile"
41.5138864321608,11.8778020100503,0.00410705208444572,"2.5th percentile"
41.5984854271357,11.8778020100503,0.00262748439915283,"2.5th percentile"
41.6830844221106,11.8778020100503,0.00181822483398939,"2.5th percentile"
41.7676834170854,11.8778020100503,0.00105435981083837,"2.5th percentile"
35.2535608040201,11.9458286432161,0.386528938416914,"2.5th percentile"
35.338159798995,11.9458286432161,0.34430547704839,"2.5th percentile"
35.4227587939698,11.9458286432161,0.360891929942645,"2.5th percentile"
35.5073577889447,11.9458286432161,0.349526051088734,"2.5th percentile"
35.5919567839196,11.9458286432161,0.335681529419517,"2.5th percentile"
35.6765557788945,11.9458286432161,0.340550543891512,"2.5th percentile"
35.7611547738694,11.9458286432161,0.344059810917876,"2.5th percentile"
35.8457537688442,11.9458286432161,0.362961626334892,"2.5th percentile"
35.9303527638191,11.9458286432161,0.372437727636085,"2.5th percentile"
36.014951758794,11.9458286432161,0.361011071603529,"2.5th percentile"
36.0995507537688,11.9458286432161,0.351867904138165,"2.5th percentile"
36.1841497487437,11.9458286432161,0.363307845987568,"2.5th percentile"
36.2687487437186,11.9458286432161,0.353540570843219,"2.5th percentile"
36.3533477386935,11.9458286432161,0.360815968384093,"2.5th percentile"
36.4379467336683,11.9458286432161,0.333378098916863,"2.5th percentile"
36.5225457286432,11.9458286432161,0.309963625542464,"2.5th percentile"
36.6071447236181,11.9458286432161,0.311688007942012,"2.5th percentile"
36.691743718593,11.9458286432161,0.28506658393044,"2.5th percentile"
36.7763427135678,11.9458286432161,0.27960986351454,"2.5th percentile"
36.8609417085427,11.9458286432161,0.221981394097913,"2.5th percentile"
36.9455407035176,11.9458286432161,0.220589679692639,"2.5th percentile"
37.0301396984925,11.9458286432161,0.38458839002326,"2.5th percentile"
37.1147386934673,11.9458286432161,0.378580460622933,"2.5th percentile"
37.1993376884422,11.9458286432161,0.386077590391524,"2.5th percentile"
37.2839366834171,11.9458286432161,0.3938428951447,"2.5th percentile"
37.368535678392,11.9458286432161,0.401643811993829,"2.5th percentile"
37.4531346733668,11.9458286432161,0.409476332560485,"2.5th percentile"
37.5377336683417,11.9458286432161,0.417336419550048,"2.5th percentile"
37.6223326633166,11.9458286432161,0.263607816919294,"2.5th percentile"
37.7069316582915,11.9458286432161,0.225730505111741,"2.5th percentile"
37.7915306532663,11.9458286432161,0.240612548204934,"2.5th percentile"
37.8761296482412,11.9458286432161,0.248590186114076,"2.5th percentile"
37.9607286432161,11.9458286432161,0.271566908076316,"2.5th percentile"
38.045327638191,11.9458286432161,0.305137073361153,"2.5th percentile"
38.1299266331658,11.9458286432161,0.317288434337806,"2.5th percentile"
38.2145256281407,11.9458286432161,0.358512513272702,"2.5th percentile"
38.2991246231156,11.9458286432161,0.345554767591187,"2.5th percentile"
38.3837236180904,11.9458286432161,0.391006500372763,"2.5th percentile"
38.4683226130653,11.9458286432161,0.376736739608724,"2.5th percentile"
38.5529216080402,11.9458286432161,0.40000637182746,"2.5th percentile"
38.6375206030151,11.9458286432161,0.402470364167154,"2.5th percentile"
38.72211959799,11.9458286432161,0.424871571285936,"2.5th percentile"
38.8067185929648,11.9458286432161,0.420165552263055,"2.5th percentile"
38.8913175879397,11.9458286432161,0.406722050319913,"2.5th percentile"
38.9759165829146,11.9458286432161,0.420120436445532,"2.5th percentile"
39.0605155778894,11.9458286432161,0.401290753209698,"2.5th percentile"
39.1451145728643,11.9458286432161,0.433588295014546,"2.5th percentile"
39.2297135678392,11.9458286432161,0.416657514351636,"2.5th percentile"
39.3143125628141,11.9458286432161,0.441018134490522,"2.5th percentile"
39.3989115577889,11.9458286432161,0.434912042105275,"2.5th percentile"
39.4835105527638,11.9458286432161,0.440450664416155,"2.5th percentile"
39.5681095477387,11.9458286432161,0.411347310743647,"2.5th percentile"
39.6527085427136,11.9458286432161,0.368363414096281,"2.5th percentile"
39.7373075376884,11.9458286432161,0.329594516011161,"2.5th percentile"
39.8219065326633,11.9458286432161,0.315115579024842,"2.5th percentile"
39.9065055276382,11.9458286432161,0.29982418730234,"2.5th percentile"
39.9911045226131,11.9458286432161,0.199419845092793,"2.5th percentile"
40.0757035175879,11.9458286432161,0.187063275192069,"2.5th percentile"
40.1603025125628,11.9458286432161,0.189390548763451,"2.5th percentile"
40.2449015075377,11.9458286432161,0.180458747223556,"2.5th percentile"
40.3295005025126,11.9458286432161,0.17672395402145,"2.5th percentile"
40.4140994974874,11.9458286432161,0.146253870110854,"2.5th percentile"
40.4986984924623,11.9458286432161,0.117733272008991,"2.5th percentile"
40.5832974874372,11.9458286432161,0.10042685605057,"2.5th percentile"
40.6678964824121,11.9458286432161,0.0917135107687851,"2.5th percentile"
40.7524954773869,11.9458286432161,0.0764373196572113,"2.5th percentile"
40.8370944723618,11.9458286432161,0.0635196559820548,"2.5th percentile"
40.9216934673367,11.9458286432161,0.0504955535923846,"2.5th percentile"
41.0062924623116,11.9458286432161,0.0376785196897489,"2.5th percentile"
41.0908914572864,11.9458286432161,0.027246870764036,"2.5th percentile"
41.1754904522613,11.9458286432161,0.0190805968962911,"2.5th percentile"
41.2600894472362,11.9458286432161,0.0130251975811487,"2.5th percentile"
41.344688442211,11.9458286432161,0.00891554453573967,"2.5th percentile"
41.4292874371859,11.9458286432161,0.00551438044786839,"2.5th percentile"
41.5138864321608,11.9458286432161,0.00403158786326354,"2.5th percentile"
41.5984854271357,11.9458286432161,0.00264344457102618,"2.5th percentile"
41.6830844221106,11.9458286432161,0.00178970491716834,"2.5th percentile"
41.7676834170854,11.9458286432161,0.00118518384244248,"2.5th percentile"
41.8522824120603,11.9458286432161,0.000787419003247031,"2.5th percentile"
35.2535608040201,12.0138552763819,0.386233219875354,"2.5th percentile"
35.338159798995,12.0138552763819,0.35710403278724,"2.5th percentile"
35.4227587939698,12.0138552763819,0.348338437844938,"2.5th percentile"
35.5073577889447,12.0138552763819,0.351028699757143,"2.5th percentile"
35.5919567839196,12.0138552763819,0.363547544253587,"2.5th percentile"
35.6765557788945,12.0138552763819,0.34344405105592,"2.5th percentile"
35.7611547738694,12.0138552763819,0.371935506434073,"2.5th percentile"
35.8457537688442,12.0138552763819,0.380615344483682,"2.5th percentile"
35.9303527638191,12.0138552763819,0.35342904037755,"2.5th percentile"
36.014951758794,12.0138552763819,0.371654131007623,"2.5th percentile"
36.0995507537688,12.0138552763819,0.352093516817085,"2.5th percentile"
36.1841497487437,12.0138552763819,0.379998534594636,"2.5th percentile"
36.2687487437186,12.0138552763819,0.35115587195761,"2.5th percentile"
36.3533477386935,12.0138552763819,0.361825900408815,"2.5th percentile"
36.4379467336683,12.0138552763819,0.33393782187191,"2.5th percentile"
36.5225457286432,12.0138552763819,0.309743942595208,"2.5th percentile"
36.6071447236181,12.0138552763819,0.307591089804509,"2.5th percentile"
36.691743718593,12.0138552763819,0.275234660851333,"2.5th percentile"
36.7763427135678,12.0138552763819,0.255150329059586,"2.5th percentile"
36.8609417085427,12.0138552763819,0.23743449714056,"2.5th percentile"
36.9455407035176,12.0138552763819,0.221169547211812,"2.5th percentile"
37.0301396984925,12.0138552763819,0.387530968619455,"2.5th percentile"
37.1147386934673,12.0138552763819,0.381604812138681,"2.5th percentile"
37.1993376884422,12.0138552763819,0.38079862759499,"2.5th percentile"
37.2839366834171,12.0138552763819,0.388532591437372,"2.5th percentile"
37.368535678392,12.0138552763819,0.396304843323524,"2.5th percentile"
37.4531346733668,12.0138552763819,0.404111412211019,"2.5th percentile"
37.5377336683417,12.0138552763819,0.411948292053198,"2.5th percentile"
37.6223326633166,12.0138552763819,0.27848526909901,"2.5th percentile"
37.7069316582915,12.0138552763819,0.268119201270618,"2.5th percentile"
37.7915306532663,12.0138552763819,0.275361982482243,"2.5th percentile"
37.8761296482412,12.0138552763819,0.279972811710778,"2.5th percentile"
37.9607286432161,12.0138552763819,0.286991609476973,"2.5th percentile"
38.045327638191,12.0138552763819,0.297846653514506,"2.5th percentile"
38.1299266331658,12.0138552763819,0.347404658260057,"2.5th percentile"
38.2145256281407,12.0138552763819,0.313394404840814,"2.5th percentile"
38.2991246231156,12.0138552763819,0.344537751914949,"2.5th percentile"
38.3837236180904,12.0138552763819,0.392452041620817,"2.5th percentile"
38.4683226130653,12.0138552763819,0.37558036331688,"2.5th percentile"
38.5529216080402,12.0138552763819,0.386507695344528,"2.5th percentile"
38.6375206030151,12.0138552763819,0.399018058741772,"2.5th percentile"
38.72211959799,12.0138552763819,0.413048323434833,"2.5th percentile"
38.8067185929648,12.0138552763819,0.418252315726849,"2.5th percentile"
38.8913175879397,12.0138552763819,0.421504895576827,"2.5th percentile"
38.9759165829146,12.0138552763819,0.396736561039948,"2.5th percentile"
39.0605155778894,12.0138552763819,0.422284801911685,"2.5th percentile"
39.1451145728643,12.0138552763819,0.39491785394379,"2.5th percentile"
39.2297135678392,12.0138552763819,0.464331370509128,"2.5th percentile"
39.3143125628141,12.0138552763819,0.435634153032293,"2.5th percentile"
39.3989115577889,12.0138552763819,0.471238200822174,"2.5th percentile"
39.4835105527638,12.0138552763819,0.431285618187499,"2.5th percentile"
39.5681095477387,12.0138552763819,0.390213674823881,"2.5th percentile"
39.6527085427136,12.0138552763819,0.331698925353332,"2.5th percentile"
39.7373075376884,12.0138552763819,0.28749786200068,"2.5th percentile"
39.8219065326633,12.0138552763819,0.289552665943297,"2.5th percentile"
39.9065055276382,12.0138552763819,0.280797429667641,"2.5th percentile"
39.9911045226131,12.0138552763819,0.250161403153005,"2.5th percentile"
40.0757035175879,12.0138552763819,0.213164538201812,"2.5th percentile"
40.1603025125628,12.0138552763819,0.198190573016056,"2.5th percentile"
40.2449015075377,12.0138552763819,0.186137727349961,"2.5th percentile"
40.3295005025126,12.0138552763819,0.142251182230757,"2.5th percentile"
40.4140994974874,12.0138552763819,0.126185162441957,"2.5th percentile"
40.4986984924623,12.0138552763819,0.106560340168364,"2.5th percentile"
40.5832974874372,12.0138552763819,0.0860624069693273,"2.5th percentile"
40.6678964824121,12.0138552763819,0.078326006243636,"2.5th percentile"
40.7524954773869,12.0138552763819,0.065097864875669,"2.5th percentile"
40.8370944723618,12.0138552763819,0.054186332266368,"2.5th percentile"
40.9216934673367,12.0138552763819,0.0450815479131053,"2.5th percentile"
41.0062924623116,12.0138552763819,0.0348343612138504,"2.5th percentile"
41.0908914572864,12.0138552763819,0.0254391320945929,"2.5th percentile"
41.1754904522613,12.0138552763819,0.0180608525957168,"2.5th percentile"
41.2600894472362,12.0138552763819,0.012538681250693,"2.5th percentile"
41.344688442211,12.0138552763819,0.00860098013317685,"2.5th percentile"
41.4292874371859,12.0138552763819,0.00566216273388984,"2.5th percentile"
41.5138864321608,12.0138552763819,0.00393656981910673,"2.5th percentile"
41.5984854271357,12.0138552763819,0.0026122859983322,"2.5th percentile"
41.6830844221106,12.0138552763819,0.00170617736647809,"2.5th percentile"
41.7676834170854,12.0138552763819,0.00115467935582254,"2.5th percentile"
41.8522824120603,12.0138552763819,0.000759464509363151,"2.5th percentile"
41.9368814070352,12.0138552763819,0.000510120619016101,"2.5th percentile"
35.338159798995,12.0818819095477,0.37215563940058,"2.5th percentile"
35.4227587939698,12.0818819095477,0.341593409543772,"2.5th percentile"
35.5073577889447,12.0818819095477,0.34245741826501,"2.5th percentile"
35.5919567839196,12.0818819095477,0.355627912320582,"2.5th percentile"
35.6765557788945,12.0818819095477,0.34050732012079,"2.5th percentile"
35.7611547738694,12.0818819095477,0.364740656829208,"2.5th percentile"
35.8457537688442,12.0818819095477,0.330703727183167,"2.5th percentile"
35.9303527638191,12.0818819095477,0.383127637497979,"2.5th percentile"
36.014951758794,12.0818819095477,0.375251379593615,"2.5th percentile"
36.0995507537688,12.0818819095477,0.371408974001251,"2.5th percentile"
36.1841497487437,12.0818819095477,0.330070341631002,"2.5th percentile"
36.2687487437186,12.0818819095477,0.327517895739513,"2.5th percentile"
36.3533477386935,12.0818819095477,0.344216787076933,"2.5th percentile"
36.4379467336683,12.0818819095477,0.343477024124461,"2.5th percentile"
36.5225457286432,12.0818819095477,0.306880072047357,"2.5th percentile"
36.6071447236181,12.0818819095477,0.308502963229829,"2.5th percentile"
36.691743718593,12.0818819095477,0.290716538873757,"2.5th percentile"
36.7763427135678,12.0818819095477,0.258640529653284,"2.5th percentile"
36.8609417085427,12.0818819095477,0.23286273043026,"2.5th percentile"
36.9455407035176,12.0818819095477,0.22623924931232,"2.5th percentile"
37.0301396984925,12.0818819095477,0.38740287430655,"2.5th percentile"
37.1147386934673,12.0818819095477,0.384573313279305,"2.5th percentile"
37.1993376884422,12.0818819095477,0.378586711354763,"2.5th percentile"
37.2839366834171,12.0818819095477,0.383236299338664,"2.5th percentile"
37.368535678392,12.0818819095477,0.390978014463749,"2.5th percentile"
37.4531346733668,12.0818819095477,0.398756735930746,"2.5th percentile"
37.5377336683417,12.0818819095477,0.406568493140099,"2.5th percentile"
37.6223326633166,12.0818819095477,0.281052654121248,"2.5th percentile"
37.7069316582915,12.0818819095477,0.263772475698901,"2.5th percentile"
37.7915306532663,12.0818819095477,0.270178505155387,"2.5th percentile"
37.8761296482412,12.0818819095477,0.277533141999808,"2.5th percentile"
37.9607286432161,12.0818819095477,0.282766112771286,"2.5th percentile"
38.045327638191,12.0818819095477,0.282390777597428,"2.5th percentile"
38.1299266331658,12.0818819095477,0.317579288254109,"2.5th percentile"
38.2145256281407,12.0818819095477,0.357072915494494,"2.5th percentile"
38.2991246231156,12.0818819095477,0.356608507302309,"2.5th percentile"
38.3837236180904,12.0818819095477,0.380758796125383,"2.5th percentile"
38.4683226130653,12.0818819095477,0.374813212910728,"2.5th percentile"
38.5529216080402,12.0818819095477,0.405980269871294,"2.5th percentile"
38.6375206030151,12.0818819095477,0.420625822388844,"2.5th percentile"
38.72211959799,12.0818819095477,0.419271366000066,"2.5th percentile"
38.8067185929648,12.0818819095477,0.378926993526952,"2.5th percentile"
38.8913175879397,12.0818819095477,0.371833446343796,"2.5th percentile"
38.9759165829146,12.0818819095477,0.409651994915388,"2.5th percentile"
39.0605155778894,12.0818819095477,0.419295543773493,"2.5th percentile"
39.1451145728643,12.0818819095477,0.438857288979115,"2.5th percentile"
39.2297135678392,12.0818819095477,0.452464279695843,"2.5th percentile"
39.3143125628141,12.0818819095477,0.461432890054677,"2.5th percentile"
39.3989115577889,12.0818819095477,0.466888753216942,"2.5th percentile"
39.4835105527638,12.0818819095477,0.414061977368852,"2.5th percentile"
39.5681095477387,12.0818819095477,0.356685652301178,"2.5th percentile"
39.6527085427136,12.0818819095477,0.294845194285662,"2.5th percentile"
39.7373075376884,12.0818819095477,0.26604032286017,"2.5th percentile"
39.8219065326633,12.0818819095477,0.245372024912454,"2.5th percentile"
39.9065055276382,12.0818819095477,0.248865186436628,"2.5th percentile"
39.9911045226131,12.0818819095477,0.194645010909537,"2.5th percentile"
40.0757035175879,12.0818819095477,0.166784996248379,"2.5th percentile"
40.1603025125628,12.0818819095477,0.146540205479714,"2.5th percentile"
40.2449015075377,12.0818819095477,0.149157284565216,"2.5th percentile"
40.3295005025126,12.0818819095477,0.127595681986667,"2.5th percentile"
40.4140994974874,12.0818819095477,0.100780246967967,"2.5th percentile"
40.4986984924623,12.0818819095477,0.0941235004945791,"2.5th percentile"
40.5832974874372,12.0818819095477,0.0713474292741816,"2.5th percentile"
40.6678964824121,12.0818819095477,0.0639700892541835,"2.5th percentile"
40.7524954773869,12.0818819095477,0.0543332036260112,"2.5th percentile"
40.8370944723618,12.0818819095477,0.0468255346888279,"2.5th percentile"
40.9216934673367,12.0818819095477,0.0396789680277534,"2.5th percentile"
41.0062924623116,12.0818819095477,0.0284228805286365,"2.5th percentile"
41.0908914572864,12.0818819095477,0.0234547540567662,"2.5th percentile"
41.1754904522613,12.0818819095477,0.016948791142522,"2.5th percentile"
41.2600894472362,12.0818819095477,0.011917061396298,"2.5th percentile"
41.344688442211,12.0818819095477,0.0080960847142384,"2.5th percentile"
41.4292874371859,12.0818819095477,0.00565644781984561,"2.5th percentile"
41.5138864321608,12.0818819095477,0.00382623334103007,"2.5th percentile"
41.5984854271357,12.0818819095477,0.00257614953271041,"2.5th percentile"
41.6830844221106,12.0818819095477,0.00173337703371943,"2.5th percentile"
41.7676834170854,12.0818819095477,0.00114548411162209,"2.5th percentile"
41.8522824120603,12.0818819095477,0.000749691633599334,"2.5th percentile"
41.9368814070352,12.0818819095477,0.000502776662114059,"2.5th percentile"
35.4227587939698,12.1499085427136,0.344610599211423,"2.5th percentile"
35.5073577889447,12.1499085427136,0.365399656537302,"2.5th percentile"
35.5919567839196,12.1499085427136,0.334987110641658,"2.5th percentile"
35.6765557788945,12.1499085427136,0.348098264841543,"2.5th percentile"
35.7611547738694,12.1499085427136,0.365009716919711,"2.5th percentile"
35.8457537688442,12.1499085427136,0.341314967546453,"2.5th percentile"
35.9303527638191,12.1499085427136,0.366119063730229,"2.5th percentile"
36.014951758794,12.1499085427136,0.33948410641954,"2.5th percentile"
36.0995507537688,12.1499085427136,0.35205058531748,"2.5th percentile"
36.1841497487437,12.1499085427136,0.3298586499605,"2.5th percentile"
36.2687487437186,12.1499085427136,0.323838671254039,"2.5th percentile"
36.3533477386935,12.1499085427136,0.323336927547227,"2.5th percentile"
36.4379467336683,12.1499085427136,0.350804073158485,"2.5th percentile"
36.5225457286432,12.1499085427136,0.33115273792944,"2.5th percentile"
36.6071447236181,12.1499085427136,0.31057309931826,"2.5th percentile"
36.691743718593,12.1499085427136,0.306242350158947,"2.5th percentile"
36.7763427135678,12.1499085427136,0.27800806651175,"2.5th percentile"
36.8609417085427,12.1499085427136,0.28464499767741,"2.5th percentile"
36.9455407035176,12.1499085427136,0.224739223622465,"2.5th percentile"
37.0301396984925,12.1499085427136,0.277770257249636,"2.5th percentile"
37.1147386934673,12.1499085427136,0.387485024331733,"2.5th percentile"
37.1993376884422,12.1499085427136,0.381580298191635,"2.5th percentile"
37.2839366834171,12.1499085427136,0.377955421017916,"2.5th percentile"
37.368535678392,12.1499085427136,0.385664742769971,"2.5th percentile"
37.4531346733668,12.1499085427136,0.393413733226972,"2.5th percentile"
37.5377336683417,12.1499085427136,0.401198461401239,"2.5th percentile"
37.6223326633166,12.1499085427136,0.264466817139265,"2.5th percentile"
37.7069316582915,12.1499085427136,0.253435001110871,"2.5th percentile"
37.7915306532663,12.1499085427136,0.262037846984592,"2.5th percentile"
37.8761296482412,12.1499085427136,0.291170697502215,"2.5th percentile"
37.9607286432161,12.1499085427136,0.293200027756245,"2.5th percentile"
38.045327638191,12.1499085427136,0.267765600271965,"2.5th percentile"
38.1299266331658,12.1499085427136,0.302104570799508,"2.5th percentile"
38.2145256281407,12.1499085427136,0.297721772887319,"2.5th percentile"
38.2991246231156,12.1499085427136,0.358054707349148,"2.5th percentile"
38.3837236180904,12.1499085427136,0.379597799080638,"2.5th percentile"
38.4683226130653,12.1499085427136,0.377966072627934,"2.5th percentile"
38.5529216080402,12.1499085427136,0.394180062537611,"2.5th percentile"
38.6375206030151,12.1499085427136,0.40268993186186,"2.5th percentile"
38.72211959799,12.1499085427136,0.394186579787194,"2.5th percentile"
38.8067185929648,12.1499085427136,0.391657852479989,"2.5th percentile"
38.8913175879397,12.1499085427136,0.402812547148736,"2.5th percentile"
38.9759165829146,12.1499085427136,0.412272177405154,"2.5th percentile"
39.0605155778894,12.1499085427136,0.41858625135407,"2.5th percentile"
39.1451145728643,12.1499085427136,0.445009851683828,"2.5th percentile"
39.2297135678392,12.1499085427136,0.444803686023296,"2.5th percentile"
39.3143125628141,12.1499085427136,0.41897311741888,"2.5th percentile"
39.3989115577889,12.1499085427136,0.417422035064086,"2.5th percentile"
39.4835105527638,12.1499085427136,0.362854756392738,"2.5th percentile"
39.5681095477387,12.1499085427136,0.313804316676774,"2.5th percentile"
39.6527085427136,12.1499085427136,0.25846135614476,"2.5th percentile"
39.7373075376884,12.1499085427136,0.23434219872101,"2.5th percentile"
39.8219065326633,12.1499085427136,0.200003840768185,"2.5th percentile"
39.9065055276382,12.1499085427136,0.197605545802722,"2.5th percentile"
39.9911045226131,12.1499085427136,0.165058309006716,"2.5th percentile"
40.0757035175879,12.1499085427136,0.174518694853542,"2.5th percentile"
40.1603025125628,12.1499085427136,0.149878367572528,"2.5th percentile"
40.2449015075377,12.1499085427136,0.131790275613215,"2.5th percentile"
40.3295005025126,12.1499085427136,0.105573295006174,"2.5th percentile"
40.4140994974874,12.1499085427136,0.0907564929434932,"2.5th percentile"
40.4986984924623,12.1499085427136,0.075794727418588,"2.5th percentile"
40.5832974874372,12.1499085427136,0.0630334552813274,"2.5th percentile"
40.6678964824121,12.1499085427136,0.0554636957597947,"2.5th percentile"
40.7524954773869,12.1499085427136,0.0479262909528723,"2.5th percentile"
40.8370944723618,12.1499085427136,0.0405448817228169,"2.5th percentile"
40.9216934673367,12.1499085427136,0.0339199674263601,"2.5th percentile"
41.0062924623116,12.1499085427136,0.0275924686012908,"2.5th percentile"
41.0908914572864,12.1499085427136,0.0214547461417466,"2.5th percentile"
41.1754904522613,12.1499085427136,0.015797615012132,"2.5th percentile"
41.2600894472362,12.1499085427136,0.011046025121986,"2.5th percentile"
41.344688442211,12.1499085427136,0.00767970173662323,"2.5th percentile"
41.4292874371859,12.1499085427136,0.00540288037400906,"2.5th percentile"
41.5138864321608,12.1499085427136,0.00364876488247827,"2.5th percentile"
41.5984854271357,12.1499085427136,0.0024756592276708,"2.5th percentile"
41.6830844221106,12.1499085427136,0.00137080660320804,"2.5th percentile"
41.7676834170854,12.1499085427136,0.000969460476534174,"2.5th percentile"
41.8522824120603,12.1499085427136,0.000749140268915374,"2.5th percentile"
41.9368814070352,12.1499085427136,0.000497782918123469,"2.5th percentile"
42.02148040201,12.1499085427136,0.000329761167025102,"2.5th percentile"
35.5073577889447,12.2179351758794,0.402579355342178,"2.5th percentile"
35.5919567839196,12.2179351758794,0.365699292098599,"2.5th percentile"
35.6765557788945,12.2179351758794,0.349530114832557,"2.5th percentile"
35.7611547738694,12.2179351758794,0.344903894309244,"2.5th percentile"
35.8457537688442,12.2179351758794,0.352980133723965,"2.5th percentile"
35.9303527638191,12.2179351758794,0.37423162496308,"2.5th percentile"
36.014951758794,12.2179351758794,0.340360102891945,"2.5th percentile"
36.0995507537688,12.2179351758794,0.338438465244677,"2.5th percentile"
36.1841497487437,12.2179351758794,0.324105606210276,"2.5th percentile"
36.2687487437186,12.2179351758794,0.320956918811505,"2.5th percentile"
36.3533477386935,12.2179351758794,0.325463442777336,"2.5th percentile"
36.4379467336683,12.2179351758794,0.341328300452351,"2.5th percentile"
36.5225457286432,12.2179351758794,0.324163122547369,"2.5th percentile"
36.6071447236181,12.2179351758794,0.34200799779042,"2.5th percentile"
36.691743718593,12.2179351758794,0.330701632013853,"2.5th percentile"
36.7763427135678,12.2179351758794,0.289216326656223,"2.5th percentile"
36.8609417085427,12.2179351758794,0.308095160275312,"2.5th percentile"
36.9455407035176,12.2179351758794,0.235553571706137,"2.5th percentile"
37.0301396984925,12.2179351758794,0.233951396997767,"2.5th percentile"
37.1147386934673,12.2179351758794,0.390339278299338,"2.5th percentile"
37.1993376884422,12.2179351758794,0.245628517421545,"2.5th percentile"
37.2839366834171,12.2179351758794,0.270732215051831,"2.5th percentile"
37.368535678392,12.2179351758794,0.380366443407675,"2.5th percentile"
37.4531346733668,12.2179351758794,0.388083833768849,"2.5th percentile"
37.5377336683417,12.2179351758794,0.395839637952499,"2.5th percentile"
37.6223326633166,12.2179351758794,0.232819510633625,"2.5th percentile"
37.7069316582915,12.2179351758794,0.254494074884162,"2.5th percentile"
37.7915306532663,12.2179351758794,0.271713044871131,"2.5th percentile"
37.8761296482412,12.2179351758794,0.330184207111757,"2.5th percentile"
37.9607286432161,12.2179351758794,0.302981712615347,"2.5th percentile"
38.045327638191,12.2179351758794,0.299166671511691,"2.5th percentile"
38.1299266331658,12.2179351758794,0.301923903629049,"2.5th percentile"
38.2145256281407,12.2179351758794,0.340332048809128,"2.5th percentile"
38.2991246231156,12.2179351758794,0.372361223388371,"2.5th percentile"
38.3837236180904,12.2179351758794,0.3946151438184,"2.5th percentile"
38.4683226130653,12.2179351758794,0.402099430107507,"2.5th percentile"
38.5529216080402,12.2179351758794,0.406313370503741,"2.5th percentile"
38.6375206030151,12.2179351758794,0.34159122532476,"2.5th percentile"
38.72211959799,12.2179351758794,0.367738495219292,"2.5th percentile"
38.8067185929648,12.2179351758794,0.376662197116981,"2.5th percentile"
38.8913175879397,12.2179351758794,0.397236026950974,"2.5th percentile"
38.9759165829146,12.2179351758794,0.433477823113809,"2.5th percentile"
39.0605155778894,12.2179351758794,0.4197448817268,"2.5th percentile"
39.1451145728643,12.2179351758794,0.457254830082618,"2.5th percentile"
39.2297135678392,12.2179351758794,0.458324799017784,"2.5th percentile"
39.3143125628141,12.2179351758794,0.424163201347608,"2.5th percentile"
39.3989115577889,12.2179351758794,0.410574001733102,"2.5th percentile"
39.4835105527638,12.2179351758794,0.337415616987637,"2.5th percentile"
39.5681095477387,12.2179351758794,0.283945666521717,"2.5th percentile"
39.6527085427136,12.2179351758794,0.233945243363769,"2.5th percentile"
39.7373075376884,12.2179351758794,0.222315046151617,"2.5th percentile"
39.8219065326633,12.2179351758794,0.188621194546771,"2.5th percentile"
39.9065055276382,12.2179351758794,0.168078933173065,"2.5th percentile"
39.9911045226131,12.2179351758794,0.164351677456855,"2.5th percentile"
40.0757035175879,12.2179351758794,0.140772671055916,"2.5th percentile"
40.1603025125628,12.2179351758794,0.101367594652003,"2.5th percentile"
40.2449015075377,12.2179351758794,0.106139438450032,"2.5th percentile"
40.3295005025126,12.2179351758794,0.091537836762229,"2.5th percentile"
40.4140994974874,12.2179351758794,0.0781096251609629,"2.5th percentile"
40.4986984924623,12.2179351758794,0.0701993004589418,"2.5th percentile"
40.5832974874372,12.2179351758794,0.0552728810855009,"2.5th percentile"
40.6678964824121,12.2179351758794,0.0481526301806875,"2.5th percentile"
40.7524954773869,12.2179351758794,0.0390081499557218,"2.5th percentile"
40.8370944723618,12.2179351758794,0.034674575844471,"2.5th percentile"
40.9216934673367,12.2179351758794,0.0287428345301323,"2.5th percentile"
41.0062924623116,12.2179351758794,0.0237567392411694,"2.5th percentile"
41.0908914572864,12.2179351758794,0.0192433395002526,"2.5th percentile"
41.1754904522613,12.2179351758794,0.0145246800836837,"2.5th percentile"
41.2600894472362,12.2179351758794,0.0105535618627972,"2.5th percentile"
41.344688442211,12.2179351758794,0.0072589965068666,"2.5th percentile"
41.4292874371859,12.2179351758794,0.00512041519646655,"2.5th percentile"
41.5138864321608,12.2179351758794,0.00355995077161531,"2.5th percentile"
41.5984854271357,12.2179351758794,0.00228923800608164,"2.5th percentile"
41.6830844221106,12.2179351758794,0.00160069459515417,"2.5th percentile"
41.7676834170854,12.2179351758794,0.0010820148132306,"2.5th percentile"
41.8522824120603,12.2179351758794,0.000731854203716762,"2.5th percentile"
41.9368814070352,12.2179351758794,0.000487442493652536,"2.5th percentile"
42.02148040201,12.2179351758794,0.000324061250279738,"2.5th percentile"
35.5919567839196,12.2859618090452,0.372541218732906,"2.5th percentile"
35.6765557788945,12.2859618090452,0.380044287767118,"2.5th percentile"
35.7611547738694,12.2859618090452,0.400815367747686,"2.5th percentile"
35.8457537688442,12.2859618090452,0.348313656941049,"2.5th percentile"
35.9303527638191,12.2859618090452,0.387913878420282,"2.5th percentile"
36.014951758794,12.2859618090452,0.347457514667884,"2.5th percentile"
36.0995507537688,12.2859618090452,0.337363964971629,"2.5th percentile"
36.1841497487437,12.2859618090452,0.326752905382089,"2.5th percentile"
36.2687487437186,12.2859618090452,0.324857999059462,"2.5th percentile"
36.3533477386935,12.2859618090452,0.365562000348262,"2.5th percentile"
36.4379467336683,12.2859618090452,0.359148640747356,"2.5th percentile"
36.5225457286432,12.2859618090452,0.356165781350565,"2.5th percentile"
36.6071447236181,12.2859618090452,0.342914039178375,"2.5th percentile"
36.691743718593,12.2859618090452,0.324715643077143,"2.5th percentile"
36.7763427135678,12.2859618090452,0.321626103594577,"2.5th percentile"
36.8609417085427,12.2859618090452,0.310390015790514,"2.5th percentile"
36.9455407035176,12.2859618090452,0.301640388562624,"2.5th percentile"
37.0301396984925,12.2859618090452,0.252393272275096,"2.5th percentile"
37.1147386934673,12.2859618090452,0.22891990114405,"2.5th percentile"
37.1993376884422,12.2859618090452,0.215247406932485,"2.5th percentile"
37.2839366834171,12.2859618090452,0.224288910694754,"2.5th percentile"
37.368535678392,12.2859618090452,0.230691718525259,"2.5th percentile"
37.4531346733668,12.2859618090452,0.320062366669816,"2.5th percentile"
37.5377336683417,12.2859618090452,0.236232556183248,"2.5th percentile"
37.6223326633166,12.2859618090452,0.237305798546605,"2.5th percentile"
37.7069316582915,12.2859618090452,0.291833701873215,"2.5th percentile"
37.7915306532663,12.2859618090452,0.27681440488916,"2.5th percentile"
37.8761296482412,12.2859618090452,0.284061924064312,"2.5th percentile"
37.9607286432161,12.2859618090452,0.319163110293193,"2.5th percentile"
38.045327638191,12.2859618090452,0.29807134198258,"2.5th percentile"
38.1299266331658,12.2859618090452,0.337935287826452,"2.5th percentile"
38.2145256281407,12.2859618090452,0.339896353056563,"2.5th percentile"
38.2991246231156,12.2859618090452,0.355439608549265,"2.5th percentile"
38.3837236180904,12.2859618090452,0.382218293165405,"2.5th percentile"
38.4683226130653,12.2859618090452,0.385902405973682,"2.5th percentile"
38.5529216080402,12.2859618090452,0.396669400532142,"2.5th percentile"
38.6375206030151,12.2859618090452,0.371486821398121,"2.5th percentile"
38.72211959799,12.2859618090452,0.388600834051777,"2.5th percentile"
38.8067185929648,12.2859618090452,0.407793332015598,"2.5th percentile"
38.8913175879397,12.2859618090452,0.414666934256626,"2.5th percentile"
38.9759165829146,12.2859618090452,0.402117093638645,"2.5th percentile"
39.0605155778894,12.2859618090452,0.427263867891909,"2.5th percentile"
39.1451145728643,12.2859618090452,0.456889946349932,"2.5th percentile"
39.2297135678392,12.2859618090452,0.431010324488424,"2.5th percentile"
39.3143125628141,12.2859618090452,0.376416154262801,"2.5th percentile"
39.3989115577889,12.2859618090452,0.386700340735349,"2.5th percentile"
39.4835105527638,12.2859618090452,0.297778962365536,"2.5th percentile"
39.5681095477387,12.2859618090452,0.240944769093625,"2.5th percentile"
39.6527085427136,12.2859618090452,0.198515191599323,"2.5th percentile"
39.7373075376884,12.2859618090452,0.185560169471216,"2.5th percentile"
39.8219065326633,12.2859618090452,0.158947018703664,"2.5th percentile"
39.9065055276382,12.2859618090452,0.174245470051066,"2.5th percentile"
39.9911045226131,12.2859618090452,0.148936647049315,"2.5th percentile"
40.0757035175879,12.2859618090452,0.122984741896367,"2.5th percentile"
40.1603025125628,12.2859618090452,0.105079946988892,"2.5th percentile"
40.2449015075377,12.2859618090452,0.0877191792920264,"2.5th percentile"
40.3295005025126,12.2859618090452,0.0814977732100289,"2.5th percentile"
40.4140994974874,12.2859618090452,0.0712857518757858,"2.5th percentile"
40.4986984924623,12.2859618090452,0.0555872124389334,"2.5th percentile"
40.5832974874372,12.2859618090452,0.0475290548478349,"2.5th percentile"
40.6678964824121,12.2859618090452,0.0407845871751832,"2.5th percentile"
40.7524954773869,12.2859618090452,0.035462237590307,"2.5th percentile"
40.8370944723618,12.2859618090452,0.0299451900308879,"2.5th percentile"
40.9216934673367,12.2859618090452,0.0245356109343725,"2.5th percentile"
41.0062924623116,12.2859618090452,0.0191456865263162,"2.5th percentile"
41.0908914572864,12.2859618090452,0.0170344173279101,"2.5th percentile"
41.1754904522613,12.2859618090452,0.0131643700774148,"2.5th percentile"
41.2600894472362,12.2859618090452,0.00964678124195293,"2.5th percentile"
41.344688442211,12.2859618090452,0.00699819987031344,"2.5th percentile"
41.4292874371859,12.2859618090452,0.00456911954226406,"2.5th percentile"
41.5138864321608,12.2859618090452,0.00340537272785214,"2.5th percentile"
41.5984854271357,12.2859618090452,0.00233473863374539,"2.5th percentile"
41.6830844221106,12.2859618090452,0.00156739733436713,"2.5th percentile"
41.7676834170854,12.2859618090452,0.00105989425149084,"2.5th percentile"
41.8522824120603,12.2859618090452,0.000707899568197543,"2.5th percentile"
41.9368814070352,12.2859618090452,0.000476215729096013,"2.5th percentile"
42.02148040201,12.2859618090452,0.000318325274535936,"2.5th percentile"
42.1060793969849,12.2859618090452,0.00020855421301362,"2.5th percentile"
35.5919567839196,12.3539884422111,0.355779887389156,"2.5th percentile"
35.6765557788945,12.3539884422111,0.348244446488645,"2.5th percentile"
35.7611547738694,12.3539884422111,0.397894547178111,"2.5th percentile"
35.8457537688442,12.3539884422111,0.322476115389112,"2.5th percentile"
35.9303527638191,12.3539884422111,0.376904305098659,"2.5th percentile"
36.014951758794,12.3539884422111,0.37424347766997,"2.5th percentile"
36.0995507537688,12.3539884422111,0.349077530546151,"2.5th percentile"
36.1841497487437,12.3539884422111,0.335733457682919,"2.5th percentile"
36.2687487437186,12.3539884422111,0.344388828399726,"2.5th percentile"
36.3533477386935,12.3539884422111,0.330365643213297,"2.5th percentile"
36.4379467336683,12.3539884422111,0.348823628240631,"2.5th percentile"
36.5225457286432,12.3539884422111,0.337220535467793,"2.5th percentile"
36.6071447236181,12.3539884422111,0.319565501213659,"2.5th percentile"
36.691743718593,12.3539884422111,0.326273781172241,"2.5th percentile"
36.7763427135678,12.3539884422111,0.306620734941537,"2.5th percentile"
36.8609417085427,12.3539884422111,0.307833845513967,"2.5th percentile"
36.9455407035176,12.3539884422111,0.297329301680826,"2.5th percentile"
37.0301396984925,12.3539884422111,0.207540015429564,"2.5th percentile"
37.1147386934673,12.3539884422111,0.218481918133102,"2.5th percentile"
37.1993376884422,12.3539884422111,0.215846707004834,"2.5th percentile"
37.2839366834171,12.3539884422111,0.206707135284828,"2.5th percentile"
37.368535678392,12.3539884422111,0.211496347848459,"2.5th percentile"
37.4531346733668,12.3539884422111,0.218984568731166,"2.5th percentile"
37.5377336683417,12.3539884422111,0.21863325502011,"2.5th percentile"
37.6223326633166,12.3539884422111,0.247222496974709,"2.5th percentile"
37.7069316582915,12.3539884422111,0.241205843093772,"2.5th percentile"
37.7915306532663,12.3539884422111,0.278565231812302,"2.5th percentile"
37.8761296482412,12.3539884422111,0.268898680548019,"2.5th percentile"
37.9607286432161,12.3539884422111,0.295533893675335,"2.5th percentile"
38.045327638191,12.3539884422111,0.276301072202865,"2.5th percentile"
38.1299266331658,12.3539884422111,0.283730750243817,"2.5th percentile"
38.2145256281407,12.3539884422111,0.346475922766453,"2.5th percentile"
38.2991246231156,12.3539884422111,0.348095049980305,"2.5th percentile"
38.3837236180904,12.3539884422111,0.365165764381316,"2.5th percentile"
38.4683226130653,12.3539884422111,0.38152821107822,"2.5th percentile"
38.5529216080402,12.3539884422111,0.379049151824459,"2.5th percentile"
38.6375206030151,12.3539884422111,0.331677998813384,"2.5th percentile"
38.72211959799,12.3539884422111,0.370860553723525,"2.5th percentile"
38.8067185929648,12.3539884422111,0.375865576541806,"2.5th percentile"
38.8913175879397,12.3539884422111,0.365457677397253,"2.5th percentile"
38.9759165829146,12.3539884422111,0.399332351063229,"2.5th percentile"
39.0605155778894,12.3539884422111,0.438652185779968,"2.5th percentile"
39.1451145728643,12.3539884422111,0.42589877263273,"2.5th percentile"
39.2297135678392,12.3539884422111,0.385427436599584,"2.5th percentile"
39.3143125628141,12.3539884422111,0.331332625766726,"2.5th percentile"
39.3989115577889,12.3539884422111,0.306415104314124,"2.5th percentile"
39.4835105527638,12.3539884422111,0.254260579346461,"2.5th percentile"
39.5681095477387,12.3539884422111,0.203467178953774,"2.5th percentile"
39.6527085427136,12.3539884422111,0.176610407249291,"2.5th percentile"
39.7373075376884,12.3539884422111,0.16129992446027,"2.5th percentile"
39.8219065326633,12.3539884422111,0.148707776540321,"2.5th percentile"
39.9065055276382,12.3539884422111,0.167943075113083,"2.5th percentile"
39.9911045226131,12.3539884422111,0.14861386062732,"2.5th percentile"
40.0757035175879,12.3539884422111,0.126275031108874,"2.5th percentile"
40.1603025125628,12.3539884422111,0.0824428584760415,"2.5th percentile"
40.2449015075377,12.3539884422111,0.080242296180944,"2.5th percentile"
40.3295005025126,12.3539884422111,0.058025844945698,"2.5th percentile"
40.4140994974874,12.3539884422111,0.055296220451645,"2.5th percentile"
40.4986984924623,12.3539884422111,0.0476349208000855,"2.5th percentile"
40.5832974874372,12.3539884422111,0.0407814381936691,"2.5th percentile"
40.6678964824121,12.3539884422111,0.0347224188425445,"2.5th percentile"
40.7524954773869,12.3539884422111,0.0303232772628209,"2.5th percentile"
40.8370944723618,12.3539884422111,0.0257880907408864,"2.5th percentile"
40.9216934673367,12.3539884422111,0.0209546728884028,"2.5th percentile"
41.0062924623116,12.3539884422111,0.0176826283850189,"2.5th percentile"
41.0908914572864,12.3539884422111,0.0141609581094374,"2.5th percentile"
41.1754904522613,12.3539884422111,0.0121082423726148,"2.5th percentile"
41.2600894472362,12.3539884422111,0.00894124687781924,"2.5th percentile"
41.344688442211,12.3539884422111,0.00641438531471198,"2.5th percentile"
41.4292874371859,12.3539884422111,0.004558611247477,"2.5th percentile"
41.5138864321608,12.3539884422111,0.00322052305192909,"2.5th percentile"
41.5984854271357,12.3539884422111,0.00223119131398648,"2.5th percentile"
41.6830844221106,12.3539884422111,0.00150637135822665,"2.5th percentile"
41.7676834170854,12.3539884422111,0.00103170336819869,"2.5th percentile"
41.8522824120603,12.3539884422111,0.000688082631229393,"2.5th percentile"
41.9368814070352,12.3539884422111,0.000464885373794167,"2.5th percentile"
42.02148040201,12.3539884422111,0.000310728747740678,"2.5th percentile"
42.1060793969849,12.3539884422111,0.000206249171625239,"2.5th percentile"
42.1906783919598,12.3539884422111,0.000137643838601204,"2.5th percentile"
35.6765557788945,12.4220150753769,0.348476931880177,"2.5th percentile"
35.7611547738694,12.4220150753769,0.393831782363421,"2.5th percentile"
35.8457537688442,12.4220150753769,0.383602910043218,"2.5th percentile"
35.9303527638191,12.4220150753769,0.377237680223664,"2.5th percentile"
36.014951758794,12.4220150753769,0.334394979828824,"2.5th percentile"
36.0995507537688,12.4220150753769,0.358613844861049,"2.5th percentile"
36.1841497487437,12.4220150753769,0.380193833815309,"2.5th percentile"
36.2687487437186,12.4220150753769,0.348360788502612,"2.5th percentile"
36.3533477386935,12.4220150753769,0.352679318983071,"2.5th percentile"
36.4379467336683,12.4220150753769,0.340420384956549,"2.5th percentile"
36.5225457286432,12.4220150753769,0.349470198210474,"2.5th percentile"
36.6071447236181,12.4220150753769,0.309073405172147,"2.5th percentile"
36.691743718593,12.4220150753769,0.345875461142002,"2.5th percentile"
36.7763427135678,12.4220150753769,0.303778745875911,"2.5th percentile"
36.8609417085427,12.4220150753769,0.292303359369202,"2.5th percentile"
36.9455407035176,12.4220150753769,0.269707892329214,"2.5th percentile"
37.0301396984925,12.4220150753769,0.207099516237787,"2.5th percentile"
37.1147386934673,12.4220150753769,0.222117209405107,"2.5th percentile"
37.1993376884422,12.4220150753769,0.224805118952134,"2.5th percentile"
37.2839366834171,12.4220150753769,0.211305789878072,"2.5th percentile"
37.368535678392,12.4220150753769,0.203822987819041,"2.5th percentile"
37.4531346733668,12.4220150753769,0.210236674090677,"2.5th percentile"
37.5377336683417,12.4220150753769,0.222630779675037,"2.5th percentile"
37.6223326633166,12.4220150753769,0.239022980269459,"2.5th percentile"
37.7069316582915,12.4220150753769,0.238367654571614,"2.5th percentile"
37.7915306532663,12.4220150753769,0.227117064393996,"2.5th percentile"
37.8761296482412,12.4220150753769,0.27025885634096,"2.5th percentile"
37.9607286432161,12.4220150753769,0.303632966907177,"2.5th percentile"
38.045327638191,12.4220150753769,0.290432368032371,"2.5th percentile"
38.1299266331658,12.4220150753769,0.288509462657808,"2.5th percentile"
38.2145256281407,12.4220150753769,0.343634343412205,"2.5th percentile"
38.2991246231156,12.4220150753769,0.353579151739476,"2.5th percentile"
38.3837236180904,12.4220150753769,0.371884887416129,"2.5th percentile"
38.4683226130653,12.4220150753769,0.382718026553012,"2.5th percentile"
38.5529216080402,12.4220150753769,0.362268377039376,"2.5th percentile"
38.6375206030151,12.4220150753769,0.38496435947034,"2.5th percentile"
38.72211959799,12.4220150753769,0.357774933676047,"2.5th percentile"
38.8067185929648,12.4220150753769,0.377669588190113,"2.5th percentile"
38.8913175879397,12.4220150753769,0.349500888201207,"2.5th percentile"
38.9759165829146,12.4220150753769,0.393107382577952,"2.5th percentile"
39.0605155778894,12.4220150753769,0.400827774414669,"2.5th percentile"
39.1451145728643,12.4220150753769,0.383874536119969,"2.5th percentile"
39.2297135678392,12.4220150753769,0.385990967798545,"2.5th percentile"
39.3143125628141,12.4220150753769,0.308484114731046,"2.5th percentile"
39.3989115577889,12.4220150753769,0.334954648856024,"2.5th percentile"
39.4835105527638,12.4220150753769,0.236424650817962,"2.5th percentile"
39.5681095477387,12.4220150753769,0.193747716426896,"2.5th percentile"
39.6527085427136,12.4220150753769,0.150480514129083,"2.5th percentile"
39.7373075376884,12.4220150753769,0.14733595590234,"2.5th percentile"
39.8219065326633,12.4220150753769,0.125311123816185,"2.5th percentile"
39.9065055276382,12.4220150753769,0.123710039997669,"2.5th percentile"
39.9911045226131,12.4220150753769,0.104981185375465,"2.5th percentile"
40.0757035175879,12.4220150753769,0.0976292722068563,"2.5th percentile"
40.1603025125628,12.4220150753769,0.0747006415136416,"2.5th percentile"
40.2449015075377,12.4220150753769,0.0694700245765079,"2.5th percentile"
40.3295005025126,12.4220150753769,0.0581374050003283,"2.5th percentile"
40.4140994974874,12.4220150753769,0.048472711960386,"2.5th percentile"
40.4986984924623,12.4220150753769,0.0408629825422674,"2.5th percentile"
40.5832974874372,12.4220150753769,0.0348516802997655,"2.5th percentile"
40.6678964824121,12.4220150753769,0.0305430468053584,"2.5th percentile"
40.7524954773869,12.4220150753769,0.0261890237612693,"2.5th percentile"
40.8370944723618,12.4220150753769,0.0219867770352985,"2.5th percentile"
40.9216934673367,12.4220150753769,0.0182759265811673,"2.5th percentile"
41.0062924623116,12.4220150753769,0.0145549515881982,"2.5th percentile"
41.0908914572864,12.4220150753769,0.0119667334050153,"2.5th percentile"
41.1754904522613,12.4220150753769,0.0102113668069566,"2.5th percentile"
41.2600894472362,12.4220150753769,0.00805846824762082,"2.5th percentile"
41.344688442211,12.4220150753769,0.00599228927504645,"2.5th percentile"
41.4292874371859,12.4220150753769,0.00432948824208366,"2.5th percentile"
41.5138864321608,12.4220150753769,0.00304329627802577,"2.5th percentile"
41.5984854271357,12.4220150753769,0.00212212141926658,"2.5th percentile"
41.6830844221106,12.4220150753769,0.00143977127200808,"2.5th percentile"
41.7676834170854,12.4220150753769,0.0010005426733693,"2.5th percentile"
41.8522824120603,12.4220150753769,0.000667372256629142,"2.5th percentile"
41.9368814070352,12.4220150753769,0.000451294031132397,"2.5th percentile"
42.02148040201,12.4220150753769,0.000274095340892743,"2.5th percentile"
42.1060793969849,12.4220150753769,0.00020200548067459,"2.5th percentile"
42.1906783919598,12.4220150753769,0.000134983098116396,"2.5th percentile"
35.7611547738694,12.4900417085427,0.39119738095121,"2.5th percentile"
35.8457537688442,12.4900417085427,0.363435452274481,"2.5th percentile"
35.9303527638191,12.4900417085427,0.336140627470791,"2.5th percentile"
36.014951758794,12.4900417085427,0.357841283539415,"2.5th percentile"
36.0995507537688,12.4900417085427,0.379689902762021,"2.5th percentile"
36.1841497487437,12.4900417085427,0.350156554699478,"2.5th percentile"
36.2687487437186,12.4900417085427,0.32582676523654,"2.5th percentile"
36.3533477386935,12.4900417085427,0.370250779874668,"2.5th percentile"
36.4379467336683,12.4900417085427,0.355974189479272,"2.5th percentile"
36.5225457286432,12.4900417085427,0.329199320661265,"2.5th percentile"
36.6071447236181,12.4900417085427,0.299580610322622,"2.5th percentile"
36.691743718593,12.4900417085427,0.339574236061323,"2.5th percentile"
36.7763427135678,12.4900417085427,0.323902813942639,"2.5th percentile"
36.8609417085427,12.4900417085427,0.299155895022493,"2.5th percentile"
36.9455407035176,12.4900417085427,0.290275692657927,"2.5th percentile"
37.0301396984925,12.4900417085427,0.207710614870641,"2.5th percentile"
37.1147386934673,12.4900417085427,0.230211228375395,"2.5th percentile"
37.1993376884422,12.4900417085427,0.231869548266223,"2.5th percentile"
37.2839366834171,12.4900417085427,0.212906556287,"2.5th percentile"
37.368535678392,12.4900417085427,0.204951762457114,"2.5th percentile"
37.4531346733668,12.4900417085427,0.213459548363005,"2.5th percentile"
37.5377336683417,12.4900417085427,0.221506791442991,"2.5th percentile"
37.6223326633166,12.4900417085427,0.228339086966576,"2.5th percentile"
37.7069316582915,12.4900417085427,0.276591052198867,"2.5th percentile"
37.7915306532663,12.4900417085427,0.224190083451701,"2.5th percentile"
37.8761296482412,12.4900417085427,0.255196948976924,"2.5th percentile"
37.9607286432161,12.4900417085427,0.298200300786937,"2.5th percentile"
38.045327638191,12.4900417085427,0.293223338433936,"2.5th percentile"
38.1299266331658,12.4900417085427,0.290417424771743,"2.5th percentile"
38.2145256281407,12.4900417085427,0.302463648624017,"2.5th percentile"
38.2991246231156,12.4900417085427,0.350238100643618,"2.5th percentile"
38.3837236180904,12.4900417085427,0.361831847368838,"2.5th percentile"
38.4683226130653,12.4900417085427,0.364725075714073,"2.5th percentile"
38.5529216080402,12.4900417085427,0.392930054411667,"2.5th percentile"
38.6375206030151,12.4900417085427,0.376974235293984,"2.5th percentile"
38.72211959799,12.4900417085427,0.376463951315623,"2.5th percentile"
38.8067185929648,12.4900417085427,0.365595987295002,"2.5th percentile"
38.8913175879397,12.4900417085427,0.357643610906997,"2.5th percentile"
38.9759165829146,12.4900417085427,0.385123391187837,"2.5th percentile"
39.0605155778894,12.4900417085427,0.372706579759305,"2.5th percentile"
39.1451145728643,12.4900417085427,0.383658846028407,"2.5th percentile"
39.2297135678392,12.4900417085427,0.331269451464409,"2.5th percentile"
39.3143125628141,12.4900417085427,0.323205169770748,"2.5th percentile"
39.3989115577889,12.4900417085427,0.261853006031295,"2.5th percentile"
39.4835105527638,12.4900417085427,0.223307432515919,"2.5th percentile"
39.5681095477387,12.4900417085427,0.166751225944405,"2.5th percentile"
39.6527085427136,12.4900417085427,0.127506136404963,"2.5th percentile"
39.7373075376884,12.4900417085427,0.14510969880034,"2.5th percentile"
39.8219065326633,12.4900417085427,0.110165831149211,"2.5th percentile"
39.9065055276382,12.4900417085427,0.110321031871606,"2.5th percentile"
39.9911045226131,12.4900417085427,0.102323198403573,"2.5th percentile"
40.0757035175879,12.4900417085427,0.0816872957559732,"2.5th percentile"
40.1603025125628,12.4900417085427,0.0708747016975844,"2.5th percentile"
40.2449015075377,12.4900417085427,0.06221457553859,"2.5th percentile"
40.3295005025126,12.4900417085427,0.0496138241723218,"2.5th percentile"
40.4140994974874,12.4900417085427,0.0413494003662483,"2.5th percentile"
40.4986984924623,12.4900417085427,0.0351002820738193,"2.5th percentile"
40.5832974874372,12.4900417085427,0.0297291643718164,"2.5th percentile"
40.6678964824121,12.4900417085427,0.0259541944195798,"2.5th percentile"
40.7524954773869,12.4900417085427,0.0226053809928032,"2.5th percentile"
40.8370944723618,12.4900417085427,0.0201891320789857,"2.5th percentile"
40.9216934673367,12.4900417085427,0.0155326494464001,"2.5th percentile"
41.0062924623116,12.4900417085427,0.0130123356051306,"2.5th percentile"
41.0908914572864,12.4900417085427,0.0107899972457928,"2.5th percentile"
41.1754904522613,12.4900417085427,0.00897164463097288,"2.5th percentile"
41.2600894472362,12.4900417085427,0.00715279877186074,"2.5th percentile"
41.344688442211,12.4900417085427,0.00536726175495763,"2.5th percentile"
41.4292874371859,12.4900417085427,0.00400015420941408,"2.5th percentile"
41.5138864321608,12.4900417085427,0.00285236630085906,"2.5th percentile"
41.5984854271357,12.4900417085427,0.00200796264487608,"2.5th percentile"
41.6830844221106,12.4900417085427,0.00139644271457836,"2.5th percentile"
41.7676834170854,12.4900417085427,0.000934818693636438,"2.5th percentile"
41.8522824120603,12.4900417085427,0.000647002674227423,"2.5th percentile"
41.9368814070352,12.4900417085427,0.000431454478705075,"2.5th percentile"
42.02148040201,12.4900417085427,0.000294620851764874,"2.5th percentile"
42.1060793969849,12.4900417085427,0.000197869053817231,"2.5th percentile"
42.1906783919598,12.4900417085427,0.000129453872997227,"2.5th percentile"
42.2752773869347,12.4900417085427,8.8181985480444e-05,"2.5th percentile"
35.8457537688442,12.5580683417085,0.354965636443622,"2.5th percentile"
35.9303527638191,12.5580683417085,0.376113180500342,"2.5th percentile"
36.014951758794,12.5580683417085,0.377269211498053,"2.5th percentile"
36.0995507537688,12.5580683417085,0.378564828144382,"2.5th percentile"
36.1841497487437,12.5580683417085,0.356044894651325,"2.5th percentile"
36.2687487437186,12.5580683417085,0.35004300606165,"2.5th percentile"
36.3533477386935,12.5580683417085,0.335633796381259,"2.5th percentile"
36.4379467336683,12.5580683417085,0.36819306576714,"2.5th percentile"
36.5225457286432,12.5580683417085,0.316933730464793,"2.5th percentile"
36.6071447236181,12.5580683417085,0.344995632416467,"2.5th percentile"
36.691743718593,12.5580683417085,0.30152458624625,"2.5th percentile"
36.7763427135678,12.5580683417085,0.298868122476906,"2.5th percentile"
36.8609417085427,12.5580683417085,0.296915879217395,"2.5th percentile"
36.9455407035176,12.5580683417085,0.275548592418633,"2.5th percentile"
37.0301396984925,12.5580683417085,0.208544777822995,"2.5th percentile"
37.1147386934673,12.5580683417085,0.196715154615047,"2.5th percentile"
37.1993376884422,12.5580683417085,0.212832666873959,"2.5th percentile"
37.2839366834171,12.5580683417085,0.206633411193115,"2.5th percentile"
37.368535678392,12.5580683417085,0.20759704988197,"2.5th percentile"
37.4531346733668,12.5580683417085,0.211202799653151,"2.5th percentile"
37.5377336683417,12.5580683417085,0.234636294314107,"2.5th percentile"
37.6223326633166,12.5580683417085,0.266948559676775,"2.5th percentile"
37.7069316582915,12.5580683417085,0.243993520159598,"2.5th percentile"
37.7915306532663,12.5580683417085,0.253156759281624,"2.5th percentile"
37.8761296482412,12.5580683417085,0.281597951313396,"2.5th percentile"
37.9607286432161,12.5580683417085,0.300185692398002,"2.5th percentile"
38.045327638191,12.5580683417085,0.277902357537421,"2.5th percentile"
38.1299266331658,12.5580683417085,0.312768916187217,"2.5th percentile"
38.2145256281407,12.5580683417085,0.316318216562833,"2.5th percentile"
38.2991246231156,12.5580683417085,0.320855126008612,"2.5th percentile"
38.3837236180904,12.5580683417085,0.371878577810833,"2.5th percentile"
38.4683226130653,12.5580683417085,0.376916561828551,"2.5th percentile"
38.5529216080402,12.5580683417085,0.396990056215453,"2.5th percentile"
38.6375206030151,12.5580683417085,0.404017396831301,"2.5th percentile"
38.72211959799,12.5580683417085,0.398029777640359,"2.5th percentile"
38.8067185929648,12.5580683417085,0.359551780645775,"2.5th percentile"
38.8913175879397,12.5580683417085,0.36847605685875,"2.5th percentile"
38.9759165829146,12.5580683417085,0.359207966546304,"2.5th percentile"
39.0605155778894,12.5580683417085,0.362967977650159,"2.5th percentile"
39.1451145728643,12.5580683417085,0.360741791156075,"2.5th percentile"
39.2297135678392,12.5580683417085,0.308383008560533,"2.5th percentile"
39.3143125628141,12.5580683417085,0.28100772763013,"2.5th percentile"
39.3989115577889,12.5580683417085,0.234060480286581,"2.5th percentile"
39.4835105527638,12.5580683417085,0.191891726528081,"2.5th percentile"
39.5681095477387,12.5580683417085,0.147933422674601,"2.5th percentile"
39.6527085427136,12.5580683417085,0.122020796160256,"2.5th percentile"
39.7373075376884,12.5580683417085,0.111404715642034,"2.5th percentile"
39.8219065326633,12.5580683417085,0.0949773118210165,"2.5th percentile"
39.9065055276382,12.5580683417085,0.0889800250884817,"2.5th percentile"
39.9911045226131,12.5580683417085,0.0927345588781007,"2.5th percentile"
40.0757035175879,12.5580683417085,0.0811394016392733,"2.5th percentile"
40.1603025125628,12.5580683417085,0.0638529928024101,"2.5th percentile"
40.2449015075377,12.5580683417085,0.0541056219442006,"2.5th percentile"
40.3295005025126,12.5580683417085,0.0347638360897198,"2.5th percentile"
40.4140994974874,12.5580683417085,0.035071839279647,"2.5th percentile"
40.4986984924623,12.5580683417085,0.0280648962014723,"2.5th percentile"
40.5832974874372,12.5580683417085,0.0256839677475576,"2.5th percentile"
40.6678964824121,12.5580683417085,0.0194148151671614,"2.5th percentile"
40.7524954773869,12.5580683417085,0.019212092490755,"2.5th percentile"
40.8370944723618,12.5580683417085,0.0161576860802452,"2.5th percentile"
40.9216934673367,12.5580683417085,0.013354562623041,"2.5th percentile"
41.0062924623116,12.5580683417085,0.0111554929278596,"2.5th percentile"
41.0908914572864,12.5580683417085,0.00929805477524471,"2.5th percentile"
41.1754904522613,12.5580683417085,0.00774559077438155,"2.5th percentile"
41.2600894472362,12.5580683417085,0.00630665491952316,"2.5th percentile"
41.344688442211,12.5580683417085,0.00488439323307499,"2.5th percentile"
41.4292874371859,12.5580683417085,0.00365539042452981,"2.5th percentile"
41.5138864321608,12.5580683417085,0.00265288859434461,"2.5th percentile"
41.5984854271357,12.5580683417085,0.00188386363359929,"2.5th percentile"
41.6830844221106,12.5580683417085,0.00131711935007429,"2.5th percentile"
41.7676834170854,12.5580683417085,0.000908372540898967,"2.5th percentile"
41.8522824120603,12.5580683417085,0.000622189265556806,"2.5th percentile"
41.9368814070352,12.5580683417085,0.000414417010921521,"2.5th percentile"
42.02148040201,12.5580683417085,0.000285186666907919,"2.5th percentile"
42.1060793969849,12.5580683417085,0.000192037559068658,"2.5th percentile"
42.1906783919598,12.5580683417085,0.000128437181281431,"2.5th percentile"
42.2752773869347,12.5580683417085,8.32232201614572e-05,"2.5th percentile"
35.9303527638191,12.6260949748744,0.393460364542653,"2.5th percentile"
36.014951758794,12.6260949748744,0.368974414392701,"2.5th percentile"
36.0995507537688,12.6260949748744,0.3401620918279,"2.5th percentile"
36.1841497487437,12.6260949748744,0.325732001099296,"2.5th percentile"
36.2687487437186,12.6260949748744,0.357340325175209,"2.5th percentile"
36.3533477386935,12.6260949748744,0.324406746467505,"2.5th percentile"
36.4379467336683,12.6260949748744,0.327385763460011,"2.5th percentile"
36.5225457286432,12.6260949748744,0.343642819023219,"2.5th percentile"
36.6071447236181,12.6260949748744,0.322537162214287,"2.5th percentile"
36.691743718593,12.6260949748744,0.336612463494631,"2.5th percentile"
36.7763427135678,12.6260949748744,0.296723809102696,"2.5th percentile"
36.8609417085427,12.6260949748744,0.294404007629417,"2.5th percentile"
36.9455407035176,12.6260949748744,0.284367701562562,"2.5th percentile"
37.0301396984925,12.6260949748744,0.267998657231427,"2.5th percentile"
37.1147386934673,12.6260949748744,0.223170922328081,"2.5th percentile"
37.1993376884422,12.6260949748744,0.228108433396335,"2.5th percentile"
37.2839366834171,12.6260949748744,0.230104502771873,"2.5th percentile"
37.368535678392,12.6260949748744,0.224759309208368,"2.5th percentile"
37.4531346733668,12.6260949748744,0.219958701364414,"2.5th percentile"
37.5377336683417,12.6260949748744,0.234779432187045,"2.5th percentile"
37.6223326633166,12.6260949748744,0.227528612591195,"2.5th percentile"
37.7069316582915,12.6260949748744,0.258563727896797,"2.5th percentile"
37.7915306532663,12.6260949748744,0.283056038182703,"2.5th percentile"
37.8761296482412,12.6260949748744,0.276518278341628,"2.5th percentile"
37.9607286432161,12.6260949748744,0.262804584383914,"2.5th percentile"
38.045327638191,12.6260949748744,0.280414674827676,"2.5th percentile"
38.1299266331658,12.6260949748744,0.306104704115922,"2.5th percentile"
38.2145256281407,12.6260949748744,0.323878581233894,"2.5th percentile"
38.2991246231156,12.6260949748744,0.302564054145485,"2.5th percentile"
38.3837236180904,12.6260949748744,0.361036759876039,"2.5th percentile"
38.4683226130653,12.6260949748744,0.375540985400331,"2.5th percentile"
38.5529216080402,12.6260949748744,0.380476278036602,"2.5th percentile"
38.6375206030151,12.6260949748744,0.385599576886883,"2.5th percentile"
38.72211959799,12.6260949748744,0.393061242266691,"2.5th percentile"
38.8067185929648,12.6260949748744,0.382292158587547,"2.5th percentile"
38.8913175879397,12.6260949748744,0.407872602930306,"2.5th percentile"
38.9759165829146,12.6260949748744,0.40148866827518,"2.5th percentile"
39.0605155778894,12.6260949748744,0.342713910328772,"2.5th percentile"
39.1451145728643,12.6260949748744,0.320832231252612,"2.5th percentile"
39.2297135678392,12.6260949748744,0.272586091783209,"2.5th percentile"
39.3143125628141,12.6260949748744,0.229026122521328,"2.5th percentile"
39.3989115577889,12.6260949748744,0.222008700226656,"2.5th percentile"
39.4835105527638,12.6260949748744,0.175034262344703,"2.5th percentile"
39.5681095477387,12.6260949748744,0.130384549353431,"2.5th percentile"
39.6527085427136,12.6260949748744,0.109635592030351,"2.5th percentile"
39.7373075376884,12.6260949748744,0.0889848648957916,"2.5th percentile"
39.8219065326633,12.6260949748744,0.0792514804171451,"2.5th percentile"
39.9065055276382,12.6260949748744,0.0742214491244809,"2.5th percentile"
39.9911045226131,12.6260949748744,0.074427796722536,"2.5th percentile"
40.0757035175879,12.6260949748744,0.0672619430525701,"2.5th percentile"
40.1603025125628,12.6260949748744,0.0539392904669534,"2.5th percentile"
40.2449015075377,12.6260949748744,0.0363451723604137,"2.5th percentile"
40.3295005025126,12.6260949748744,0.0288773488786505,"2.5th percentile"
40.4140994974874,12.6260949748744,0.0301979931450229,"2.5th percentile"
40.4986984924623,12.6260949748744,0.0233665516279474,"2.5th percentile"
40.5832974874372,12.6260949748744,0.0216746391646015,"2.5th percentile"
40.6678964824121,12.6260949748744,0.0193629568139207,"2.5th percentile"
40.7524954773869,12.6260949748744,0.0162809067142597,"2.5th percentile"
40.8370944723618,12.6260949748744,0.0137633812580119,"2.5th percentile"
40.9216934673367,12.6260949748744,0.0114737453574929,"2.5th percentile"
41.0062924623116,12.6260949748744,0.00953662475604417,"2.5th percentile"
41.0908914572864,12.6260949748744,0.00792857820232517,"2.5th percentile"
41.1754904522613,12.6260949748744,0.00661587506181978,"2.5th percentile"
41.2600894472362,12.6260949748744,0.00548185377354126,"2.5th percentile"
41.344688442211,12.6260949748744,0.00434519773812325,"2.5th percentile"
41.4292874371859,12.6260949748744,0.00330525608844333,"2.5th percentile"
41.5138864321608,12.6260949748744,0.00243882803010254,"2.5th percentile"
41.5984854271357,12.6260949748744,0.00175587668333405,"2.5th percentile"
41.6830844221106,12.6260949748744,0.00124135342020809,"2.5th percentile"
41.7676834170854,12.6260949748744,0.000863895234220339,"2.5th percentile"
41.8522824120603,12.6260949748744,0.00059429913542057,"2.5th percentile"
41.9368814070352,12.6260949748744,0.000400663020895341,"2.5th percentile"
42.02148040201,12.6260949748744,0.000272830437792016,"2.5th percentile"
42.1060793969849,12.6260949748744,0.00018418799582016,"2.5th percentile"
42.1906783919598,12.6260949748744,9.69477837367064e-05,"2.5th percentile"
35.9303527638191,12.6941216080402,0.37112309503675,"2.5th percentile"
36.014951758794,12.6941216080402,0.369918243130823,"2.5th percentile"
36.0995507537688,12.6941216080402,0.349060846740897,"2.5th percentile"
36.1841497487437,12.6941216080402,0.323383985173198,"2.5th percentile"
36.2687487437186,12.6941216080402,0.330994976615385,"2.5th percentile"
36.3533477386935,12.6941216080402,0.34229303170467,"2.5th percentile"
36.4379467336683,12.6941216080402,0.310288365249015,"2.5th percentile"
36.5225457286432,12.6941216080402,0.360372167230827,"2.5th percentile"
36.6071447236181,12.6941216080402,0.344959739431943,"2.5th percentile"
36.691743718593,12.6941216080402,0.328739778698834,"2.5th percentile"
36.7763427135678,12.6941216080402,0.323276130039647,"2.5th percentile"
36.8609417085427,12.6941216080402,0.314172077035068,"2.5th percentile"
36.9455407035176,12.6941216080402,0.321082145069223,"2.5th percentile"
37.0301396984925,12.6941216080402,0.313024755397525,"2.5th percentile"
37.1147386934673,12.6941216080402,0.288987317267293,"2.5th percentile"
37.1993376884422,12.6941216080402,0.261242219267942,"2.5th percentile"
37.2839366834171,12.6941216080402,0.256882231017527,"2.5th percentile"
37.368535678392,12.6941216080402,0.216485011567777,"2.5th percentile"
37.4531346733668,12.6941216080402,0.20919989428623,"2.5th percentile"
37.5377336683417,12.6941216080402,0.226741471216277,"2.5th percentile"
37.6223326633166,12.6941216080402,0.21811561230876,"2.5th percentile"
37.7069316582915,12.6941216080402,0.222984580609661,"2.5th percentile"
37.7915306532663,12.6941216080402,0.278564748515906,"2.5th percentile"
37.8761296482412,12.6941216080402,0.301082032688505,"2.5th percentile"
37.9607286432161,12.6941216080402,0.328994273563967,"2.5th percentile"
38.045327638191,12.6941216080402,0.329984381576224,"2.5th percentile"
38.1299266331658,12.6941216080402,0.322163209008137,"2.5th percentile"
38.2145256281407,12.6941216080402,0.333612577150793,"2.5th percentile"
38.2991246231156,12.6941216080402,0.337004054733482,"2.5th percentile"
38.3837236180904,12.6941216080402,0.35467617529273,"2.5th percentile"
38.4683226130653,12.6941216080402,0.36379603490122,"2.5th percentile"
38.5529216080402,12.6941216080402,0.365847232610879,"2.5th percentile"
38.6375206030151,12.6941216080402,0.359912330418353,"2.5th percentile"
38.72211959799,12.6941216080402,0.371849482196015,"2.5th percentile"
38.8067185929648,12.6941216080402,0.382203057126791,"2.5th percentile"
38.8913175879397,12.6941216080402,0.36759966288102,"2.5th percentile"
38.9759165829146,12.6941216080402,0.333220289286163,"2.5th percentile"
39.0605155778894,12.6941216080402,0.327229997895064,"2.5th percentile"
39.1451145728643,12.6941216080402,0.307636386123867,"2.5th percentile"
39.2297135678392,12.6941216080402,0.233292574732513,"2.5th percentile"
39.3143125628141,12.6941216080402,0.20633066147163,"2.5th percentile"
39.3989115577889,12.6941216080402,0.188524715796505,"2.5th percentile"
39.4835105527638,12.6941216080402,0.163818042965751,"2.5th percentile"
39.5681095477387,12.6941216080402,0.1137567473388,"2.5th percentile"
39.6527085427136,12.6941216080402,0.0933645941829618,"2.5th percentile"
39.7373075376884,12.6941216080402,0.0771691371151318,"2.5th percentile"
39.8219065326633,12.6941216080402,0.0817722911461152,"2.5th percentile"
39.9065055276382,12.6941216080402,0.0729182132610851,"2.5th percentile"
39.9911045226131,12.6941216080402,0.0624269485831818,"2.5th percentile"
40.0757035175879,12.6941216080402,0.0508444693010317,"2.5th percentile"
40.1603025125628,12.6941216080402,0.0476554037952666,"2.5th percentile"
40.2449015075377,12.6941216080402,0.0324208700911018,"2.5th percentile"
40.3295005025126,12.6941216080402,0.0246171920684921,"2.5th percentile"
40.4140994974874,12.6941216080402,0.0262518996561138,"2.5th percentile"
40.4986984924623,12.6941216080402,0.0222910909343936,"2.5th percentile"
40.5832974874372,12.6941216080402,0.0186556561280403,"2.5th percentile"
40.6678964824121,12.6941216080402,0.0167787932858772,"2.5th percentile"
40.7524954773869,12.6941216080402,0.0148945336347767,"2.5th percentile"
40.8370944723618,12.6941216080402,0.0117487164616673,"2.5th percentile"
40.9216934673367,12.6941216080402,0.0097982429620292,"2.5th percentile"
41.0062924623116,12.6941216080402,0.00815872724446357,"2.5th percentile"
41.0908914572864,12.6941216080402,0.00678472171335133,"2.5th percentile"
41.1754904522613,12.6941216080402,0.00564380431861634,"2.5th percentile"
41.2600894472362,12.6941216080402,0.00470173260525809,"2.5th percentile"
41.344688442211,12.6941216080402,0.00381269975032755,"2.5th percentile"
41.4292874371859,12.6941216080402,0.00296313245023857,"2.5th percentile"
41.5138864321608,12.6941216080402,0.00222382759105,"2.5th percentile"
41.5984854271357,12.6941216080402,0.00167152039587049,"2.5th percentile"
41.6830844221106,12.6941216080402,0.00116128664786247,"2.5th percentile"
41.7676834170854,12.6941216080402,0.000812890926188573,"2.5th percentile"
41.8522824120603,12.6941216080402,0.000564832356380847,"2.5th percentile"
41.9368814070352,12.6941216080402,0.000380930154326623,"2.5th percentile"
42.02148040201,12.6941216080402,0.000263166835940955,"2.5th percentile"
42.1060793969849,12.6941216080402,0.000179357809803352,"2.5th percentile"
42.1906783919598,12.6941216080402,0.000120244237298189,"2.5th percentile"
36.014951758794,12.762148241206,0.376715412836148,"2.5th percentile"
36.0995507537688,12.762148241206,0.3641967633231,"2.5th percentile"
36.1841497487437,12.762148241206,0.348416191096843,"2.5th percentile"
36.2687487437186,12.762148241206,0.348280136770234,"2.5th percentile"
36.3533477386935,12.762148241206,0.327227542528627,"2.5th percentile"
36.4379467336683,12.762148241206,0.353806618089841,"2.5th percentile"
36.5225457286432,12.762148241206,0.3493414032924,"2.5th percentile"
36.6071447236181,12.762148241206,0.353453368818619,"2.5th percentile"
36.691743718593,12.762148241206,0.332795886099647,"2.5th percentile"
36.7763427135678,12.762148241206,0.299896957035453,"2.5th percentile"
36.8609417085427,12.762148241206,0.339881503477004,"2.5th percentile"
36.9455407035176,12.762148241206,0.320532669018961,"2.5th percentile"
37.0301396984925,12.762148241206,0.278576622034102,"2.5th percentile"
37.1147386934673,12.762148241206,0.293439090798949,"2.5th percentile"
37.1993376884422,12.762148241206,0.291645994167148,"2.5th percentile"
37.2839366834171,12.762148241206,0.275690688307518,"2.5th percentile"
37.368535678392,12.762148241206,0.233591729713418,"2.5th percentile"
37.4531346733668,12.762148241206,0.224414788921786,"2.5th percentile"
37.5377336683417,12.762148241206,0.24341113035426,"2.5th percentile"
37.6223326633166,12.762148241206,0.222200038498019,"2.5th percentile"
37.7069316582915,12.762148241206,0.213654084158417,"2.5th percentile"
37.7915306532663,12.762148241206,0.230638322343637,"2.5th percentile"
37.8761296482412,12.762148241206,0.280948173667553,"2.5th percentile"
37.9607286432161,12.762148241206,0.311183195588057,"2.5th percentile"
38.045327638191,12.762148241206,0.331132317935519,"2.5th percentile"
38.1299266331658,12.762148241206,0.338604259932938,"2.5th percentile"
38.2145256281407,12.762148241206,0.343544750653551,"2.5th percentile"
38.2991246231156,12.762148241206,0.35687329091866,"2.5th percentile"
38.3837236180904,12.762148241206,0.354050929022913,"2.5th percentile"
38.4683226130653,12.762148241206,0.351556369667054,"2.5th percentile"
38.5529216080402,12.762148241206,0.361992342554124,"2.5th percentile"
38.6375206030151,12.762148241206,0.35525931444208,"2.5th percentile"
38.72211959799,12.762148241206,0.347468790793349,"2.5th percentile"
38.8067185929648,12.762148241206,0.356143588258872,"2.5th percentile"
38.8913175879397,12.762148241206,0.368572122340929,"2.5th percentile"
38.9759165829146,12.762148241206,0.347527933613948,"2.5th percentile"
39.0605155778894,12.762148241206,0.314206570405936,"2.5th percentile"
39.1451145728643,12.762148241206,0.266605663484922,"2.5th percentile"
39.2297135678392,12.762148241206,0.229436978109908,"2.5th percentile"
39.3143125628141,12.762148241206,0.177708249858619,"2.5th percentile"
39.3989115577889,12.762148241206,0.169697628558159,"2.5th percentile"
39.4835105527638,12.762148241206,0.136612783012355,"2.5th percentile"
39.5681095477387,12.762148241206,0.0982625715591024,"2.5th percentile"
39.6527085427136,12.762148241206,0.0741890325270719,"2.5th percentile"
39.7373075376884,12.762148241206,0.066653946324253,"2.5th percentile"
39.8219065326633,12.762148241206,0.068769146035085,"2.5th percentile"
39.9065055276382,12.762148241206,0.0643750393427445,"2.5th percentile"
39.9911045226131,12.762148241206,0.0573333558578345,"2.5th percentile"
40.0757035175879,12.762148241206,0.043039560834157,"2.5th percentile"
40.1603025125628,12.762148241206,0.0408991191469972,"2.5th percentile"
40.2449015075377,12.762148241206,0.0343521930780582,"2.5th percentile"
40.3295005025126,12.762148241206,0.0232744600742879,"2.5th percentile"
40.4140994974874,12.762148241206,0.0225912288151928,"2.5th percentile"
40.4986984924623,12.762148241206,0.0184609088036189,"2.5th percentile"
40.5832974874372,12.762148241206,0.0156783439513609,"2.5th percentile"
40.6678964824121,12.762148241206,0.0143809921684297,"2.5th percentile"
40.7524954773869,12.762148241206,0.0118908954369186,"2.5th percentile"
40.8370944723618,12.762148241206,0.0100264660330272,"2.5th percentile"
40.9216934673367,12.762148241206,0.00835403184336149,"2.5th percentile"
41.0062924623116,12.762148241206,0.00695844214840129,"2.5th percentile"
41.0908914572864,12.762148241206,0.0057914101044322,"2.5th percentile"
41.1754904522613,12.762148241206,0.00481498194529814,"2.5th percentile"
41.2600894472362,12.762148241206,0.00399907911525375,"2.5th percentile"
41.344688442211,12.762148241206,0.00330964536383279,"2.5th percentile"
41.4292874371859,12.762148241206,0.00262655209294989,"2.5th percentile"
41.5138864321608,12.762148241206,0.00200359200769738,"2.5th percentile"
41.5984854271357,12.762148241206,0.00148640373186556,"2.5th percentile"
41.6830844221106,12.762148241206,0.00107572973076021,"2.5th percentile"
41.7676834170854,12.762148241206,0.000763784180238228,"2.5th percentile"
41.8522824120603,12.762148241206,0.000533955554806047,"2.5th percentile"
41.9368814070352,12.762148241206,0.00036529087997384,"2.5th percentile"
42.02148040201,12.762148241206,0.000243859349148666,"2.5th percentile"
42.1060793969849,12.762148241206,0.000171429118872532,"2.5th percentile"
36.014951758794,12.8301748743719,0.365774553612297,"2.5th percentile"
36.0995507537688,12.8301748743719,0.379294504033198,"2.5th percentile"
36.1841497487437,12.8301748743719,0.357461691316653,"2.5th percentile"
36.2687487437186,12.8301748743719,0.354080006520788,"2.5th percentile"
36.3533477386935,12.8301748743719,0.357223218431216,"2.5th percentile"
36.4379467336683,12.8301748743719,0.350139353452139,"2.5th percentile"
36.5225457286432,12.8301748743719,0.351185642568483,"2.5th percentile"
36.6071447236181,12.8301748743719,0.365857479213094,"2.5th percentile"
36.691743718593,12.8301748743719,0.324132623712224,"2.5th percentile"
36.7763427135678,12.8301748743719,0.340333182052694,"2.5th percentile"
36.8609417085427,12.8301748743719,0.347190593347901,"2.5th percentile"
36.9455407035176,12.8301748743719,0.298876303735561,"2.5th percentile"
37.0301396984925,12.8301748743719,0.29120249138789,"2.5th percentile"
37.1147386934673,12.8301748743719,0.267229672852213,"2.5th percentile"
37.1993376884422,12.8301748743719,0.290422004306058,"2.5th percentile"
37.2839366834171,12.8301748743719,0.263364004966305,"2.5th percentile"
37.368535678392,12.8301748743719,0.235789921065389,"2.5th percentile"
37.4531346733668,12.8301748743719,0.224093237329237,"2.5th percentile"
37.5377336683417,12.8301748743719,0.234240653839652,"2.5th percentile"
37.6223326633166,12.8301748743719,0.238726901032688,"2.5th percentile"
37.7069316582915,12.8301748743719,0.216228694815496,"2.5th percentile"
37.7915306532663,12.8301748743719,0.228651444792845,"2.5th percentile"
37.8761296482412,12.8301748743719,0.293433219716884,"2.5th percentile"
37.9607286432161,12.8301748743719,0.318593274954625,"2.5th percentile"
38.045327638191,12.8301748743719,0.316808181072382,"2.5th percentile"
38.1299266331658,12.8301748743719,0.330779757600431,"2.5th percentile"
38.2145256281407,12.8301748743719,0.335790975519489,"2.5th percentile"
38.2991246231156,12.8301748743719,0.33906155504108,"2.5th percentile"
38.3837236180904,12.8301748743719,0.349345584931191,"2.5th percentile"
38.4683226130653,12.8301748743719,0.346728368224376,"2.5th percentile"
38.5529216080402,12.8301748743719,0.358082371655056,"2.5th percentile"
38.6375206030151,12.8301748743719,0.333218597493755,"2.5th percentile"
38.72211959799,12.8301748743719,0.362064643182964,"2.5th percentile"
38.8067185929648,12.8301748743719,0.356249290687978,"2.5th percentile"
38.8913175879397,12.8301748743719,0.329032049823167,"2.5th percentile"
38.9759165829146,12.8301748743719,0.307388224707166,"2.5th percentile"
39.0605155778894,12.8301748743719,0.27049047372722,"2.5th percentile"
39.1451145728643,12.8301748743719,0.257520843907434,"2.5th percentile"
39.2297135678392,12.8301748743719,0.195641551201729,"2.5th percentile"
39.3143125628141,12.8301748743719,0.155854431953996,"2.5th percentile"
39.3989115577889,12.8301748743719,0.13884439510372,"2.5th percentile"
39.4835105527638,12.8301748743719,0.119897640339459,"2.5th percentile"
39.5681095477387,12.8301748743719,0.0897346565523054,"2.5th percentile"
39.6527085427136,12.8301748743719,0.0644002671099478,"2.5th percentile"
39.7373075376884,12.8301748743719,0.0543430880557895,"2.5th percentile"
39.8219065326633,12.8301748743719,0.0615746660300866,"2.5th percentile"
39.9065055276382,12.8301748743719,0.0563787726645092,"2.5th percentile"
39.9911045226131,12.8301748743719,0.0485407866742288,"2.5th percentile"
40.0757035175879,12.8301748743719,0.0375743263733763,"2.5th percentile"
40.1603025125628,12.8301748743719,0.0351995022199294,"2.5th percentile"
40.2449015075377,12.8301748743719,0.0290481107531245,"2.5th percentile"
40.3295005025126,12.8301748743719,0.0182683814685656,"2.5th percentile"
40.4140994974874,12.8301748743719,0.0193348429194101,"2.5th percentile"
40.4986984924623,12.8301748743719,0.0164743787274629,"2.5th percentile"
40.5832974874372,12.8301748743719,0.0142039533362216,"2.5th percentile"
40.6678964824121,12.8301748743719,0.0122879940122856,"2.5th percentile"
40.7524954773869,12.8301748743719,0.0102263826593538,"2.5th percentile"
40.8370944723618,12.8301748743719,0.00852192332948034,"2.5th percentile"
40.9216934673367,12.8301748743719,0.00712101291455837,"2.5th percentile"
41.0062924623116,12.8301748743719,0.00592925519698043,"2.5th percentile"
41.0908914572864,12.8301748743719,0.00493328943552518,"2.5th percentile"
41.1754904522613,12.8301748743719,0.00410042999852584,"2.5th percentile"
41.2600894472362,12.8301748743719,0.00340584083470862,"2.5th percentile"
41.344688442211,12.8301748743719,0.00283673739965045,"2.5th percentile"
41.4292874371859,12.8301748743719,0.00229912634738728,"2.5th percentile"
41.5138864321608,12.8301748743719,0.00167804371937951,"2.5th percentile"
41.5984854271357,12.8301748743719,0.00134889048409753,"2.5th percentile"
41.6830844221106,12.8301748743719,0.000989886228623085,"2.5th percentile"
41.7676834170854,12.8301748743719,0.000711146671996392,"2.5th percentile"
41.8522824120603,12.8301748743719,0.000501625503322557,"2.5th percentile"
41.9368814070352,12.8301748743719,0.000349938824291251,"2.5th percentile"
42.02148040201,12.8301748743719,0.000241499454541356,"2.5th percentile"
36.014951758794,12.8982015075377,0.395808395884136,"2.5th percentile"
36.0995507537688,12.8982015075377,0.394135544194919,"2.5th percentile"
36.1841497487437,12.8982015075377,0.341375100697087,"2.5th percentile"
36.2687487437186,12.8982015075377,0.339828483645539,"2.5th percentile"
36.3533477386935,12.8982015075377,0.34637111647719,"2.5th percentile"
36.4379467336683,12.8982015075377,0.347989162837444,"2.5th percentile"
36.5225457286432,12.8982015075377,0.371407262308813,"2.5th percentile"
36.6071447236181,12.8982015075377,0.359368255253309,"2.5th percentile"
36.691743718593,12.8982015075377,0.327250002473541,"2.5th percentile"
36.7763427135678,12.8982015075377,0.327275365037966,"2.5th percentile"
36.8609417085427,12.8982015075377,0.331047910074083,"2.5th percentile"
36.9455407035176,12.8982015075377,0.291754234950866,"2.5th percentile"
37.0301396984925,12.8982015075377,0.280040207326838,"2.5th percentile"
37.1147386934673,12.8982015075377,0.284318566875237,"2.5th percentile"
37.1993376884422,12.8982015075377,0.30333757887866,"2.5th percentile"
37.2839366834171,12.8982015075377,0.303636394537736,"2.5th percentile"
37.368535678392,12.8982015075377,0.245097553184291,"2.5th percentile"
37.4531346733668,12.8982015075377,0.249849617157316,"2.5th percentile"
37.5377336683417,12.8982015075377,0.259663036575316,"2.5th percentile"
37.6223326633166,12.8982015075377,0.274153144760056,"2.5th percentile"
37.7069316582915,12.8982015075377,0.214386940076443,"2.5th percentile"
37.7915306532663,12.8982015075377,0.221714492221431,"2.5th percentile"
37.8761296482412,12.8982015075377,0.27783329188823,"2.5th percentile"
37.9607286432161,12.8982015075377,0.309776034333638,"2.5th percentile"
38.045327638191,12.8982015075377,0.30333183453282,"2.5th percentile"
38.1299266331658,12.8982015075377,0.316086516948289,"2.5th percentile"
38.2145256281407,12.8982015075377,0.32568901489021,"2.5th percentile"
38.2991246231156,12.8982015075377,0.317988529351483,"2.5th percentile"
38.3837236180904,12.8982015075377,0.32926081010664,"2.5th percentile"
38.4683226130653,12.8982015075377,0.351016723955979,"2.5th percentile"
38.5529216080402,12.8982015075377,0.345087487477498,"2.5th percentile"
38.6375206030151,12.8982015075377,0.286222252758485,"2.5th percentile"
38.72211959799,12.8982015075377,0.35629458718764,"2.5th percentile"
38.8067185929648,12.8982015075377,0.351425692739392,"2.5th percentile"
38.8913175879397,12.8982015075377,0.288813054019465,"2.5th percentile"
38.9759165829146,12.8982015075377,0.277383335719762,"2.5th percentile"
39.0605155778894,12.8982015075377,0.25261818563758,"2.5th percentile"
39.1451145728643,12.8982015075377,0.236440039876824,"2.5th percentile"
39.2297135678392,12.8982015075377,0.169867512522485,"2.5th percentile"
39.3143125628141,12.8982015075377,0.130009763618795,"2.5th percentile"
39.3989115577889,12.8982015075377,0.10921865628786,"2.5th percentile"
39.4835105527638,12.8982015075377,0.10330131969561,"2.5th percentile"
39.5681095477387,12.8982015075377,0.084340021541751,"2.5th percentile"
39.6527085427136,12.8982015075377,0.0606363432775651,"2.5th percentile"
39.7373075376884,12.8982015075377,0.04961750205398,"2.5th percentile"
39.8219065326633,12.8982015075377,0.057058859943311,"2.5th percentile"
39.9065055276382,12.8982015075377,0.0505220699075452,"2.5th percentile"
39.9911045226131,12.8982015075377,0.0384861594850842,"2.5th percentile"
40.0757035175879,12.8982015075377,0.0355679052915536,"2.5th percentile"
40.1603025125628,12.8982015075377,0.0302693194475349,"2.5th percentile"
40.2449015075377,12.8982015075377,0.0247766690218102,"2.5th percentile"
40.3295005025126,12.8982015075377,0.0160757651395933,"2.5th percentile"
40.4140994974874,12.8982015075377,0.0166257029730846,"2.5th percentile"
40.4986984924623,12.8982015075377,0.0140334750583236,"2.5th percentile"
40.5832974874372,12.8982015075377,0.0106276008297121,"2.5th percentile"
40.6678964824121,12.8982015075377,0.0104874826950266,"2.5th percentile"
40.7524954773869,12.8982015075377,0.00874453147035095,"2.5th percentile"
40.8370944723618,12.8982015075377,0.00729101095583992,"2.5th percentile"
40.9216934673367,12.8982015075377,0.00606969974587204,"2.5th percentile"
41.0062924623116,12.8982015075377,0.00505767596354579,"2.5th percentile"
41.0908914572864,12.8982015075377,0.00420742346835945,"2.5th percentile"
41.1754904522613,12.8982015075377,0.00349391279419332,"2.5th percentile"
41.2600894472362,12.8982015075377,0.00290189869435536,"2.5th percentile"
41.344688442211,12.8982015075377,0.00241243266376258,"2.5th percentile"
41.4292874371859,12.8982015075377,0.00199393511017309,"2.5th percentile"
41.5138864321608,12.8982015075377,0.00157387602522421,"2.5th percentile"
41.5984854271357,12.8982015075377,0.00121214242155699,"2.5th percentile"
41.6830844221106,12.8982015075377,0.000903126083393285,"2.5th percentile"
41.7676834170854,12.8982015075377,0.000657222852472983,"2.5th percentile"
41.8522824120603,12.8982015075377,0.000468637388677764,"2.5th percentile"
41.9368814070352,12.8982015075377,0.000325505168501343,"2.5th percentile"
36.0995507537688,12.9662281407035,0.36853396907387,"2.5th percentile"
36.1841497487437,12.9662281407035,0.374089605463555,"2.5th percentile"
36.2687487437186,12.9662281407035,0.344720356567919,"2.5th percentile"
36.3533477386935,12.9662281407035,0.362158565334083,"2.5th percentile"
36.4379467336683,12.9662281407035,0.329554814253523,"2.5th percentile"
36.5225457286432,12.9662281407035,0.367822763128861,"2.5th percentile"
36.6071447236181,12.9662281407035,0.338087310506884,"2.5th percentile"
36.691743718593,12.9662281407035,0.315049859319539,"2.5th percentile"
36.7763427135678,12.9662281407035,0.326576197818789,"2.5th percentile"
36.8609417085427,12.9662281407035,0.3166516009909,"2.5th percentile"
36.9455407035176,12.9662281407035,0.315585914845664,"2.5th percentile"
37.0301396984925,12.9662281407035,0.300372235422242,"2.5th percentile"
37.1147386934673,12.9662281407035,0.289091372032719,"2.5th percentile"
37.1993376884422,12.9662281407035,0.284930236438918,"2.5th percentile"
37.2839366834171,12.9662281407035,0.291957870534221,"2.5th percentile"
37.368535678392,12.9662281407035,0.262232141861104,"2.5th percentile"
37.4531346733668,12.9662281407035,0.273616409967343,"2.5th percentile"
37.5377336683417,12.9662281407035,0.270973193140924,"2.5th percentile"
37.6223326633166,12.9662281407035,0.270382062144914,"2.5th percentile"
37.7069316582915,12.9662281407035,0.226733120798147,"2.5th percentile"
37.7915306532663,12.9662281407035,0.209023924658713,"2.5th percentile"
37.8761296482412,12.9662281407035,0.224263243396366,"2.5th percentile"
37.9607286432161,12.9662281407035,0.293487367491255,"2.5th percentile"
38.045327638191,12.9662281407035,0.316562519311205,"2.5th percentile"
38.1299266331658,12.9662281407035,0.309013426438108,"2.5th percentile"
38.2145256281407,12.9662281407035,0.298251236611703,"2.5th percentile"
38.2991246231156,12.9662281407035,0.277410375206292,"2.5th percentile"
38.3837236180904,12.9662281407035,0.322299630646882,"2.5th percentile"
38.4683226130653,12.9662281407035,0.343254280667835,"2.5th percentile"
38.5529216080402,12.9662281407035,0.300740597135307,"2.5th percentile"
38.6375206030151,12.9662281407035,0.324783709688923,"2.5th percentile"
38.72211959799,12.9662281407035,0.368991425114819,"2.5th percentile"
38.8067185929648,12.9662281407035,0.332545927243504,"2.5th percentile"
38.8913175879397,12.9662281407035,0.259029082292136,"2.5th percentile"
38.9759165829146,12.9662281407035,0.253283413962594,"2.5th percentile"
39.0605155778894,12.9662281407035,0.234434563236858,"2.5th percentile"
39.1451145728643,12.9662281407035,0.187217499583769,"2.5th percentile"
39.2297135678392,12.9662281407035,0.166354375387714,"2.5th percentile"
39.3143125628141,12.9662281407035,0.115266669235641,"2.5th percentile"
39.3989115577889,12.9662281407035,0.094505901369737,"2.5th percentile"
39.4835105527638,12.9662281407035,0.0823828630656003,"2.5th percentile"
39.5681095477387,12.9662281407035,0.0797665617020192,"2.5th percentile"
39.6527085427136,12.9662281407035,0.0570702541863482,"2.5th percentile"
39.7373075376884,12.9662281407035,0.0497654884578106,"2.5th percentile"
39.8219065326633,12.9662281407035,0.0506939712667894,"2.5th percentile"
39.9065055276382,12.9662281407035,0.0439301583193425,"2.5th percentile"
39.9911045226131,12.9662281407035,0.0337020470905019,"2.5th percentile"
40.0757035175879,12.9662281407035,0.0306122252968861,"2.5th percentile"
40.1603025125628,12.9662281407035,0.0228523048397411,"2.5th percentile"
40.2449015075377,12.9662281407035,0.0212816318106451,"2.5th percentile"
40.3295005025126,12.9662281407035,0.0174845903755745,"2.5th percentile"
40.4140994974874,12.9662281407035,0.0146750245826349,"2.5th percentile"
40.4986984924623,12.9662281407035,0.0121514571601472,"2.5th percentile"
40.5832974874372,12.9662281407035,0.00998861462694423,"2.5th percentile"
40.6678964824121,12.9662281407035,0.00896001226963857,"2.5th percentile"
40.7524954773869,12.9662281407035,0.00746080790196095,"2.5th percentile"
40.8370944723618,12.9662281407035,0.00621473732015962,"2.5th percentile"
40.9216934673367,12.9662281407035,0.00517207673685241,"2.5th percentile"
41.0062924623116,12.9662281407035,0.00430598213490749,"2.5th percentile"
41.0908914572864,12.9662281407035,0.00357869288646358,"2.5th percentile"
41.1754904522613,12.9662281407035,0.00297547221312047,"2.5th percentile"
41.2600894472362,12.9662281407035,0.00247297197977566,"2.5th percentile"
41.344688442211,12.9662281407035,0.00205416254956793,"2.5th percentile"
41.4292874371859,12.9662281407035,0.00171006154766057,"2.5th percentile"
41.5138864321608,12.9662281407035,0.0013849344962695,"2.5th percentile"
41.5984854271357,12.9662281407035,0.00100110687590319,"2.5th percentile"
41.6830844221106,12.9662281407035,0.000817400135870133,"2.5th percentile"
41.7676834170854,12.9662281407035,0.000602812721737805,"2.5th percentile"
41.8522824120603,12.9662281407035,0.000434549656444752,"2.5th percentile"
41.9368814070352,12.9662281407035,0.00030696015081931,"2.5th percentile"
36.0995507537688,13.0342547738693,0.360557342943805,"2.5th percentile"
36.1841497487437,13.0342547738693,0.376134996800852,"2.5th percentile"
36.2687487437186,13.0342547738693,0.357783212564764,"2.5th percentile"
36.3533477386935,13.0342547738693,0.362142525717802,"2.5th percentile"
36.4379467336683,13.0342547738693,0.355189188507462,"2.5th percentile"
36.5225457286432,13.0342547738693,0.375675287480231,"2.5th percentile"
36.6071447236181,13.0342547738693,0.34184994196983,"2.5th percentile"
36.691743718593,13.0342547738693,0.330307725744294,"2.5th percentile"
36.7763427135678,13.0342547738693,0.352651826735331,"2.5th percentile"
36.8609417085427,13.0342547738693,0.315233876657623,"2.5th percentile"
36.9455407035176,13.0342547738693,0.33368877973287,"2.5th percentile"
37.0301396984925,13.0342547738693,0.333378762962368,"2.5th percentile"
37.1147386934673,13.0342547738693,0.290819982723798,"2.5th percentile"
37.1993376884422,13.0342547738693,0.303978317768833,"2.5th percentile"
37.2839366834171,13.0342547738693,0.281506464269699,"2.5th percentile"
37.368535678392,13.0342547738693,0.286849187094444,"2.5th percentile"
37.4531346733668,13.0342547738693,0.267175785304423,"2.5th percentile"
37.5377336683417,13.0342547738693,0.26561832270537,"2.5th percentile"
37.6223326633166,13.0342547738693,0.287270490969255,"2.5th percentile"
37.7069316582915,13.0342547738693,0.26063506214816,"2.5th percentile"
37.7915306532663,13.0342547738693,0.213193046741106,"2.5th percentile"
37.8761296482412,13.0342547738693,0.206134125147957,"2.5th percentile"
37.9607286432161,13.0342547738693,0.286494348114056,"2.5th percentile"
38.045327638191,13.0342547738693,0.268691945833622,"2.5th percentile"
38.1299266331658,13.0342547738693,0.252545747433382,"2.5th percentile"
38.2145256281407,13.0342547738693,0.266850040136887,"2.5th percentile"
38.2991246231156,13.0342547738693,0.294428832029106,"2.5th percentile"
38.3837236180904,13.0342547738693,0.300397394704713,"2.5th percentile"
38.4683226130653,13.0342547738693,0.338739858102291,"2.5th percentile"
38.5529216080402,13.0342547738693,0.341316943968369,"2.5th percentile"
38.6375206030151,13.0342547738693,0.402402651506171,"2.5th percentile"
38.72211959799,13.0342547738693,0.337270159778339,"2.5th percentile"
38.8067185929648,13.0342547738693,0.2755150322124,"2.5th percentile"
38.8913175879397,13.0342547738693,0.264395540187507,"2.5th percentile"
38.9759165829146,13.0342547738693,0.206261562012442,"2.5th percentile"
39.0605155778894,13.0342547738693,0.199054365487132,"2.5th percentile"
39.1451145728643,13.0342547738693,0.176987893348284,"2.5th percentile"
39.2297135678392,13.0342547738693,0.142457868398829,"2.5th percentile"
39.3143125628141,13.0342547738693,0.109411387789799,"2.5th percentile"
39.3989115577889,13.0342547738693,0.0913916682733383,"2.5th percentile"
39.4835105527638,13.0342547738693,0.0773684587824773,"2.5th percentile"
39.5681095477387,13.0342547738693,0.0554492810485837,"2.5th percentile"
39.6527085427136,13.0342547738693,0.0507466800891896,"2.5th percentile"
39.7373075376884,13.0342547738693,0.0398557011778781,"2.5th percentile"
39.8219065326633,13.0342547738693,0.0457139769812847,"2.5th percentile"
39.9065055276382,13.0342547738693,0.0332529075924062,"2.5th percentile"
39.9911045226131,13.0342547738693,0.0312051964840805,"2.5th percentile"
40.0757035175879,13.0342547738693,0.0267414182653201,"2.5th percentile"
40.1603025125628,13.0342547738693,0.021415238940007,"2.5th percentile"
40.2449015075377,13.0342547738693,0.0177501471911127,"2.5th percentile"
40.3295005025126,13.0342547738693,0.0150046209844878,"2.5th percentile"
40.4140994974874,13.0342547738693,0.0125857408340458,"2.5th percentile"
40.4986984924623,13.0342547738693,0.0105706140392557,"2.5th percentile"
40.5832974874372,13.0342547738693,0.00878193655076392,"2.5th percentile"
40.6678964824121,13.0342547738693,0.00761055231318231,"2.5th percentile"
40.7524954773869,13.0342547738693,0.00636214010731599,"2.5th percentile"
40.8370944723618,13.0342547738693,0.00528654423363403,"2.5th percentile"
40.9216934673367,13.0342547738693,0.00440391913601105,"2.5th percentile"
41.0062924623116,13.0342547738693,0.00366256873198262,"2.5th percentile"
41.0908914572864,13.0342547738693,0.00304409123599483,"2.5th percentile"
41.1754904522613,13.0342547738693,0.00253090449265312,"2.5th percentile"
41.2600894472362,13.0342547738693,0.00210342753998453,"2.5th percentile"
41.344688442211,13.0342547738693,0.001747487155088,"2.5th percentile"
41.4292874371859,13.0342547738693,0.00145050360202015,"2.5th percentile"
41.5138864321608,13.0342547738693,0.00119723190714939,"2.5th percentile"
41.5984854271357,13.0342547738693,0.000952511897165993,"2.5th percentile"
41.6830844221106,13.0342547738693,0.000732561412479912,"2.5th percentile"
41.7676834170854,13.0342547738693,0.000547845267397973,"2.5th percentile"
41.8522824120603,13.0342547738693,0.000399863563771602,"2.5th percentile"
36.0995507537688,13.1022814070352,0.394055259531021,"2.5th percentile"
36.1841497487437,13.1022814070352,0.368211542459934,"2.5th percentile"
36.2687487437186,13.1022814070352,0.365294119557315,"2.5th percentile"
36.3533477386935,13.1022814070352,0.355653283491686,"2.5th percentile"
36.4379467336683,13.1022814070352,0.367868772608248,"2.5th percentile"
36.5225457286432,13.1022814070352,0.367119808268444,"2.5th percentile"
36.6071447236181,13.1022814070352,0.354554753795072,"2.5th percentile"
36.691743718593,13.1022814070352,0.370429509420074,"2.5th percentile"
36.7763427135678,13.1022814070352,0.357033734085114,"2.5th percentile"
36.8609417085427,13.1022814070352,0.353160801519042,"2.5th percentile"
36.9455407035176,13.1022814070352,0.339202696590865,"2.5th percentile"
37.0301396984925,13.1022814070352,0.315833361765357,"2.5th percentile"
37.1147386934673,13.1022814070352,0.313702031713015,"2.5th percentile"
37.1993376884422,13.1022814070352,0.297936809212684,"2.5th percentile"
37.2839366834171,13.1022814070352,0.27736194316116,"2.5th percentile"
37.368535678392,13.1022814070352,0.311333568159296,"2.5th percentile"
37.4531346733668,13.1022814070352,0.305342741852809,"2.5th percentile"
37.5377336683417,13.1022814070352,0.294207959753384,"2.5th percentile"
37.6223326633166,13.1022814070352,0.277955495428185,"2.5th percentile"
37.7069316582915,13.1022814070352,0.275163706116578,"2.5th percentile"
37.7915306532663,13.1022814070352,0.248498486247063,"2.5th percentile"
37.8761296482412,13.1022814070352,0.210812782868642,"2.5th percentile"
37.9607286432161,13.1022814070352,0.245037736830312,"2.5th percentile"
38.045327638191,13.1022814070352,0.267187485715809,"2.5th percentile"
38.1299266331658,13.1022814070352,0.270713855813118,"2.5th percentile"
38.2145256281407,13.1022814070352,0.293070127103893,"2.5th percentile"
38.2991246231156,13.1022814070352,0.315725113026426,"2.5th percentile"
38.3837236180904,13.1022814070352,0.294521230122121,"2.5th percentile"
38.4683226130653,13.1022814070352,0.309151781558302,"2.5th percentile"
38.5529216080402,13.1022814070352,0.350851025786091,"2.5th percentile"
38.6375206030151,13.1022814070352,0.34439449813809,"2.5th percentile"
38.72211959799,13.1022814070352,0.370020345874758,"2.5th percentile"
38.8067185929648,13.1022814070352,0.255749405698637,"2.5th percentile"
38.8913175879397,13.1022814070352,0.23664588905291,"2.5th percentile"
38.9759165829146,13.1022814070352,0.206031615670563,"2.5th percentile"
39.0605155778894,13.1022814070352,0.183111794292301,"2.5th percentile"
39.1451145728643,13.1022814070352,0.125574555317179,"2.5th percentile"
39.2297135678392,13.1022814070352,0.12579501443091,"2.5th percentile"
39.3143125628141,13.1022814070352,0.0913363756719298,"2.5th percentile"
39.3989115577889,13.1022814070352,0.0779165954782723,"2.5th percentile"
39.4835105527638,13.1022814070352,0.0731990329175424,"2.5th percentile"
39.5681095477387,13.1022814070352,0.0484446115481557,"2.5th percentile"
39.6527085427136,13.1022814070352,0.0484114075030266,"2.5th percentile"
39.7373075376884,13.1022814070352,0.0360967808817847,"2.5th percentile"
39.8219065326633,13.1022814070352,0.0320116415306683,"2.5th percentile"
39.9065055276382,13.1022814070352,0.0318074556758879,"2.5th percentile"
39.9911045226131,13.1022814070352,0.0244072355842938,"2.5th percentile"
40.0757035175879,13.1022814070352,0.0240754338410516,"2.5th percentile"
40.1603025125628,13.1022814070352,0.0182738951249637,"2.5th percentile"
40.2449015075377,13.1022814070352,0.0150720827042926,"2.5th percentile"
40.3295005025126,13.1022814070352,0.0128270925331394,"2.5th percentile"
40.4140994974874,13.1022814070352,0.0107993848486897,"2.5th percentile"
40.4986984924623,13.1022814070352,0.00909503890849561,"2.5th percentile"
40.5832974874372,13.1022814070352,0.00743247428839352,"2.5th percentile"
40.6678964824121,13.1022814070352,0.0063744980417462,"2.5th percentile"
40.7524954773869,13.1022814070352,0.00541717640855075,"2.5th percentile"
40.8370944723618,13.1022814070352,0.00450824287569098,"2.5th percentile"
40.9216934673367,13.1022814070352,0.00374902184814984,"2.5th percentile"
41.0062924623116,13.1022814070352,0.00311700893952621,"2.5th percentile"
41.0908914572864,13.1022814070352,0.00259096423981082,"2.5th percentile"
41.1754904522613,13.1022814070352,0.00215390991202944,"2.5th percentile"
41.2600894472362,13.1022814070352,0.00178981001104999,"2.5th percentile"
41.344688442211,13.1022814070352,0.00148603381041278,"2.5th percentile"
41.4292874371859,13.1022814070352,0.00123269362553523,"2.5th percentile"
41.5138864321608,13.1022814070352,0.00102460365600204,"2.5th percentile"
41.5984854271357,13.1022814070352,0.000737829925863272,"2.5th percentile"
41.6830844221106,13.1022814070352,0.000647058622603887,"2.5th percentile"
41.7676834170854,13.1022814070352,0.000493143528661801,"2.5th percentile"
36.1841497487437,13.170308040201,0.353145466980306,"2.5th percentile"
36.2687487437186,13.170308040201,0.356989658500709,"2.5th percentile"
36.3533477386935,13.170308040201,0.361826916516273,"2.5th percentile"
36.4379467336683,13.170308040201,0.344195720036573,"2.5th percentile"
36.5225457286432,13.170308040201,0.378253245711862,"2.5th percentile"
36.6071447236181,13.170308040201,0.32379287971912,"2.5th percentile"
36.691743718593,13.170308040201,0.366628804650701,"2.5th percentile"
36.7763427135678,13.170308040201,0.370725207723731,"2.5th percentile"
36.8609417085427,13.170308040201,0.350064664919269,"2.5th percentile"
36.9455407035176,13.170308040201,0.350049044862947,"2.5th percentile"
37.0301396984925,13.170308040201,0.328342825458616,"2.5th percentile"
37.1147386934673,13.170308040201,0.301969975136387,"2.5th percentile"
37.1993376884422,13.170308040201,0.307917718468008,"2.5th percentile"
37.2839366834171,13.170308040201,0.301207554928651,"2.5th percentile"
37.368535678392,13.170308040201,0.273295424313543,"2.5th percentile"
37.4531346733668,13.170308040201,0.27484855537081,"2.5th percentile"
37.5377336683417,13.170308040201,0.280454905092718,"2.5th percentile"
37.6223326633166,13.170308040201,0.300362201503497,"2.5th percentile"
37.7069316582915,13.170308040201,0.309167227973698,"2.5th percentile"
37.7915306532663,13.170308040201,0.269739482182385,"2.5th percentile"
37.8761296482412,13.170308040201,0.228374789409466,"2.5th percentile"
37.9607286432161,13.170308040201,0.227873537978302,"2.5th percentile"
38.045327638191,13.170308040201,0.263384546538113,"2.5th percentile"
38.1299266331658,13.170308040201,0.252826505429877,"2.5th percentile"
38.2145256281407,13.170308040201,0.294111919481153,"2.5th percentile"
38.2991246231156,13.170308040201,0.31799852676693,"2.5th percentile"
38.3837236180904,13.170308040201,0.287038675500291,"2.5th percentile"
38.4683226130653,13.170308040201,0.272368643806534,"2.5th percentile"
38.5529216080402,13.170308040201,0.323886150411512,"2.5th percentile"
38.6375206030151,13.170308040201,0.297452849801398,"2.5th percentile"
38.72211959799,13.170308040201,0.339504222365114,"2.5th percentile"
38.8067185929648,13.170308040201,0.215538972602841,"2.5th percentile"
38.8913175879397,13.170308040201,0.192732518121488,"2.5th percentile"
38.9759165829146,13.170308040201,0.176951668802976,"2.5th percentile"
39.0605155778894,13.170308040201,0.149783606582569,"2.5th percentile"
39.1451145728643,13.170308040201,0.124570032236139,"2.5th percentile"
39.2297135678392,13.170308040201,0.0972278649109459,"2.5th percentile"
39.3143125628141,13.170308040201,0.0728717838786526,"2.5th percentile"
39.3989115577889,13.170308040201,0.0633640152636562,"2.5th percentile"
39.4835105527638,13.170308040201,0.0658614438951611,"2.5th percentile"
39.5681095477387,13.170308040201,0.0469379120413588,"2.5th percentile"
39.6527085427136,13.170308040201,0.0395894435317227,"2.5th percentile"
39.7373075376884,13.170308040201,0.0310636914053343,"2.5th percentile"
39.8219065326633,13.170308040201,0.0311761077331266,"2.5th percentile"
39.9065055276382,13.170308040201,0.0279671577595202,"2.5th percentile"
39.9911045226131,13.170308040201,0.0215426366163712,"2.5th percentile"
40.0757035175879,13.170308040201,0.019248706761277,"2.5th percentile"
40.1603025125628,13.170308040201,0.0161977676506777,"2.5th percentile"
40.2449015075377,13.170308040201,0.0127106649724494,"2.5th percentile"
40.3295005025126,13.170308040201,0.0111217901284618,"2.5th percentile"
40.4140994974874,13.170308040201,0.00934225525852814,"2.5th percentile"
40.4986984924623,13.170308040201,0.00779929795689012,"2.5th percentile"
40.5832974874372,13.170308040201,0.00647243313266563,"2.5th percentile"
40.6678964824121,13.170308040201,0.00553754520303514,"2.5th percentile"
40.7524954773869,13.170308040201,0.0046202706837268,"2.5th percentile"
40.8370944723618,13.170308040201,0.00384353068383555,"2.5th percentile"
40.9216934673367,13.170308040201,0.00319286452669358,"2.5th percentile"
41.0062924623116,13.170308040201,0.00265317143663437,"2.5th percentile"
41.0908914572864,13.170308040201,0.00220511448296543,"2.5th percentile"
41.1754904522613,13.170308040201,0.00183314126452383,"2.5th percentile"
41.2600894472362,13.170308040201,0.0015231924517584,"2.5th percentile"
41.344688442211,13.170308040201,0.00126384065345566,"2.5th percentile"
41.4292874371859,13.170308040201,0.00104821452990749,"2.5th percentile"
41.5138864321608,13.170308040201,0.000868770887322323,"2.5th percentile"
41.5984854271357,13.170308040201,0.000645830768009679,"2.5th percentile"
41.6830844221106,13.170308040201,0.00055842539178343,"2.5th percentile"
41.7676834170854,13.170308040201,0.000439194445654353,"2.5th percentile"
36.1841497487437,13.2383346733668,0.350841724635452,"2.5th percentile"
36.2687487437186,13.2383346733668,0.360773042476113,"2.5th percentile"
36.3533477386935,13.2383346733668,0.349700670639329,"2.5th percentile"
36.4379467336683,13.2383346733668,0.365968972329621,"2.5th percentile"
36.5225457286432,13.2383346733668,0.367367938986858,"2.5th percentile"
36.6071447236181,13.2383346733668,0.367528276828307,"2.5th percentile"
36.691743718593,13.2383346733668,0.369791836047335,"2.5th percentile"
36.7763427135678,13.2383346733668,0.369726830162897,"2.5th percentile"
36.8609417085427,13.2383346733668,0.345919845001889,"2.5th percentile"
36.9455407035176,13.2383346733668,0.34765948948813,"2.5th percentile"
37.0301396984925,13.2383346733668,0.328296355605514,"2.5th percentile"
37.1147386934673,13.2383346733668,0.330123190117268,"2.5th percentile"
37.1993376884422,13.2383346733668,0.307497815203414,"2.5th percentile"
37.2839366834171,13.2383346733668,0.306357197054725,"2.5th percentile"
37.368535678392,13.2383346733668,0.277364411697181,"2.5th percentile"
37.4531346733668,13.2383346733668,0.299302535198112,"2.5th percentile"
37.5377336683417,13.2383346733668,0.268453508629399,"2.5th percentile"
37.6223326633166,13.2383346733668,0.275116241403671,"2.5th percentile"
37.7069316582915,13.2383346733668,0.311470838828159,"2.5th percentile"
37.7915306532663,13.2383346733668,0.296532204189658,"2.5th percentile"
37.8761296482412,13.2383346733668,0.259153185208708,"2.5th percentile"
37.9607286432161,13.2383346733668,0.243360424942775,"2.5th percentile"
38.045327638191,13.2383346733668,0.282729818715233,"2.5th percentile"
38.1299266331658,13.2383346733668,0.2985639393824,"2.5th percentile"
38.2145256281407,13.2383346733668,0.327697324719391,"2.5th percentile"
38.2991246231156,13.2383346733668,0.294115843759847,"2.5th percentile"
38.3837236180904,13.2383346733668,0.318461147647454,"2.5th percentile"
38.4683226130653,13.2383346733668,0.273327855285601,"2.5th percentile"
38.5529216080402,13.2383346733668,0.29754970507363,"2.5th percentile"
38.6375206030151,13.2383346733668,0.288404068247763,"2.5th percentile"
38.72211959799,13.2383346733668,0.308724877871238,"2.5th percentile"
38.8067185929648,13.2383346733668,0.221384714686811,"2.5th percentile"
38.8913175879397,13.2383346733668,0.165984771155387,"2.5th percentile"
38.9759165829146,13.2383346733668,0.146203788860682,"2.5th percentile"
39.0605155778894,13.2383346733668,0.107638611858283,"2.5th percentile"
39.1451145728643,13.2383346733668,0.106471088952792,"2.5th percentile"
39.2297135678392,13.2383346733668,0.0791904887569941,"2.5th percentile"
39.3143125628141,13.2383346733668,0.070961825281377,"2.5th percentile"
39.3989115577889,13.2383346733668,0.0537015482433195,"2.5th percentile"
39.4835105527638,13.2383346733668,0.0423382627350006,"2.5th percentile"
39.5681095477387,13.2383346733668,0.0357641353859046,"2.5th percentile"
39.6527085427136,13.2383346733668,0.0382318878380535,"2.5th percentile"
39.7373075376884,13.2383346733668,0.0285045423280692,"2.5th percentile"
39.8219065326633,13.2383346733668,0.0278268145760142,"2.5th percentile"
39.9065055276382,13.2383346733668,0.022469551530421,"2.5th percentile"
39.9911045226131,13.2383346733668,0.0194579459114967,"2.5th percentile"
40.0757035175879,13.2383346733668,0.016361351371514,"2.5th percentile"
40.1603025125628,13.2383346733668,0.0141933525069944,"2.5th percentile"
40.2449015075377,13.2383346733668,0.0111710344694646,"2.5th percentile"
40.3295005025126,13.2383346733668,0.0095060882956414,"2.5th percentile"
40.4140994974874,13.2383346733668,0.0079666731245556,"2.5th percentile"
40.4986984924623,13.2383346733668,0.00665165575444688,"2.5th percentile"
40.5832974874372,13.2383346733668,0.00551503848354523,"2.5th percentile"
40.6678964824121,13.2383346733668,0.00471709351627905,"2.5th percentile"
40.7524954773869,13.2383346733668,0.00393464802482564,"2.5th percentile"
40.8370944723618,13.2383346733668,0.00327232194324326,"2.5th percentile"
40.9216934673367,13.2383346733668,0.00403697144236701,"2.5th percentile"
41.0062924623116,13.2383346733668,0.00225803593567897,"2.5th percentile"
41.0908914572864,13.2383346733668,0.0018763319094721,"2.5th percentile"
41.1754904522613,13.2383346733668,0.00155963716568483,"2.5th percentile"
41.2600894472362,13.2383346733668,0.00129580320179593,"2.5th percentile"
41.344688442211,13.2383346733668,0.00107505288554747,"2.5th percentile"
41.4292874371859,13.2383346733668,0.000891691293141005,"2.5th percentile"
41.5138864321608,13.2383346733668,0.000737577589553039,"2.5th percentile"
41.5984854271357,13.2383346733668,0.000495261117624604,"2.5th percentile"
41.6830844221106,13.2383346733668,0.000421085391828902,"2.5th percentile"
36.1841497487437,13.3063613065327,0.36196138821105,"2.5th percentile"
36.2687487437186,13.3063613065327,0.365595259482657,"2.5th percentile"
36.3533477386935,13.3063613065327,0.327199897687123,"2.5th percentile"
36.4379467336683,13.3063613065327,0.375201900509984,"2.5th percentile"
36.5225457286432,13.3063613065327,0.380014193997229,"2.5th percentile"
36.6071447236181,13.3063613065327,0.357228335838817,"2.5th percentile"
36.691743718593,13.3063613065327,0.378390467746312,"2.5th percentile"
36.7763427135678,13.3063613065327,0.336933413230477,"2.5th percentile"
36.8609417085427,13.3063613065327,0.357461666575755,"2.5th percentile"
36.9455407035176,13.3063613065327,0.363462814824519,"2.5th percentile"
37.0301396984925,13.3063613065327,0.32622126238596,"2.5th percentile"
37.1147386934673,13.3063613065327,0.302005382029905,"2.5th percentile"
37.1993376884422,13.3063613065327,0.32263448217794,"2.5th percentile"
37.2839366834171,13.3063613065327,0.310013955459176,"2.5th percentile"
37.368535678392,13.3063613065327,0.26558726126323,"2.5th percentile"
37.4531346733668,13.3063613065327,0.263822645147022,"2.5th percentile"
37.5377336683417,13.3063613065327,0.283156487268758,"2.5th percentile"
37.6223326633166,13.3063613065327,0.289422047495998,"2.5th percentile"
37.7069316582915,13.3063613065327,0.28944197889003,"2.5th percentile"
37.7915306532663,13.3063613065327,0.288430263647808,"2.5th percentile"
37.8761296482412,13.3063613065327,0.269634642547399,"2.5th percentile"
37.9607286432161,13.3063613065327,0.291007853597545,"2.5th percentile"
38.045327638191,13.3063613065327,0.2454537653822,"2.5th percentile"
38.1299266331658,13.3063613065327,0.24956415561529,"2.5th percentile"
38.2145256281407,13.3063613065327,0.257476565366156,"2.5th percentile"
38.2991246231156,13.3063613065327,0.308754765060679,"2.5th percentile"
38.3837236180904,13.3063613065327,0.30049716683144,"2.5th percentile"
38.4683226130653,13.3063613065327,0.280602289783383,"2.5th percentile"
38.5529216080402,13.3063613065327,0.281014783639416,"2.5th percentile"
38.6375206030151,13.3063613065327,0.25854324815041,"2.5th percentile"
38.72211959799,13.3063613065327,0.227296485361687,"2.5th percentile"
38.8067185929648,13.3063613065327,0.201822772804927,"2.5th percentile"
38.8913175879397,13.3063613065327,0.154644556770682,"2.5th percentile"
38.9759165829146,13.3063613065327,0.139468627497833,"2.5th percentile"
39.0605155778894,13.3063613065327,0.11339852737295,"2.5th percentile"
39.1451145728643,13.3063613065327,0.0791540976051895,"2.5th percentile"
39.2297135678392,13.3063613065327,0.068190031895651,"2.5th percentile"
39.3143125628141,13.3063613065327,0.049013935923004,"2.5th percentile"
39.3989115577889,13.3063613065327,0.04554082902748,"2.5th percentile"
39.4835105527638,13.3063613065327,0.0378502731931627,"2.5th percentile"
39.5681095477387,13.3063613065327,0.0393381087851874,"2.5th percentile"
39.6527085427136,13.3063613065327,0.0346334516861734,"2.5th percentile"
39.7373075376884,13.3063613065327,0.0227841117714616,"2.5th percentile"
39.8219065326633,13.3063613065327,0.0210541209531428,"2.5th percentile"
39.9065055276382,13.3063613065327,0.0170088522178382,"2.5th percentile"
39.9911045226131,13.3063613065327,0.0162091429327339,"2.5th percentile"
40.0757035175879,13.3063613065327,0.0145540618214434,"2.5th percentile"
40.1603025125628,13.3063613065327,0.0119821976770049,"2.5th percentile"
40.2449015075377,13.3063613065327,0.0097466835803935,"2.5th percentile"
40.3295005025126,13.3063613065327,0.00819939630458444,"2.5th percentile"
40.4140994974874,13.3063613065327,0.00689410130641012,"2.5th percentile"
40.4986984924623,13.3063613065327,0.005725274136315,"2.5th percentile"
40.5832974874372,13.3063613065327,0.00476925933770459,"2.5th percentile"
40.6678964824121,13.3063613065327,0.00402679450106266,"2.5th percentile"
40.7524954773869,13.3063613065327,0.00335257863674371,"2.5th percentile"
40.8370944723618,13.3063613065327,0.00278780319451188,"2.5th percentile"
40.9216934673367,13.3063613065327,0.00343391598343295,"2.5th percentile"
41.0062924623116,13.3063613065327,0.00192160802433395,"2.5th percentile"
41.0908914572864,13.3063613065327,0.0015969885614033,"2.5th percentile"
41.1754904522613,13.3063613065327,0.00132730350946399,"2.5th percentile"
41.2600894472362,13.3063613065327,0.00110264700680217,"2.5th percentile"
41.344688442211,13.3063613065327,0.000914507183897035,"2.5th percentile"
41.4292874371859,13.3063613065327,0.000758203534230841,"2.5th percentile"
41.5138864321608,13.3063613065327,0.000627896726213181,"2.5th percentile"
41.5984854271357,13.3063613065327,0.000457033914531827,"2.5th percentile"
41.6830844221106,13.3063613065327,0.000394242756767442,"2.5th percentile"
36.2687487437186,13.3743879396985,0.348664511808752,"2.5th percentile"
36.3533477386935,13.3743879396985,0.37759907320826,"2.5th percentile"
36.4379467336683,13.3743879396985,0.369717359850471,"2.5th percentile"
36.5225457286432,13.3743879396985,0.381512797427555,"2.5th percentile"
36.6071447236181,13.3743879396985,0.365810552710034,"2.5th percentile"
36.691743718593,13.3743879396985,0.380631925725998,"2.5th percentile"
36.7763427135678,13.3743879396985,0.354916254477154,"2.5th percentile"
36.8609417085427,13.3743879396985,0.342589298327834,"2.5th percentile"
36.9455407035176,13.3743879396985,0.348969294533643,"2.5th percentile"
37.0301396984925,13.3743879396985,0.316961284513882,"2.5th percentile"
37.1147386934673,13.3743879396985,0.313075198201209,"2.5th percentile"
37.1993376884422,13.3743879396985,0.309672417573157,"2.5th percentile"
37.2839366834171,13.3743879396985,0.287035135021342,"2.5th percentile"
37.368535678392,13.3743879396985,0.207499855724099,"2.5th percentile"
37.4531346733668,13.3743879396985,0.222638519008082,"2.5th percentile"
37.5377336683417,13.3743879396985,0.271176097563773,"2.5th percentile"
37.6223326633166,13.3743879396985,0.297457356968721,"2.5th percentile"
37.7069316582915,13.3743879396985,0.283133637433552,"2.5th percentile"
37.7915306532663,13.3743879396985,0.273648507735374,"2.5th percentile"
37.8761296482412,13.3743879396985,0.264987434577117,"2.5th percentile"
37.9607286432161,13.3743879396985,0.284087911003545,"2.5th percentile"
38.045327638191,13.3743879396985,0.259762620855899,"2.5th percentile"
38.1299266331658,13.3743879396985,0.247891211653289,"2.5th percentile"
38.2145256281407,13.3743879396985,0.249246927120175,"2.5th percentile"
38.2991246231156,13.3743879396985,0.297851625902065,"2.5th percentile"
38.3837236180904,13.3743879396985,0.267921928027861,"2.5th percentile"
38.4683226130653,13.3743879396985,0.274053099228977,"2.5th percentile"
38.5529216080402,13.3743879396985,0.256729665939761,"2.5th percentile"
38.6375206030151,13.3743879396985,0.23534175646147,"2.5th percentile"
38.72211959799,13.3743879396985,0.18871163997543,"2.5th percentile"
38.8067185929648,13.3743879396985,0.172050870824057,"2.5th percentile"
38.8913175879397,13.3743879396985,0.142997638504535,"2.5th percentile"
38.9759165829146,13.3743879396985,0.12509276103125,"2.5th percentile"
39.0605155778894,13.3743879396985,0.10695811582169,"2.5th percentile"
39.1451145728643,13.3743879396985,0.0718818497668783,"2.5th percentile"
39.2297135678392,13.3743879396985,0.0628585084770334,"2.5th percentile"
39.3143125628141,13.3743879396985,0.0464750052166796,"2.5th percentile"
39.3989115577889,13.3743879396985,0.043180477028675,"2.5th percentile"
39.4835105527638,13.3743879396985,0.0322445253906029,"2.5th percentile"
39.5681095477387,13.3743879396985,0.0255701789049214,"2.5th percentile"
39.6527085427136,13.3743879396985,0.0221482005310898,"2.5th percentile"
39.7373075376884,13.3743879396985,0.0198116709369253,"2.5th percentile"
39.8219065326633,13.3743879396985,0.0204275711069587,"2.5th percentile"
39.9065055276382,13.3743879396985,0.014557948749664,"2.5th percentile"
39.9911045226131,13.3743879396985,0.0147640951417516,"2.5th percentile"
40.0757035175879,13.3743879396985,0.0132341848440182,"2.5th percentile"
40.1603025125628,13.3743879396985,0.0100903452546243,"2.5th percentile"
40.2449015075377,13.3743879396985,0.00842424945432591,"2.5th percentile"
40.3295005025126,13.3743879396985,0.00705844733304196,"2.5th percentile"
40.4140994974874,13.3743879396985,0.00594687659677777,"2.5th percentile"
40.4986984924623,13.3743879396985,0.00493658624644976,"2.5th percentile"
40.5832974874372,13.3743879396985,0.00412193021498384,"2.5th percentile"
40.6678964824121,13.3743879396985,0.00343023920399931,"2.5th percentile"
40.7524954773869,13.3743879396985,0.00285234990582003,"2.5th percentile"
40.8370944723618,13.3743879396985,0.00237054438608278,"2.5th percentile"
40.9216934673367,13.3743879396985,0.0019706104426762,"2.5th percentile"
41.0062924623116,13.3743879396985,0.00163514670054028,"2.5th percentile"
41.0908914572864,13.3743879396985,0.00135910761555997,"2.5th percentile"
41.1754904522613,13.3743879396985,0.00112962010685015,"2.5th percentile"
41.2600894472362,13.3743879396985,0.000937966724251173,"2.5th percentile"
41.344688442211,13.3743879396985,0.00077174911079619,"2.5th percentile"
41.4292874371859,13.3743879396985,0.000643600464735543,"2.5th percentile"
41.5138864321608,13.3743879396985,0.000561231799718492,"2.5th percentile"
41.5984854271357,13.3743879396985,0.000381524444596739,"2.5th percentile"
36.2687487437186,13.4424145728643,0.326749724979328,"2.5th percentile"
36.3533477386935,13.4424145728643,0.328538548248762,"2.5th percentile"
36.4379467336683,13.4424145728643,0.339557920581824,"2.5th percentile"
36.5225457286432,13.4424145728643,0.36104083643567,"2.5th percentile"
36.6071447236181,13.4424145728643,0.362798337283604,"2.5th percentile"
36.691743718593,13.4424145728643,0.364460974098342,"2.5th percentile"
36.7763427135678,13.4424145728643,0.329184270659589,"2.5th percentile"
36.8609417085427,13.4424145728643,0.301366792186632,"2.5th percentile"
36.9455407035176,13.4424145728643,0.295940606147393,"2.5th percentile"
37.0301396984925,13.4424145728643,0.296791469522526,"2.5th percentile"
37.1147386934673,13.4424145728643,0.294866146234809,"2.5th percentile"
37.1993376884422,13.4424145728643,0.293525190235539,"2.5th percentile"
37.2839366834171,13.4424145728643,0.294238967538542,"2.5th percentile"
37.368535678392,13.4424145728643,0.219502962478299,"2.5th percentile"
37.4531346733668,13.4424145728643,0.247228773530938,"2.5th percentile"
37.5377336683417,13.4424145728643,0.278263757305811,"2.5th percentile"
37.6223326633166,13.4424145728643,0.297410384578535,"2.5th percentile"
37.7069316582915,13.4424145728643,0.296557547013261,"2.5th percentile"
37.7915306532663,13.4424145728643,0.284706541794641,"2.5th percentile"
37.8761296482412,13.4424145728643,0.273146392376715,"2.5th percentile"
37.9607286432161,13.4424145728643,0.268039508710388,"2.5th percentile"
38.045327638191,13.4424145728643,0.259153585823772,"2.5th percentile"
38.1299266331658,13.4424145728643,0.257079034435166,"2.5th percentile"
38.2145256281407,13.4424145728643,0.249840430628606,"2.5th percentile"
38.2991246231156,13.4424145728643,0.246669197590742,"2.5th percentile"
38.3837236180904,13.4424145728643,0.246807310179857,"2.5th percentile"
38.4683226130653,13.4424145728643,0.237772390425958,"2.5th percentile"
38.5529216080402,13.4424145728643,0.233908570758895,"2.5th percentile"
38.6375206030151,13.4424145728643,0.206944344573088,"2.5th percentile"
38.72211959799,13.4424145728643,0.173492086133115,"2.5th percentile"
38.8067185929648,13.4424145728643,0.147203838431433,"2.5th percentile"
38.8913175879397,13.4424145728643,0.108192721664216,"2.5th percentile"
38.9759165829146,13.4424145728643,0.104166429175983,"2.5th percentile"
39.0605155778894,13.4424145728643,0.0852003510835332,"2.5th percentile"
39.1451145728643,13.4424145728643,0.0674135547338536,"2.5th percentile"
39.2297135678392,13.4424145728643,0.0568934359715003,"2.5th percentile"
39.3143125628141,13.4424145728643,0.0466228035604304,"2.5th percentile"
39.3989115577889,13.4424145728643,0.0362343789502848,"2.5th percentile"
39.4835105527638,13.4424145728643,0.0270199448411731,"2.5th percentile"
39.5681095477387,13.4424145728643,0.0215010931084261,"2.5th percentile"
39.6527085427136,13.4424145728643,0.0200967928638625,"2.5th percentile"
39.7373075376884,13.4424145728643,0.0159335324026038,"2.5th percentile"
39.8219065326633,13.4424145728643,0.0146017719337627,"2.5th percentile"
39.9065055276382,13.4424145728643,0.0133261089818849,"2.5th percentile"
39.9911045226131,13.4424145728643,0.0125277168961133,"2.5th percentile"
40.0757035175879,13.4424145728643,0.0102449527174287,"2.5th percentile"
40.1603025125628,13.4424145728643,0.00872036679380052,"2.5th percentile"
40.2449015075377,13.4424145728643,0.00730165860499961,"2.5th percentile"
40.3295005025126,13.4424145728643,0.00610267822063818,"2.5th percentile"
40.4140994974874,13.4424145728643,0.00508408785074735,"2.5th percentile"
40.4986984924623,13.4424145728643,0.00422553480032501,"2.5th percentile"
40.5832974874372,13.4424145728643,0.00351113322613775,"2.5th percentile"
40.6678964824121,13.4424145728643,0.00292057049238754,"2.5th percentile"
40.7524954773869,13.4424145728643,0.00242746386039906,"2.5th percentile"
40.8370944723618,13.4424145728643,0.00201843442133052,"2.5th percentile"
40.9216934673367,13.4424145728643,0.00167682103261449,"2.5th percentile"
41.0062924623116,13.4424145728643,0.00139280053994814,"2.5th percentile"
41.0908914572864,13.4424145728643,0.00115740527794518,"2.5th percentile"
41.1754904522613,13.4424145728643,0.000960425199494938,"2.5th percentile"
41.2600894472362,13.4424145728643,0.000796893175493798,"2.5th percentile"
41.344688442211,13.4424145728643,0.000661209446772447,"2.5th percentile"
41.4292874371859,13.4424145728643,0.000547030220200517,"2.5th percentile"
41.5138864321608,13.4424145728643,0.000448353629988637,"2.5th percentile"
41.5984854271357,13.4424145728643,0.000367929382215374,"2.5th percentile"
36.2687487437186,13.5104412060302,0.367731595049916,"2.5th percentile"
36.3533477386935,13.5104412060302,0.333315824118738,"2.5th percentile"
36.4379467336683,13.5104412060302,0.328854761641335,"2.5th percentile"
36.5225457286432,13.5104412060302,0.345151220369786,"2.5th percentile"
36.6071447236181,13.5104412060302,0.367819462964945,"2.5th percentile"
36.691743718593,13.5104412060302,0.33181553510814,"2.5th percentile"
36.7763427135678,13.5104412060302,0.359017659439871,"2.5th percentile"
36.8609417085427,13.5104412060302,0.290206479323144,"2.5th percentile"
36.9455407035176,13.5104412060302,0.314754680081538,"2.5th percentile"
37.0301396984925,13.5104412060302,0.328642243276385,"2.5th percentile"
37.1147386934673,13.5104412060302,0.280591829971503,"2.5th percentile"
37.1993376884422,13.5104412060302,0.290284150215909,"2.5th percentile"
37.2839366834171,13.5104412060302,0.292139584756649,"2.5th percentile"
37.368535678392,13.5104412060302,0.292586963296417,"2.5th percentile"
37.4531346733668,13.5104412060302,0.286881301044915,"2.5th percentile"
37.5377336683417,13.5104412060302,0.291965710976374,"2.5th percentile"
37.6223326633166,13.5104412060302,0.289968097475723,"2.5th percentile"
37.7069316582915,13.5104412060302,0.289345080789381,"2.5th percentile"
37.7915306532663,13.5104412060302,0.296974049084723,"2.5th percentile"
37.8761296482412,13.5104412060302,0.278175374260574,"2.5th percentile"
37.9607286432161,13.5104412060302,0.274444193497568,"2.5th percentile"
38.045327638191,13.5104412060302,0.26554805797378,"2.5th percentile"
38.1299266331658,13.5104412060302,0.243564597529389,"2.5th percentile"
38.2145256281407,13.5104412060302,0.251063042694637,"2.5th percentile"
38.2991246231156,13.5104412060302,0.233192619323533,"2.5th percentile"
38.3837236180904,13.5104412060302,0.24593351264561,"2.5th percentile"
38.4683226130653,13.5104412060302,0.228028979581589,"2.5th percentile"
38.5529216080402,13.5104412060302,0.19219185123189,"2.5th percentile"
38.6375206030151,13.5104412060302,0.169865633635307,"2.5th percentile"
38.72211959799,13.5104412060302,0.150402695664834,"2.5th percentile"
38.8067185929648,13.5104412060302,0.113337394951948,"2.5th percentile"
38.8913175879397,13.5104412060302,0.101670085569275,"2.5th percentile"
38.9759165829146,13.5104412060302,0.0905452011037217,"2.5th percentile"
39.0605155778894,13.5104412060302,0.0711039325800816,"2.5th percentile"
39.1451145728643,13.5104412060302,0.0567432580650281,"2.5th percentile"
39.2297135678392,13.5104412060302,0.0426474976001874,"2.5th percentile"
39.3143125628141,13.5104412060302,0.0344333067358074,"2.5th percentile"
39.3989115577889,13.5104412060302,0.0277251988534739,"2.5th percentile"
39.4835105527638,13.5104412060302,0.0221880779938107,"2.5th percentile"
39.5681095477387,13.5104412060302,0.0195729530884803,"2.5th percentile"
39.6527085427136,13.5104412060302,0.0164182121930104,"2.5th percentile"
39.7373075376884,13.5104412060302,0.0135508852115721,"2.5th percentile"
39.8219065326633,13.5104412060302,0.0123114002968183,"2.5th percentile"
39.9065055276382,13.5104412060302,0.0134906472108802,"2.5th percentile"
39.9911045226131,13.5104412060302,0.011504518700231,"2.5th percentile"
40.0757035175879,13.5104412060302,0.00907811424324575,"2.5th percentile"
40.1603025125628,13.5104412060302,0.00748126052776127,"2.5th percentile"
40.2449015075377,13.5104412060302,0.00625341523100797,"2.5th percentile"
40.3295005025126,13.5104412060302,0.00520532154790812,"2.5th percentile"
40.4140994974874,13.5104412060302,0.00432822829124785,"2.5th percentile"
40.4986984924623,13.5104412060302,0.00357956909490894,"2.5th percentile"
40.5832974874372,13.5104412060302,0.0029866395990123,"2.5th percentile"
40.6678964824121,13.5104412060302,0.00248476196470425,"2.5th percentile"
40.7524954773869,13.5104412060302,0.00206574916801777,"2.5th percentile"
40.8370944723618,13.5104412060302,0.00171871142661289,"2.5th percentile"
40.9216934673367,13.5104412060302,0.00142745060139424,"2.5th percentile"
41.0062924623116,13.5104412060302,0.00118512616314468,"2.5th percentile"
41.0908914572864,13.5104412060302,0.000983865555716948,"2.5th percentile"
41.1754904522613,13.5104412060302,0.000816545177797053,"2.5th percentile"
41.2600894472362,13.5104412060302,0.000677009433344392,"2.5th percentile"
41.344688442211,13.5104412060302,0.000559161522385621,"2.5th percentile"
41.4292874371859,13.5104412060302,0.0004601326668958,"2.5th percentile"
41.5138864321608,13.5104412060302,0.000377464942669815,"2.5th percentile"
36.3533477386935,13.578467839196,0.354058985670729,"2.5th percentile"
36.4379467336683,13.578467839196,0.356054381712397,"2.5th percentile"
36.5225457286432,13.578467839196,0.342027968598161,"2.5th percentile"
36.6071447236181,13.578467839196,0.362001295131445,"2.5th percentile"
36.691743718593,13.578467839196,0.368475416069442,"2.5th percentile"
36.7763427135678,13.578467839196,0.37354920031976,"2.5th percentile"
36.8609417085427,13.578467839196,0.313970544389226,"2.5th percentile"
36.9455407035176,13.578467839196,0.332316345552789,"2.5th percentile"
37.0301396984925,13.578467839196,0.32283584514615,"2.5th percentile"
37.1147386934673,13.578467839196,0.285608859245597,"2.5th percentile"
37.1993376884422,13.578467839196,0.301992220782921,"2.5th percentile"
37.2839366834171,13.578467839196,0.296318044067543,"2.5th percentile"
37.368535678392,13.578467839196,0.285504050765953,"2.5th percentile"
37.4531346733668,13.578467839196,0.26009193122974,"2.5th percentile"
37.5377336683417,13.578467839196,0.286986697270116,"2.5th percentile"
37.6223326633166,13.578467839196,0.291840648779048,"2.5th percentile"
37.7069316582915,13.578467839196,0.308511601318134,"2.5th percentile"
37.7915306532663,13.578467839196,0.276998054356797,"2.5th percentile"
37.8761296482412,13.578467839196,0.27849873243682,"2.5th percentile"
37.9607286432161,13.578467839196,0.292344953937067,"2.5th percentile"
38.045327638191,13.578467839196,0.257882454145104,"2.5th percentile"
38.1299266331658,13.578467839196,0.210263535608219,"2.5th percentile"
38.2145256281407,13.578467839196,0.211453768355083,"2.5th percentile"
38.2991246231156,13.578467839196,0.183304352439507,"2.5th percentile"
38.3837236180904,13.578467839196,0.191791677068661,"2.5th percentile"
38.4683226130653,13.578467839196,0.172779890281981,"2.5th percentile"
38.5529216080402,13.578467839196,0.173912268382169,"2.5th percentile"
38.6375206030151,13.578467839196,0.149043480959423,"2.5th percentile"
38.72211959799,13.578467839196,0.129372310658354,"2.5th percentile"
38.8067185929648,13.578467839196,0.105448275582606,"2.5th percentile"
38.8913175879397,13.578467839196,0.0937828750561095,"2.5th percentile"
38.9759165829146,13.578467839196,0.0703283637388249,"2.5th percentile"
39.0605155778894,13.578467839196,0.0538530420893038,"2.5th percentile"
39.1451145728643,13.578467839196,0.0392624882976761,"2.5th percentile"
39.2297135678392,13.578467839196,0.0362750240365889,"2.5th percentile"
39.3143125628141,13.578467839196,0.0284700128061502,"2.5th percentile"
39.3989115577889,13.578467839196,0.0240460191841642,"2.5th percentile"
39.4835105527638,13.578467839196,0.0195631039539736,"2.5th percentile"
39.5681095477387,13.578467839196,0.0160838036963853,"2.5th percentile"
39.6527085427136,13.578467839196,0.0133906865901412,"2.5th percentile"
39.7373075376884,13.578467839196,0.0129441613861917,"2.5th percentile"
39.8219065326633,13.578467839196,0.0103310872490918,"2.5th percentile"
39.9065055276382,13.578467839196,0.0112378784896966,"2.5th percentile"
39.9911045226131,13.578467839196,0.00996362645482587,"2.5th percentile"
40.0757035175879,13.578467839196,0.00775570709655591,"2.5th percentile"
40.1603025125628,13.578467839196,0.00638439020691575,"2.5th percentile"
40.2449015075377,13.578467839196,0.00533006204489128,"2.5th percentile"
40.3295005025126,13.578467839196,0.00443404504807699,"2.5th percentile"
40.4140994974874,13.578467839196,0.00368753006124357,"2.5th percentile"
40.4986984924623,13.578467839196,0.00304758546233692,"2.5th percentile"
40.5832974874372,13.578467839196,0.00254225134983177,"2.5th percentile"
40.6678964824121,13.578467839196,0.00211617139128034,"2.5th percentile"
40.7524954773869,13.578467839196,0.00175774734450763,"2.5th percentile"
40.8370944723618,13.578467839196,0.00146228052284221,"2.5th percentile"
40.9216934673367,13.578467839196,0.00121432662131257,"2.5th percentile"
41.0062924623116,13.578467839196,0.00100807291127941,"2.5th percentile"
41.0908914572864,13.578467839196,0.000836799560509634,"2.5th percentile"
41.1754904522613,13.578467839196,0.000694430604737943,"2.5th percentile"
41.2600894472362,13.578467839196,0.000575718544859853,"2.5th percentile"
41.344688442211,13.578467839196,0.000475347167090943,"2.5th percentile"
36.3533477386935,13.6464944723618,0.363744723841133,"2.5th percentile"
36.4379467336683,13.6464944723618,0.323942030152394,"2.5th percentile"
36.5225457286432,13.6464944723618,0.384366743692143,"2.5th percentile"
36.6071447236181,13.6464944723618,0.343073472753163,"2.5th percentile"
36.691743718593,13.6464944723618,0.374299661276153,"2.5th percentile"
36.7763427135678,13.6464944723618,0.299244995225821,"2.5th percentile"
36.8609417085427,13.6464944723618,0.342132049670744,"2.5th percentile"
36.9455407035176,13.6464944723618,0.29574625126256,"2.5th percentile"
37.0301396984925,13.6464944723618,0.330715918082069,"2.5th percentile"
37.1147386934673,13.6464944723618,0.31449631985815,"2.5th percentile"
37.1993376884422,13.6464944723618,0.305409285601373,"2.5th percentile"
37.2839366834171,13.6464944723618,0.287247611327548,"2.5th percentile"
37.368535678392,13.6464944723618,0.279368338631534,"2.5th percentile"
37.4531346733668,13.6464944723618,0.301595031620992,"2.5th percentile"
37.5377336683417,13.6464944723618,0.27617883012677,"2.5th percentile"
37.6223326633166,13.6464944723618,0.317610365409941,"2.5th percentile"
37.7069316582915,13.6464944723618,0.30515912286684,"2.5th percentile"
37.7915306532663,13.6464944723618,0.309057380940065,"2.5th percentile"
37.8761296482412,13.6464944723618,0.285049239330959,"2.5th percentile"
37.9607286432161,13.6464944723618,0.251868904353874,"2.5th percentile"
38.045327638191,13.6464944723618,0.21543376839757,"2.5th percentile"
38.1299266331658,13.6464944723618,0.172515778132587,"2.5th percentile"
38.2145256281407,13.6464944723618,0.154004006082095,"2.5th percentile"
38.2991246231156,13.6464944723618,0.164624870869929,"2.5th percentile"
38.3837236180904,13.6464944723618,0.119964603347154,"2.5th percentile"
38.4683226130653,13.6464944723618,0.125699024769759,"2.5th percentile"
38.5529216080402,13.6464944723618,0.133203576227273,"2.5th percentile"
38.6375206030151,13.6464944723618,0.126826766170448,"2.5th percentile"
38.72211959799,13.6464944723618,0.100618924629345,"2.5th percentile"
38.8067185929648,13.6464944723618,0.0835707226989193,"2.5th percentile"
38.8913175879397,13.6464944723618,0.073989215344974,"2.5th percentile"
38.9759165829146,13.6464944723618,0.0597154618186281,"2.5th percentile"
39.0605155778894,13.6464944723618,0.0493661452848705,"2.5th percentile"
39.1451145728643,13.6464944723618,0.0330768358933386,"2.5th percentile"
39.2297135678392,13.6464944723618,0.0329088895212891,"2.5th percentile"
39.3143125628141,13.6464944723618,0.026989803875536,"2.5th percentile"
39.3989115577889,13.6464944723618,0.0207369387943907,"2.5th percentile"
39.4835105527638,13.6464944723618,0.0173901874066812,"2.5th percentile"
39.5681095477387,13.6464944723618,0.0151524147793831,"2.5th percentile"
39.6527085427136,13.6464944723618,0.0124580246403515,"2.5th percentile"
39.7373075376884,13.6464944723618,0.0094055832071687,"2.5th percentile"
39.8219065326633,13.6464944723618,0.00824859988366545,"2.5th percentile"
39.9065055276382,13.6464944723618,0.00901145394757707,"2.5th percentile"
39.9911045226131,13.6464944723618,0.0077333463310086,"2.5th percentile"
40.0757035175879,13.6464944723618,0.00656334769611714,"2.5th percentile"
40.1603025125628,13.6464944723618,0.00545551339256846,"2.5th percentile"
40.2449015075377,13.6464944723618,0.00454049491791154,"2.5th percentile"
40.3295005025126,13.6464944723618,0.0037774052392438,"2.5th percentile"
40.4140994974874,13.6464944723618,0.00314113009027613,"2.5th percentile"
40.4986984924623,13.6464944723618,0.00260545824765211,"2.5th percentile"
40.5832974874372,13.6464944723618,0.00216732459314821,"2.5th percentile"
40.6678964824121,13.6464944723618,0.00180020942722756,"2.5th percentile"
40.7524954773869,13.6464944723618,0.00149593037255131,"2.5th percentile"
40.8370944723618,13.6464944723618,0.00124385790004923,"2.5th percentile"
40.9216934673367,13.6464944723618,0.00103257669863443,"2.5th percentile"
41.0062924623116,13.6464944723618,0.000856810791218947,"2.5th percentile"
41.0908914572864,13.6464944723618,0.000710909549945318,"2.5th percentile"
41.1754904522613,13.6464944723618,0.000590121142626956,"2.5th percentile"
41.2600894472362,13.6464944723618,0.00048728696373696,"2.5th percentile"
36.3533477386935,13.7145211055276,0.374642692785742,"2.5th percentile"
36.4379467336683,13.7145211055276,0.32197500604104,"2.5th percentile"
36.5225457286432,13.7145211055276,0.372482695564078,"2.5th percentile"
36.6071447236181,13.7145211055276,0.369102344397283,"2.5th percentile"
36.691743718593,13.7145211055276,0.32629329611059,"2.5th percentile"
36.7763427135678,13.7145211055276,0.377931941789537,"2.5th percentile"
36.8609417085427,13.7145211055276,0.372399075317423,"2.5th percentile"
36.9455407035176,13.7145211055276,0.346129474421574,"2.5th percentile"
37.0301396984925,13.7145211055276,0.348860688670138,"2.5th percentile"
37.1147386934673,13.7145211055276,0.32272267672535,"2.5th percentile"
37.1993376884422,13.7145211055276,0.310708013992608,"2.5th percentile"
37.2839366834171,13.7145211055276,0.25414832308101,"2.5th percentile"
37.368535678392,13.7145211055276,0.284815055982187,"2.5th percentile"
37.4531346733668,13.7145211055276,0.29115762683167,"2.5th percentile"
37.5377336683417,13.7145211055276,0.30321216317127,"2.5th percentile"
37.6223326633166,13.7145211055276,0.302718485573046,"2.5th percentile"
37.7069316582915,13.7145211055276,0.302910543010721,"2.5th percentile"
37.7915306532663,13.7145211055276,0.266455342179733,"2.5th percentile"
37.8761296482412,13.7145211055276,0.253118023641951,"2.5th percentile"
37.9607286432161,13.7145211055276,0.212341235310158,"2.5th percentile"
38.045327638191,13.7145211055276,0.16904417743045,"2.5th percentile"
38.1299266331658,13.7145211055276,0.146587975222062,"2.5th percentile"
38.2145256281407,13.7145211055276,0.120115503870567,"2.5th percentile"
38.2991246231156,13.7145211055276,0.109675211122575,"2.5th percentile"
38.3837236180904,13.7145211055276,0.0813908772128612,"2.5th percentile"
38.4683226130653,13.7145211055276,0.0897236033375757,"2.5th percentile"
38.5529216080402,13.7145211055276,0.0912955738162473,"2.5th percentile"
38.6375206030151,13.7145211055276,0.0911105620920523,"2.5th percentile"
38.72211959799,13.7145211055276,0.0811807940712319,"2.5th percentile"
38.8067185929648,13.7145211055276,0.0608005574725533,"2.5th percentile"
38.8913175879397,13.7145211055276,0.0631354362950683,"2.5th percentile"
38.9759165829146,13.7145211055276,0.0484390687423695,"2.5th percentile"
39.0605155778894,13.7145211055276,0.0425412066834282,"2.5th percentile"
39.1451145728643,13.7145211055276,0.0338662098707028,"2.5th percentile"
39.2297135678392,13.7145211055276,0.0278196925460131,"2.5th percentile"
39.3143125628141,13.7145211055276,0.0242655095801247,"2.5th percentile"
39.3989115577889,13.7145211055276,0.0193762721871188,"2.5th percentile"
39.4835105527638,13.7145211055276,0.0157013836662296,"2.5th percentile"
39.5681095477387,13.7145211055276,0.0120394780277471,"2.5th percentile"
39.6527085427136,13.7145211055276,0.00969587376894354,"2.5th percentile"
39.7373075376884,13.7145211055276,0.00810546537354315,"2.5th percentile"
39.8219065326633,13.7145211055276,0.00675948684906012,"2.5th percentile"
39.9065055276382,13.7145211055276,0.00836107059449596,"2.5th percentile"
39.9911045226131,13.7145211055276,0.00678110327547902,"2.5th percentile"
40.0757035175879,13.7145211055276,0.00553614886546952,"2.5th percentile"
40.1603025125628,13.7145211055276,0.00464776228816825,"2.5th percentile"
40.2449015075377,13.7145211055276,0.00386709872659986,"2.5th percentile"
40.3295005025126,13.7145211055276,0.003216449499071,"2.5th percentile"
40.4140994974874,13.7145211055276,0.00267315727524217,"2.5th percentile"
40.4986984924623,13.7145211055276,0.00222218481326901,"2.5th percentile"
40.5832974874372,13.7145211055276,0.00184598669500807,"2.5th percentile"
40.6678964824121,13.7145211055276,0.00153417541921086,"2.5th percentile"
40.7524954773869,13.7145211055276,0.00127413170515934,"2.5th percentile"
40.8370944723618,13.7145211055276,0.00105800190054804,"2.5th percentile"
40.9216934673367,13.7145211055276,0.000877978269268832,"2.5th percentile"
41.0062924623116,13.7145211055276,0.000728485284015515,"2.5th percentile"
41.0908914572864,13.7145211055276,0.000604511842053056,"2.5th percentile"
41.1754904522613,13.7145211055276,0.000498418562205529,"2.5th percentile"
36.3533477386935,13.7825477386935,0.387973069909451,"2.5th percentile"
36.4379467336683,13.7825477386935,0.386823416776993,"2.5th percentile"
36.5225457286432,13.7825477386935,0.364589894368766,"2.5th percentile"
36.6071447236181,13.7825477386935,0.353180619231876,"2.5th percentile"
36.691743718593,13.7825477386935,0.346893692531764,"2.5th percentile"
36.7763427135678,13.7825477386935,0.352096063299071,"2.5th percentile"
36.8609417085427,13.7825477386935,0.352722766936223,"2.5th percentile"
36.9455407035176,13.7825477386935,0.367679840482496,"2.5th percentile"
37.0301396984925,13.7825477386935,0.37400957625563,"2.5th percentile"
37.1147386934673,13.7825477386935,0.344715276450495,"2.5th percentile"
37.1993376884422,13.7825477386935,0.305115610414771,"2.5th percentile"
37.2839366834171,13.7825477386935,0.256907060125919,"2.5th percentile"
37.368535678392,13.7825477386935,0.270247477611638,"2.5th percentile"
37.4531346733668,13.7825477386935,0.281886229795323,"2.5th percentile"
37.5377336683417,13.7825477386935,0.299546543962907,"2.5th percentile"
37.6223326633166,13.7825477386935,0.266349500501723,"2.5th percentile"
37.7069316582915,13.7825477386935,0.222750246753972,"2.5th percentile"
37.7915306532663,13.7825477386935,0.193231014421509,"2.5th percentile"
37.8761296482412,13.7825477386935,0.149229681982875,"2.5th percentile"
37.9607286432161,13.7825477386935,0.129854370849258,"2.5th percentile"
38.045327638191,13.7825477386935,0.104820820191681,"2.5th percentile"
38.1299266331658,13.7825477386935,0.106425808525905,"2.5th percentile"
38.2145256281407,13.7825477386935,0.0816304993647145,"2.5th percentile"
38.2991246231156,13.7825477386935,0.082547168511447,"2.5th percentile"
38.3837236180904,13.7825477386935,0.0626143390490321,"2.5th percentile"
38.4683226130653,13.7825477386935,0.061140222335844,"2.5th percentile"
38.5529216080402,13.7825477386935,0.0612377691270729,"2.5th percentile"
38.6375206030151,13.7825477386935,0.0502241566017357,"2.5th percentile"
38.72211959799,13.7825477386935,0.0520682738675194,"2.5th percentile"
38.8067185929648,13.7825477386935,0.0478143904381633,"2.5th percentile"
38.8913175879397,13.7825477386935,0.0420177738382154,"2.5th percentile"
38.9759165829146,13.7825477386935,0.04217094980795,"2.5th percentile"
39.0605155778894,13.7825477386935,0.039928139316281,"2.5th percentile"
39.1451145728643,13.7825477386935,0.0270117713761531,"2.5th percentile"
39.2297135678392,13.7825477386935,0.0292463053530196,"2.5th percentile"
39.3143125628141,13.7825477386935,0.0208352893282879,"2.5th percentile"
39.3989115577889,13.7825477386935,0.0145525188325103,"2.5th percentile"
39.4835105527638,13.7825477386935,0.0119882896822364,"2.5th percentile"
39.5681095477387,13.7825477386935,0.0107247800005675,"2.5th percentile"
39.6527085427136,13.7825477386935,0.00815019109105864,"2.5th percentile"
39.7373075376884,13.7825477386935,0.00663692860812388,"2.5th percentile"
39.8219065326633,13.7825477386935,0.00576035919642762,"2.5th percentile"
39.9065055276382,13.7825477386935,0.00657066978193774,"2.5th percentile"
39.9911045226131,13.7825477386935,0.00562721037623545,"2.5th percentile"
40.0757035175879,13.7825477386935,0.00472751488429152,"2.5th percentile"
40.1603025125628,13.7825477386935,0.00395865406008683,"2.5th percentile"
40.2449015075377,13.7825477386935,0.00329293961617112,"2.5th percentile"
40.3295005025126,13.7825477386935,0.00273831416123137,"2.5th percentile"
40.4140994974874,13.7825477386935,0.00227581525367892,"2.5th percentile"
40.4986984924623,13.7825477386935,0.00189126629786295,"2.5th percentile"
40.5832974874372,13.7825477386935,0.00157150178308768,"2.5th percentile"
40.6678964824121,13.7825477386935,0.00130545519908575,"2.5th percentile"
40.7524954773869,13.7825477386935,0.00108427498951762,"2.5th percentile"
40.8370944723618,13.7825477386935,0.000900366432357763,"2.5th percentile"
40.9216934673367,13.7825477386935,0.000747521468284169,"2.5th percentile"
41.0062924623116,13.7825477386935,0.000620520860485096,"2.5th percentile"
41.0908914572864,13.7825477386935,0.00051187987204077,"2.5th percentile"
36.3533477386935,13.8505743718593,0.325366662000629,"2.5th percentile"
36.4379467336683,13.8505743718593,0.317834306151358,"2.5th percentile"
36.5225457286432,13.8505743718593,0.339158930840495,"2.5th percentile"
36.6071447236181,13.8505743718593,0.354367420909159,"2.5th percentile"
36.691743718593,13.8505743718593,0.357412744007574,"2.5th percentile"
36.7763427135678,13.8505743718593,0.365087991091619,"2.5th percentile"
36.8609417085427,13.8505743718593,0.324057881403746,"2.5th percentile"
36.9455407035176,13.8505743718593,0.37382762334065,"2.5th percentile"
37.0301396984925,13.8505743718593,0.352236336057684,"2.5th percentile"
37.1147386934673,13.8505743718593,0.315568795851057,"2.5th percentile"
37.1993376884422,13.8505743718593,0.304083326107018,"2.5th percentile"
37.2839366834171,13.8505743718593,0.277660622051031,"2.5th percentile"
37.368535678392,13.8505743718593,0.267642201595011,"2.5th percentile"
37.4531346733668,13.8505743718593,0.244156986545841,"2.5th percentile"
37.5377336683417,13.8505743718593,0.193688005814273,"2.5th percentile"
37.6223326633166,13.8505743718593,0.162180817038563,"2.5th percentile"
37.7069316582915,13.8505743718593,0.15469359869895,"2.5th percentile"
37.7915306532663,13.8505743718593,0.115838426132839,"2.5th percentile"
37.8761296482412,13.8505743718593,0.105291919251968,"2.5th percentile"
37.9607286432161,13.8505743718593,0.104816730996159,"2.5th percentile"
38.045327638191,13.8505743718593,0.0891351284683103,"2.5th percentile"
38.1299266331658,13.8505743718593,0.0577656468828862,"2.5th percentile"
38.2145256281407,13.8505743718593,0.0526094047175569,"2.5th percentile"
38.2991246231156,13.8505743718593,0.0539142942753103,"2.5th percentile"
38.3837236180904,13.8505743718593,0.0437539870890819,"2.5th percentile"
38.4683226130653,13.8505743718593,0.0333976354740458,"2.5th percentile"
38.5529216080402,13.8505743718593,0.03913451238443,"2.5th percentile"
38.6375206030151,13.8505743718593,0.0292283571068261,"2.5th percentile"
38.72211959799,13.8505743718593,0.0308946075183535,"2.5th percentile"
38.8067185929648,13.8505743718593,0.0343168147283661,"2.5th percentile"
38.8913175879397,13.8505743718593,0.0291785704144595,"2.5th percentile"
38.9759165829146,13.8505743718593,0.0323272247632995,"2.5th percentile"
39.0605155778894,13.8505743718593,0.0285017622345054,"2.5th percentile"
39.1451145728643,13.8505743718593,0.0278839747413552,"2.5th percentile"
39.2297135678392,13.8505743718593,0.0242355561950712,"2.5th percentile"
39.3143125628141,13.8505743718593,0.0191524964661081,"2.5th percentile"
39.3989115577889,13.8505743718593,0.0123438721698307,"2.5th percentile"
39.4835105527638,13.8505743718593,0.0105174776755469,"2.5th percentile"
39.5681095477387,13.8505743718593,0.00948261112400638,"2.5th percentile"
39.6527085427136,13.8505743718593,0.00802799640696684,"2.5th percentile"
39.7373075376884,13.8505743718593,0.00561746891992741,"2.5th percentile"
39.8219065326633,13.8505743718593,0.00480571841624771,"2.5th percentile"
39.9065055276382,13.8505743718593,0.00526866112495604,"2.5th percentile"
39.9911045226131,13.8505743718593,0.00461031864732209,"2.5th percentile"
40.0757035175879,13.8505743718593,0.00364590587545958,"2.5th percentile"
40.1603025125628,13.8505743718593,0.00337100464265042,"2.5th percentile"
40.2449015075377,13.8505743718593,0.00280347845655453,"2.5th percentile"
40.3295005025126,13.8505743718593,0.00233077040429779,"2.5th percentile"
40.4140994974874,13.8505743718593,0.00193542057382592,"2.5th percentile"
40.4986984924623,13.8505743718593,0.00160924629958522,"2.5th percentile"
40.5832974874372,13.8505743718593,0.00133689551329326,"2.5th percentile"
40.6678964824121,13.8505743718593,0.00111056360589343,"2.5th percentile"
40.7524954773869,13.8505743718593,0.00092226380372955,"2.5th percentile"
40.8370944723618,13.8505743718593,0.000765743644692404,"2.5th percentile"
40.9216934673367,13.8505743718593,0.000635690793593923,"2.5th percentile"
41.0062924623116,13.8505743718593,0.000518769043602746,"2.5th percentile"
41.0908914572864,13.8505743718593,0.00043152206844293,"2.5th percentile"
36.3533477386935,13.9186010050251,0.31960137636292,"2.5th percentile"
36.4379467336683,13.9186010050251,0.331620510154551,"2.5th percentile"
36.5225457286432,13.9186010050251,0.339492303204617,"2.5th percentile"
36.6071447236181,13.9186010050251,0.358371323884258,"2.5th percentile"
36.691743718593,13.9186010050251,0.362375983642392,"2.5th percentile"
36.7763427135678,13.9186010050251,0.358453243134414,"2.5th percentile"
36.8609417085427,13.9186010050251,0.335765983103785,"2.5th percentile"
36.9455407035176,13.9186010050251,0.322306470349065,"2.5th percentile"
37.0301396984925,13.9186010050251,0.299301846370141,"2.5th percentile"
37.1147386934673,13.9186010050251,0.266297495295924,"2.5th percentile"
37.1993376884422,13.9186010050251,0.254581073225691,"2.5th percentile"
37.2839366834171,13.9186010050251,0.226908529559683,"2.5th percentile"
37.368535678392,13.9186010050251,0.206075291890415,"2.5th percentile"
37.4531346733668,13.9186010050251,0.174210766513177,"2.5th percentile"
37.5377336683417,13.9186010050251,0.127738648176541,"2.5th percentile"
37.6223326633166,13.9186010050251,0.147243133771995,"2.5th percentile"
37.7069316582915,13.9186010050251,0.119164901239591,"2.5th percentile"
37.7915306532663,13.9186010050251,0.103817640064682,"2.5th percentile"
37.8761296482412,13.9186010050251,0.0796526143864622,"2.5th percentile"
37.9607286432161,13.9186010050251,0.0651642734873792,"2.5th percentile"
38.045327638191,13.9186010050251,0.0526071754481465,"2.5th percentile"
38.1299266331658,13.9186010050251,0.0412578951148089,"2.5th percentile"
38.2145256281407,13.9186010050251,0.0361582836938183,"2.5th percentile"
38.2991246231156,13.9186010050251,0.0364400976398201,"2.5th percentile"
38.3837236180904,13.9186010050251,0.0339099170530184,"2.5th percentile"
38.4683226130653,13.9186010050251,0.018773327282236,"2.5th percentile"
38.5529216080402,13.9186010050251,0.0246837636028171,"2.5th percentile"
38.6375206030151,13.9186010050251,0.0215689613072388,"2.5th percentile"
38.72211959799,13.9186010050251,0.0231017181416713,"2.5th percentile"
38.8067185929648,13.9186010050251,0.0223589429334294,"2.5th percentile"
38.8913175879397,13.9186010050251,0.0177004306377177,"2.5th percentile"
38.9759165829146,13.9186010050251,0.0211527763247478,"2.5th percentile"
39.0605155778894,13.9186010050251,0.0200681542421651,"2.5th percentile"
39.1451145728643,13.9186010050251,0.018923647315572,"2.5th percentile"
39.2297135678392,13.9186010050251,0.017567753353611,"2.5th percentile"
39.3143125628141,13.9186010050251,0.0153788297960995,"2.5th percentile"
39.3989115577889,13.9186010050251,0.0102077110173728,"2.5th percentile"
39.4835105527638,13.9186010050251,0.00850077913862082,"2.5th percentile"
39.5681095477387,13.9186010050251,0.00719784997364009,"2.5th percentile"
39.6527085427136,13.9186010050251,0.00740304582146392,"2.5th percentile"
39.7373075376884,13.9186010050251,0.00480337546101578,"2.5th percentile"
39.8219065326633,13.9186010050251,0.00409923277674688,"2.5th percentile"
39.9065055276382,13.9186010050251,0.00460797340704521,"2.5th percentile"
39.9911045226131,13.9186010050251,0.00401265878133686,"2.5th percentile"
40.0757035175879,13.9186010050251,0.0033819991048314,"2.5th percentile"
40.1603025125628,13.9186010050251,0.00286370141407971,"2.5th percentile"
40.2449015075377,13.9186010050251,0.00238624010145069,"2.5th percentile"
40.3295005025126,13.9186010050251,0.00198359690040443,"2.5th percentile"
40.4140994974874,13.9186010050251,0.00164815617175164,"2.5th percentile"
40.4986984924623,13.9186010050251,0.00156134732454917,"2.5th percentile"
40.5832974874372,13.9186010050251,0.00131775852397856,"2.5th percentile"
40.6678964824121,13.9186010050251,0.000944653468938073,"2.5th percentile"
40.7524954773869,13.9186010050251,0.000784374016920112,"2.5th percentile"
40.8370944723618,13.9186010050251,0.000651197537743693,"2.5th percentile"
40.9216934673367,13.9186010050251,0.000540570253931061,"2.5th percentile"
41.0062924623116,13.9186010050251,0.000442958520679069,"2.5th percentile"
36.3533477386935,13.986627638191,0.331118153423672,"2.5th percentile"
36.4379467336683,13.986627638191,0.38049155535699,"2.5th percentile"
36.5225457286432,13.986627638191,0.349389474825701,"2.5th percentile"
36.6071447236181,13.986627638191,0.328343304431612,"2.5th percentile"
36.691743718593,13.986627638191,0.361158468114017,"2.5th percentile"
36.7763427135678,13.986627638191,0.327998136461673,"2.5th percentile"
36.8609417085427,13.986627638191,0.308022909304325,"2.5th percentile"
36.9455407035176,13.986627638191,0.280962469493571,"2.5th percentile"
37.0301396984925,13.986627638191,0.248162173226437,"2.5th percentile"
37.1147386934673,13.986627638191,0.22490084021254,"2.5th percentile"
37.1993376884422,13.986627638191,0.20727192456966,"2.5th percentile"
37.2839366834171,13.986627638191,0.157324804581871,"2.5th percentile"
37.368535678392,13.986627638191,0.147541296266428,"2.5th percentile"
37.4531346733668,13.986627638191,0.12515390028564,"2.5th percentile"
37.5377336683417,13.986627638191,0.103295232779836,"2.5th percentile"
37.6223326633166,13.986627638191,0.0826038222380584,"2.5th percentile"
37.7069316582915,13.986627638191,0.0879871511135276,"2.5th percentile"
37.7915306532663,13.986627638191,0.0769456724711801,"2.5th percentile"
37.8761296482412,13.986627638191,0.0644988294897273,"2.5th percentile"
37.9607286432161,13.986627638191,0.0549200962663188,"2.5th percentile"
38.045327638191,13.986627638191,0.0420168699246267,"2.5th percentile"
38.1299266331658,13.986627638191,0.0297104627245402,"2.5th percentile"
38.2145256281407,13.986627638191,0.0251995248695755,"2.5th percentile"
38.2991246231156,13.986627638191,0.0260475574719358,"2.5th percentile"
38.3837236180904,13.986627638191,0.0219462528924204,"2.5th percentile"
38.4683226130653,13.986627638191,0.0167831396765113,"2.5th percentile"
38.5529216080402,13.986627638191,0.0119957015480937,"2.5th percentile"
38.6375206030151,13.986627638191,0.0110621903352121,"2.5th percentile"
38.72211959799,13.986627638191,0.0141129084480073,"2.5th percentile"
38.8067185929648,13.986627638191,0.0138478852151032,"2.5th percentile"
38.8913175879397,13.986627638191,0.0139120796159531,"2.5th percentile"
38.9759165829146,13.986627638191,0.0124325485952798,"2.5th percentile"
39.0605155778894,13.986627638191,0.012000080713707,"2.5th percentile"
39.1451145728643,13.986627638191,0.0131435733158868,"2.5th percentile"
39.2297135678392,13.986627638191,0.0129183730585777,"2.5th percentile"
39.3143125628141,13.986627638191,0.010567445465326,"2.5th percentile"
39.3989115577889,13.986627638191,0.00888623552455702,"2.5th percentile"
39.4835105527638,13.986627638191,0.00642723179260055,"2.5th percentile"
39.5681095477387,13.986627638191,0.00550146062435833,"2.5th percentile"
39.6527085427136,13.986627638191,0.00510979014770079,"2.5th percentile"
39.7373075376884,13.986627638191,0.00418795319827666,"2.5th percentile"
39.8219065326633,13.986627638191,0.00354872104480564,"2.5th percentile"
39.9065055276382,13.986627638191,0.00408294361833157,"2.5th percentile"
39.9911045226131,13.986627638191,0.00334518301791236,"2.5th percentile"
40.0757035175879,13.986627638191,0.0028552379092584,"2.5th percentile"
40.1603025125628,13.986627638191,0.00243873822987418,"2.5th percentile"
40.2449015075377,13.986627638191,0.00203088141850375,"2.5th percentile"
40.3295005025126,13.986627638191,0.0016879185634772,"2.5th percentile"
40.4140994974874,13.986627638191,0.00140227426184694,"2.5th percentile"
40.4986984924623,13.986627638191,0.00126916724883458,"2.5th percentile"
40.5832974874372,13.986627638191,0.000967498445014055,"2.5th percentile"
40.6678964824121,13.986627638191,0.000803449369476719,"2.5th percentile"
40.7524954773869,13.986627638191,0.00066706853392782,"2.5th percentile"
40.8370944723618,13.986627638191,0.000553764965172792,"2.5th percentile"
40.9216934673367,13.986627638191,0.000459657111867476,"2.5th percentile"
36.4379467336683,14.0546542713568,0.320586098002911,"2.5th percentile"
36.5225457286432,14.0546542713568,0.311046238789213,"2.5th percentile"
36.6071447236181,14.0546542713568,0.329996775146514,"2.5th percentile"
36.691743718593,14.0546542713568,0.327048338745221,"2.5th percentile"
36.7763427135678,14.0546542713568,0.28183365811912,"2.5th percentile"
36.8609417085427,14.0546542713568,0.247520975547631,"2.5th percentile"
36.9455407035176,14.0546542713568,0.206951869201072,"2.5th percentile"
37.0301396984925,14.0546542713568,0.205006097471877,"2.5th percentile"
37.1147386934673,14.0546542713568,0.15840932497854,"2.5th percentile"
37.1993376884422,14.0546542713568,0.159090002903131,"2.5th percentile"
37.2839366834171,14.0546542713568,0.128720793085633,"2.5th percentile"
37.368535678392,14.0546542713568,0.102262198883815,"2.5th percentile"
37.4531346733668,14.0546542713568,0.0998816071226097,"2.5th percentile"
37.5377336683417,14.0546542713568,0.0831947762240336,"2.5th percentile"
37.6223326633166,14.0546542713568,0.0614644702866634,"2.5th percentile"
37.7069316582915,14.0546542713568,0.0599064274719795,"2.5th percentile"
37.7915306532663,14.0546542713568,0.0530376071064564,"2.5th percentile"
37.8761296482412,14.0546542713568,0.0372721318641866,"2.5th percentile"
37.9607286432161,14.0546542713568,0.0339182713998424,"2.5th percentile"
38.045327638191,14.0546542713568,0.0292153814935904,"2.5th percentile"
38.1299266331658,14.0546542713568,0.0214565113675497,"2.5th percentile"
38.2145256281407,14.0546542713568,0.0218307835102608,"2.5th percentile"
38.2991246231156,14.0546542713568,0.0167994279450694,"2.5th percentile"
38.3837236180904,14.0546542713568,0.0121384417547691,"2.5th percentile"
38.4683226130653,14.0546542713568,0.00948689656878179,"2.5th percentile"
38.5529216080402,14.0546542713568,0.00732502451018451,"2.5th percentile"
38.6375206030151,14.0546542713568,0.00694056827871297,"2.5th percentile"
38.72211959799,14.0546542713568,0.00725388172256901,"2.5th percentile"
38.8067185929648,14.0546542713568,0.00695521500873992,"2.5th percentile"
38.8913175879397,14.0546542713568,0.00816441193358302,"2.5th percentile"
38.9759165829146,14.0546542713568,0.0070411957643475,"2.5th percentile"
39.0605155778894,14.0546542713568,0.00715218868220258,"2.5th percentile"
39.1451145728643,14.0546542713568,0.00852790531991374,"2.5th percentile"
39.2297135678392,14.0546542713568,0.00705874092483527,"2.5th percentile"
39.3143125628141,14.0546542713568,0.00685369131481603,"2.5th percentile"
39.3989115577889,14.0546542713568,0.00700980601732148,"2.5th percentile"
39.4835105527638,14.0546542713568,0.0047430521653835,"2.5th percentile"
39.5681095477387,14.0546542713568,0.00455365909131627,"2.5th percentile"
39.6527085427136,14.0546542713568,0.0037311607223586,"2.5th percentile"
39.7373075376884,14.0546542713568,0.00384628324307025,"2.5th percentile"
39.8219065326633,14.0546542713568,0.00309981251065998,"2.5th percentile"
39.9065055276382,14.0546542713568,0.00344274698206508,"2.5th percentile"
39.9911045226131,14.0546542713568,0.00287488089127953,"2.5th percentile"
40.0757035175879,14.0546542713568,0.0024249733610894,"2.5th percentile"
40.1603025125628,14.0546542713568,0.0020342134136088,"2.5th percentile"
40.2449015075377,14.0546542713568,0.00169395318836904,"2.5th percentile"
40.3295005025126,14.0546542713568,0.00142894930785509,"2.5th percentile"
40.4140994974874,14.0546542713568,0.00160019832352926,"2.5th percentile"
40.4986984924623,14.0546542713568,0.000990882917971221,"2.5th percentile"
40.5832974874372,14.0546542713568,0.000822875653029825,"2.5th percentile"
40.6678964824121,14.0546542713568,0.000683278115977379,"2.5th percentile"
40.7524954773869,14.0546542713568,0.000567272318659158,"2.5th percentile"
40.8370944723618,14.0546542713568,0.000470903772349396,"2.5th percentile"
40.9216934673367,14.0546542713568,0.000389666601052717,"2.5th percentile"
36.4379467336683,14.1226809045226,0.264821579003226,"2.5th percentile"
36.5225457286432,14.1226809045226,0.258899797143727,"2.5th percentile"
36.6071447236181,14.1226809045226,0.248153438874358,"2.5th percentile"
36.691743718593,14.1226809045226,0.221165017415449,"2.5th percentile"
36.7763427135678,14.1226809045226,0.237980611340996,"2.5th percentile"
36.8609417085427,14.1226809045226,0.195797581707719,"2.5th percentile"
36.9455407035176,14.1226809045226,0.171950805058537,"2.5th percentile"
37.0301396984925,14.1226809045226,0.12753849532181,"2.5th percentile"
37.1147386934673,14.1226809045226,0.124854564527888,"2.5th percentile"
37.1993376884422,14.1226809045226,0.0956727331480185,"2.5th percentile"
37.2839366834171,14.1226809045226,0.090829126832828,"2.5th percentile"
37.368535678392,14.1226809045226,0.0845307485203997,"2.5th percentile"
37.4531346733668,14.1226809045226,0.0662370460550604,"2.5th percentile"
37.5377336683417,14.1226809045226,0.0475097647459498,"2.5th percentile"
37.6223326633166,14.1226809045226,0.0414054174104979,"2.5th percentile"
37.7069316582915,14.1226809045226,0.0383397741444724,"2.5th percentile"
37.7915306532663,14.1226809045226,0.0337496825869478,"2.5th percentile"
37.8761296482412,14.1226809045226,0.0276893095519119,"2.5th percentile"
37.9607286432161,14.1226809045226,0.0247814612759864,"2.5th percentile"
38.045327638191,14.1226809045226,0.0187319344272025,"2.5th percentile"
38.1299266331658,14.1226809045226,0.0143551595603392,"2.5th percentile"
38.2145256281407,14.1226809045226,0.0147943755903592,"2.5th percentile"
38.2991246231156,14.1226809045226,0.0110131553514864,"2.5th percentile"
38.3837236180904,14.1226809045226,0.00906139304746466,"2.5th percentile"
38.4683226130653,14.1226809045226,0.00678007172821259,"2.5th percentile"
38.5529216080402,14.1226809045226,0.00505561797481937,"2.5th percentile"
38.6375206030151,14.1226809045226,0.00424150274535597,"2.5th percentile"
38.72211959799,14.1226809045226,0.00435781568859159,"2.5th percentile"
38.8067185929648,14.1226809045226,0.00420625534282443,"2.5th percentile"
38.8913175879397,14.1226809045226,0.00429207020188273,"2.5th percentile"
38.9759165829146,14.1226809045226,0.00423794199113217,"2.5th percentile"
39.0605155778894,14.1226809045226,0.00407119780378756,"2.5th percentile"
39.1451145728643,14.1226809045226,0.00435998865976615,"2.5th percentile"
39.2297135678392,14.1226809045226,0.00474079899828558,"2.5th percentile"
39.3143125628141,14.1226809045226,0.0038595783657323,"2.5th percentile"
39.3989115577889,14.1226809045226,0.00355902412006543,"2.5th percentile"
39.4835105527638,14.1226809045226,0.00319476458795112,"2.5th percentile"
39.5681095477387,14.1226809045226,0.00297262671020816,"2.5th percentile"
39.6527085427136,14.1226809045226,0.00334596455584599,"2.5th percentile"
39.7373075376884,14.1226809045226,0.00304143267439748,"2.5th percentile"
39.8219065326633,14.1226809045226,0.00249434408045084,"2.5th percentile"
39.9065055276382,14.1226809045226,0.00241555012096187,"2.5th percentile"
39.9911045226131,14.1226809045226,0.00243063761124036,"2.5th percentile"
40.0757035175879,14.1226809045226,0.00203381221640233,"2.5th percentile"
40.1603025125628,14.1226809045226,0.00172474870788791,"2.5th percentile"
40.2449015075377,14.1226809045226,0.00144363450087341,"2.5th percentile"
40.3295005025126,14.1226809045226,0.00120386081434001,"2.5th percentile"
40.4140994974874,14.1226809045226,0.00100866940201371,"2.5th percentile"
40.4986984924623,14.1226809045226,0.000842794858336722,"2.5th percentile"
40.5832974874372,14.1226809045226,0.000699835422554979,"2.5th percentile"
40.6678964824121,14.1226809045226,0.00058103293229806,"2.5th percentile"
40.7524954773869,14.1226809045226,0.000482302412821945,"2.5th percentile"
40.8370944723618,14.1226809045226,0.000399761950616236,"2.5th percentile"
36.4379467336683,14.1907075376884,0.216313564459818,"2.5th percentile"
36.5225457286432,14.1907075376884,0.23086032542195,"2.5th percentile"
36.6071447236181,14.1907075376884,0.176385699762851,"2.5th percentile"
36.691743718593,14.1907075376884,0.161941028367201,"2.5th percentile"
36.7763427135678,14.1907075376884,0.143246534217081,"2.5th percentile"
36.8609417085427,14.1907075376884,0.130179773423758,"2.5th percentile"
36.9455407035176,14.1907075376884,0.128115696287006,"2.5th percentile"
37.0301396984925,14.1907075376884,0.0964627173762702,"2.5th percentile"
37.1147386934673,14.1907075376884,0.0848621465088165,"2.5th percentile"
37.1993376884422,14.1907075376884,0.0694628628097946,"2.5th percentile"
37.2839366834171,14.1907075376884,0.0732699202578243,"2.5th percentile"
37.368535678392,14.1907075376884,0.0646162029053405,"2.5th percentile"
37.4531346733668,14.1907075376884,0.0462443901298014,"2.5th percentile"
37.5377336683417,14.1907075376884,0.0370697394985067,"2.5th percentile"
37.6223326633166,14.1907075376884,0.0370486845266621,"2.5th percentile"
37.7069316582915,14.1907075376884,0.0291262760481729,"2.5th percentile"
37.7915306532663,14.1907075376884,0.0260164065275326,"2.5th percentile"
37.8761296482412,14.1907075376884,0.01782786925514,"2.5th percentile"
37.9607286432161,14.1907075376884,0.0185174092403776,"2.5th percentile"
38.045327638191,14.1907075376884,0.013002410288125,"2.5th percentile"
38.1299266331658,14.1907075376884,0.0119794653703092,"2.5th percentile"
38.2145256281407,14.1907075376884,0.0124869624380602,"2.5th percentile"
38.2991246231156,14.1907075376884,0.00793106474745322,"2.5th percentile"
38.3837236180904,14.1907075376884,0.0065206621612605,"2.5th percentile"
38.4683226130653,14.1907075376884,0.00662517194803978,"2.5th percentile"
38.5529216080402,14.1907075376884,0.00403517061771667,"2.5th percentile"
38.6375206030151,14.1907075376884,0.00335827912971157,"2.5th percentile"
38.72211959799,14.1907075376884,0.00344495068918373,"2.5th percentile"
38.8067185929648,14.1907075376884,0.00318128054394074,"2.5th percentile"
38.8913175879397,14.1907075376884,0.00241101687736373,"2.5th percentile"
38.9759165829146,14.1907075376884,0.00242206013671748,"2.5th percentile"
39.0605155778894,14.1907075376884,0.00261911949284525,"2.5th percentile"
39.1451145728643,14.1907075376884,0.00266975517838631,"2.5th percentile"
39.2297135678392,14.1907075376884,0.00262525797400899,"2.5th percentile"
39.3143125628141,14.1907075376884,0.00257484614977242,"2.5th percentile"
39.3989115577889,14.1907075376884,0.00226384238892954,"2.5th percentile"
39.4835105527638,14.1907075376884,0.00222272576008645,"2.5th percentile"
39.5681095477387,14.1907075376884,0.00215281982586609,"2.5th percentile"
39.6527085427136,14.1907075376884,0.00229783545404066,"2.5th percentile"
39.7373075376884,14.1907075376884,0.00221398780720344,"2.5th percentile"
39.8219065326633,14.1907075376884,0.00197702014008124,"2.5th percentile"
39.9065055276382,14.1907075376884,0.00207211529298555,"2.5th percentile"
39.9911045226131,14.1907075376884,0.00189673148637707,"2.5th percentile"
40.0757035175879,14.1907075376884,0.00163488129175401,"2.5th percentile"
40.1603025125628,14.1907075376884,0.00140967961545984,"2.5th percentile"
40.2449015075377,14.1907075376884,0.00121001345082687,"2.5th percentile"
40.3295005025126,14.1907075376884,0.00100878691238344,"2.5th percentile"
40.4140994974874,14.1907075376884,0.000860110096645933,"2.5th percentile"
40.4986984924623,14.1907075376884,0.000716773829528078,"2.5th percentile"
40.5832974874372,14.1907075376884,0.000595184474131706,"2.5th percentile"
40.6678964824121,14.1907075376884,0.000491375390582138,"2.5th percentile"
36.4379467336683,14.2587341708543,0.177173743117752,"2.5th percentile"
36.5225457286432,14.2587341708543,0.195920286483407,"2.5th percentile"
36.6071447236181,14.2587341708543,0.146019551382838,"2.5th percentile"
36.691743718593,14.2587341708543,0.144306847637685,"2.5th percentile"
36.7763427135678,14.2587341708543,0.107153576373183,"2.5th percentile"
36.8609417085427,14.2587341708543,0.093820429876424,"2.5th percentile"
36.9455407035176,14.2587341708543,0.0790100393214041,"2.5th percentile"
37.0301396984925,14.2587341708543,0.0756218083781124,"2.5th percentile"
37.1147386934673,14.2587341708543,0.0651118045421691,"2.5th percentile"
37.1993376884422,14.2587341708543,0.0593077780863359,"2.5th percentile"
37.2839366834171,14.2587341708543,0.0464948184590218,"2.5th percentile"
37.6223326633166,14.2587341708543,0.0249085954118997,"2.5th percentile"
37.7069316582915,14.2587341708543,0.0204083664633015,"2.5th percentile"
37.7915306532663,14.2587341708543,0.0183250343790596,"2.5th percentile"
37.8761296482412,14.2587341708543,0.0138925933888323,"2.5th percentile"
37.9607286432161,14.2587341708543,0.0120082840979952,"2.5th percentile"
38.045327638191,14.2587341708543,0.00845579909605369,"2.5th percentile"
38.1299266331658,14.2587341708543,0.0100635248132219,"2.5th percentile"
38.2145256281407,14.2587341708543,0.00762967659414106,"2.5th percentile"
38.2991246231156,14.2587341708543,0.00683686826325731,"2.5th percentile"
38.3837236180904,14.2587341708543,0.00611226550551713,"2.5th percentile"
38.4683226130653,14.2587341708543,0.0051525438091138,"2.5th percentile"
38.5529216080402,14.2587341708543,0.00371226057256138,"2.5th percentile"
38.6375206030151,14.2587341708543,0.00237653132858172,"2.5th percentile"
38.72211959799,14.2587341708543,0.00238021086602342,"2.5th percentile"
38.8067185929648,14.2587341708543,0.00229891646035092,"2.5th percentile"
38.8913175879397,14.2587341708543,0.00165504520783664,"2.5th percentile"
38.9759165829146,14.2587341708543,0.00178948193619047,"2.5th percentile"
39.0605155778894,14.2587341708543,0.00167948517182159,"2.5th percentile"
39.1451145728643,14.2587341708543,0.00167240937489118,"2.5th percentile"
39.2297135678392,14.2587341708543,0.00174044241756174,"2.5th percentile"
39.3143125628141,14.2587341708543,0.00160059265456036,"2.5th percentile"
39.3989115577889,14.2587341708543,0.0016367218375872,"2.5th percentile"
39.4835105527638,14.2587341708543,0.00148293682822442,"2.5th percentile"
39.5681095477387,14.2587341708543,0.00151159750515349,"2.5th percentile"
39.6527085427136,14.2587341708543,0.00151142102219279,"2.5th percentile"
39.7373075376884,14.2587341708543,0.00127292473028158,"2.5th percentile"
39.8219065326633,14.2587341708543,0.00117059918023394,"2.5th percentile"
39.9065055276382,14.2587341708543,0.00143873848734084,"2.5th percentile"
39.9911045226131,14.2587341708543,0.00133671312696296,"2.5th percentile"
40.0757035175879,14.2587341708543,0.00123333815943432,"2.5th percentile"
40.1603025125628,14.2587341708543,0.00109351494960036,"2.5th percentile"
40.2449015075377,14.2587341708543,0.000956702848712336,"2.5th percentile"
40.3295005025126,14.2587341708543,0.000804050571711906,"2.5th percentile"
40.4140994974874,14.2587341708543,0.00071121690194153,"2.5th percentile"
40.4986984924623,14.2587341708543,0.000605482735674996,"2.5th percentile"
40.5832974874372,14.2587341708543,0.000504961233628683,"2.5th percentile"
36.4379467336683,14.3267608040201,0.121387033636107,"2.5th percentile"
36.5225457286432,14.3267608040201,0.11129845160103,"2.5th percentile"
36.6071447236181,14.3267608040201,0.113021925994828,"2.5th percentile"
36.691743718593,14.3267608040201,0.106488168990718,"2.5th percentile"
36.7763427135678,14.3267608040201,0.0782424864886245,"2.5th percentile"
36.8609417085427,14.3267608040201,0.0747082208806366,"2.5th percentile"
36.9455407035176,14.3267608040201,0.0600991221090696,"2.5th percentile"
37.7069316582915,14.3267608040201,0.0138887036556093,"2.5th percentile"
37.7915306532663,14.3267608040201,0.0119525500812032,"2.5th percentile"
37.8761296482412,14.3267608040201,0.0102873427789232,"2.5th percentile"
37.9607286432161,14.3267608040201,0.00700515714342111,"2.5th percentile"
38.045327638191,14.3267608040201,0.0064590765915836,"2.5th percentile"
38.1299266331658,14.3267608040201,0.00573090481430477,"2.5th percentile"
38.2145256281407,14.3267608040201,0.00604720210401677,"2.5th percentile"
38.2991246231156,14.3267608040201,0.00525074839408434,"2.5th percentile"
38.3837236180904,14.3267608040201,0.00438658877643188,"2.5th percentile"
38.4683226130653,14.3267608040201,0.0033539264122434,"2.5th percentile"
38.5529216080402,14.3267608040201,0.00251034705807857,"2.5th percentile"
38.6375206030151,14.3267608040201,0.0018272650048791,"2.5th percentile"
38.72211959799,14.3267608040201,0.00140748572500642,"2.5th percentile"
38.8067185929648,14.3267608040201,0.00145448722304303,"2.5th percentile"
38.8913175879397,14.3267608040201,0.00131722018731571,"2.5th percentile"
38.9759165829146,14.3267608040201,0.00105079752443641,"2.5th percentile"
39.0605155778894,14.3267608040201,0.00123297443555251,"2.5th percentile"
39.1451145728643,14.3267608040201,0.00103411392363405,"2.5th percentile"
39.2297135678392,14.3267608040201,0.00112429510836799,"2.5th percentile"
39.3143125628141,14.3267608040201,0.00100396399115946,"2.5th percentile"
39.3989115577889,14.3267608040201,0.00110798270886681,"2.5th percentile"
39.4835105527638,14.3267608040201,0.000916384151546192,"2.5th percentile"
39.5681095477387,14.3267608040201,0.00117712754082709,"2.5th percentile"
39.6527085427136,14.3267608040201,0.00120264827491134,"2.5th percentile"
39.7373075376884,14.3267608040201,0.000852216507797625,"2.5th percentile"
39.8219065326633,14.3267608040201,0.00106377180819473,"2.5th percentile"
39.9065055276382,14.3267608040201,0.00080603744377158,"2.5th percentile"
39.9911045226131,14.3267608040201,0.000957291617236805,"2.5th percentile"
40.0757035175879,14.3267608040201,0.000860935744079723,"2.5th percentile"
40.1603025125628,14.3267608040201,0.000802156463851765,"2.5th percentile"
40.2449015075377,14.3267608040201,0.000622743637576336,"2.5th percentile"
40.3295005025126,14.3267608040201,0.000627598786187672,"2.5th percentile"
40.4140994974874,14.3267608040201,0.000558980812591425,"2.5th percentile"
36.4379467336683,14.3947874371859,0.107037366429902,"2.5th percentile"
36.5225457286432,14.3947874371859,0.0831689127874967,"2.5th percentile"
37.7069316582915,14.3947874371859,0.00726797182927879,"2.5th percentile"
37.7915306532663,14.3947874371859,0.00807769094871057,"2.5th percentile"
37.8761296482412,14.3947874371859,0.00676140986639668,"2.5th percentile"
37.9607286432161,14.3947874371859,0.00540822843817511,"2.5th percentile"
38.045327638191,14.3947874371859,0.00469934497392355,"2.5th percentile"
38.1299266331658,14.3947874371859,0.0046632581455269,"2.5th percentile"
38.2145256281407,14.3947874371859,0.00430805928959227,"2.5th percentile"
38.2991246231156,14.3947874371859,0.00389454714661327,"2.5th percentile"
38.3837236180904,14.3947874371859,0.00327217835411829,"2.5th percentile"
38.4683226130653,14.3947874371859,0.0025985453032439,"2.5th percentile"
38.5529216080402,14.3947874371859,0.0019110104910926,"2.5th percentile"
38.6375206030151,14.3947874371859,0.00128782258161093,"2.5th percentile"
38.72211959799,14.3947874371859,0.000946536065806489,"2.5th percentile"
38.8067185929648,14.3947874371859,0.000787074401367086,"2.5th percentile"
38.8913175879397,14.3947874371859,0.000818618044002499,"2.5th percentile"
38.9759165829146,14.3947874371859,0.000883387856210215,"2.5th percentile"
39.0605155778894,14.3947874371859,0.000783119496603162,"2.5th percentile"
39.1451145728643,14.3947874371859,0.000764304445045628,"2.5th percentile"
39.2297135678392,14.3947874371859,0.000736030742696032,"2.5th percentile"
39.3143125628141,14.3947874371859,0.000861510629592299,"2.5th percentile"
39.3989115577889,14.3947874371859,0.000639191736963177,"2.5th percentile"
39.4835105527638,14.3947874371859,0.000708047013121863,"2.5th percentile"
39.5681095477387,14.3947874371859,0.000738908233347404,"2.5th percentile"
39.6527085427136,14.3947874371859,0.000817723126228326,"2.5th percentile"
39.7373075376884,14.3947874371859,0.000786736870113154,"2.5th percentile"
39.8219065326633,14.3947874371859,0.000728745620595278,"2.5th percentile"
39.9065055276382,14.3947874371859,0.000694697355260558,"2.5th percentile"
39.9911045226131,14.3947874371859,0.000634472058874465,"2.5th percentile"
40.0757035175879,14.3947874371859,0.000610702199163498,"2.5th percentile"
40.1603025125628,14.3947874371859,0.000568719307519569,"2.5th percentile"
40.2449015075377,14.3947874371859,0.000513953865439253,"2.5th percentile"
37.7069316582915,14.4628140703518,0.00666719358696034,"2.5th percentile"
37.7915306532663,14.4628140703518,0.00554104459259673,"2.5th percentile"
37.8761296482412,14.4628140703518,0.00465331992255396,"2.5th percentile"
37.9607286432161,14.4628140703518,0.00375483694302528,"2.5th percentile"
38.045327638191,14.4628140703518,0.00356541268166083,"2.5th percentile"
38.1299266331658,14.4628140703518,0.00373584512531652,"2.5th percentile"
38.2145256281407,14.4628140703518,0.00320517740518033,"2.5th percentile"
38.2991246231156,14.4628140703518,0.00259577858392172,"2.5th percentile"
38.3837236180904,14.4628140703518,0.00230852093663732,"2.5th percentile"
38.4683226130653,14.4628140703518,0.00176120854345351,"2.5th percentile"
38.5529216080402,14.4628140703518,0.00125173761666644,"2.5th percentile"
38.6375206030151,14.4628140703518,0.000815759937672167,"2.5th percentile"
38.72211959799,14.4628140703518,0.000593245078764597,"2.5th percentile"
38.8067185929648,14.4628140703518,0.000562264124783691,"2.5th percentile"
38.8913175879397,14.4628140703518,0.000609971765107832,"2.5th percentile"
38.9759165829146,14.4628140703518,0.000578777085507488,"2.5th percentile"
39.0605155778894,14.4628140703518,0.000495655452492648,"2.5th percentile"
39.1451145728643,14.4628140703518,0.000497063662812334,"2.5th percentile"
39.2297135678392,14.4628140703518,0.000500539061397538,"2.5th percentile"
39.3143125628141,14.4628140703518,0.000543412491332143,"2.5th percentile"
39.3989115577889,14.4628140703518,0.000425523473588953,"2.5th percentile"
39.4835105527638,14.4628140703518,0.000449333057996497,"2.5th percentile"
39.5681095477387,14.4628140703518,0.000473288857132453,"2.5th percentile"
39.6527085427136,14.4628140703518,0.00045011742648367,"2.5th percentile"
39.7373075376884,14.4628140703518,0.000479015408464483,"2.5th percentile"
39.8219065326633,14.4628140703518,0.000413070762079873,"2.5th percentile"
39.9065055276382,14.4628140703518,0.000458237384692509,"2.5th percentile"
39.9911045226131,14.4628140703518,0.000445372277129412,"2.5th percentile"
40.0757035175879,14.4628140703518,0.000422640592627585,"2.5th percentile"
37.7915306532663,14.5308407035176,0.00323610729747119,"2.5th percentile"
37.8761296482412,14.5308407035176,0.00327453582647816,"2.5th percentile"
37.9607286432161,14.5308407035176,0.00263794866382215,"2.5th percentile"
38.045327638191,14.5308407035176,0.00281646605384653,"2.5th percentile"
38.1299266331658,14.5308407035176,0.00273908176694177,"2.5th percentile"
38.2145256281407,14.5308407035176,0.0024806902963929,"2.5th percentile"
38.2991246231156,14.5308407035176,0.00192596669356731,"2.5th percentile"
38.3837236180904,14.5308407035176,0.00143485879357011,"2.5th percentile"
38.4683226130653,14.5308407035176,0.00120766409413918,"2.5th percentile"
38.6375206030151,14.5308407035176,0.000562728572705261,"2.5th percentile"
38.72211959799,14.5308407035176,0.000387619480353842,"2.5th percentile"
38.8067185929648,14.5308407035176,0.00026405913889272,"2.5th percentile"
38.8913175879397,14.5308407035176,0.000303638726254789,"2.5th percentile"
38.9759165829146,14.5308407035176,0.000352857069300165,"2.5th percentile"
39.0605155778894,14.5308407035176,0.000369304091191095,"2.5th percentile"
39.1451145728643,14.5308407035176,0.000361675899219575,"2.5th percentile"
39.2297135678392,14.5308407035176,0.000286351308191947,"2.5th percentile"
39.3143125628141,14.5308407035176,0.000310278801917043,"2.5th percentile"
37.7915306532663,14.5988673366834,0.00227824436728422,"2.5th percentile"
37.8761296482412,14.5988673366834,0.00213272125776438,"2.5th percentile"
37.9607286432161,14.5988673366834,0.00161300452420717,"2.5th percentile"
38.045327638191,14.5988673366834,0.0014983435004308,"2.5th percentile"
38.1299266331658,14.5988673366834,0.00190921776348727,"2.5th percentile"
38.2145256281407,14.5988673366834,0.00141758302611434,"2.5th percentile"
38.2991246231156,14.5988673366834,0.00116282919828703,"2.5th percentile"
38.3837236180904,14.5988673366834,0.000994725819293,"2.5th percentile"
38.8067185929648,14.5988673366834,0.000217277047868233,"2.5th percentile"
38.8913175879397,14.5988673366834,0.000174980610170412,"2.5th percentile"
38.9759165829146,14.5988673366834,0.000211642572527847,"2.5th percentile"
39.0605155778894,14.5988673366834,0.000217230720422769,"2.5th percentile"
39.1451145728643,14.5988673366834,0.000217211904921845,"2.5th percentile"
39.2297135678392,14.5988673366834,0.000183654078976047,"2.5th percentile"
37.7915306532663,14.6668939698492,0.00158641003226724,"2.5th percentile"
37.8761296482412,14.6668939698492,0.00127134405472812,"2.5th percentile"
37.9607286432161,14.6668939698492,0.00105138858752892,"2.5th percentile"
38.045327638191,14.6668939698492,0.00102030126373763,"2.5th percentile"
38.1299266331658,14.6668939698492,0.00113485890582994,"2.5th percentile"
38.2145256281407,14.6668939698492,0.000913095772931269,"2.5th percentile"
38.9759165829146,14.6668939698492,0.000123711726356998,"2.5th percentile"
39.0605155778894,14.6668939698492,0.000123836404724308,"2.5th percentile"
39.1451145728643,14.6668939698492,0.000111388053856679,"2.5th percentile"
37.8761296482412,14.7349206030151,0.000770520147337127,"2.5th percentile"
37.9607286432161,14.7349206030151,0.000696579781815925,"2.5th percentile"
38.045327638191,14.7349206030151,0.000967616258064218,"2.5th percentile"
38.1299266331658,14.7349206030151,0.000737509008092226,"2.5th percentile"
37.8761296482412,14.8029472361809,0.000629317280118088,"2.5th percentile"
37.9607286432161,14.8029472361809,0.000514159826541527,"2.5th percentile"
38.045327638191,14.8029472361809,0.000583471650435366,"2.5th percentile"
37.8761296482412,14.8709738693467,0.000471096166267421,"2.5th percentile"
37.9607286432161,14.8709738693467,0.000389287482097073,"2.5th percentile"
39.3989115577889,3.44249949748744,0.999887000934971,"97.5th percentile"
39.4835105527638,3.44249949748744,0.999895805638787,"97.5th percentile"
39.5681095477387,3.44249949748744,0.999893980066582,"97.5th percentile"
38.8913175879397,3.51052613065327,0.999699674291093,"97.5th percentile"
38.9759165829146,3.51052613065327,0.999765650091341,"97.5th percentile"
39.0605155778894,3.51052613065327,0.999776876554016,"97.5th percentile"
39.1451145728643,3.51052613065327,0.999785896489993,"97.5th percentile"
39.2297135678392,3.51052613065327,0.999818953246317,"97.5th percentile"
39.3143125628141,3.51052613065327,0.999844475797522,"97.5th percentile"
39.3989115577889,3.51052613065327,0.999864894657904,"97.5th percentile"
39.4835105527638,3.51052613065327,0.999883442049042,"97.5th percentile"
39.5681095477387,3.51052613065327,0.999897836703483,"97.5th percentile"
38.8067185929648,3.5785527638191,0.999581588774034,"97.5th percentile"
38.8913175879397,3.5785527638191,0.999610992717765,"97.5th percentile"
38.9759165829146,3.5785527638191,0.9996487535112,"97.5th percentile"
39.0605155778894,3.5785527638191,0.999681312666838,"97.5th percentile"
39.1451145728643,3.5785527638191,0.999733690063692,"97.5th percentile"
39.2297135678392,3.5785527638191,0.999788367238729,"97.5th percentile"
39.3143125628141,3.5785527638191,0.99980488026277,"97.5th percentile"
39.3989115577889,3.5785527638191,0.999834861842966,"97.5th percentile"
39.4835105527638,3.5785527638191,0.999855527038258,"97.5th percentile"
39.5681095477387,3.5785527638191,0.999871954084486,"97.5th percentile"
39.6527085427136,3.5785527638191,0.999863375846025,"97.5th percentile"
38.1299266331658,3.64657939698492,0.999001756901259,"97.5th percentile"
38.2145256281407,3.64657939698492,0.999210068855178,"97.5th percentile"
38.2991246231156,3.64657939698492,0.999112133162949,"97.5th percentile"
38.3837236180904,3.64657939698492,0.999146667015766,"97.5th percentile"
38.4683226130653,3.64657939698492,0.999211091624764,"97.5th percentile"
38.5529216080402,3.64657939698492,0.9992681677288,"97.5th percentile"
38.6375206030151,3.64657939698492,0.99930532660434,"97.5th percentile"
38.72211959799,3.64657939698492,0.9993846923863,"97.5th percentile"
38.8067185929648,3.64657939698492,0.99943577101457,"97.5th percentile"
38.8913175879397,3.64657939698492,0.999494888764032,"97.5th percentile"
38.9759165829146,3.64657939698492,0.999561820599626,"97.5th percentile"
39.0605155778894,3.64657939698492,0.999600618681329,"97.5th percentile"
39.1451145728643,3.64657939698492,0.999667334198597,"97.5th percentile"
39.2297135678392,3.64657939698492,0.999721651046052,"97.5th percentile"
39.3143125628141,3.64657939698492,0.999761060256849,"97.5th percentile"
39.3989115577889,3.64657939698492,0.999789142664446,"97.5th percentile"
39.4835105527638,3.64657939698492,0.999812559088057,"97.5th percentile"
39.5681095477387,3.64657939698492,0.999834978330167,"97.5th percentile"
39.6527085427136,3.64657939698492,0.999836052715612,"97.5th percentile"
37.9607286432161,3.71460603015075,0.998901365711472,"97.5th percentile"
38.045327638191,3.71460603015075,0.998603471899768,"97.5th percentile"
38.1299266331658,3.71460603015075,0.999006000707047,"97.5th percentile"
38.2145256281407,3.71460603015075,0.999055759663842,"97.5th percentile"
38.2991246231156,3.71460603015075,0.998746109758052,"97.5th percentile"
38.3837236180904,3.71460603015075,0.998811636817471,"97.5th percentile"
38.4683226130653,3.71460603015075,0.998911000564995,"97.5th percentile"
38.5529216080402,3.71460603015075,0.99902350242617,"97.5th percentile"
38.6375206030151,3.71460603015075,0.999062536991934,"97.5th percentile"
38.72211959799,3.71460603015075,0.999137684618788,"97.5th percentile"
38.8067185929648,3.71460603015075,0.999225943374916,"97.5th percentile"
38.8913175879397,3.71460603015075,0.999331680462905,"97.5th percentile"
38.9759165829146,3.71460603015075,0.999439204950424,"97.5th percentile"
39.0605155778894,3.71460603015075,0.999527671933698,"97.5th percentile"
39.1451145728643,3.71460603015075,0.999599270385197,"97.5th percentile"
39.2297135678392,3.71460603015075,0.999653426335838,"97.5th percentile"
39.3143125628141,3.71460603015075,0.999685872501704,"97.5th percentile"
39.3989115577889,3.71460603015075,0.999725995598507,"97.5th percentile"
39.4835105527638,3.71460603015075,0.999758473426782,"97.5th percentile"
39.5681095477387,3.71460603015075,0.999785720069261,"97.5th percentile"
39.6527085427136,3.71460603015075,0.999796197598684,"97.5th percentile"
39.7373075376884,3.71460603015075,0.999778935536992,"97.5th percentile"
37.8761296482412,3.78263266331658,0.998124891579391,"97.5th percentile"
37.9607286432161,3.78263266331658,0.998206799456548,"97.5th percentile"
38.045327638191,3.78263266331658,0.997939101270453,"97.5th percentile"
38.1299266331658,3.78263266331658,0.998455103218978,"97.5th percentile"
38.2145256281407,3.78263266331658,0.998672558227758,"97.5th percentile"
38.2991246231156,3.78263266331658,0.998280086577654,"97.5th percentile"
38.3837236180904,3.78263266331658,0.998366077933967,"97.5th percentile"
38.4683226130653,3.78263266331658,0.998501606365554,"97.5th percentile"
38.5529216080402,3.78263266331658,0.998749744568113,"97.5th percentile"
38.6375206030151,3.78263266331658,0.998962803493503,"97.5th percentile"
38.72211959799,3.78263266331658,0.998885077401428,"97.5th percentile"
38.8067185929648,3.78263266331658,0.999046547858775,"97.5th percentile"
38.8913175879397,3.78263266331658,0.999210003571128,"97.5th percentile"
38.9759165829146,3.78263266331658,0.999335528616441,"97.5th percentile"
39.0605155778894,3.78263266331658,0.999409832165524,"97.5th percentile"
39.1451145728643,3.78263266331658,0.999473653681213,"97.5th percentile"
39.2297135678392,3.78263266331658,0.999582274395309,"97.5th percentile"
39.3143125628141,3.78263266331658,0.999589852844508,"97.5th percentile"
39.3989115577889,3.78263266331658,0.999638604146438,"97.5th percentile"
39.4835105527638,3.78263266331658,0.99968190435765,"97.5th percentile"
39.5681095477387,3.78263266331658,0.999720026176351,"97.5th percentile"
39.6527085427136,3.78263266331658,0.999749011348504,"97.5th percentile"
39.7373075376884,3.78263266331658,0.999730894787814,"97.5th percentile"
37.7915306532663,3.85065929648241,0.99745653001021,"97.5th percentile"
37.8761296482412,3.85065929648241,0.997164493111026,"97.5th percentile"
37.9607286432161,3.85065929648241,0.997404659010979,"97.5th percentile"
38.045327638191,3.85065929648241,0.997754981694157,"97.5th percentile"
38.1299266331658,3.85065929648241,0.998012943831685,"97.5th percentile"
38.2145256281407,3.85065929648241,0.99747517926643,"97.5th percentile"
38.2991246231156,3.85065929648241,0.997638734132768,"97.5th percentile"
38.3837236180904,3.85065929648241,0.997803162404496,"97.5th percentile"
38.4683226130653,3.85065929648241,0.99800919289692,"97.5th percentile"
38.5529216080402,3.85065929648241,0.998231780766251,"97.5th percentile"
38.6375206030151,3.85065929648241,0.998724090800102,"97.5th percentile"
38.72211959799,3.85065929648241,0.998688963302299,"97.5th percentile"
38.8067185929648,3.85065929648241,0.998869603300389,"97.5th percentile"
38.8913175879397,3.85065929648241,0.999024824214956,"97.5th percentile"
38.9759165829146,3.85065929648241,0.999344505990214,"97.5th percentile"
39.0605155778894,3.85065929648241,0.999380449679254,"97.5th percentile"
39.1451145728643,3.85065929648241,0.999319666387173,"97.5th percentile"
39.2297135678392,3.85065929648241,0.999399620437632,"97.5th percentile"
39.3143125628141,3.85065929648241,0.999469391614766,"97.5th percentile"
39.3989115577889,3.85065929648241,0.99953109566139,"97.5th percentile"
39.4835105527638,3.85065929648241,0.999588483418555,"97.5th percentile"
39.5681095477387,3.85065929648241,0.999645531451915,"97.5th percentile"
39.6527085427136,3.85065929648241,0.999680250720074,"97.5th percentile"
39.7373075376884,3.85065929648241,0.999659942326597,"97.5th percentile"
39.8219065326633,3.85065929648241,0.999641872396242,"97.5th percentile"
37.7069316582915,3.91868592964824,0.996030663948666,"97.5th percentile"
37.7915306532663,3.91868592964824,0.996238426140563,"97.5th percentile"
37.8761296482412,3.91868592964824,0.996540588900995,"97.5th percentile"
37.9607286432161,3.91868592964824,0.996266824795797,"97.5th percentile"
38.045327638191,3.91868592964824,0.996606982885175,"97.5th percentile"
38.1299266331658,3.91868592964824,0.996622519544861,"97.5th percentile"
38.2145256281407,3.91868592964824,0.996512841772092,"97.5th percentile"
38.2991246231156,3.91868592964824,0.997227706152349,"97.5th percentile"
38.3837236180904,3.91868592964824,0.997135655173581,"97.5th percentile"
38.4683226130653,3.91868592964824,0.997480272178101,"97.5th percentile"
38.5529216080402,3.91868592964824,0.997797499486364,"97.5th percentile"
38.6375206030151,3.91868592964824,0.998410652527527,"97.5th percentile"
38.72211959799,3.91868592964824,0.99840807736167,"97.5th percentile"
38.8067185929648,3.91868592964824,0.998589501715505,"97.5th percentile"
38.8913175879397,3.91868592964824,0.998744303657933,"97.5th percentile"
38.9759165829146,3.91868592964824,0.998887788901768,"97.5th percentile"
39.0605155778894,3.91868592964824,0.999010282047912,"97.5th percentile"
39.1451145728643,3.91868592964824,0.999121656807825,"97.5th percentile"
39.2297135678392,3.91868592964824,0.999218755033015,"97.5th percentile"
39.3143125628141,3.91868592964824,0.999311540830145,"97.5th percentile"
39.3989115577889,3.91868592964824,0.999389326109751,"97.5th percentile"
39.4835105527638,3.91868592964824,0.999463236316911,"97.5th percentile"
39.5681095477387,3.91868592964824,0.999529575978671,"97.5th percentile"
39.6527085427136,3.91868592964824,0.999584387048853,"97.5th percentile"
39.7373075376884,3.91868592964824,0.999588209238742,"97.5th percentile"
39.8219065326633,3.91868592964824,0.999557897507842,"97.5th percentile"
39.9065055276382,3.91868592964824,0.999554431521843,"97.5th percentile"
39.9911045226131,3.91868592964824,0.999561952788999,"97.5th percentile"
37.6223326633166,3.98671256281407,0.994175202123906,"97.5th percentile"
37.7069316582915,3.98671256281407,0.993722080818755,"97.5th percentile"
37.7915306532663,3.98671256281407,0.993575241188745,"97.5th percentile"
37.8761296482412,3.98671256281407,0.994127912338959,"97.5th percentile"
37.9607286432161,3.98671256281407,0.995428253280381,"97.5th percentile"
38.045327638191,3.98671256281407,0.994981624973143,"97.5th percentile"
38.1299266331658,3.98671256281407,0.994965816757464,"97.5th percentile"
38.2145256281407,3.98671256281407,0.995295743818128,"97.5th percentile"
38.2991246231156,3.98671256281407,0.996013225354007,"97.5th percentile"
38.3837236180904,3.98671256281407,0.99714661067678,"97.5th percentile"
38.4683226130653,3.98671256281407,0.996848279411167,"97.5th percentile"
38.5529216080402,3.98671256281407,0.997356303313088,"97.5th percentile"
38.6375206030151,3.98671256281407,0.997659684460173,"97.5th percentile"
38.72211959799,3.98671256281407,0.998050603863082,"97.5th percentile"
38.8067185929648,3.98671256281407,0.998496050304773,"97.5th percentile"
38.8913175879397,3.98671256281407,0.99836424706245,"97.5th percentile"
38.9759165829146,3.98671256281407,0.998555179702746,"97.5th percentile"
39.0605155778894,3.98671256281407,0.998712028569309,"97.5th percentile"
39.1451145728643,3.98671256281407,0.998856323608605,"97.5th percentile"
39.2297135678392,3.98671256281407,0.998983422283272,"97.5th percentile"
39.3143125628141,3.98671256281407,0.999104495742492,"97.5th percentile"
39.3989115577889,3.98671256281407,0.999206089743803,"97.5th percentile"
39.4835105527638,3.98671256281407,0.999299412979545,"97.5th percentile"
39.5681095477387,3.98671256281407,0.999386797310231,"97.5th percentile"
39.6527085427136,3.98671256281407,0.999455859811606,"97.5th percentile"
39.7373075376884,3.98671256281407,0.999497423899419,"97.5th percentile"
39.8219065326633,3.98671256281407,0.999452156122607,"97.5th percentile"
39.9065055276382,3.98671256281407,0.999438086928361,"97.5th percentile"
39.9911045226131,3.98671256281407,0.999442726627058,"97.5th percentile"
40.0757035175879,3.98671256281407,0.999426296573244,"97.5th percentile"
40.1603025125628,3.98671256281407,0.999419931169986,"97.5th percentile"
41.1754904522613,3.98671256281407,0.999922808223261,"97.5th percentile"
41.2600894472362,3.98671256281407,0.999933781692767,"97.5th percentile"
41.344688442211,3.98671256281407,0.999950224917729,"97.5th percentile"
41.4292874371859,3.98671256281407,0.999957464955457,"97.5th percentile"
41.5138864321608,3.98671256281407,0.999966585370677,"97.5th percentile"
41.5984854271357,3.98671256281407,0.999970982624165,"97.5th percentile"
41.6830844221106,3.98671256281407,0.99996887320676,"97.5th percentile"
41.7676834170854,3.98671256281407,0.999972330913098,"97.5th percentile"
41.8522824120603,3.98671256281407,0.999982172115234,"97.5th percentile"
37.4531346733668,4.0547391959799,0.991959641433745,"97.5th percentile"
37.5377336683417,4.0547391959799,0.991024124106,"97.5th percentile"
37.6223326633166,4.0547391959799,0.991139497529544,"97.5th percentile"
37.7069316582915,4.0547391959799,0.99104157830049,"97.5th percentile"
37.7915306532663,4.0547391959799,0.990448364531909,"97.5th percentile"
37.8761296482412,4.0547391959799,0.99245845443681,"97.5th percentile"
37.9607286432161,4.0547391959799,0.991722573654729,"97.5th percentile"
38.045327638191,4.0547391959799,0.992371840016317,"97.5th percentile"
38.1299266331658,4.0547391959799,0.993643191462317,"97.5th percentile"
38.2145256281407,4.0547391959799,0.995619737601196,"97.5th percentile"
38.2991246231156,4.0547391959799,0.994544873825455,"97.5th percentile"
38.3837236180904,4.0547391959799,0.995498514040274,"97.5th percentile"
38.4683226130653,4.0547391959799,0.996176066436222,"97.5th percentile"
38.5529216080402,4.0547391959799,0.996570373206125,"97.5th percentile"
38.6375206030151,4.0547391959799,0.99695720216009,"97.5th percentile"
38.72211959799,4.0547391959799,0.997360968240873,"97.5th percentile"
38.8067185929648,4.0547391959799,0.997617554216547,"97.5th percentile"
38.8913175879397,4.0547391959799,0.997884312766867,"97.5th percentile"
38.9759165829146,4.0547391959799,0.998183929482029,"97.5th percentile"
39.0605155778894,4.0547391959799,0.998321488706015,"97.5th percentile"
39.1451145728643,4.0547391959799,0.99850669379258,"97.5th percentile"
39.2297135678392,4.0547391959799,0.998675364872051,"97.5th percentile"
39.3143125628141,4.0547391959799,0.998829319576536,"97.5th percentile"
39.3989115577889,4.0547391959799,0.9989651797805,"97.5th percentile"
39.4835105527638,4.0547391959799,0.999090105756499,"97.5th percentile"
39.5681095477387,4.0547391959799,0.999201860011234,"97.5th percentile"
39.6527085427136,4.0547391959799,0.999291436798903,"97.5th percentile"
39.7373075376884,4.0547391959799,0.999375683535216,"97.5th percentile"
39.8219065326633,4.0547391959799,0.999338772713989,"97.5th percentile"
39.9065055276382,4.0547391959799,0.999295153888276,"97.5th percentile"
39.9911045226131,4.0547391959799,0.999299857262754,"97.5th percentile"
40.0757035175879,4.0547391959799,0.999339902062714,"97.5th percentile"
40.1603025125628,4.0547391959799,0.999374857917864,"97.5th percentile"
40.2449015075377,4.0547391959799,0.999368242514464,"97.5th percentile"
41.0908914572864,4.0547391959799,0.999878381316733,"97.5th percentile"
41.1754904522613,4.0547391959799,0.999902388756598,"97.5th percentile"
41.2600894472362,4.0547391959799,0.999920559767861,"97.5th percentile"
41.344688442211,4.0547391959799,0.999928142648984,"97.5th percentile"
41.4292874371859,4.0547391959799,0.999949038642122,"97.5th percentile"
41.5138864321608,4.0547391959799,0.999957444416386,"97.5th percentile"
41.5984854271357,4.0547391959799,0.999964870451069,"97.5th percentile"
41.6830844221106,4.0547391959799,0.999967544442962,"97.5th percentile"
41.7676834170854,4.0547391959799,0.999971974191443,"97.5th percentile"
41.8522824120603,4.0547391959799,0.99998059982885,"97.5th percentile"
41.9368814070352,4.0547391959799,0.999981024516274,"97.5th percentile"
37.368535678392,4.12276582914573,0.986190295102678,"97.5th percentile"
37.4531346733668,4.12276582914573,0.988330509815457,"97.5th percentile"
37.5377336683417,4.12276582914573,0.987825573680373,"97.5th percentile"
37.6223326633166,4.12276582914573,0.984903180477729,"97.5th percentile"
37.7069316582915,4.12276582914573,0.985727566465689,"97.5th percentile"
37.7915306532663,4.12276582914573,0.986662400522964,"97.5th percentile"
37.8761296482412,4.12276582914573,0.98770409922289,"97.5th percentile"
37.9607286432161,4.12276582914573,0.989521766838294,"97.5th percentile"
38.045327638191,4.12276582914573,0.990171393751756,"97.5th percentile"
38.1299266331658,4.12276582914573,0.991297848528008,"97.5th percentile"
38.2145256281407,4.12276582914573,0.992684658122031,"97.5th percentile"
38.2991246231156,4.12276582914573,0.993891475018461,"97.5th percentile"
38.3837236180904,4.12276582914573,0.995678778916231,"97.5th percentile"
38.4683226130653,4.12276582914573,0.994978038331119,"97.5th percentile"
38.5529216080402,4.12276582914573,0.996086931409051,"97.5th percentile"
38.6375206030151,4.12276582914573,0.996314971031419,"97.5th percentile"
38.72211959799,4.12276582914573,0.996479706033436,"97.5th percentile"
38.8067185929648,4.12276582914573,0.99689293674491,"97.5th percentile"
38.8913175879397,4.12276582914573,0.997246724957419,"97.5th percentile"
38.9759165829146,4.12276582914573,0.997554312523395,"97.5th percentile"
39.0605155778894,4.12276582914573,0.997845278716742,"97.5th percentile"
39.1451145728643,4.12276582914573,0.998082468091268,"97.5th percentile"
39.2297135678392,4.12276582914573,0.998310863791326,"97.5th percentile"
39.3143125628141,4.12276582914573,0.998499779030211,"97.5th percentile"
39.3989115577889,4.12276582914573,0.998664123990343,"97.5th percentile"
39.4835105527638,4.12276582914573,0.998814496256724,"97.5th percentile"
39.5681095477387,4.12276582914573,0.998961916409767,"97.5th percentile"
39.6527085427136,4.12276582914573,0.999080834171955,"97.5th percentile"
39.7373075376884,4.12276582914573,0.999184586385604,"97.5th percentile"
39.8219065326633,4.12276582914573,0.999171223381333,"97.5th percentile"
39.9065055276382,4.12276582914573,0.999121385018999,"97.5th percentile"
39.9911045226131,4.12276582914573,0.999120801999483,"97.5th percentile"
40.0757035175879,4.12276582914573,0.99915069490425,"97.5th percentile"
40.1603025125628,4.12276582914573,0.99921472357429,"97.5th percentile"
40.2449015075377,4.12276582914573,0.999289405339393,"97.5th percentile"
40.3295005025126,4.12276582914573,0.999369215523725,"97.5th percentile"
40.4140994974874,4.12276582914573,0.999435503024957,"97.5th percentile"
41.0062924623116,4.12276582914573,0.999816985420655,"97.5th percentile"
41.0908914572864,4.12276582914573,0.999844567901087,"97.5th percentile"
41.1754904522613,4.12276582914573,0.999869664881372,"97.5th percentile"
41.2600894472362,4.12276582914573,0.999890511223276,"97.5th percentile"
41.344688442211,4.12276582914573,0.999907337835882,"97.5th percentile"
41.4292874371859,4.12276582914573,0.999922423265196,"97.5th percentile"
41.5138864321608,4.12276582914573,0.999935693870457,"97.5th percentile"
41.5984854271357,4.12276582914573,0.999959069947581,"97.5th percentile"
41.6830844221106,4.12276582914573,0.999962798288959,"97.5th percentile"
41.7676834170854,4.12276582914573,0.999971996664919,"97.5th percentile"
41.8522824120603,4.12276582914573,0.999975578108419,"97.5th percentile"
41.9368814070352,4.12276582914573,0.999979135540482,"97.5th percentile"
42.02148040201,4.12276582914573,0.999980044098566,"97.5th percentile"
37.2839366834171,4.19079246231156,0.981083948863019,"97.5th percentile"
37.368535678392,4.19079246231156,0.977189902351254,"97.5th percentile"
37.4531346733668,4.19079246231156,0.977567332006229,"97.5th percentile"
37.5377336683417,4.19079246231156,0.977754714704515,"97.5th percentile"
37.6223326633166,4.19079246231156,0.980552070091625,"97.5th percentile"
37.7069316582915,4.19079246231156,0.980823394383521,"97.5th percentile"
37.7915306532663,4.19079246231156,0.981963504710627,"97.5th percentile"
37.8761296482412,4.19079246231156,0.983760047365101,"97.5th percentile"
37.9607286432161,4.19079246231156,0.985638203658576,"97.5th percentile"
38.045327638191,4.19079246231156,0.987633949257268,"97.5th percentile"
38.1299266331658,4.19079246231156,0.992132136865031,"97.5th percentile"
38.2145256281407,4.19079246231156,0.992228483247563,"97.5th percentile"
38.2991246231156,4.19079246231156,0.994118094993309,"97.5th percentile"
38.3837236180904,4.19079246231156,0.994497671872549,"97.5th percentile"
38.4683226130653,4.19079246231156,0.993663531205496,"97.5th percentile"
38.5529216080402,4.19079246231156,0.994178025594857,"97.5th percentile"
38.6375206030151,4.19079246231156,0.99490889520826,"97.5th percentile"
38.72211959799,4.19079246231156,0.995412265846966,"97.5th percentile"
38.8067185929648,4.19079246231156,0.995954444471864,"97.5th percentile"
38.8913175879397,4.19079246231156,0.996420771987021,"97.5th percentile"
38.9759165829146,4.19079246231156,0.996846617573607,"97.5th percentile"
39.0605155778894,4.19079246231156,0.997209821557941,"97.5th percentile"
39.1451145728643,4.19079246231156,0.997529556751307,"97.5th percentile"
39.2297135678392,4.19079246231156,0.997814847521111,"97.5th percentile"
39.3143125628141,4.19079246231156,0.998060801539983,"97.5th percentile"
39.3989115577889,4.19079246231156,0.998283502600652,"97.5th percentile"
39.4835105527638,4.19079246231156,0.998477072184063,"97.5th percentile"
39.5681095477387,4.19079246231156,0.998648288628711,"97.5th percentile"
39.6527085427136,4.19079246231156,0.99880455209045,"97.5th percentile"
39.7373075376884,4.19079246231156,0.9989379888451,"97.5th percentile"
39.8219065326633,4.19079246231156,0.998984705346695,"97.5th percentile"
39.9065055276382,4.19079246231156,0.998908234683237,"97.5th percentile"
39.9911045226131,4.19079246231156,0.998888981623814,"97.5th percentile"
40.0757035175879,4.19079246231156,0.998924409928406,"97.5th percentile"
40.1603025125628,4.19079246231156,0.999002216353963,"97.5th percentile"
40.2449015075377,4.19079246231156,0.999103192454044,"97.5th percentile"
40.3295005025126,4.19079246231156,0.999191755310775,"97.5th percentile"
40.4140994974874,4.19079246231156,0.999290957286654,"97.5th percentile"
40.4986984924623,4.19079246231156,0.999384781690305,"97.5th percentile"
40.5832974874372,4.19079246231156,0.999467134590076,"97.5th percentile"
40.9216934673367,4.19079246231156,0.999720647851322,"97.5th percentile"
41.0062924623116,4.19079246231156,0.999763696800198,"97.5th percentile"
41.0908914572864,4.19079246231156,0.999800602142076,"97.5th percentile"
41.1754904522613,4.19079246231156,0.999837474260214,"97.5th percentile"
41.2600894472362,4.19079246231156,0.999858454532216,"97.5th percentile"
41.344688442211,4.19079246231156,0.99988113165486,"97.5th percentile"
41.4292874371859,4.19079246231156,0.999900637690778,"97.5th percentile"
41.5138864321608,4.19079246231156,0.999919681824829,"97.5th percentile"
41.5984854271357,4.19079246231156,0.999950402667533,"97.5th percentile"
41.6830844221106,4.19079246231156,0.999949998529078,"97.5th percentile"
41.7676834170854,4.19079246231156,0.99996274843226,"97.5th percentile"
41.8522824120603,4.19079246231156,0.999968221850809,"97.5th percentile"
41.9368814070352,4.19079246231156,0.999969378240638,"97.5th percentile"
42.02148040201,4.19079246231156,0.999977809904235,"97.5th percentile"
37.1993376884422,4.25881909547739,0.971822912836317,"97.5th percentile"
37.2839366834171,4.25881909547739,0.966572355837996,"97.5th percentile"
37.368535678392,4.25881909547739,0.966231928439163,"97.5th percentile"
37.4531346733668,4.25881909547739,0.96865461387912,"97.5th percentile"
37.5377336683417,4.25881909547739,0.969421471758481,"97.5th percentile"
37.6223326633166,4.25881909547739,0.971846670048458,"97.5th percentile"
37.7069316582915,4.25881909547739,0.977256353979901,"97.5th percentile"
37.7915306532663,4.25881909547739,0.976576925948162,"97.5th percentile"
37.8761296482412,4.25881909547739,0.97951071051101,"97.5th percentile"
37.9607286432161,4.25881909547739,0.982505234498628,"97.5th percentile"
38.045327638191,4.25881909547739,0.984767715070275,"97.5th percentile"
38.1299266331658,4.25881909547739,0.986295014287278,"97.5th percentile"
38.2145256281407,4.25881909547739,0.988485319176288,"97.5th percentile"
38.2991246231156,4.25881909547739,0.990733248187247,"97.5th percentile"
38.3837236180904,4.25881909547739,0.991181419055804,"97.5th percentile"
38.4683226130653,4.25881909547739,0.991496422503246,"97.5th percentile"
38.5529216080402,4.25881909547739,0.992599549096822,"97.5th percentile"
38.6375206030151,4.25881909547739,0.99332373642916,"97.5th percentile"
38.72211959799,4.25881909547739,0.994099183186303,"97.5th percentile"
38.8067185929648,4.25881909547739,0.994792312766773,"97.5th percentile"
38.8913175879397,4.25881909547739,0.995395240768915,"97.5th percentile"
38.9759165829146,4.25881909547739,0.99591773248444,"97.5th percentile"
39.0605155778894,4.25881909547739,0.996381176018068,"97.5th percentile"
39.1451145728643,4.25881909547739,0.996794757061969,"97.5th percentile"
39.2297135678392,4.25881909547739,0.997165124360883,"97.5th percentile"
39.3143125628141,4.25881909547739,0.997486428309804,"97.5th percentile"
39.3989115577889,4.25881909547739,0.997769611760736,"97.5th percentile"
39.4835105527638,4.25881909547739,0.998023823315479,"97.5th percentile"
39.5681095477387,4.25881909547739,0.998247883638692,"97.5th percentile"
39.6527085427136,4.25881909547739,0.9984433057467,"97.5th percentile"
39.7373075376884,4.25881909547739,0.998618912042442,"97.5th percentile"
39.8219065326633,4.25881909547739,0.998763006026103,"97.5th percentile"
39.9065055276382,4.25881909547739,0.998644061399259,"97.5th percentile"
39.9911045226131,4.25881909547739,0.998620406799625,"97.5th percentile"
40.0757035175879,4.25881909547739,0.998650122892548,"97.5th percentile"
40.1603025125628,4.25881909547739,0.998726297758791,"97.5th percentile"
40.2449015075377,4.25881909547739,0.998842788444915,"97.5th percentile"
40.3295005025126,4.25881909547739,0.998965417960141,"97.5th percentile"
40.4140994974874,4.25881909547739,0.99909149533273,"97.5th percentile"
40.4986984924623,4.25881909547739,0.999209079296775,"97.5th percentile"
40.5832974874372,4.25881909547739,0.999317856059045,"97.5th percentile"
40.6678964824121,4.25881909547739,0.999409156792618,"97.5th percentile"
40.7524954773869,4.25881909547739,0.999473726090405,"97.5th percentile"
40.8370944723618,4.25881909547739,0.999576008838549,"97.5th percentile"
40.9216934673367,4.25881909547739,0.999640899589358,"97.5th percentile"
41.0062924623116,4.25881909547739,0.999696960065483,"97.5th percentile"
41.0908914572864,4.25881909547739,0.999743949041695,"97.5th percentile"
41.1754904522613,4.25881909547739,0.999785000810247,"97.5th percentile"
41.2600894472362,4.25881909547739,0.999818116327502,"97.5th percentile"
41.344688442211,4.25881909547739,0.999847310222876,"97.5th percentile"
41.4292874371859,4.25881909547739,0.999873349103038,"97.5th percentile"
41.5138864321608,4.25881909547739,0.999904237641063,"97.5th percentile"
41.5984854271357,4.25881909547739,0.999931964283307,"97.5th percentile"
41.6830844221106,4.25881909547739,0.999934933221511,"97.5th percentile"
41.7676834170854,4.25881909547739,0.999944876871587,"97.5th percentile"
41.8522824120603,4.25881909547739,0.999956677870924,"97.5th percentile"
41.9368814070352,4.25881909547739,0.999963433778124,"97.5th percentile"
42.02148040201,4.25881909547739,0.99997181543994,"97.5th percentile"
42.1060793969849,4.25881909547739,0.999971299937044,"97.5th percentile"
42.1906783919598,4.25881909547739,0.999977832226108,"97.5th percentile"
42.2752773869347,4.25881909547739,0.999984131580378,"97.5th percentile"
42.3598763819095,4.25881909547739,0.999986703132426,"97.5th percentile"
42.4444753768844,4.25881909547739,0.999988846291254,"97.5th percentile"
42.5290743718593,4.25881909547739,0.999991098454716,"97.5th percentile"
42.6136733668342,4.25881909547739,0.999990763047977,"97.5th percentile"
42.698272361809,4.25881909547739,0.999993577737879,"97.5th percentile"
37.1147386934673,4.32684572864322,0.946793071878584,"97.5th percentile"
37.1993376884422,4.32684572864322,0.952955681339039,"97.5th percentile"
37.2839366834171,4.32684572864322,0.953470439236755,"97.5th percentile"
37.368535678392,4.32684572864322,0.95345335972638,"97.5th percentile"
37.4531346733668,4.32684572864322,0.958342974261337,"97.5th percentile"
37.5377336683417,4.32684572864322,0.958203666686186,"97.5th percentile"
37.6223326633166,4.32684572864322,0.962267037692288,"97.5th percentile"
37.7069316582915,4.32684572864322,0.966494313815424,"97.5th percentile"
37.7915306532663,4.32684572864322,0.97649157541961,"97.5th percentile"
37.8761296482412,4.32684572864322,0.974897378713772,"97.5th percentile"
37.9607286432161,4.32684572864322,0.977554612582121,"97.5th percentile"
38.045327638191,4.32684572864322,0.980490534470811,"97.5th percentile"
38.1299266331658,4.32684572864322,0.982235943523685,"97.5th percentile"
38.2145256281407,4.32684572864322,0.988457093396554,"97.5th percentile"
38.2991246231156,4.32684572864322,0.98781308471039,"97.5th percentile"
38.3837236180904,4.32684572864322,0.98880788883291,"97.5th percentile"
38.4683226130653,4.32684572864322,0.989587972631261,"97.5th percentile"
38.5529216080402,4.32684572864322,0.990228437334015,"97.5th percentile"
38.6375206030151,4.32684572864322,0.991343287815149,"97.5th percentile"
38.72211959799,4.32684572864322,0.992336024312227,"97.5th percentile"
38.8067185929648,4.32684572864322,0.993236038350613,"97.5th percentile"
38.8913175879397,4.32684572864322,0.994014476115278,"97.5th percentile"
38.9759165829146,4.32684572864322,0.99469345637159,"97.5th percentile"
39.0605155778894,4.32684572864322,0.995295248033145,"97.5th percentile"
39.1451145728643,4.32684572864322,0.99583243266706,"97.5th percentile"
39.2297135678392,4.32684572864322,0.996314118494142,"97.5th percentile"
39.3143125628141,4.32684572864322,0.996728918721918,"97.5th percentile"
39.3989115577889,4.32684572864322,0.997100380313408,"97.5th percentile"
39.4835105527638,4.32684572864322,0.99742959728732,"97.5th percentile"
39.5681095477387,4.32684572864322,0.997727637772088,"97.5th percentile"
39.6527085427136,4.32684572864322,0.997974905423,"97.5th percentile"
39.7373075376884,4.32684572864322,0.998203716471538,"97.5th percentile"
39.8219065326633,4.32684572864322,0.998409155015242,"97.5th percentile"
39.9065055276382,4.32684572864322,0.998328300215488,"97.5th percentile"
39.9911045226131,4.32684572864322,0.998257291713143,"97.5th percentile"
40.0757035175879,4.32684572864322,0.998282050748349,"97.5th percentile"
40.1603025125628,4.32684572864322,0.998388529157433,"97.5th percentile"
40.2449015075377,4.32684572864322,0.998516408501133,"97.5th percentile"
40.3295005025126,4.32684572864322,0.998674631407115,"97.5th percentile"
40.4140994974874,4.32684572864322,0.9988348784213,"97.5th percentile"
40.4986984924623,4.32684572864322,0.998985150839777,"97.5th percentile"
40.5832974874372,4.32684572864322,0.999123340475405,"97.5th percentile"
40.6678964824121,4.32684572864322,0.999241227680182,"97.5th percentile"
40.7524954773869,4.32684572864322,0.999367856034331,"97.5th percentile"
40.8370944723618,4.32684572864322,0.999455587454806,"97.5th percentile"
40.9216934673367,4.32684572864322,0.99953971406969,"97.5th percentile"
41.0062924623116,4.32684572864322,0.99961041097518,"97.5th percentile"
41.0908914572864,4.32684572864322,0.999671354108712,"97.5th percentile"
41.1754904522613,4.32684572864322,0.999737744631609,"97.5th percentile"
41.2600894472362,4.32684572864322,0.999766720667522,"97.5th percentile"
41.344688442211,4.32684572864322,0.999806129981793,"97.5th percentile"
41.4292874371859,4.32684572864322,0.999842519707023,"97.5th percentile"
41.5138864321608,4.32684572864322,0.999876526462622,"97.5th percentile"
41.5984854271357,4.32684572864322,0.999896162138323,"97.5th percentile"
41.6830844221106,4.32684572864322,0.99992079229886,"97.5th percentile"
41.7676834170854,4.32684572864322,0.999924456508873,"97.5th percentile"
41.8522824120603,4.32684572864322,0.999939919238299,"97.5th percentile"
41.9368814070352,4.32684572864322,0.999954549283786,"97.5th percentile"
42.02148040201,4.32684572864322,0.999963302715674,"97.5th percentile"
42.1060793969849,4.32684572864322,0.99996637802343,"97.5th percentile"
42.1906783919598,4.32684572864322,0.999975757686345,"97.5th percentile"
42.2752773869347,4.32684572864322,0.99997865034521,"97.5th percentile"
42.3598763819095,4.32684572864322,0.99998310961497,"97.5th percentile"
42.4444753768844,4.32684572864322,0.999985744339831,"97.5th percentile"
42.5290743718593,4.32684572864322,0.999985442055288,"97.5th percentile"
42.6136733668342,4.32684572864322,0.9999888838563,"97.5th percentile"
42.698272361809,4.32684572864322,0.999992118529041,"97.5th percentile"
42.7828713567839,4.32684572864322,0.999993304726673,"97.5th percentile"
36.9455407035176,4.39487236180905,0.923553207258409,"97.5th percentile"
37.0301396984925,4.39487236180905,0.925372501910826,"97.5th percentile"
37.1147386934673,4.39487236180905,0.924445267747239,"97.5th percentile"
37.1993376884422,4.39487236180905,0.927189125517567,"97.5th percentile"
37.2839366834171,4.39487236180905,0.930563290555365,"97.5th percentile"
37.368535678392,4.39487236180905,0.939949975630654,"97.5th percentile"
37.4531346733668,4.39487236180905,0.940345050057795,"97.5th percentile"
37.5377336683417,4.39487236180905,0.945953788449053,"97.5th percentile"
37.6223326633166,4.39487236180905,0.952664773900729,"97.5th percentile"
37.7069316582915,4.39487236180905,0.959262728082282,"97.5th percentile"
37.7915306532663,4.39487236180905,0.963659810364681,"97.5th percentile"
37.8761296482412,4.39487236180905,0.967528125995424,"97.5th percentile"
37.9607286432161,4.39487236180905,0.970950829793832,"97.5th percentile"
38.045327638191,4.39487236180905,0.975334165220416,"97.5th percentile"
38.1299266331658,4.39487236180905,0.977265621649193,"97.5th percentile"
38.2145256281407,4.39487236180905,0.981120044517418,"97.5th percentile"
38.2991246231156,4.39487236180905,0.981790191196847,"97.5th percentile"
38.3837236180904,4.39487236180905,0.984476650043024,"97.5th percentile"
38.4683226130653,4.39487236180905,0.986532160425756,"97.5th percentile"
38.5529216080402,4.39487236180905,0.987408758803437,"97.5th percentile"
38.6375206030151,4.39487236180905,0.98885204272034,"97.5th percentile"
38.72211959799,4.39487236180905,0.990138533719768,"97.5th percentile"
38.8067185929648,4.39487236180905,0.991269505717746,"97.5th percentile"
38.8913175879397,4.39487236180905,0.992254122653267,"97.5th percentile"
38.9759165829146,4.39487236180905,0.993459501787128,"97.5th percentile"
39.0605155778894,4.39487236180905,0.993902847042645,"97.5th percentile"
39.1451145728643,4.39487236180905,0.994592075638619,"97.5th percentile"
39.2297135678392,4.39487236180905,0.995253518564869,"97.5th percentile"
39.3143125628141,4.39487236180905,0.995990671318398,"97.5th percentile"
39.3989115577889,4.39487236180905,0.996245298326448,"97.5th percentile"
39.4835105527638,4.39487236180905,0.996675054156561,"97.5th percentile"
39.5681095477387,4.39487236180905,0.997043164842671,"97.5th percentile"
39.6527085427136,4.39487236180905,0.997373876071031,"97.5th percentile"
39.7373075376884,4.39487236180905,0.997663600359322,"97.5th percentile"
39.8219065326633,4.39487236180905,0.997928144700621,"97.5th percentile"
39.9065055276382,4.39487236180905,0.997953583965743,"97.5th percentile"
39.9911045226131,4.39487236180905,0.997832032478606,"97.5th percentile"
40.0757035175879,4.39487236180905,0.997830129897758,"97.5th percentile"
40.1603025125628,4.39487236180905,0.997937917042049,"97.5th percentile"
40.2449015075377,4.39487236180905,0.998105752469472,"97.5th percentile"
40.3295005025126,4.39487236180905,0.998304213981411,"97.5th percentile"
40.4140994974874,4.39487236180905,0.998505965946061,"97.5th percentile"
40.4986984924623,4.39487236180905,0.99869875961929,"97.5th percentile"
40.5832974874372,4.39487236180905,0.998880454108137,"97.5th percentile"
40.6678964824121,4.39487236180905,0.999032028976046,"97.5th percentile"
40.7524954773869,4.39487236180905,0.999172822706808,"97.5th percentile"
40.8370944723618,4.39487236180905,0.999300915359933,"97.5th percentile"
40.9216934673367,4.39487236180905,0.999408206168633,"97.5th percentile"
41.0062924623116,4.39487236180905,0.999499787901164,"97.5th percentile"
41.0908914572864,4.39487236180905,0.999578464379902,"97.5th percentile"
41.1754904522613,4.39487236180905,0.999644699625193,"97.5th percentile"
41.2600894472362,4.39487236180905,0.999702232724697,"97.5th percentile"
41.344688442211,4.39487236180905,0.999748929739759,"97.5th percentile"
41.4292874371859,4.39487236180905,0.999790686904892,"97.5th percentile"
41.5138864321608,4.39487236180905,0.999826833995475,"97.5th percentile"
41.5984854271357,4.39487236180905,0.999856709903547,"97.5th percentile"
41.6830844221106,4.39487236180905,0.999885304805296,"97.5th percentile"
41.7676834170854,4.39487236180905,0.999907708017558,"97.5th percentile"
41.8522824120603,4.39487236180905,0.999926412920045,"97.5th percentile"
41.9368814070352,4.39487236180905,0.999948394292669,"97.5th percentile"
42.02148040201,4.39487236180905,0.999939513804913,"97.5th percentile"
42.1060793969849,4.39487236180905,0.999958095557414,"97.5th percentile"
42.1906783919598,4.39487236180905,0.999964869610483,"97.5th percentile"
42.2752773869347,4.39487236180905,0.999974272212537,"97.5th percentile"
42.3598763819095,4.39487236180905,0.999977426967173,"97.5th percentile"
42.4444753768844,4.39487236180905,0.999981160486504,"97.5th percentile"
42.5290743718593,4.39487236180905,0.999983615124964,"97.5th percentile"
42.6136733668342,4.39487236180905,0.999987363755909,"97.5th percentile"
42.698272361809,4.39487236180905,0.999989893148323,"97.5th percentile"
42.7828713567839,4.39487236180905,0.999990530187568,"97.5th percentile"
42.8674703517588,4.39487236180905,0.999992944172466,"97.5th percentile"
36.1841497487437,4.46289899497487,0.96314586378239,"97.5th percentile"
36.2687487437186,4.46289899497487,0.90393629971412,"97.5th percentile"
36.3533477386935,4.46289899497487,0.877005927121812,"97.5th percentile"
36.4379467336683,4.46289899497487,0.894229434382133,"97.5th percentile"
36.5225457286432,4.46289899497487,0.907906944102326,"97.5th percentile"
36.6071447236181,4.46289899497487,0.904272186359382,"97.5th percentile"
36.691743718593,4.46289899497487,0.914290615118143,"97.5th percentile"
36.7763427135678,4.46289899497487,0.916694109837562,"97.5th percentile"
36.8609417085427,4.46289899497487,0.906766064539568,"97.5th percentile"
36.9455407035176,4.46289899497487,0.889222416992912,"97.5th percentile"
37.0301396984925,4.46289899497487,0.899174277416249,"97.5th percentile"
37.1147386934673,4.46289899497487,0.902013464927531,"97.5th percentile"
37.1993376884422,4.46289899497487,0.900278066234055,"97.5th percentile"
37.2839366834171,4.46289899497487,0.906344110764127,"97.5th percentile"
37.368535678392,4.46289899497487,0.914128646653706,"97.5th percentile"
37.4531346733668,4.46289899497487,0.930324011412054,"97.5th percentile"
37.5377336683417,4.46289899497487,0.934273818688415,"97.5th percentile"
37.6223326633166,4.46289899497487,0.941421996194485,"97.5th percentile"
37.7069316582915,4.46289899497487,0.947653315513391,"97.5th percentile"
37.7915306532663,4.46289899497487,0.953223037384399,"97.5th percentile"
37.8761296482412,4.46289899497487,0.958485898542077,"97.5th percentile"
37.9607286432161,4.46289899497487,0.962644113660034,"97.5th percentile"
38.045327638191,4.46289899497487,0.968144652419186,"97.5th percentile"
38.1299266331658,4.46289899497487,0.970397331433587,"97.5th percentile"
38.2145256281407,4.46289899497487,0.973586495943812,"97.5th percentile"
38.2991246231156,4.46289899497487,0.980268967626089,"97.5th percentile"
38.3837236180904,4.46289899497487,0.979133376818855,"97.5th percentile"
38.4683226130653,4.46289899497487,0.981695491352605,"97.5th percentile"
38.5529216080402,4.46289899497487,0.98380662166253,"97.5th percentile"
38.6375206030151,4.46289899497487,0.985633850107662,"97.5th percentile"
38.72211959799,4.46289899497487,0.988175546565428,"97.5th percentile"
38.8067185929648,4.46289899497487,0.988674331489957,"97.5th percentile"
38.8913175879397,4.46289899497487,0.989950890175422,"97.5th percentile"
38.9759165829146,4.46289899497487,0.991116511736483,"97.5th percentile"
39.0605155778894,4.46289899497487,0.992103666740983,"97.5th percentile"
39.1451145728643,4.46289899497487,0.992982130324288,"97.5th percentile"
39.2297135678392,4.46289899497487,0.993779124901631,"97.5th percentile"
39.3143125628141,4.46289899497487,0.994481381577887,"97.5th percentile"
39.3989115577889,4.46289899497487,0.995101547951646,"97.5th percentile"
39.4835105527638,4.46289899497487,0.99565530302598,"97.5th percentile"
39.5681095477387,4.46289899497487,0.996145792163613,"97.5th percentile"
39.6527085427136,4.46289899497487,0.996586101688132,"97.5th percentile"
39.7373075376884,4.46289899497487,0.996958614347866,"97.5th percentile"
39.8219065326633,4.46289899497487,0.997301229042079,"97.5th percentile"
39.9065055276382,4.46289899497487,0.997492447758309,"97.5th percentile"
39.9911045226131,4.46289899497487,0.997286701830948,"97.5th percentile"
40.0757035175879,4.46289899497487,0.997265969473111,"97.5th percentile"
40.1603025125628,4.46289899497487,0.997402471005272,"97.5th percentile"
40.2449015075377,4.46289899497487,0.997582860289437,"97.5th percentile"
40.3295005025126,4.46289899497487,0.997828987113786,"97.5th percentile"
40.4140994974874,4.46289899497487,0.998105456752752,"97.5th percentile"
40.4986984924623,4.46289899497487,0.998332958105136,"97.5th percentile"
40.5832974874372,4.46289899497487,0.998558598284854,"97.5th percentile"
40.6678964824121,4.46289899497487,0.998751212662979,"97.5th percentile"
40.7524954773869,4.46289899497487,0.99893960214408,"97.5th percentile"
40.8370944723618,4.46289899497487,0.99910230925544,"97.5th percentile"
40.9216934673367,4.46289899497487,0.999239372587546,"97.5th percentile"
41.0062924623116,4.46289899497487,0.999358166079515,"97.5th percentile"
41.0908914572864,4.46289899497487,0.999459449242953,"97.5th percentile"
41.1754904522613,4.46289899497487,0.999544100936713,"97.5th percentile"
41.2600894472362,4.46289899497487,0.999618082150319,"97.5th percentile"
41.344688442211,4.46289899497487,0.999682019057141,"97.5th percentile"
41.4292874371859,4.46289899497487,0.999729897810508,"97.5th percentile"
41.5138864321608,4.46289899497487,0.999774345627041,"97.5th percentile"
41.5984854271357,4.46289899497487,0.999811505287967,"97.5th percentile"
41.6830844221106,4.46289899497487,0.999853508364726,"97.5th percentile"
41.7676834170854,4.46289899497487,0.999889230107796,"97.5th percentile"
41.8522824120603,4.46289899497487,0.999918903936173,"97.5th percentile"
41.9368814070352,4.46289899497487,0.999922471474969,"97.5th percentile"
42.02148040201,4.46289899497487,0.999933860917549,"97.5th percentile"
42.1060793969849,4.46289899497487,0.999948891485337,"97.5th percentile"
42.1906783919598,4.46289899497487,0.999956167619905,"97.5th percentile"
42.2752773869347,4.46289899497487,0.999967535649498,"97.5th percentile"
42.3598763819095,4.46289899497487,0.999971487067954,"97.5th percentile"
42.4444753768844,4.46289899497487,0.999972881235707,"97.5th percentile"
42.5290743718593,4.46289899497487,0.999978878486009,"97.5th percentile"
42.6136733668342,4.46289899497487,0.999981511682833,"97.5th percentile"
42.698272361809,4.46289899497487,0.999986713738787,"97.5th percentile"
42.7828713567839,4.46289899497487,0.99998638133421,"97.5th percentile"
42.8674703517588,4.46289899497487,0.999990814745813,"97.5th percentile"
42.9520693467337,4.46289899497487,0.999992322558738,"97.5th percentile"
36.0995507537688,4.5309256281407,0.942361411938263,"97.5th percentile"
36.1841497487437,4.5309256281407,0.869506623024426,"97.5th percentile"
36.2687487437186,4.5309256281407,0.836345955707827,"97.5th percentile"
36.3533477386935,4.5309256281407,0.822833268090259,"97.5th percentile"
36.4379467336683,4.5309256281407,0.848864592887521,"97.5th percentile"
36.5225457286432,4.5309256281407,0.871618330048563,"97.5th percentile"
36.6071447236181,4.5309256281407,0.855542093694398,"97.5th percentile"
36.691743718593,4.5309256281407,0.880089380950292,"97.5th percentile"
36.7763427135678,4.5309256281407,0.8885549568495,"97.5th percentile"
36.8609417085427,4.5309256281407,0.889886622265316,"97.5th percentile"
36.9455407035176,4.5309256281407,0.847803569682545,"97.5th percentile"
37.0301396984925,4.5309256281407,0.884282898992372,"97.5th percentile"
37.1147386934673,4.5309256281407,0.86067424535835,"97.5th percentile"
37.1993376884422,4.5309256281407,0.869784427252352,"97.5th percentile"
37.2839366834171,4.5309256281407,0.879581031187921,"97.5th percentile"
37.368535678392,4.5309256281407,0.894410462258732,"97.5th percentile"
37.4531346733668,4.5309256281407,0.90858330617148,"97.5th percentile"
37.5377336683417,4.5309256281407,0.916524627592812,"97.5th percentile"
37.6223326633166,4.5309256281407,0.925176508702881,"97.5th percentile"
37.7069316582915,4.5309256281407,0.933039152992186,"97.5th percentile"
37.7915306532663,4.5309256281407,0.941834427664184,"97.5th percentile"
37.8761296482412,4.5309256281407,0.946609613847254,"97.5th percentile"
37.9607286432161,4.5309256281407,0.952303903025333,"97.5th percentile"
38.045327638191,4.5309256281407,0.957221039958944,"97.5th percentile"
38.1299266331658,4.5309256281407,0.961801451499956,"97.5th percentile"
38.2145256281407,4.5309256281407,0.965926454639924,"97.5th percentile"
38.2991246231156,4.5309256281407,0.971415689735282,"97.5th percentile"
38.3837236180904,4.5309256281407,0.975895673083354,"97.5th percentile"
38.4683226130653,4.5309256281407,0.976413971269347,"97.5th percentile"
38.5529216080402,4.5309256281407,0.982290091361751,"97.5th percentile"
38.6375206030151,4.5309256281407,0.981953739367807,"97.5th percentile"
38.72211959799,4.5309256281407,0.983760794471315,"97.5th percentile"
38.8067185929648,4.5309256281407,0.986749169764785,"97.5th percentile"
38.8913175879397,4.5309256281407,0.986966484963843,"97.5th percentile"
38.9759165829146,4.5309256281407,0.988529072231001,"97.5th percentile"
39.0605155778894,4.5309256281407,0.989872506132782,"97.5th percentile"
39.1451145728643,4.5309256281407,0.990931607286907,"97.5th percentile"
39.2297135678392,4.5309256281407,0.992007916354638,"97.5th percentile"
39.3143125628141,4.5309256281407,0.992826311594137,"97.5th percentile"
39.3989115577889,4.5309256281407,0.993636898988331,"97.5th percentile"
39.4835105527638,4.5309256281407,0.994348514813454,"97.5th percentile"
39.5681095477387,4.5309256281407,0.995013546028378,"97.5th percentile"
39.6527085427136,4.5309256281407,0.995572734696476,"97.5th percentile"
39.7373075376884,4.5309256281407,0.996050534949749,"97.5th percentile"
39.8219065326633,4.5309256281407,0.996497155923646,"97.5th percentile"
39.9065055276382,4.5309256281407,0.996881235519887,"97.5th percentile"
39.9911045226131,4.5309256281407,0.996638582603952,"97.5th percentile"
40.0757035175879,4.5309256281407,0.996569790837094,"97.5th percentile"
40.1603025125628,4.5309256281407,0.996682896936566,"97.5th percentile"
40.2449015075377,4.5309256281407,0.996965072228539,"97.5th percentile"
40.3295005025126,4.5309256281407,0.997220467484619,"97.5th percentile"
40.4140994974874,4.5309256281407,0.997543689651763,"97.5th percentile"
40.4986984924623,4.5309256281407,0.997858199910018,"97.5th percentile"
40.5832974874372,4.5309256281407,0.998152560913909,"97.5th percentile"
40.6678964824121,4.5309256281407,0.998402471319389,"97.5th percentile"
40.7524954773869,4.5309256281407,0.998643957332379,"97.5th percentile"
40.8370944723618,4.5309256281407,0.998848016909805,"97.5th percentile"
40.9216934673367,4.5309256281407,0.999023950368921,"97.5th percentile"
41.0062924623116,4.5309256281407,0.999177102187575,"97.5th percentile"
41.0908914572864,4.5309256281407,0.999307269265483,"97.5th percentile"
41.1754904522613,4.5309256281407,0.99941503243757,"97.5th percentile"
41.2600894472362,4.5309256281407,0.999507732266952,"97.5th percentile"
41.344688442211,4.5309256281407,0.999586777236517,"97.5th percentile"
41.4292874371859,4.5309256281407,0.99965357162945,"97.5th percentile"
41.5138864321608,4.5309256281407,0.999720565423814,"97.5th percentile"
41.5984854271357,4.5309256281407,0.999766843853816,"97.5th percentile"
41.6830844221106,4.5309256281407,0.999798091753971,"97.5th percentile"
41.7676834170854,4.5309256281407,0.999832262298046,"97.5th percentile"
41.8522824120603,4.5309256281407,0.999883986383086,"97.5th percentile"
41.9368814070352,4.5309256281407,0.999910594975555,"97.5th percentile"
42.02148040201,4.5309256281407,0.999929465420364,"97.5th percentile"
42.1060793969849,4.5309256281407,0.999934514169926,"97.5th percentile"
42.1906783919598,4.5309256281407,0.999939909000264,"97.5th percentile"
42.2752773869347,4.5309256281407,0.999954022629768,"97.5th percentile"
42.3598763819095,4.5309256281407,0.999959297782235,"97.5th percentile"
42.4444753768844,4.5309256281407,0.999968123860542,"97.5th percentile"
42.5290743718593,4.5309256281407,0.999974265572653,"97.5th percentile"
42.6136733668342,4.5309256281407,0.99997857007565,"97.5th percentile"
42.698272361809,4.5309256281407,0.999978269899747,"97.5th percentile"
42.7828713567839,4.5309256281407,0.999981003393929,"97.5th percentile"
42.8674703517588,4.5309256281407,0.999988427786271,"97.5th percentile"
42.9520693467337,4.5309256281407,0.99998885843308,"97.5th percentile"
43.0366683417085,4.5309256281407,0.999991531609275,"97.5th percentile"
43.1212673366834,4.5309256281407,0.999993224615997,"97.5th percentile"
36.014951758794,4.59895226130653,0.899327013059076,"97.5th percentile"
36.0995507537688,4.59895226130653,0.856776800404966,"97.5th percentile"
36.1841497487437,4.59895226130653,0.824217416618272,"97.5th percentile"
36.2687487437186,4.59895226130653,0.77350110923575,"97.5th percentile"
36.3533477386935,4.59895226130653,0.782184081740018,"97.5th percentile"
36.4379467336683,4.59895226130653,0.796443263748208,"97.5th percentile"
36.5225457286432,4.59895226130653,0.798896901509887,"97.5th percentile"
36.6071447236181,4.59895226130653,0.772058028838023,"97.5th percentile"
36.691743718593,4.59895226130653,0.831480797301596,"97.5th percentile"
36.7763427135678,4.59895226130653,0.848353821050377,"97.5th percentile"
36.8609417085427,4.59895226130653,0.855388541875692,"97.5th percentile"
36.9455407035176,4.59895226130653,0.862714380691683,"97.5th percentile"
37.0301396984925,4.59895226130653,0.818500548961319,"97.5th percentile"
37.1147386934673,4.59895226130653,0.815725744621264,"97.5th percentile"
37.1993376884422,4.59895226130653,0.8350573062196,"97.5th percentile"
37.2839366834171,4.59895226130653,0.854731900138599,"97.5th percentile"
37.368535678392,4.59895226130653,0.869108172048543,"97.5th percentile"
37.4531346733668,4.59895226130653,0.882057472623132,"97.5th percentile"
37.5377336683417,4.59895226130653,0.89512952088961,"97.5th percentile"
37.6223326633166,4.59895226130653,0.904810990269039,"97.5th percentile"
37.7069316582915,4.59895226130653,0.914652202333743,"97.5th percentile"
37.7915306532663,4.59895226130653,0.923911978837491,"97.5th percentile"
37.8761296482412,4.59895226130653,0.933114079333736,"97.5th percentile"
37.9607286432161,4.59895226130653,0.938460647298106,"97.5th percentile"
38.045327638191,4.59895226130653,0.944823411101605,"97.5th percentile"
38.1299266331658,4.59895226130653,0.9506730586508,"97.5th percentile"
38.2145256281407,4.59895226130653,0.957025595421588,"97.5th percentile"
38.2991246231156,4.59895226130653,0.962693081921786,"97.5th percentile"
38.3837236180904,4.59895226130653,0.965659028167144,"97.5th percentile"
38.4683226130653,4.59895226130653,0.969681117453418,"97.5th percentile"
38.5529216080402,4.59895226130653,0.973126782212718,"97.5th percentile"
38.6375206030151,4.59895226130653,0.976154267952759,"97.5th percentile"
38.72211959799,4.59895226130653,0.97876426746161,"97.5th percentile"
38.8067185929648,4.59895226130653,0.981029291180433,"97.5th percentile"
38.8913175879397,4.59895226130653,0.983186224430221,"97.5th percentile"
38.9759165829146,4.59895226130653,0.985028292706906,"97.5th percentile"
39.0605155778894,4.59895226130653,0.986665458043592,"97.5th percentile"
39.1451145728643,4.59895226130653,0.988199803291805,"97.5th percentile"
39.2297135678392,4.59895226130653,0.989507334003832,"97.5th percentile"
39.3143125628141,4.59895226130653,0.990760232541646,"97.5th percentile"
39.3989115577889,4.59895226130653,0.991757249107498,"97.5th percentile"
39.4835105527638,4.59895226130653,0.992696388707715,"97.5th percentile"
39.5681095477387,4.59895226130653,0.993537639220021,"97.5th percentile"
39.6527085427136,4.59895226130653,0.994235034698295,"97.5th percentile"
39.7373075376884,4.59895226130653,0.994886659821718,"97.5th percentile"
39.8219065326633,4.59895226130653,0.995466771757624,"97.5th percentile"
39.9065055276382,4.59895226130653,0.995962003886392,"97.5th percentile"
39.9911045226131,4.59895226130653,0.995872616458634,"97.5th percentile"
40.0757035175879,4.59895226130653,0.995701111222375,"97.5th percentile"
40.1603025125628,4.59895226130653,0.996072112466382,"97.5th percentile"
40.2449015075377,4.59895226130653,0.996069669949215,"97.5th percentile"
40.3295005025126,4.59895226130653,0.996445414508333,"97.5th percentile"
40.4140994974874,4.59895226130653,0.996854870002998,"97.5th percentile"
40.4986984924623,4.59895226130653,0.997252098974612,"97.5th percentile"
40.5832974874372,4.59895226130653,0.997619418484512,"97.5th percentile"
40.6678964824121,4.59895226130653,0.997961624094179,"97.5th percentile"
40.7524954773869,4.59895226130653,0.998262714399833,"97.5th percentile"
40.8370944723618,4.59895226130653,0.998521842698416,"97.5th percentile"
40.9216934673367,4.59895226130653,0.998746645830293,"97.5th percentile"
41.0062924623116,4.59895226130653,0.998942997561931,"97.5th percentile"
41.0908914572864,4.59895226130653,0.999108788351491,"97.5th percentile"
41.1754904522613,4.59895226130653,0.999252067387434,"97.5th percentile"
41.2600894472362,4.59895226130653,0.999368293658463,"97.5th percentile"
41.344688442211,4.59895226130653,0.999471052767206,"97.5th percentile"
41.4292874371859,4.59895226130653,0.999557835669646,"97.5th percentile"
41.5138864321608,4.59895226130653,0.99962990192257,"97.5th percentile"
41.5984854271357,4.59895226130653,0.999688243528785,"97.5th percentile"
41.6830844221106,4.59895226130653,0.999788949740567,"97.5th percentile"
41.7676834170854,4.59895226130653,0.999816614577124,"97.5th percentile"
41.8522824120603,4.59895226130653,0.999867567862665,"97.5th percentile"
41.9368814070352,4.59895226130653,0.999878783077882,"97.5th percentile"
42.02148040201,4.59895226130653,0.999894629587185,"97.5th percentile"
42.1060793969849,4.59895226130653,0.999907322004361,"97.5th percentile"
42.1906783919598,4.59895226130653,0.999934388167687,"97.5th percentile"
42.2752773869347,4.59895226130653,0.999941794042003,"97.5th percentile"
42.3598763819095,4.59895226130653,0.999956368800281,"97.5th percentile"
42.4444753768844,4.59895226130653,0.999953226572012,"97.5th percentile"
42.5290743718593,4.59895226130653,0.99996863345237,"97.5th percentile"
42.6136733668342,4.59895226130653,0.999967224410866,"97.5th percentile"
42.698272361809,4.59895226130653,0.999975780419402,"97.5th percentile"
42.7828713567839,4.59895226130653,0.999979374910307,"97.5th percentile"
42.8674703517588,4.59895226130653,0.999980107463596,"97.5th percentile"
42.9520693467337,4.59895226130653,0.999987173559854,"97.5th percentile"
43.0366683417085,4.59895226130653,0.99998820797537,"97.5th percentile"
43.1212673366834,4.59895226130653,0.999990538640011,"97.5th percentile"
43.2058663316583,4.59895226130653,0.999992231651098,"97.5th percentile"
36.014951758794,4.66697889447236,0.844430558740206,"97.5th percentile"
36.0995507537688,4.66697889447236,0.843865603935121,"97.5th percentile"
36.1841497487437,4.66697889447236,0.76063110172039,"97.5th percentile"
36.2687487437186,4.66697889447236,0.707846401183397,"97.5th percentile"
36.3533477386935,4.66697889447236,0.688278911336737,"97.5th percentile"
36.4379467336683,4.66697889447236,0.709423344520522,"97.5th percentile"
36.5225457286432,4.66697889447236,0.735851563089586,"97.5th percentile"
36.6071447236181,4.66697889447236,0.738698427003526,"97.5th percentile"
36.691743718593,4.66697889447236,0.76135291681922,"97.5th percentile"
36.7763427135678,4.66697889447236,0.800690113509321,"97.5th percentile"
36.8609417085427,4.66697889447236,0.813223122444233,"97.5th percentile"
36.9455407035176,4.66697889447236,0.825931169455669,"97.5th percentile"
37.0301396984925,4.66697889447236,0.760968684362157,"97.5th percentile"
37.1147386934673,4.66697889447236,0.784045047925437,"97.5th percentile"
37.1993376884422,4.66697889447236,0.801954775465796,"97.5th percentile"
37.2839366834171,4.66697889447236,0.818998604579408,"97.5th percentile"
37.368535678392,4.66697889447236,0.83594542993985,"97.5th percentile"
37.4531346733668,4.66697889447236,0.851611022390462,"97.5th percentile"
37.5377336683417,4.66697889447236,0.871113508819553,"97.5th percentile"
37.6223326633166,4.66697889447236,0.880501482112875,"97.5th percentile"
37.7069316582915,4.66697889447236,0.893262553786786,"97.5th percentile"
37.7915306532663,4.66697889447236,0.905810846448656,"97.5th percentile"
37.8761296482412,4.66697889447236,0.912592569075246,"97.5th percentile"
37.9607286432161,4.66697889447236,0.921992686270368,"97.5th percentile"
38.045327638191,4.66697889447236,0.929076242803156,"97.5th percentile"
38.1299266331658,4.66697889447236,0.936704502067206,"97.5th percentile"
38.2145256281407,4.66697889447236,0.942517739037377,"97.5th percentile"
38.2991246231156,4.66697889447236,0.949885992301725,"97.5th percentile"
38.3837236180904,4.66697889447236,0.955636251796203,"97.5th percentile"
38.4683226130653,4.66697889447236,0.96342960858307,"97.5th percentile"
38.5529216080402,4.66697889447236,0.965770403756995,"97.5th percentile"
38.6375206030151,4.66697889447236,0.969204829384936,"97.5th percentile"
38.72211959799,4.66697889447236,0.972636073284328,"97.5th percentile"
38.8067185929648,4.66697889447236,0.977237358379567,"97.5th percentile"
38.8913175879397,4.66697889447236,0.977978470608396,"97.5th percentile"
38.9759165829146,4.66697889447236,0.980910172976273,"97.5th percentile"
39.0605155778894,4.66697889447236,0.982890972422969,"97.5th percentile"
39.1451145728643,4.66697889447236,0.9846863701562,"97.5th percentile"
39.2297135678392,4.66697889447236,0.986402752528398,"97.5th percentile"
39.3143125628141,4.66697889447236,0.987987906142591,"97.5th percentile"
39.3989115577889,4.66697889447236,0.989401397343271,"97.5th percentile"
39.4835105527638,4.66697889447236,0.990549046220413,"97.5th percentile"
39.5681095477387,4.66697889447236,0.991582308412005,"97.5th percentile"
39.6527085427136,4.66697889447236,0.992806289734426,"97.5th percentile"
39.7373075376884,4.66697889447236,0.993320573405291,"97.5th percentile"
39.8219065326633,4.66697889447236,0.994085299730162,"97.5th percentile"
39.9065055276382,4.66697889447236,0.994793242385543,"97.5th percentile"
39.9911045226131,4.66697889447236,0.995024578830286,"97.5th percentile"
40.0757035175879,4.66697889447236,0.994778912266478,"97.5th percentile"
40.1603025125628,4.66697889447236,0.994679573431825,"97.5th percentile"
40.2449015075377,4.66697889447236,0.994995199363511,"97.5th percentile"
40.3295005025126,4.66697889447236,0.995536485845485,"97.5th percentile"
40.4140994974874,4.66697889447236,0.995966649619651,"97.5th percentile"
40.4986984924623,4.66697889447236,0.996474343687681,"97.5th percentile"
40.5832974874372,4.66697889447236,0.996997622323867,"97.5th percentile"
40.6678964824121,4.66697889447236,0.997388250978209,"97.5th percentile"
40.7524954773869,4.66697889447236,0.997775091373971,"97.5th percentile"
40.8370944723618,4.66697889447236,0.998105260571978,"97.5th percentile"
40.9216934673367,4.66697889447236,0.998409378408463,"97.5th percentile"
41.0062924623116,4.66697889447236,0.99866792379634,"97.5th percentile"
41.0908914572864,4.66697889447236,0.998856526344793,"97.5th percentile"
41.1754904522613,4.66697889447236,0.999045395697557,"97.5th percentile"
41.2600894472362,4.66697889447236,0.999199506918579,"97.5th percentile"
41.344688442211,4.66697889447236,0.99934488857657,"97.5th percentile"
41.4292874371859,4.66697889447236,0.999432116165551,"97.5th percentile"
41.5138864321608,4.66697889447236,0.999526204197376,"97.5th percentile"
41.5984854271357,4.66697889447236,0.999642616337761,"97.5th percentile"
41.6830844221106,4.66697889447236,0.999684490241085,"97.5th percentile"
41.7676834170854,4.66697889447236,0.999739982355087,"97.5th percentile"
41.8522824120603,4.66697889447236,0.999819953453108,"97.5th percentile"
41.9368814070352,4.66697889447236,0.999806054184153,"97.5th percentile"
42.02148040201,4.66697889447236,0.999875464033486,"97.5th percentile"
42.1060793969849,4.66697889447236,0.999895750604438,"97.5th percentile"
42.1906783919598,4.66697889447236,0.999905358396618,"97.5th percentile"
42.2752773869347,4.66697889447236,0.999924517562148,"97.5th percentile"
42.3598763819095,4.66697889447236,0.999941825640277,"97.5th percentile"
42.4444753768844,4.66697889447236,0.99994332666755,"97.5th percentile"
42.5290743718593,4.66697889447236,0.999950377109218,"97.5th percentile"
42.6136733668342,4.66697889447236,0.999966545514583,"97.5th percentile"
42.698272361809,4.66697889447236,0.999972784325487,"97.5th percentile"
42.7828713567839,4.66697889447236,0.999977365931083,"97.5th percentile"
42.8674703517588,4.66697889447236,0.999977101427273,"97.5th percentile"
42.9520693467337,4.66697889447236,0.999982171431997,"97.5th percentile"
43.0366683417085,4.66697889447236,0.999983970898782,"97.5th percentile"
43.1212673366834,4.66697889447236,0.999985999393316,"97.5th percentile"
43.2058663316583,4.66697889447236,0.999990190020114,"97.5th percentile"
43.2904653266332,4.66697889447236,0.999992022047911,"97.5th percentile"
35.9303527638191,4.73500552763819,0.91612080215721,"97.5th percentile"
36.014951758794,4.73500552763819,0.845115229891842,"97.5th percentile"
36.0995507537688,4.73500552763819,0.785862196251528,"97.5th percentile"
36.1841497487437,4.73500552763819,0.717744740410381,"97.5th percentile"
36.2687487437186,4.73500552763819,0.63603485094528,"97.5th percentile"
36.3533477386935,4.73500552763819,0.6080918360556,"97.5th percentile"
36.4379467336683,4.73500552763819,0.609165766225082,"97.5th percentile"
36.5225457286432,4.73500552763819,0.622116460347476,"97.5th percentile"
36.6071447236181,4.73500552763819,0.644648808133364,"97.5th percentile"
36.691743718593,4.73500552763819,0.662291596197775,"97.5th percentile"
36.7763427135678,4.73500552763819,0.767932662216822,"97.5th percentile"
36.8609417085427,4.73500552763819,0.69215153710794,"97.5th percentile"
36.9455407035176,4.73500552763819,0.793182565994954,"97.5th percentile"
37.0301396984925,4.73500552763819,0.719011879123713,"97.5th percentile"
37.1147386934673,4.73500552763819,0.731517087349685,"97.5th percentile"
37.1993376884422,4.73500552763819,0.754923082466378,"97.5th percentile"
37.2839366834171,4.73500552763819,0.787793417896288,"97.5th percentile"
37.368535678392,4.73500552763819,0.797493199581264,"97.5th percentile"
37.4531346733668,4.73500552763819,0.815430486173096,"97.5th percentile"
37.5377336683417,4.73500552763819,0.843601744652811,"97.5th percentile"
37.6223326633166,4.73500552763819,0.863630511981705,"97.5th percentile"
37.7069316582915,4.73500552763819,0.863396557153927,"97.5th percentile"
37.7915306532663,4.73500552763819,0.879840223096825,"97.5th percentile"
37.8761296482412,4.73500552763819,0.890899601120451,"97.5th percentile"
37.9607286432161,4.73500552763819,0.900064114641018,"97.5th percentile"
38.045327638191,4.73500552763819,0.909552846139865,"97.5th percentile"
38.1299266331658,4.73500552763819,0.918811990028237,"97.5th percentile"
38.2145256281407,4.73500552763819,0.932260193642244,"97.5th percentile"
38.2991246231156,4.73500552763819,0.937793753885304,"97.5th percentile"
38.3837236180904,4.73500552763819,0.948515578573925,"97.5th percentile"
38.4683226130653,4.73500552763819,0.956929334697087,"97.5th percentile"
38.5529216080402,4.73500552763819,0.955684338591791,"97.5th percentile"
38.6375206030151,4.73500552763819,0.960206668691102,"97.5th percentile"
38.72211959799,4.73500552763819,0.966435020134011,"97.5th percentile"
38.8067185929648,4.73500552763819,0.968253047667442,"97.5th percentile"
38.8913175879397,4.73500552763819,0.971834933406156,"97.5th percentile"
38.9759165829146,4.73500552763819,0.975396747157353,"97.5th percentile"
39.0605155778894,4.73500552763819,0.977796522765796,"97.5th percentile"
39.1451145728643,4.73500552763819,0.980234381897366,"97.5th percentile"
39.2297135678392,4.73500552763819,0.98286114818992,"97.5th percentile"
39.3143125628141,4.73500552763819,0.984310219829742,"97.5th percentile"
39.3989115577889,4.73500552763819,0.986140209254467,"97.5th percentile"
39.4835105527638,4.73500552763819,0.987805334584504,"97.5th percentile"
39.5681095477387,4.73500552763819,0.989094032301735,"97.5th percentile"
39.6527085427136,4.73500552763819,0.990169133415255,"97.5th percentile"
39.7373075376884,4.73500552763819,0.99131054577065,"97.5th percentile"
39.8219065326633,4.73500552763819,0.99240097673728,"97.5th percentile"
39.9065055276382,4.73500552763819,0.993198668872575,"97.5th percentile"
39.9911045226131,4.73500552763819,0.994162236305852,"97.5th percentile"
40.0757035175879,4.73500552763819,0.993353200903366,"97.5th percentile"
40.1603025125628,4.73500552763819,0.993313077198813,"97.5th percentile"
40.2449015075377,4.73500552763819,0.993646745299838,"97.5th percentile"
40.3295005025126,4.73500552763819,0.994191945988988,"97.5th percentile"
40.4140994974874,4.73500552763819,0.994838115445764,"97.5th percentile"
40.4986984924623,4.73500552763819,0.995526070163588,"97.5th percentile"
40.5832974874372,4.73500552763819,0.996085975470365,"97.5th percentile"
40.6678964824121,4.73500552763819,0.996655307977413,"97.5th percentile"
40.7524954773869,4.73500552763819,0.997153834662784,"97.5th percentile"
40.8370944723618,4.73500552763819,0.997568401744766,"97.5th percentile"
40.9216934673367,4.73500552763819,0.997943629254396,"97.5th percentile"
41.0062924623116,4.73500552763819,0.998262184039818,"97.5th percentile"
41.0908914572864,4.73500552763819,0.998533349437298,"97.5th percentile"
41.1754904522613,4.73500552763819,0.998764944335237,"97.5th percentile"
41.2600894472362,4.73500552763819,0.998975497404815,"97.5th percentile"
41.344688442211,4.73500552763819,0.99917622077424,"97.5th percentile"
41.4292874371859,4.73500552763819,0.999273063689919,"97.5th percentile"
41.5138864321608,4.73500552763819,0.999390254940439,"97.5th percentile"
41.5984854271357,4.73500552763819,0.999538983944115,"97.5th percentile"
41.6830844221106,4.73500552763819,0.999615394413236,"97.5th percentile"
41.7676834170854,4.73500552763819,0.999697585655929,"97.5th percentile"
41.8522824120603,4.73500552763819,0.999770540000163,"97.5th percentile"
41.9368814070352,4.73500552763819,0.99982334224256,"97.5th percentile"
42.02148040201,4.73500552763819,0.999828210428723,"97.5th percentile"
42.1060793969849,4.73500552763819,0.999833414387724,"97.5th percentile"
42.1906783919598,4.73500552763819,0.999895066619181,"97.5th percentile"
42.2752773869347,4.73500552763819,0.99991245942999,"97.5th percentile"
42.3598763819095,4.73500552763819,0.999922985527371,"97.5th percentile"
42.4444753768844,4.73500552763819,0.999922513766763,"97.5th percentile"
42.5290743718593,4.73500552763819,0.999941110829622,"97.5th percentile"
42.6136733668342,4.73500552763819,0.99994834357647,"97.5th percentile"
42.698272361809,4.73500552763819,0.999960335565686,"97.5th percentile"
42.7828713567839,4.73500552763819,0.999960427231564,"97.5th percentile"
42.8674703517588,4.73500552763819,0.99997460117816,"97.5th percentile"
42.9520693467337,4.73500552763819,0.999975236592317,"97.5th percentile"
43.0366683417085,4.73500552763819,0.999979774124088,"97.5th percentile"
43.1212673366834,4.73500552763819,0.999982358283772,"97.5th percentile"
43.2058663316583,4.73500552763819,0.999986746817533,"97.5th percentile"
43.2904653266332,4.73500552763819,0.999989211776971,"97.5th percentile"
43.375064321608,4.73500552763819,0.999991514142279,"97.5th percentile"
35.8457537688442,4.80303216080402,0.910562133177278,"97.5th percentile"
35.9303527638191,4.80303216080402,0.890824946270428,"97.5th percentile"
36.014951758794,4.80303216080402,0.757815366785195,"97.5th percentile"
36.0995507537688,4.80303216080402,0.700695255168274,"97.5th percentile"
36.1841497487437,4.80303216080402,0.647949193390934,"97.5th percentile"
36.2687487437186,4.80303216080402,0.577499033859297,"97.5th percentile"
36.3533477386935,4.80303216080402,0.526338729390259,"97.5th percentile"
36.4379467336683,4.80303216080402,0.526824821645242,"97.5th percentile"
36.5225457286432,4.80303216080402,0.522499917994308,"97.5th percentile"
36.6071447236181,4.80303216080402,0.520609756684692,"97.5th percentile"
36.691743718593,4.80303216080402,0.52423892943685,"97.5th percentile"
36.7763427135678,4.80303216080402,0.633083965341178,"97.5th percentile"
36.8609417085427,4.80303216080402,0.588885651128077,"97.5th percentile"
36.9455407035176,4.80303216080402,0.753850540085168,"97.5th percentile"
37.0301396984925,4.80303216080402,0.652881244759783,"97.5th percentile"
37.1147386934673,4.80303216080402,0.679421903787693,"97.5th percentile"
37.1993376884422,4.80303216080402,0.702793376468165,"97.5th percentile"
37.2839366834171,4.80303216080402,0.727372856507489,"97.5th percentile"
37.368535678392,4.80303216080402,0.751342378707346,"97.5th percentile"
37.4531346733668,4.80303216080402,0.772261312579997,"97.5th percentile"
37.5377336683417,4.80303216080402,0.793174368569769,"97.5th percentile"
37.6223326633166,4.80303216080402,0.845808033634271,"97.5th percentile"
37.7069316582915,4.80303216080402,0.830869809084233,"97.5th percentile"
37.7915306532663,4.80303216080402,0.845605612994591,"97.5th percentile"
37.8761296482412,4.80303216080402,0.861393142308075,"97.5th percentile"
37.9607286432161,4.80303216080402,0.87529293975358,"97.5th percentile"
38.045327638191,4.80303216080402,0.891811951686482,"97.5th percentile"
38.1299266331658,4.80303216080402,0.898625590757731,"97.5th percentile"
38.2145256281407,4.80303216080402,0.914754468484907,"97.5th percentile"
38.2991246231156,4.80303216080402,0.928376661857007,"97.5th percentile"
38.3837236180904,4.80303216080402,0.93332269109809,"97.5th percentile"
38.4683226130653,4.80303216080402,0.951510969090454,"97.5th percentile"
38.5529216080402,4.80303216080402,0.95226991197783,"97.5th percentile"
38.6375206030151,4.80303216080402,0.9492253901411,"97.5th percentile"
38.72211959799,4.80303216080402,0.955043529069758,"97.5th percentile"
38.8067185929648,4.80303216080402,0.958754311734717,"97.5th percentile"
38.8913175879397,4.80303216080402,0.965626297291354,"97.5th percentile"
38.9759165829146,4.80303216080402,0.968114976430876,"97.5th percentile"
39.0605155778894,4.80303216080402,0.971258798534815,"97.5th percentile"
39.1451145728643,4.80303216080402,0.975306570245445,"97.5th percentile"
39.2297135678392,4.80303216080402,0.97731523711033,"97.5th percentile"
39.3143125628141,4.80303216080402,0.979710857873611,"97.5th percentile"
39.3989115577889,4.80303216080402,0.982007624871578,"97.5th percentile"
39.4835105527638,4.80303216080402,0.984157398004103,"97.5th percentile"
39.5681095477387,4.80303216080402,0.985647846864985,"97.5th percentile"
39.6527085427136,4.80303216080402,0.987206906091851,"97.5th percentile"
39.7373075376884,4.80303216080402,0.988594477531059,"97.5th percentile"
39.8219065326633,4.80303216080402,0.990016958044821,"97.5th percentile"
39.9065055276382,4.80303216080402,0.991146952111286,"97.5th percentile"
39.9911045226131,4.80303216080402,0.992151505551776,"97.5th percentile"
40.0757035175879,4.80303216080402,0.991926276273744,"97.5th percentile"
40.1603025125628,4.80303216080402,0.991624979496383,"97.5th percentile"
40.2449015075377,4.80303216080402,0.991948200437892,"97.5th percentile"
40.3295005025126,4.80303216080402,0.992602686368844,"97.5th percentile"
40.4140994974874,4.80303216080402,0.993403404753193,"97.5th percentile"
40.4986984924623,4.80303216080402,0.994208711055427,"97.5th percentile"
40.5832974874372,4.80303216080402,0.994991076023318,"97.5th percentile"
40.6678964824121,4.80303216080402,0.995718661564033,"97.5th percentile"
40.7524954773869,4.80303216080402,0.996354899394903,"97.5th percentile"
40.8370944723618,4.80303216080402,0.996881628523635,"97.5th percentile"
40.9216934673367,4.80303216080402,0.997372309063326,"97.5th percentile"
41.0062924623116,4.80303216080402,0.997846155758103,"97.5th percentile"
41.0908914572864,4.80303216080402,0.998131516738578,"97.5th percentile"
41.1754904522613,4.80303216080402,0.998532063108026,"97.5th percentile"
41.2600894472362,4.80303216080402,0.998697798682035,"97.5th percentile"
41.344688442211,4.80303216080402,0.998898388912744,"97.5th percentile"
41.4292874371859,4.80303216080402,0.999123955697841,"97.5th percentile"
41.5138864321608,4.80303216080402,0.999226035124675,"97.5th percentile"
41.5984854271357,4.80303216080402,0.999351950485435,"97.5th percentile"
41.6830844221106,4.80303216080402,0.999569409298073,"97.5th percentile"
41.7676834170854,4.80303216080402,0.999593488206708,"97.5th percentile"
41.8522824120603,4.80303216080402,0.999731145618393,"97.5th percentile"
41.9368814070352,4.80303216080402,0.999750081286306,"97.5th percentile"
42.02148040201,4.80303216080402,0.9997668819073,"97.5th percentile"
42.1060793969849,4.80303216080402,0.999841518991192,"97.5th percentile"
42.1906783919598,4.80303216080402,0.999840414762557,"97.5th percentile"
42.2752773869347,4.80303216080402,0.999890757874717,"97.5th percentile"
42.3598763819095,4.80303216080402,0.999898431782896,"97.5th percentile"
42.4444753768844,4.80303216080402,0.999915899312932,"97.5th percentile"
42.5290743718593,4.80303216080402,0.999931530881356,"97.5th percentile"
42.6136733668342,4.80303216080402,0.999943570759562,"97.5th percentile"
42.698272361809,4.80303216080402,0.999942027192065,"97.5th percentile"
42.7828713567839,4.80303216080402,0.999949782737765,"97.5th percentile"
42.8674703517588,4.80303216080402,0.999967469407928,"97.5th percentile"
42.9520693467337,4.80303216080402,0.999964396099554,"97.5th percentile"
43.0366683417085,4.80303216080402,0.999970976116162,"97.5th percentile"
43.1212673366834,4.80303216080402,0.999979336930187,"97.5th percentile"
43.2058663316583,4.80303216080402,0.999984289416039,"97.5th percentile"
43.2904653266332,4.80303216080402,0.999986486538337,"97.5th percentile"
43.375064321608,4.80303216080402,0.999989296810506,"97.5th percentile"
43.4596633165829,4.80303216080402,0.999991096011288,"97.5th percentile"
35.8457537688442,4.87105879396985,0.914061087580264,"97.5th percentile"
35.9303527638191,4.87105879396985,0.86511492562456,"97.5th percentile"
36.014951758794,4.87105879396985,0.770049083723297,"97.5th percentile"
36.0995507537688,4.87105879396985,0.689155511041501,"97.5th percentile"
36.1841497487437,4.87105879396985,0.651548135295695,"97.5th percentile"
36.2687487437186,4.87105879396985,0.538718567661587,"97.5th percentile"
36.3533477386935,4.87105879396985,0.503336071950966,"97.5th percentile"
36.4379467336683,4.87105879396985,0.452591181617429,"97.5th percentile"
36.5225457286432,4.87105879396985,0.418246035585638,"97.5th percentile"
36.6071447236181,4.87105879396985,0.418792264255923,"97.5th percentile"
36.691743718593,4.87105879396985,0.45724260869719,"97.5th percentile"
36.7763427135678,4.87105879396985,0.500130979407936,"97.5th percentile"
36.8609417085427,4.87105879396985,0.6132935140292,"97.5th percentile"
36.9455407035176,4.87105879396985,0.64850500566819,"97.5th percentile"
37.0301396984925,4.87105879396985,0.595974246977976,"97.5th percentile"
37.1147386934673,4.87105879396985,0.627116440512078,"97.5th percentile"
37.1993376884422,4.87105879396985,0.664308865045604,"97.5th percentile"
37.2839366834171,4.87105879396985,0.712097975978255,"97.5th percentile"
37.368535678392,4.87105879396985,0.723985569885007,"97.5th percentile"
37.4531346733668,4.87105879396985,0.726535532967994,"97.5th percentile"
37.5377336683417,4.87105879396985,0.745646649037997,"97.5th percentile"
37.6223326633166,4.87105879396985,0.824571559812834,"97.5th percentile"
37.7069316582915,4.87105879396985,0.792885163169038,"97.5th percentile"
37.7915306532663,4.87105879396985,0.8076496851597,"97.5th percentile"
37.8761296482412,4.87105879396985,0.825885365807222,"97.5th percentile"
37.9607286432161,4.87105879396985,0.839972496344459,"97.5th percentile"
38.045327638191,4.87105879396985,0.851452133621887,"97.5th percentile"
38.1299266331658,4.87105879396985,0.873864552713993,"97.5th percentile"
38.2145256281407,4.87105879396985,0.901071157990398,"97.5th percentile"
38.2991246231156,4.87105879396985,0.901607875093542,"97.5th percentile"
38.3837236180904,4.87105879396985,0.92154646857768,"97.5th percentile"
38.4683226130653,4.87105879396985,0.934937042846489,"97.5th percentile"
38.5529216080402,4.87105879396985,0.929408477428801,"97.5th percentile"
38.6375206030151,4.87105879396985,0.934877350129293,"97.5th percentile"
38.72211959799,4.87105879396985,0.94142201505338,"97.5th percentile"
38.8067185929648,4.87105879396985,0.949564313207656,"97.5th percentile"
38.8913175879397,4.87105879396985,0.957450950942255,"97.5th percentile"
38.9759165829146,4.87105879396985,0.958101304287141,"97.5th percentile"
39.0605155778894,4.87105879396985,0.962713811420882,"97.5th percentile"
39.1451145728643,4.87105879396985,0.966836434167807,"97.5th percentile"
39.2297135678392,4.87105879396985,0.971363076766938,"97.5th percentile"
39.3143125628141,4.87105879396985,0.974029588514838,"97.5th percentile"
39.3989115577889,4.87105879396985,0.977827901634743,"97.5th percentile"
39.4835105527638,4.87105879396985,0.980307672315622,"97.5th percentile"
39.5681095477387,4.87105879396985,0.982101450462066,"97.5th percentile"
39.6527085427136,4.87105879396985,0.9833588379407,"97.5th percentile"
39.7373075376884,4.87105879396985,0.985155504903297,"97.5th percentile"
39.8219065326633,4.87105879396985,0.987094494454722,"97.5th percentile"
39.9065055276382,4.87105879396985,0.98850943343473,"97.5th percentile"
39.9911045226131,4.87105879396985,0.989787136470032,"97.5th percentile"
40.0757035175879,4.87105879396985,0.989878150786486,"97.5th percentile"
40.1603025125628,4.87105879396985,0.989479760915956,"97.5th percentile"
40.2449015075377,4.87105879396985,0.989796331260034,"97.5th percentile"
40.3295005025126,4.87105879396985,0.99056810706107,"97.5th percentile"
40.4140994974874,4.87105879396985,0.991564788895528,"97.5th percentile"
40.4986984924623,4.87105879396985,0.992585845703181,"97.5th percentile"
40.5832974874372,4.87105879396985,0.993579235079141,"97.5th percentile"
40.6678964824121,4.87105879396985,0.99451051463705,"97.5th percentile"
40.7524954773869,4.87105879396985,0.995397630509577,"97.5th percentile"
40.8370944723618,4.87105879396985,0.995997174404307,"97.5th percentile"
40.9216934673367,4.87105879396985,0.996634411376276,"97.5th percentile"
41.0062924623116,4.87105879396985,0.99714406902875,"97.5th percentile"
41.0908914572864,4.87105879396985,0.997603050016295,"97.5th percentile"
41.1754904522613,4.87105879396985,0.998001685106541,"97.5th percentile"
41.2600894472362,4.87105879396985,0.998300801752401,"97.5th percentile"
41.344688442211,4.87105879396985,0.998577880380168,"97.5th percentile"
41.4292874371859,4.87105879396985,0.998807052587227,"97.5th percentile"
41.5138864321608,4.87105879396985,0.99899914562656,"97.5th percentile"
41.5984854271357,4.87105879396985,0.999189663606679,"97.5th percentile"
41.6830844221106,4.87105879396985,0.9993964745862,"97.5th percentile"
41.7676834170854,4.87105879396985,0.999480488199702,"97.5th percentile"
41.8522824120603,4.87105879396985,0.999645496717098,"97.5th percentile"
41.9368814070352,4.87105879396985,0.999613169720517,"97.5th percentile"
42.02148040201,4.87105879396985,0.999718200069054,"97.5th percentile"
42.1060793969849,4.87105879396985,0.999798125508423,"97.5th percentile"
42.1906783919598,4.87105879396985,0.999801714490555,"97.5th percentile"
42.2752773869347,4.87105879396985,0.999851220774522,"97.5th percentile"
42.3598763819095,4.87105879396985,0.999841075994856,"97.5th percentile"
42.4444753768844,4.87105879396985,0.999874644930927,"97.5th percentile"
42.5290743718593,4.87105879396985,0.99991769174616,"97.5th percentile"
42.6136733668342,4.87105879396985,0.999929315396878,"97.5th percentile"
42.698272361809,4.87105879396985,0.999921612019723,"97.5th percentile"
42.7828713567839,4.87105879396985,0.999947928244104,"97.5th percentile"
42.8674703517588,4.87105879396985,0.999954401951741,"97.5th percentile"
42.9520693467337,4.87105879396985,0.999960023783651,"97.5th percentile"
43.0366683417085,4.87105879396985,0.999965577032094,"97.5th percentile"
43.1212673366834,4.87105879396985,0.999968397910869,"97.5th percentile"
43.2058663316583,4.87105879396985,0.999979433565275,"97.5th percentile"
43.2904653266332,4.87105879396985,0.999981032811335,"97.5th percentile"
43.375064321608,4.87105879396985,0.999984888467178,"97.5th percentile"
43.4596633165829,4.87105879396985,0.999989049049028,"97.5th percentile"
43.5442623115578,4.87105879396985,0.999990926545728,"97.5th percentile"
35.8457537688442,4.93908542713568,0.88725180282934,"97.5th percentile"
35.9303527638191,4.93908542713568,0.815841335021031,"97.5th percentile"
36.014951758794,4.93908542713568,0.794810580034506,"97.5th percentile"
36.0995507537688,4.93908542713568,0.653507304893337,"97.5th percentile"
36.1841497487437,4.93908542713568,0.659605166716784,"97.5th percentile"
36.2687487437186,4.93908542713568,0.502242618515898,"97.5th percentile"
36.3533477386935,4.93908542713568,0.476787597231181,"97.5th percentile"
36.4379467336683,4.93908542713568,0.381337728904501,"97.5th percentile"
36.5225457286432,4.93908542713568,0.336716062952505,"97.5th percentile"
36.6071447236181,4.93908542713568,0.357771247141107,"97.5th percentile"
36.691743718593,4.93908542713568,0.386582266184875,"97.5th percentile"
36.7763427135678,4.93908542713568,0.438466730274815,"97.5th percentile"
36.8609417085427,4.93908542713568,0.535300990187021,"97.5th percentile"
36.9455407035176,4.93908542713568,0.585479100642443,"97.5th percentile"
37.0301396984925,4.93908542713568,0.533516975983535,"97.5th percentile"
37.1147386934673,4.93908542713568,0.55606527861399,"97.5th percentile"
37.1993376884422,4.93908542713568,0.61685504406307,"97.5th percentile"
37.2839366834171,4.93908542713568,0.629509619161684,"97.5th percentile"
37.368535678392,4.93908542713568,0.653131400459593,"97.5th percentile"
37.4531346733668,4.93908542713568,0.707963611432648,"97.5th percentile"
37.5377336683417,4.93908542713568,0.690749475657523,"97.5th percentile"
37.6223326633166,4.93908542713568,0.772781303810347,"97.5th percentile"
37.7069316582915,4.93908542713568,0.778711409756353,"97.5th percentile"
37.7915306532663,4.93908542713568,0.777250545103107,"97.5th percentile"
37.8761296482412,4.93908542713568,0.780499587797896,"97.5th percentile"
37.9607286432161,4.93908542713568,0.810214010587226,"97.5th percentile"
38.045327638191,4.93908542713568,0.816881598486746,"97.5th percentile"
38.1299266331658,4.93908542713568,0.873085777362573,"97.5th percentile"
38.2145256281407,4.93908542713568,0.869987237192329,"97.5th percentile"
38.2991246231156,4.93908542713568,0.883768571632274,"97.5th percentile"
38.3837236180904,4.93908542713568,0.884600766732118,"97.5th percentile"
38.4683226130653,4.93908542713568,0.901608425367201,"97.5th percentile"
38.5529216080402,4.93908542713568,0.909231098343945,"97.5th percentile"
38.6375206030151,4.93908542713568,0.916324613134424,"97.5th percentile"
38.72211959799,4.93908542713568,0.9252450350464,"97.5th percentile"
38.8067185929648,4.93908542713568,0.933548766332319,"97.5th percentile"
38.8913175879397,4.93908542713568,0.944029603685952,"97.5th percentile"
38.9759165829146,4.93908542713568,0.946029708783726,"97.5th percentile"
39.0605155778894,4.93908542713568,0.952315356334812,"97.5th percentile"
39.1451145728643,4.93908542713568,0.957210633961716,"97.5th percentile"
39.2297135678392,4.93908542713568,0.963134720107938,"97.5th percentile"
39.3143125628141,4.93908542713568,0.966028619737886,"97.5th percentile"
39.3989115577889,4.93908542713568,0.970814368059653,"97.5th percentile"
39.4835105527638,4.93908542713568,0.9732977284726,"97.5th percentile"
39.5681095477387,4.93908542713568,0.977121764572647,"97.5th percentile"
39.6527085427136,4.93908542713568,0.978602289301532,"97.5th percentile"
39.7373075376884,4.93908542713568,0.980648989853989,"97.5th percentile"
39.8219065326633,4.93908542713568,0.983027945608354,"97.5th percentile"
39.9065055276382,4.93908542713568,0.985097787819734,"97.5th percentile"
39.9911045226131,4.93908542713568,0.986803811320223,"97.5th percentile"
40.0757035175879,4.93908542713568,0.987676300679238,"97.5th percentile"
40.1603025125628,4.93908542713568,0.986880232094518,"97.5th percentile"
40.2449015075377,4.93908542713568,0.987101148407686,"97.5th percentile"
40.3295005025126,4.93908542713568,0.987982576554218,"97.5th percentile"
40.4140994974874,4.93908542713568,0.989193098090418,"97.5th percentile"
40.4986984924623,4.93908542713568,0.990511346758653,"97.5th percentile"
40.5832974874372,4.93908542713568,0.991986823812146,"97.5th percentile"
40.6678964824121,4.93908542713568,0.993166749671265,"97.5th percentile"
40.7524954773869,4.93908542713568,0.994398990268906,"97.5th percentile"
40.8370944723618,4.93908542713568,0.994862118595798,"97.5th percentile"
40.9216934673367,4.93908542713568,0.995655884606772,"97.5th percentile"
41.0062924623116,4.93908542713568,0.996342842854396,"97.5th percentile"
41.0908914572864,4.93908542713568,0.99691379041541,"97.5th percentile"
41.1754904522613,4.93908542713568,0.997461833012963,"97.5th percentile"
41.2600894472362,4.93908542713568,0.997922302065086,"97.5th percentile"
41.344688442211,4.93908542713568,0.998181354429087,"97.5th percentile"
41.4292874371859,4.93908542713568,0.99847112329119,"97.5th percentile"
41.5138864321608,4.93908542713568,0.998721438585249,"97.5th percentile"
41.5984854271357,4.93908542713568,0.998978452824255,"97.5th percentile"
41.6830844221106,4.93908542713568,0.999229936377103,"97.5th percentile"
41.7676834170854,4.93908542713568,0.999372387201673,"97.5th percentile"
41.8522824120603,4.93908542713568,0.999398343478062,"97.5th percentile"
41.9368814070352,4.93908542713568,0.999548401125162,"97.5th percentile"
42.02148040201,4.93908542713568,0.999565604682954,"97.5th percentile"
42.1060793969849,4.93908542713568,0.999674873165133,"97.5th percentile"
42.1906783919598,4.93908542713568,0.999718999774447,"97.5th percentile"
42.2752773869347,4.93908542713568,0.999779322380278,"97.5th percentile"
42.3598763819095,4.93908542713568,0.999850923196982,"97.5th percentile"
42.4444753768844,4.93908542713568,0.999868811769115,"97.5th percentile"
42.5290743718593,4.93908542713568,0.999877341047927,"97.5th percentile"
42.6136733668342,4.93908542713568,0.999877176598937,"97.5th percentile"
42.698272361809,4.93908542713568,0.99991333047448,"97.5th percentile"
42.7828713567839,4.93908542713568,0.999933011472967,"97.5th percentile"
42.8674703517588,4.93908542713568,0.999941809884944,"97.5th percentile"
42.9520693467337,4.93908542713568,0.999948412962284,"97.5th percentile"
43.0366683417085,4.93908542713568,0.9999603965417,"97.5th percentile"
43.1212673366834,4.93908542713568,0.999964697817988,"97.5th percentile"
43.2058663316583,4.93908542713568,0.999971142078361,"97.5th percentile"
43.2904653266332,4.93908542713568,0.999974425063407,"97.5th percentile"
43.375064321608,4.93908542713568,0.99998260378705,"97.5th percentile"
43.4596633165829,4.93908542713568,0.999985316383464,"97.5th percentile"
43.5442623115578,4.93908542713568,0.999989198187333,"97.5th percentile"
43.6288613065327,4.93908542713568,0.999990363474656,"97.5th percentile"
35.8457537688442,5.00711206030151,0.841839285784573,"97.5th percentile"
35.9303527638191,5.00711206030151,0.781724847705934,"97.5th percentile"
36.014951758794,5.00711206030151,0.781047650997721,"97.5th percentile"
36.0995507537688,5.00711206030151,0.615144930938949,"97.5th percentile"
36.1841497487437,5.00711206030151,0.630780858150302,"97.5th percentile"
36.2687487437186,5.00711206030151,0.521021412044855,"97.5th percentile"
36.3533477386935,5.00711206030151,0.426694733518731,"97.5th percentile"
36.4379467336683,5.00711206030151,0.344572793686436,"97.5th percentile"
36.5225457286432,5.00711206030151,0.333068062250861,"97.5th percentile"
36.6071447236181,5.00711206030151,0.314549676703679,"97.5th percentile"
36.691743718593,5.00711206030151,0.331312665921007,"97.5th percentile"
36.7763427135678,5.00711206030151,0.392858849414931,"97.5th percentile"
36.8609417085427,5.00711206030151,0.47238597388984,"97.5th percentile"
36.9455407035176,5.00711206030151,0.435967305164318,"97.5th percentile"
37.0301396984925,5.00711206030151,0.46834648588485,"97.5th percentile"
37.1147386934673,5.00711206030151,0.502473525075953,"97.5th percentile"
37.1993376884422,5.00711206030151,0.515110734154073,"97.5th percentile"
37.2839366834171,5.00711206030151,0.547795496691977,"97.5th percentile"
37.368535678392,5.00711206030151,0.60014186028299,"97.5th percentile"
37.4531346733668,5.00711206030151,0.623381535653853,"97.5th percentile"
37.5377336683417,5.00711206030151,0.630857579995311,"97.5th percentile"
37.6223326633166,5.00711206030151,0.660349675235019,"97.5th percentile"
37.7069316582915,5.00711206030151,0.685385526559127,"97.5th percentile"
37.7915306532663,5.00711206030151,0.732424987008293,"97.5th percentile"
37.8761296482412,5.00711206030151,0.743821375163847,"97.5th percentile"
37.9607286432161,5.00711206030151,0.786404037014449,"97.5th percentile"
38.045327638191,5.00711206030151,0.788867134912127,"97.5th percentile"
38.1299266331658,5.00711206030151,0.824407598883915,"97.5th percentile"
38.2145256281407,5.00711206030151,0.831255882952634,"97.5th percentile"
38.2991246231156,5.00711206030151,0.848442409729735,"97.5th percentile"
38.3837236180904,5.00711206030151,0.854737596450734,"97.5th percentile"
38.4683226130653,5.00711206030151,0.867657780982478,"97.5th percentile"
38.5529216080402,5.00711206030151,0.882433111647206,"97.5th percentile"
38.6375206030151,5.00711206030151,0.89354552538521,"97.5th percentile"
38.72211959799,5.00711206030151,0.90364812054454,"97.5th percentile"
38.8067185929648,5.00711206030151,0.91386930266891,"97.5th percentile"
38.8913175879397,5.00711206030151,0.92707949488221,"97.5th percentile"
38.9759165829146,5.00711206030151,0.931673449073264,"97.5th percentile"
39.0605155778894,5.00711206030151,0.938482778673224,"97.5th percentile"
39.1451145728643,5.00711206030151,0.944663597505046,"97.5th percentile"
39.2297135678392,5.00711206030151,0.951198805326141,"97.5th percentile"
39.3143125628141,5.00711206030151,0.955810740012547,"97.5th percentile"
39.3989115577889,5.00711206030151,0.960583574580492,"97.5th percentile"
39.4835105527638,5.00711206030151,0.965394173899508,"97.5th percentile"
39.5681095477387,5.00711206030151,0.968426251975772,"97.5th percentile"
39.6527085427136,5.00711206030151,0.97395955455357,"97.5th percentile"
39.7373075376884,5.00711206030151,0.979212114546205,"97.5th percentile"
39.8219065326633,5.00711206030151,0.977575593424944,"97.5th percentile"
39.9065055276382,5.00711206030151,0.980930890417653,"97.5th percentile"
39.9911045226131,5.00711206030151,0.982983681586424,"97.5th percentile"
40.0757035175879,5.00711206030151,0.984884217222228,"97.5th percentile"
40.1603025125628,5.00711206030151,0.983687644120929,"97.5th percentile"
40.2449015075377,5.00711206030151,0.983729725978283,"97.5th percentile"
40.3295005025126,5.00711206030151,0.984706984410409,"97.5th percentile"
40.4140994974874,5.00711206030151,0.986188307097525,"97.5th percentile"
40.4986984924623,5.00711206030151,0.987860131931284,"97.5th percentile"
40.5832974874372,5.00711206030151,0.989449594247178,"97.5th percentile"
40.6678964824121,5.00711206030151,0.990966815548829,"97.5th percentile"
40.7524954773869,5.00711206030151,0.992479225248641,"97.5th percentile"
40.8370944723618,5.00711206030151,0.99344995117319,"97.5th percentile"
40.9216934673367,5.00711206030151,0.994450196029122,"97.5th percentile"
41.0062924623116,5.00711206030151,0.995303157356123,"97.5th percentile"
41.0908914572864,5.00711206030151,0.996117631078462,"97.5th percentile"
41.1754904522613,5.00711206030151,0.996701958261844,"97.5th percentile"
41.2600894472362,5.00711206030151,0.997228402646425,"97.5th percentile"
41.344688442211,5.00711206030151,0.997665260612955,"97.5th percentile"
41.4292874371859,5.00711206030151,0.998239302778021,"97.5th percentile"
41.5138864321608,5.00711206030151,0.998360219088528,"97.5th percentile"
41.5984854271357,5.00711206030151,0.998634301854082,"97.5th percentile"
41.6830844221106,5.00711206030151,0.998878471050189,"97.5th percentile"
41.7676834170854,5.00711206030151,0.999092109906899,"97.5th percentile"
41.8522824120603,5.00711206030151,0.999427689437213,"97.5th percentile"
41.9368814070352,5.00711206030151,0.999479085518137,"97.5th percentile"
42.02148040201,5.00711206030151,0.999471454508031,"97.5th percentile"
42.1060793969849,5.00711206030151,0.999587639945172,"97.5th percentile"
42.1906783919598,5.00711206030151,0.999666945350208,"97.5th percentile"
42.2752773869347,5.00711206030151,0.999706610077244,"97.5th percentile"
42.3598763819095,5.00711206030151,0.9997280621514,"97.5th percentile"
42.4444753768844,5.00711206030151,0.999776346279151,"97.5th percentile"
42.5290743718593,5.00711206030151,0.999851355218364,"97.5th percentile"
42.6136733668342,5.00711206030151,0.999868366814103,"97.5th percentile"
42.698272361809,5.00711206030151,0.999889974639732,"97.5th percentile"
42.7828713567839,5.00711206030151,0.999912294003408,"97.5th percentile"
42.8674703517588,5.00711206030151,0.999930472878874,"97.5th percentile"
42.9520693467337,5.00711206030151,0.999931232765321,"97.5th percentile"
43.0366683417085,5.00711206030151,0.999946325455681,"97.5th percentile"
43.1212673366834,5.00711206030151,0.999951679604335,"97.5th percentile"
43.2058663316583,5.00711206030151,0.999956614607161,"97.5th percentile"
43.2904653266332,5.00711206030151,0.999971683847459,"97.5th percentile"
43.375064321608,5.00711206030151,0.999979113943024,"97.5th percentile"
43.4596633165829,5.00711206030151,0.999984087595985,"97.5th percentile"
43.5442623115578,5.00711206030151,0.999986844949071,"97.5th percentile"
43.6288613065327,5.00711206030151,0.99998894597065,"97.5th percentile"
43.7134603015075,5.00711206030151,0.999990766373409,"97.5th percentile"
43.7980592964824,5.00711206030151,0.999993033832073,"97.5th percentile"
43.8826582914573,5.00711206030151,0.999994130867324,"97.5th percentile"
43.9672572864322,5.00711206030151,0.99999592255745,"97.5th percentile"
44.051856281407,5.00711206030151,0.999996531978049,"97.5th percentile"
44.1364552763819,5.00711206030151,0.999997534027817,"97.5th percentile"
44.2210542713568,5.00711206030151,0.999997831819157,"97.5th percentile"
44.3056532663317,5.00711206030151,0.999998311755059,"97.5th percentile"
44.3902522613065,5.00711206030151,0.999998864433812,"97.5th percentile"
44.4748512562814,5.00711206030151,0.999999127391228,"97.5th percentile"
44.5594502512563,5.00711206030151,0.999999416490505,"97.5th percentile"
44.6440492462312,5.00711206030151,0.999999500510496,"97.5th percentile"
44.728648241206,5.00711206030151,0.999999667758658,"97.5th percentile"
44.8132472361809,5.00711206030151,0.999999743939547,"97.5th percentile"
44.8978462311558,5.00711206030151,0.999999775657252,"97.5th percentile"
35.8457537688442,5.07513869346734,0.80185265736981,"97.5th percentile"
35.9303527638191,5.07513869346734,0.802181104653018,"97.5th percentile"
36.014951758794,5.07513869346734,0.746233338283433,"97.5th percentile"
36.0995507537688,5.07513869346734,0.591585099920237,"97.5th percentile"
36.1841497487437,5.07513869346734,0.544528217186312,"97.5th percentile"
36.2687487437186,5.07513869346734,0.467244265291898,"97.5th percentile"
36.3533477386935,5.07513869346734,0.385350786959145,"97.5th percentile"
36.4379467336683,5.07513869346734,0.321990656756703,"97.5th percentile"
36.5225457286432,5.07513869346734,0.326095889508378,"97.5th percentile"
36.6071447236181,5.07513869346734,0.328329804231326,"97.5th percentile"
36.691743718593,5.07513869346734,0.305656981857183,"97.5th percentile"
36.7763427135678,5.07513869346734,0.313992585498325,"97.5th percentile"
36.8609417085427,5.07513869346734,0.376572722914314,"97.5th percentile"
36.9455407035176,5.07513869346734,0.448845732123804,"97.5th percentile"
37.0301396984925,5.07513869346734,0.401048051496885,"97.5th percentile"
37.1147386934673,5.07513869346734,0.426290860405932,"97.5th percentile"
37.1993376884422,5.07513869346734,0.454400768913891,"97.5th percentile"
37.2839366834171,5.07513869346734,0.547202082870372,"97.5th percentile"
37.368535678392,5.07513869346734,0.567215391199199,"97.5th percentile"
37.4531346733668,5.07513869346734,0.544565096671602,"97.5th percentile"
37.5377336683417,5.07513869346734,0.599897725960954,"97.5th percentile"
37.6223326633166,5.07513869346734,0.613866782384049,"97.5th percentile"
37.7069316582915,5.07513869346734,0.628414074046394,"97.5th percentile"
37.7915306532663,5.07513869346734,0.657401977833412,"97.5th percentile"
37.8761296482412,5.07513869346734,0.682415016911702,"97.5th percentile"
37.9607286432161,5.07513869346734,0.705249685252344,"97.5th percentile"
38.045327638191,5.07513869346734,0.73440046076806,"97.5th percentile"
38.1299266331658,5.07513869346734,0.757870964719881,"97.5th percentile"
38.2145256281407,5.07513869346734,0.795600465535773,"97.5th percentile"
38.2991246231156,5.07513869346734,0.801505793459928,"97.5th percentile"
38.3837236180904,5.07513869346734,0.834076624563838,"97.5th percentile"
38.4683226130653,5.07513869346734,0.832816571608503,"97.5th percentile"
38.5529216080402,5.07513869346734,0.851500349654097,"97.5th percentile"
38.6375206030151,5.07513869346734,0.866350125514624,"97.5th percentile"
38.72211959799,5.07513869346734,0.87803359771684,"97.5th percentile"
38.8067185929648,5.07513869346734,0.890837667743992,"97.5th percentile"
38.8913175879397,5.07513869346734,0.903090272768698,"97.5th percentile"
38.9759165829146,5.07513869346734,0.912633328596395,"97.5th percentile"
39.0605155778894,5.07513869346734,0.921409551296206,"97.5th percentile"
39.1451145728643,5.07513869346734,0.929098211348024,"97.5th percentile"
39.2297135678392,5.07513869346734,0.936328869618923,"97.5th percentile"
39.3143125628141,5.07513869346734,0.943494152749027,"97.5th percentile"
39.3989115577889,5.07513869346734,0.949386024059868,"97.5th percentile"
39.4835105527638,5.07513869346734,0.955136811983474,"97.5th percentile"
39.5681095477387,5.07513869346734,0.960243842163148,"97.5th percentile"
39.6527085427136,5.07513869346734,0.969838754582494,"97.5th percentile"
39.7373075376884,5.07513869346734,0.974488608702606,"97.5th percentile"
39.8219065326633,5.07513869346734,0.97100785612958,"97.5th percentile"
39.9065055276382,5.07513869346734,0.979058836386558,"97.5th percentile"
39.9911045226131,5.07513869346734,0.97777156618047,"97.5th percentile"
40.0757035175879,5.07513869346734,0.980303713252861,"97.5th percentile"
40.1603025125628,5.07513869346734,0.97992423973609,"97.5th percentile"
40.2449015075377,5.07513869346734,0.979545220750811,"97.5th percentile"
40.3295005025126,5.07513869346734,0.980603337157994,"97.5th percentile"
40.4140994974874,5.07513869346734,0.982535898117898,"97.5th percentile"
40.4986984924623,5.07513869346734,0.985474001677062,"97.5th percentile"
40.5832974874372,5.07513869346734,0.987726681437136,"97.5th percentile"
40.6678964824121,5.07513869346734,0.98937713443059,"97.5th percentile"
40.7524954773869,5.07513869346734,0.990318796112805,"97.5th percentile"
40.8370944723618,5.07513869346734,0.991588656145488,"97.5th percentile"
40.9216934673367,5.07513869346734,0.992882763267784,"97.5th percentile"
41.0062924623116,5.07513869346734,0.993987454852624,"97.5th percentile"
41.0908914572864,5.07513869346734,0.994976233512403,"97.5th percentile"
41.1754904522613,5.07513869346734,0.995750029744512,"97.5th percentile"
41.2600894472362,5.07513869346734,0.996454029230933,"97.5th percentile"
41.344688442211,5.07513869346734,0.997009975232075,"97.5th percentile"
41.4292874371859,5.07513869346734,0.997491754607002,"97.5th percentile"
41.5138864321608,5.07513869346734,0.997901830997222,"97.5th percentile"
41.5984854271357,5.07513869346734,0.99824256088695,"97.5th percentile"
41.6830844221106,5.07513869346734,0.998578306328037,"97.5th percentile"
41.7676834170854,5.07513869346734,0.998877776379978,"97.5th percentile"
41.8522824120603,5.07513869346734,0.999229877466106,"97.5th percentile"
41.9368814070352,5.07513869346734,0.999160626856642,"97.5th percentile"
42.02148040201,5.07513869346734,0.999469502886088,"97.5th percentile"
42.1060793969849,5.07513869346734,0.999431530430539,"97.5th percentile"
42.1906783919598,5.07513869346734,0.999522506620849,"97.5th percentile"
42.2752773869347,5.07513869346734,0.99966279682863,"97.5th percentile"
42.3598763819095,5.07513869346734,0.999659810346422,"97.5th percentile"
42.4444753768844,5.07513869346734,0.999746058324911,"97.5th percentile"
42.5290743718593,5.07513869346734,0.999783301520841,"97.5th percentile"
42.6136733668342,5.07513869346734,0.999836488508452,"97.5th percentile"
42.698272361809,5.07513869346734,0.999853798450917,"97.5th percentile"
42.7828713567839,5.07513869346734,0.99989015511492,"97.5th percentile"
42.8674703517588,5.07513869346734,0.999897429947907,"97.5th percentile"
42.9520693467337,5.07513869346734,0.999918137664266,"97.5th percentile"
43.0366683417085,5.07513869346734,0.999936559806355,"97.5th percentile"
43.1212673366834,5.07513869346734,0.999935908049944,"97.5th percentile"
43.2058663316583,5.07513869346734,0.999956040083515,"97.5th percentile"
43.2904653266332,5.07513869346734,0.999959334397202,"97.5th percentile"
43.375064321608,5.07513869346734,0.999972130502015,"97.5th percentile"
43.4596633165829,5.07513869346734,0.999979272616885,"97.5th percentile"
43.5442623115578,5.07513869346734,0.999985546479488,"97.5th percentile"
43.6288613065327,5.07513869346734,0.999985915826978,"97.5th percentile"
43.7134603015075,5.07513869346734,0.99998994708959,"97.5th percentile"
43.7980592964824,5.07513869346734,0.99999207614877,"97.5th percentile"
43.8826582914573,5.07513869346734,0.99999422787312,"97.5th percentile"
43.9672572864322,5.07513869346734,0.999995916248556,"97.5th percentile"
44.051856281407,5.07513869346734,0.999996556038698,"97.5th percentile"
44.1364552763819,5.07513869346734,0.999997128017093,"97.5th percentile"
44.2210542713568,5.07513869346734,0.99999808126935,"97.5th percentile"
44.3056532663317,5.07513869346734,0.999998612679533,"97.5th percentile"
44.3902522613065,5.07513869346734,0.999998598731263,"97.5th percentile"
44.4748512562814,5.07513869346734,0.999998915481022,"97.5th percentile"
44.5594502512563,5.07513869346734,0.999999264617122,"97.5th percentile"
44.6440492462312,5.07513869346734,0.999999368210785,"97.5th percentile"
44.728648241206,5.07513869346734,0.99999955445157,"97.5th percentile"
44.8132472361809,5.07513869346734,0.999999679855702,"97.5th percentile"
44.8978462311558,5.07513869346734,0.999999719898129,"97.5th percentile"
44.9824452261307,5.07513869346734,0.999999829855364,"97.5th percentile"
35.8457537688442,5.14316532663317,0.78836937979304,"97.5th percentile"
35.9303527638191,5.14316532663317,0.733127125240044,"97.5th percentile"
36.014951758794,5.14316532663317,0.663790210381993,"97.5th percentile"
36.0995507537688,5.14316532663317,0.515891749674944,"97.5th percentile"
36.1841497487437,5.14316532663317,0.55252777319627,"97.5th percentile"
36.2687487437186,5.14316532663317,0.425801666375983,"97.5th percentile"
36.3533477386935,5.14316532663317,0.368733054514876,"97.5th percentile"
36.4379467336683,5.14316532663317,0.32364601736562,"97.5th percentile"
36.5225457286432,5.14316532663317,0.320119391571753,"97.5th percentile"
36.6071447236181,5.14316532663317,0.332024418379085,"97.5th percentile"
36.691743718593,5.14316532663317,0.300046115803995,"97.5th percentile"
36.7763427135678,5.14316532663317,0.306336686123928,"97.5th percentile"
36.8609417085427,5.14316532663317,0.389361798825093,"97.5th percentile"
36.9455407035176,5.14316532663317,0.329239222706326,"97.5th percentile"
37.0301396984925,5.14316532663317,0.428905368560824,"97.5th percentile"
37.1147386934673,5.14316532663317,0.366468185178107,"97.5th percentile"
37.1993376884422,5.14316532663317,0.382749067896204,"97.5th percentile"
37.2839366834171,5.14316532663317,0.409186217228531,"97.5th percentile"
37.368535678392,5.14316532663317,0.449698661220317,"97.5th percentile"
37.4531346733668,5.14316532663317,0.555046331905872,"97.5th percentile"
37.5377336683417,5.14316532663317,0.502328592613885,"97.5th percentile"
37.6223326633166,5.14316532663317,0.5577567324078,"97.5th percentile"
37.7069316582915,5.14316532663317,0.564620150515519,"97.5th percentile"
37.7915306532663,5.14316532663317,0.595589632815159,"97.5th percentile"
37.8761296482412,5.14316532663317,0.655015332005963,"97.5th percentile"
37.9607286432161,5.14316532663317,0.654002698675351,"97.5th percentile"
38.045327638191,5.14316532663317,0.690217780230469,"97.5th percentile"
38.1299266331658,5.14316532663317,0.70097227544678,"97.5th percentile"
38.2145256281407,5.14316532663317,0.741342750531177,"97.5th percentile"
38.2991246231156,5.14316532663317,0.785666139968452,"97.5th percentile"
38.3837236180904,5.14316532663317,0.776450487852538,"97.5th percentile"
38.4683226130653,5.14316532663317,0.788621100851993,"97.5th percentile"
38.5529216080402,5.14316532663317,0.81633068072677,"97.5th percentile"
38.6375206030151,5.14316532663317,0.828727791493539,"97.5th percentile"
38.72211959799,5.14316532663317,0.842839842702236,"97.5th percentile"
38.8067185929648,5.14316532663317,0.860211400422659,"97.5th percentile"
38.8913175879397,5.14316532663317,0.873684744838978,"97.5th percentile"
38.9759165829146,5.14316532663317,0.8898912516042,"97.5th percentile"
39.0605155778894,5.14316532663317,0.902312880633148,"97.5th percentile"
39.1451145728643,5.14316532663317,0.912124281655709,"97.5th percentile"
39.2297135678392,5.14316532663317,0.918791917216446,"97.5th percentile"
39.3143125628141,5.14316532663317,0.927875487203759,"97.5th percentile"
39.3989115577889,5.14316532663317,0.936198184415136,"97.5th percentile"
39.4835105527638,5.14316532663317,0.948027734721388,"97.5th percentile"
39.5681095477387,5.14316532663317,0.946961088881602,"97.5th percentile"
39.6527085427136,5.14316532663317,0.961101403477548,"97.5th percentile"
39.7373075376884,5.14316532663317,0.961810265809262,"97.5th percentile"
39.8219065326633,5.14316532663317,0.962719364834154,"97.5th percentile"
39.9065055276382,5.14316532663317,0.969208505508868,"97.5th percentile"
39.9911045226131,5.14316532663317,0.972929034576965,"97.5th percentile"
40.0757035175879,5.14316532663317,0.974602614451918,"97.5th percentile"
40.1603025125628,5.14316532663317,0.975330226565193,"97.5th percentile"
40.2449015075377,5.14316532663317,0.974554056666676,"97.5th percentile"
40.3295005025126,5.14316532663317,0.975461872146968,"97.5th percentile"
40.4140994974874,5.14316532663317,0.977558151704021,"97.5th percentile"
40.4986984924623,5.14316532663317,0.984014465127165,"97.5th percentile"
40.5832974874372,5.14316532663317,0.98451943732275,"97.5th percentile"
40.6678964824121,5.14316532663317,0.985254012867565,"97.5th percentile"
40.7524954773869,5.14316532663317,0.98755085491725,"97.5th percentile"
40.8370944723618,5.14316532663317,0.989271781793899,"97.5th percentile"
40.9216934673367,5.14316532663317,0.990936136855225,"97.5th percentile"
41.0062924623116,5.14316532663317,0.992464847763808,"97.5th percentile"
41.0908914572864,5.14316532663317,0.993524362693383,"97.5th percentile"
41.1754904522613,5.14316532663317,0.99454745451064,"97.5th percentile"
41.2600894472362,5.14316532663317,0.995435609831994,"97.5th percentile"
41.344688442211,5.14316532663317,0.996598739347041,"97.5th percentile"
41.4292874371859,5.14316532663317,0.996790231027736,"97.5th percentile"
41.5138864321608,5.14316532663317,0.997334832720975,"97.5th percentile"
41.5984854271357,5.14316532663317,0.997759932594868,"97.5th percentile"
41.6830844221106,5.14316532663317,0.998139118749453,"97.5th percentile"
41.7676834170854,5.14316532663317,0.998462143265735,"97.5th percentile"
41.8522824120603,5.14316532663317,0.998839886876871,"97.5th percentile"
41.9368814070352,5.14316532663317,0.999032985573262,"97.5th percentile"
42.02148040201,5.14316532663317,0.999287482115134,"97.5th percentile"
42.1060793969849,5.14316532663317,0.999351604669385,"97.5th percentile"
42.1906783919598,5.14316532663317,0.999491598599134,"97.5th percentile"
42.2752773869347,5.14316532663317,0.999537866957584,"97.5th percentile"
42.3598763819095,5.14316532663317,0.999554235816987,"97.5th percentile"
42.4444753768844,5.14316532663317,0.999655573866645,"97.5th percentile"
42.5290743718593,5.14316532663317,0.999703416612445,"97.5th percentile"
42.6136733668342,5.14316532663317,0.999790544730883,"97.5th percentile"
42.698272361809,5.14316532663317,0.999806968897311,"97.5th percentile"
42.7828713567839,5.14316532663317,0.999820064009332,"97.5th percentile"
42.8674703517588,5.14316532663317,0.999861538138346,"97.5th percentile"
42.9520693467337,5.14316532663317,0.999899089413867,"97.5th percentile"
43.0366683417085,5.14316532663317,0.999899874653264,"97.5th percentile"
43.1212673366834,5.14316532663317,0.999931918802879,"97.5th percentile"
43.2058663316583,5.14316532663317,0.99994774437003,"97.5th percentile"
43.2904653266332,5.14316532663317,0.999950792295411,"97.5th percentile"
43.375064321608,5.14316532663317,0.999966902097001,"97.5th percentile"
43.4596633165829,5.14316532663317,0.999975456216816,"97.5th percentile"
43.5442623115578,5.14316532663317,0.999981517633825,"97.5th percentile"
43.6288613065327,5.14316532663317,0.999985831472671,"97.5th percentile"
43.7134603015075,5.14316532663317,0.99998875774236,"97.5th percentile"
43.7980592964824,5.14316532663317,0.999990876400258,"97.5th percentile"
43.8826582914573,5.14316532663317,0.999993298364766,"97.5th percentile"
43.9672572864322,5.14316532663317,0.999994847887875,"97.5th percentile"
44.051856281407,5.14316532663317,0.999995846614882,"97.5th percentile"
44.1364552763819,5.14316532663317,0.999997061098567,"97.5th percentile"
44.2210542713568,5.14316532663317,0.999997677132908,"97.5th percentile"
44.3056532663317,5.14316532663317,0.999998415875443,"97.5th percentile"
44.3902522613065,5.14316532663317,0.999998773416516,"97.5th percentile"
44.4748512562814,5.14316532663317,0.999999074586849,"97.5th percentile"
44.5594502512563,5.14316532663317,0.999999266539174,"97.5th percentile"
44.6440492462312,5.14316532663317,0.999999253738073,"97.5th percentile"
44.728648241206,5.14316532663317,0.999999447053946,"97.5th percentile"
44.8132472361809,5.14316532663317,0.999999559555963,"97.5th percentile"
44.8978462311558,5.14316532663317,0.999999669399465,"97.5th percentile"
44.9824452261307,5.14316532663317,0.999999733204953,"97.5th percentile"
45.0670442211055,5.14316532663317,0.999999768629622,"97.5th percentile"
35.8457537688442,5.211191959799,0.744329045783974,"97.5th percentile"
35.9303527638191,5.211191959799,0.64890162333989,"97.5th percentile"
36.014951758794,5.211191959799,0.608173824124988,"97.5th percentile"
36.0995507537688,5.211191959799,0.570506661212188,"97.5th percentile"
36.1841497487437,5.211191959799,0.547453306981562,"97.5th percentile"
36.2687487437186,5.211191959799,0.41986323614205,"97.5th percentile"
36.3533477386935,5.211191959799,0.351841152217143,"97.5th percentile"
36.4379467336683,5.211191959799,0.32645113457801,"97.5th percentile"
36.5225457286432,5.211191959799,0.322949089841943,"97.5th percentile"
36.6071447236181,5.211191959799,0.328628023638073,"97.5th percentile"
36.691743718593,5.211191959799,0.323343430581953,"97.5th percentile"
36.7763427135678,5.211191959799,0.298560929348108,"97.5th percentile"
36.8609417085427,5.211191959799,0.32097086356419,"97.5th percentile"
36.9455407035176,5.211191959799,0.406323075884948,"97.5th percentile"
37.0301396984925,5.211191959799,0.363414070432275,"97.5th percentile"
37.1147386934673,5.211191959799,0.366188892694331,"97.5th percentile"
37.1993376884422,5.211191959799,0.331662917917459,"97.5th percentile"
37.2839366834171,5.211191959799,0.348205533152298,"97.5th percentile"
37.368535678392,5.211191959799,0.371823298788116,"97.5th percentile"
37.4531346733668,5.211191959799,0.413799920883916,"97.5th percentile"
37.5377336683417,5.211191959799,0.437167826651914,"97.5th percentile"
37.6223326633166,5.211191959799,0.47008207888761,"97.5th percentile"
37.7069316582915,5.211191959799,0.500650694133092,"97.5th percentile"
37.7915306532663,5.211191959799,0.53187540122882,"97.5th percentile"
37.8761296482412,5.211191959799,0.559274787208574,"97.5th percentile"
37.9607286432161,5.211191959799,0.585521662187711,"97.5th percentile"
38.045327638191,5.211191959799,0.618612531244891,"97.5th percentile"
38.1299266331658,5.211191959799,0.652133591291558,"97.5th percentile"
38.2145256281407,5.211191959799,0.685350052939217,"97.5th percentile"
38.2991246231156,5.211191959799,0.73034480847727,"97.5th percentile"
38.3837236180904,5.211191959799,0.713878368004433,"97.5th percentile"
38.4683226130653,5.211191959799,0.732217460564102,"97.5th percentile"
38.5529216080402,5.211191959799,0.759762405452451,"97.5th percentile"
38.6375206030151,5.211191959799,0.783705044187657,"97.5th percentile"
38.72211959799,5.211191959799,0.804817250734557,"97.5th percentile"
38.8067185929648,5.211191959799,0.826512376895394,"97.5th percentile"
38.8913175879397,5.211191959799,0.847191458196996,"97.5th percentile"
38.9759165829146,5.211191959799,0.861888929712003,"97.5th percentile"
39.0605155778894,5.211191959799,0.875926516703526,"97.5th percentile"
39.1451145728643,5.211191959799,0.886943406762881,"97.5th percentile"
39.2297135678392,5.211191959799,0.897287956611678,"97.5th percentile"
39.3143125628141,5.211191959799,0.907802456854543,"97.5th percentile"
39.3989115577889,5.211191959799,0.917762072159225,"97.5th percentile"
39.4835105527638,5.211191959799,0.931415336869485,"97.5th percentile"
39.5681095477387,5.211191959799,0.933899506437157,"97.5th percentile"
39.6527085427136,5.211191959799,0.950870406978836,"97.5th percentile"
39.7373075376884,5.211191959799,0.946007312364374,"97.5th percentile"
39.8219065326633,5.211191959799,0.953677210322962,"97.5th percentile"
39.9065055276382,5.211191959799,0.963899745754026,"97.5th percentile"
39.9911045226131,5.211191959799,0.962966164757812,"97.5th percentile"
40.0757035175879,5.211191959799,0.967369981261348,"97.5th percentile"
40.1603025125628,5.211191959799,0.969983021325766,"97.5th percentile"
40.2449015075377,5.211191959799,0.968876633286627,"97.5th percentile"
40.3295005025126,5.211191959799,0.969097252336639,"97.5th percentile"
40.4140994974874,5.211191959799,0.971693999276753,"97.5th percentile"
40.4986984924623,5.211191959799,0.975620614358846,"97.5th percentile"
40.5832974874372,5.211191959799,0.97855223212067,"97.5th percentile"
40.6678964824121,5.211191959799,0.982539657070805,"97.5th percentile"
40.7524954773869,5.211191959799,0.983777142513032,"97.5th percentile"
40.8370944723618,5.211191959799,0.98667943991835,"97.5th percentile"
40.9216934673367,5.211191959799,0.988444818907589,"97.5th percentile"
41.0062924623116,5.211191959799,0.990250332709941,"97.5th percentile"
41.0908914572864,5.211191959799,0.991761069404863,"97.5th percentile"
41.1754904522613,5.211191959799,0.993162404778849,"97.5th percentile"
41.2600894472362,5.211191959799,0.994151359202027,"97.5th percentile"
41.344688442211,5.211191959799,0.995196110164004,"97.5th percentile"
41.4292874371859,5.211191959799,0.995948233187,"97.5th percentile"
41.5138864321608,5.211191959799,0.996592593721787,"97.5th percentile"
41.5984854271357,5.211191959799,0.997149159791252,"97.5th percentile"
41.6830844221106,5.211191959799,0.99761371046632,"97.5th percentile"
41.7676834170854,5.211191959799,0.997997642355818,"97.5th percentile"
41.8522824120603,5.211191959799,0.998493510185158,"97.5th percentile"
41.9368814070352,5.211191959799,0.998629076145066,"97.5th percentile"
42.02148040201,5.211191959799,0.998842088324156,"97.5th percentile"
42.1060793969849,5.211191959799,0.999156597749937,"97.5th percentile"
42.1906783919598,5.211191959799,0.999386600839024,"97.5th percentile"
42.2752773869347,5.211191959799,0.999396759069136,"97.5th percentile"
42.3598763819095,5.211191959799,0.999495881481335,"97.5th percentile"
42.4444753768844,5.211191959799,0.999543264865743,"97.5th percentile"
42.5290743718593,5.211191959799,0.999610431043907,"97.5th percentile"
42.6136733668342,5.211191959799,0.999669632809845,"97.5th percentile"
42.698272361809,5.211191959799,0.999724279626998,"97.5th percentile"
42.7828713567839,5.211191959799,0.999777945689927,"97.5th percentile"
42.8674703517588,5.211191959799,0.999814149885554,"97.5th percentile"
42.9520693467337,5.211191959799,0.999856207634445,"97.5th percentile"
43.0366683417085,5.211191959799,0.999879150527622,"97.5th percentile"
43.1212673366834,5.211191959799,0.999904549333232,"97.5th percentile"
43.2058663316583,5.211191959799,0.999937815743569,"97.5th percentile"
43.2904653266332,5.211191959799,0.999956701967553,"97.5th percentile"
43.375064321608,5.211191959799,0.999959457339834,"97.5th percentile"
43.4596633165829,5.211191959799,0.999970181937743,"97.5th percentile"
43.5442623115578,5.211191959799,0.999979890444874,"97.5th percentile"
43.6288613065327,5.211191959799,0.999983139649969,"97.5th percentile"
43.7134603015075,5.211191959799,0.999986070783131,"97.5th percentile"
43.7980592964824,5.211191959799,0.99998758086096,"97.5th percentile"
43.8826582914573,5.211191959799,0.999992606782756,"97.5th percentile"
43.9672572864322,5.211191959799,0.999994152174794,"97.5th percentile"
44.051856281407,5.211191959799,0.999995624159314,"97.5th percentile"
44.1364552763819,5.211191959799,0.999996889518534,"97.5th percentile"
44.2210542713568,5.211191959799,0.999997365158175,"97.5th percentile"
44.3056532663317,5.211191959799,0.999998124782589,"97.5th percentile"
44.3902522613065,5.211191959799,0.999998610210113,"97.5th percentile"
44.4748512562814,5.211191959799,0.999998952995466,"97.5th percentile"
44.5594502512563,5.211191959799,0.999999184332106,"97.5th percentile"
44.6440492462312,5.211191959799,0.999999277859245,"97.5th percentile"
44.728648241206,5.211191959799,0.999999405186744,"97.5th percentile"
44.8132472361809,5.211191959799,0.99999950688881,"97.5th percentile"
44.8978462311558,5.211191959799,0.99999966718054,"97.5th percentile"
44.9824452261307,5.211191959799,0.999999684869442,"97.5th percentile"
45.0670442211055,5.211191959799,0.999999669573634,"97.5th percentile"
45.1516432160804,5.211191959799,0.999999654130824,"97.5th percentile"
35.8457537688442,5.27921859296482,0.714618283543119,"97.5th percentile"
35.9303527638191,5.27921859296482,0.59791102139828,"97.5th percentile"
36.014951758794,5.27921859296482,0.533498219479678,"97.5th percentile"
36.0995507537688,5.27921859296482,0.476073270303906,"97.5th percentile"
36.1841497487437,5.27921859296482,0.453794275768871,"97.5th percentile"
36.2687487437186,5.27921859296482,0.343625785154121,"97.5th percentile"
36.3533477386935,5.27921859296482,0.33460363555791,"97.5th percentile"
36.4379467336683,5.27921859296482,0.34619657808496,"97.5th percentile"
36.5225457286432,5.27921859296482,0.339782535093156,"97.5th percentile"
36.6071447236181,5.27921859296482,0.336010903190326,"97.5th percentile"
36.691743718593,5.27921859296482,0.34255592950435,"97.5th percentile"
36.7763427135678,5.27921859296482,0.329723393468626,"97.5th percentile"
36.8609417085427,5.27921859296482,0.332416986604387,"97.5th percentile"
36.9455407035176,5.27921859296482,0.405585730866997,"97.5th percentile"
37.0301396984925,5.27921859296482,0.387704528007502,"97.5th percentile"
37.1147386934673,5.27921859296482,0.346130325813289,"97.5th percentile"
37.1993376884422,5.27921859296482,0.295916242025672,"97.5th percentile"
37.2839366834171,5.27921859296482,0.319943047096785,"97.5th percentile"
37.368535678392,5.27921859296482,0.295698641021636,"97.5th percentile"
37.4531346733668,5.27921859296482,0.335183621223326,"97.5th percentile"
37.5377336683417,5.27921859296482,0.367894312604028,"97.5th percentile"
37.6223326633166,5.27921859296482,0.436464461133501,"97.5th percentile"
37.7069316582915,5.27921859296482,0.435652718945486,"97.5th percentile"
37.7915306532663,5.27921859296482,0.463892842972453,"97.5th percentile"
37.8761296482412,5.27921859296482,0.492665950523349,"97.5th percentile"
37.9607286432161,5.27921859296482,0.50173171611062,"97.5th percentile"
38.045327638191,5.27921859296482,0.532744855234438,"97.5th percentile"
38.1299266331658,5.27921859296482,0.578115912504925,"97.5th percentile"
38.2145256281407,5.27921859296482,0.609060145331475,"97.5th percentile"
38.2991246231156,5.27921859296482,0.6502133380241,"97.5th percentile"
38.3837236180904,5.27921859296482,0.636809770450859,"97.5th percentile"
38.4683226130653,5.27921859296482,0.67265499443744,"97.5th percentile"
38.5529216080402,5.27921859296482,0.710841863608829,"97.5th percentile"
38.6375206030151,5.27921859296482,0.740415992460407,"97.5th percentile"
38.72211959799,5.27921859296482,0.760372667349334,"97.5th percentile"
38.8067185929648,5.27921859296482,0.794355660307403,"97.5th percentile"
38.8913175879397,5.27921859296482,0.804541068160537,"97.5th percentile"
38.9759165829146,5.27921859296482,0.82126079687303,"97.5th percentile"
39.0605155778894,5.27921859296482,0.840006339417909,"97.5th percentile"
39.1451145728643,5.27921859296482,0.856872976195381,"97.5th percentile"
39.2297135678392,5.27921859296482,0.874647611796154,"97.5th percentile"
39.3143125628141,5.27921859296482,0.890099906647599,"97.5th percentile"
39.3989115577889,5.27921859296482,0.901141828658814,"97.5th percentile"
39.4835105527638,5.27921859296482,0.915246562366746,"97.5th percentile"
39.5681095477387,5.27921859296482,0.927653919871614,"97.5th percentile"
39.6527085427136,5.27921859296482,0.928277273223376,"97.5th percentile"
39.7373075376884,5.27921859296482,0.935433363784051,"97.5th percentile"
39.8219065326633,5.27921859296482,0.938155143302655,"97.5th percentile"
39.9065055276382,5.27921859296482,0.944775728825981,"97.5th percentile"
39.9911045226131,5.27921859296482,0.951892219567251,"97.5th percentile"
40.0757035175879,5.27921859296482,0.957418592991815,"97.5th percentile"
40.1603025125628,5.27921859296482,0.962147859152212,"97.5th percentile"
40.2449015075377,5.27921859296482,0.960613490333745,"97.5th percentile"
40.3295005025126,5.27921859296482,0.961157183636744,"97.5th percentile"
40.4140994974874,5.27921859296482,0.96403322220034,"97.5th percentile"
40.4986984924623,5.27921859296482,0.967955319727065,"97.5th percentile"
40.5832974874372,5.27921859296482,0.971848142557817,"97.5th percentile"
40.6678964824121,5.27921859296482,0.978681034972642,"97.5th percentile"
40.7524954773869,5.27921859296482,0.979989977643755,"97.5th percentile"
40.8370944723618,5.27921859296482,0.982729892124521,"97.5th percentile"
40.9216934673367,5.27921859296482,0.985059790900277,"97.5th percentile"
41.0062924623116,5.27921859296482,0.987476397702186,"97.5th percentile"
41.0908914572864,5.27921859296482,0.989408495362989,"97.5th percentile"
41.1754904522613,5.27921859296482,0.991105638402358,"97.5th percentile"
41.2600894472362,5.27921859296482,0.992528226339761,"97.5th percentile"
41.344688442211,5.27921859296482,0.993728842795576,"97.5th percentile"
41.4292874371859,5.27921859296482,0.994754547955847,"97.5th percentile"
41.5138864321608,5.27921859296482,0.995652434050893,"97.5th percentile"
41.5984854271357,5.27921859296482,0.996438835665378,"97.5th percentile"
41.6830844221106,5.27921859296482,0.996962788752352,"97.5th percentile"
41.7676834170854,5.27921859296482,0.997439960684795,"97.5th percentile"
41.8522824120603,5.27921859296482,0.998127291929051,"97.5th percentile"
41.9368814070352,5.27921859296482,0.998193920100109,"97.5th percentile"
42.02148040201,5.27921859296482,0.998692190583296,"97.5th percentile"
42.1060793969849,5.27921859296482,0.998932244826816,"97.5th percentile"
42.1906783919598,5.27921859296482,0.999062354142599,"97.5th percentile"
42.2752773869347,5.27921859296482,0.999160617504517,"97.5th percentile"
42.3598763819095,5.27921859296482,0.999286479679191,"97.5th percentile"
42.4444753768844,5.27921859296482,0.999392634935684,"97.5th percentile"
42.5290743718593,5.27921859296482,0.999492844095713,"97.5th percentile"
42.6136733668342,5.27921859296482,0.999597088253448,"97.5th percentile"
42.698272361809,5.27921859296482,0.999646944029025,"97.5th percentile"
42.7828713567839,5.27921859296482,0.999706376525359,"97.5th percentile"
42.8674703517588,5.27921859296482,0.999797812925433,"97.5th percentile"
42.9520693467337,5.27921859296482,0.999854850108464,"97.5th percentile"
43.0366683417085,5.27921859296482,0.999894501265074,"97.5th percentile"
43.1212673366834,5.27921859296482,0.999893087305107,"97.5th percentile"
43.2058663316583,5.27921859296482,0.999913904504319,"97.5th percentile"
43.2904653266332,5.27921859296482,0.999945064106528,"97.5th percentile"
43.375064321608,5.27921859296482,0.999958410022988,"97.5th percentile"
43.4596633165829,5.27921859296482,0.999962965672304,"97.5th percentile"
43.5442623115578,5.27921859296482,0.999972447406894,"97.5th percentile"
43.6288613065327,5.27921859296482,0.999975584805698,"97.5th percentile"
43.7134603015075,5.27921859296482,0.999982721779286,"97.5th percentile"
43.7980592964824,5.27921859296482,0.999989152995613,"97.5th percentile"
43.8826582914573,5.27921859296482,0.999991176374528,"97.5th percentile"
43.9672572864322,5.27921859296482,0.999993938383774,"97.5th percentile"
44.051856281407,5.27921859296482,0.999994654349799,"97.5th percentile"
44.1364552763819,5.27921859296482,0.999996234327435,"97.5th percentile"
44.2210542713568,5.27921859296482,0.999997117580526,"97.5th percentile"
44.3056532663317,5.27921859296482,0.999997942769419,"97.5th percentile"
44.3902522613065,5.27921859296482,0.999998475013624,"97.5th percentile"
44.4748512562814,5.27921859296482,0.999998810102685,"97.5th percentile"
44.5594502512563,5.27921859296482,0.999998763989652,"97.5th percentile"
44.6440492462312,5.27921859296482,0.999999084298118,"97.5th percentile"
44.728648241206,5.27921859296482,0.999999272197393,"97.5th percentile"
44.8132472361809,5.27921859296482,0.999999495641163,"97.5th percentile"
44.8978462311558,5.27921859296482,0.999999592708247,"97.5th percentile"
44.9824452261307,5.27921859296482,0.999999636347535,"97.5th percentile"
45.0670442211055,5.27921859296482,0.999999607575053,"97.5th percentile"
45.1516432160804,5.27921859296482,0.999999596186205,"97.5th percentile"
35.8457537688442,5.34724522613065,0.66138381680749,"97.5th percentile"
35.9303527638191,5.34724522613065,0.602303178510543,"97.5th percentile"
36.014951758794,5.34724522613065,0.523831631003184,"97.5th percentile"
36.0995507537688,5.34724522613065,0.502387758371012,"97.5th percentile"
36.1841497487437,5.34724522613065,0.397446566884536,"97.5th percentile"
36.2687487437186,5.34724522613065,0.346848578721371,"97.5th percentile"
36.3533477386935,5.34724522613065,0.34919709597561,"97.5th percentile"
36.4379467336683,5.34724522613065,0.344621245625403,"97.5th percentile"
36.5225457286432,5.34724522613065,0.346016975421079,"97.5th percentile"
36.6071447236181,5.34724522613065,0.325736113912678,"97.5th percentile"
36.691743718593,5.34724522613065,0.337754504821421,"97.5th percentile"
36.7763427135678,5.34724522613065,0.359746271091423,"97.5th percentile"
36.8609417085427,5.34724522613065,0.330736969567703,"97.5th percentile"
36.9455407035176,5.34724522613065,0.412129112578344,"97.5th percentile"
37.0301396984925,5.34724522613065,0.33740085973497,"97.5th percentile"
37.1147386934673,5.34724522613065,0.364636964693423,"97.5th percentile"
37.1993376884422,5.34724522613065,0.28126872108704,"97.5th percentile"
37.2839366834171,5.34724522613065,0.279350933864913,"97.5th percentile"
37.368535678392,5.34724522613065,0.287724920923623,"97.5th percentile"
37.4531346733668,5.34724522613065,0.320042471577308,"97.5th percentile"
37.5377336683417,5.34724522613065,0.307609781967092,"97.5th percentile"
37.6223326633166,5.34724522613065,0.39762750146537,"97.5th percentile"
37.7069316582915,5.34724522613065,0.374053366940747,"97.5th percentile"
37.7915306532663,5.34724522613065,0.396988308881735,"97.5th percentile"
37.8761296482412,5.34724522613065,0.416886387113457,"97.5th percentile"
37.9607286432161,5.34724522613065,0.421072733486778,"97.5th percentile"
38.045327638191,5.34724522613065,0.463252403183708,"97.5th percentile"
38.1299266331658,5.34724522613065,0.498232643986969,"97.5th percentile"
38.2145256281407,5.34724522613065,0.517746144199542,"97.5th percentile"
38.2991246231156,5.34724522613065,0.523639247378016,"97.5th percentile"
38.3837236180904,5.34724522613065,0.585238400246394,"97.5th percentile"
38.4683226130653,5.34724522613065,0.620487773337855,"97.5th percentile"
38.5529216080402,5.34724522613065,0.661235607912063,"97.5th percentile"
38.6375206030151,5.34724522613065,0.690795835601575,"97.5th percentile"
38.72211959799,5.34724522613065,0.710325414436765,"97.5th percentile"
38.8067185929648,5.34724522613065,0.735539403787388,"97.5th percentile"
38.8913175879397,5.34724522613065,0.76748723262645,"97.5th percentile"
38.9759165829146,5.34724522613065,0.785165285004492,"97.5th percentile"
39.0605155778894,5.34724522613065,0.808771406212857,"97.5th percentile"
39.1451145728643,5.34724522613065,0.820700406664436,"97.5th percentile"
39.2297135678392,5.34724522613065,0.838596993797977,"97.5th percentile"
39.3143125628141,5.34724522613065,0.865796622929713,"97.5th percentile"
39.3989115577889,5.34724522613065,0.884710669303614,"97.5th percentile"
39.4835105527638,5.34724522613065,0.893655419871762,"97.5th percentile"
39.5681095477387,5.34724522613065,0.895118617733683,"97.5th percentile"
39.6527085427136,5.34724522613065,0.898350237615861,"97.5th percentile"
39.7373075376884,5.34724522613065,0.925518033004762,"97.5th percentile"
39.8219065326633,5.34724522613065,0.922029114329706,"97.5th percentile"
39.9065055276382,5.34724522613065,0.92989012004929,"97.5th percentile"
39.9911045226131,5.34724522613065,0.938304370000489,"97.5th percentile"
40.0757035175879,5.34724522613065,0.945428235811822,"97.5th percentile"
40.1603025125628,5.34724522613065,0.95114752549656,"97.5th percentile"
40.2449015075377,5.34724522613065,0.951543769808524,"97.5th percentile"
40.3295005025126,5.34724522613065,0.95124332712379,"97.5th percentile"
40.4140994974874,5.34724522613065,0.954365645951155,"97.5th percentile"
40.4986984924623,5.34724522613065,0.959074547090988,"97.5th percentile"
40.5832974874372,5.34724522613065,0.96498938976278,"97.5th percentile"
40.6678964824121,5.34724522613065,0.97304050551556,"97.5th percentile"
40.7524954773869,5.34724522613065,0.973680215779145,"97.5th percentile"
40.8370944723618,5.34724522613065,0.977755236025161,"97.5th percentile"
40.9216934673367,5.34724522613065,0.981071877864612,"97.5th percentile"
41.0062924623116,5.34724522613065,0.983919909530007,"97.5th percentile"
41.0908914572864,5.34724522613065,0.986884018654481,"97.5th percentile"
41.1754904522613,5.34724522613065,0.988709900633934,"97.5th percentile"
41.2600894472362,5.34724522613065,0.990447196395771,"97.5th percentile"
41.344688442211,5.34724522613065,0.991969242985486,"97.5th percentile"
41.4292874371859,5.34724522613065,0.993444549792049,"97.5th percentile"
41.5138864321608,5.34724522613065,0.994713207565534,"97.5th percentile"
41.5984854271357,5.34724522613065,0.99564314772399,"97.5th percentile"
41.6830844221106,5.34724522613065,0.996081352040477,"97.5th percentile"
41.7676834170854,5.34724522613065,0.99670770568368,"97.5th percentile"
41.8522824120603,5.34724522613065,0.997474954839312,"97.5th percentile"
41.9368814070352,5.34724522613065,0.997865729758013,"97.5th percentile"
42.02148040201,5.34724522613065,0.998381921580233,"97.5th percentile"
42.1060793969849,5.34724522613065,0.998471842355612,"97.5th percentile"
42.1906783919598,5.34724522613065,0.998752197069162,"97.5th percentile"
42.2752773869347,5.34724522613065,0.998931348003995,"97.5th percentile"
42.3598763819095,5.34724522613065,0.999149986642093,"97.5th percentile"
42.4444753768844,5.34724522613065,0.99923368089587,"97.5th percentile"
42.5290743718593,5.34724522613065,0.999362627492516,"97.5th percentile"
42.6136733668342,5.34724522613065,0.999459802843809,"97.5th percentile"
42.698272361809,5.34724522613065,0.999549375876456,"97.5th percentile"
42.7828713567839,5.34724522613065,0.999651913114053,"97.5th percentile"
42.8674703517588,5.34724522613065,0.999776467336703,"97.5th percentile"
42.9520693467337,5.34724522613065,0.999799883698625,"97.5th percentile"
43.0366683417085,5.34724522613065,0.999870682398156,"97.5th percentile"
43.1212673366834,5.34724522613065,0.999898884223677,"97.5th percentile"
43.2058663316583,5.34724522613065,0.999900852831192,"97.5th percentile"
43.2904653266332,5.34724522613065,0.99992470951409,"97.5th percentile"
43.375064321608,5.34724522613065,0.99993740676805,"97.5th percentile"
43.4596633165829,5.34724522613065,0.999960473786959,"97.5th percentile"
43.5442623115578,5.34724522613065,0.999965341150091,"97.5th percentile"
43.6288613065327,5.34724522613065,0.999976358316453,"97.5th percentile"
43.7134603015075,5.34724522613065,0.999978223370606,"97.5th percentile"
43.7980592964824,5.34724522613065,0.999986623888494,"97.5th percentile"
43.8826582914573,5.34724522613065,0.999990488970004,"97.5th percentile"
43.9672572864322,5.34724522613065,0.999993078244078,"97.5th percentile"
44.051856281407,5.34724522613065,0.999994648441343,"97.5th percentile"
44.1364552763819,5.34724522613065,0.999995979590183,"97.5th percentile"
44.2210542713568,5.34724522613065,0.99999697029347,"97.5th percentile"
44.3056532663317,5.34724522613065,0.999997666922326,"97.5th percentile"
44.3902522613065,5.34724522613065,0.999998261058399,"97.5th percentile"
44.4748512562814,5.34724522613065,0.999998431669318,"97.5th percentile"
44.5594502512563,5.34724522613065,0.999998725453497,"97.5th percentile"
44.6440492462312,5.34724522613065,0.999999108225325,"97.5th percentile"
44.728648241206,5.34724522613065,0.999999203445341,"97.5th percentile"
44.8132472361809,5.34724522613065,0.999999400455597,"97.5th percentile"
44.8978462311558,5.34724522613065,0.999999572020257,"97.5th percentile"
44.9824452261307,5.34724522613065,0.999999677984006,"97.5th percentile"
45.0670442211055,5.34724522613065,0.999999549230729,"97.5th percentile"
45.1516432160804,5.34724522613065,0.999999562367326,"97.5th percentile"
45.2362422110553,5.34724522613065,0.999999523448804,"97.5th percentile"
35.5919567839196,5.41527185929648,0.855036122901516,"97.5th percentile"
35.6765557788945,5.41527185929648,0.824443126445037,"97.5th percentile"
35.7611547738694,5.41527185929648,0.729830428294334,"97.5th percentile"
35.8457537688442,5.41527185929648,0.643688045212538,"97.5th percentile"
35.9303527638191,5.41527185929648,0.550456283903061,"97.5th percentile"
36.014951758794,5.41527185929648,0.465627515276939,"97.5th percentile"
36.0995507537688,5.41527185929648,0.407215336787429,"97.5th percentile"
36.1841497487437,5.41527185929648,0.335692685482091,"97.5th percentile"
36.2687487437186,5.41527185929648,0.347261987079001,"97.5th percentile"
36.3533477386935,5.41527185929648,0.342505076627226,"97.5th percentile"
36.4379467336683,5.41527185929648,0.364230273896929,"97.5th percentile"
36.5225457286432,5.41527185929648,0.339192823199025,"97.5th percentile"
36.6071447236181,5.41527185929648,0.323893416052801,"97.5th percentile"
36.691743718593,5.41527185929648,0.346131507566374,"97.5th percentile"
36.7763427135678,5.41527185929648,0.346740632396142,"97.5th percentile"
36.8609417085427,5.41527185929648,0.332916892402007,"97.5th percentile"
36.9455407035176,5.41527185929648,0.368094101266878,"97.5th percentile"
37.0301396984925,5.41527185929648,0.321971794969542,"97.5th percentile"
37.1147386934673,5.41527185929648,0.328832013024846,"97.5th percentile"
37.1993376884422,5.41527185929648,0.292021582347692,"97.5th percentile"
37.2839366834171,5.41527185929648,0.279410755872081,"97.5th percentile"
37.368535678392,5.41527185929648,0.32973378933475,"97.5th percentile"
37.4531346733668,5.41527185929648,0.36729714409446,"97.5th percentile"
37.5377336683417,5.41527185929648,0.284078916560578,"97.5th percentile"
37.6223326633166,5.41527185929648,0.28809790388681,"97.5th percentile"
37.7069316582915,5.41527185929648,0.332224879530383,"97.5th percentile"
37.7915306532663,5.41527185929648,0.349217866978555,"97.5th percentile"
37.8761296482412,5.41527185929648,0.369170779715948,"97.5th percentile"
37.9607286432161,5.41527185929648,0.370042935716423,"97.5th percentile"
38.045327638191,5.41527185929648,0.401741734642515,"97.5th percentile"
38.1299266331658,5.41527185929648,0.471950058546871,"97.5th percentile"
38.2145256281407,5.41527185929648,0.475736245365966,"97.5th percentile"
38.2991246231156,5.41527185929648,0.459740633236148,"97.5th percentile"
38.3837236180904,5.41527185929648,0.521392247062234,"97.5th percentile"
38.4683226130653,5.41527185929648,0.56166069544864,"97.5th percentile"
38.5529216080402,5.41527185929648,0.598160577747375,"97.5th percentile"
38.6375206030151,5.41527185929648,0.630295899916193,"97.5th percentile"
38.72211959799,5.41527185929648,0.663164271053659,"97.5th percentile"
38.8067185929648,5.41527185929648,0.689283755279702,"97.5th percentile"
38.8913175879397,5.41527185929648,0.718200743915833,"97.5th percentile"
38.9759165829146,5.41527185929648,0.737712159778028,"97.5th percentile"
39.0605155778894,5.41527185929648,0.769831643639572,"97.5th percentile"
39.1451145728643,5.41527185929648,0.78945833342276,"97.5th percentile"
39.2297135678392,5.41527185929648,0.806297805204666,"97.5th percentile"
39.3143125628141,5.41527185929648,0.829227522709459,"97.5th percentile"
39.3989115577889,5.41527185929648,0.853283264152562,"97.5th percentile"
39.4835105527638,5.41527185929648,0.863394294032943,"97.5th percentile"
39.5681095477387,5.41527185929648,0.889789594181998,"97.5th percentile"
39.6527085427136,5.41527185929648,0.879261160341671,"97.5th percentile"
39.7373075376884,5.41527185929648,0.892854027043221,"97.5th percentile"
39.8219065326633,5.41527185929648,0.900797233677896,"97.5th percentile"
39.9065055276382,5.41527185929648,0.910826660376214,"97.5th percentile"
39.9911045226131,5.41527185929648,0.921110353668144,"97.5th percentile"
40.0757035175879,5.41527185929648,0.930572407544446,"97.5th percentile"
40.1603025125628,5.41527185929648,0.937376056155586,"97.5th percentile"
40.2449015075377,5.41527185929648,0.941950693792449,"97.5th percentile"
40.3295005025126,5.41527185929648,0.939369703325496,"97.5th percentile"
40.4140994974874,5.41527185929648,0.942459338094139,"97.5th percentile"
40.4986984924623,5.41527185929648,0.948381046227421,"97.5th percentile"
40.5832974874372,5.41527185929648,0.955041780880845,"97.5th percentile"
40.6678964824121,5.41527185929648,0.961080705206937,"97.5th percentile"
40.7524954773869,5.41527185929648,0.967068181958532,"97.5th percentile"
40.8370944723618,5.41527185929648,0.971234967589771,"97.5th percentile"
40.9216934673367,5.41527185929648,0.975756440678725,"97.5th percentile"
41.0062924623116,5.41527185929648,0.979792727248025,"97.5th percentile"
41.0908914572864,5.41527185929648,0.982786307509331,"97.5th percentile"
41.1754904522613,5.41527185929648,0.98546216513037,"97.5th percentile"
41.2600894472362,5.41527185929648,0.987816388560267,"97.5th percentile"
41.344688442211,5.41527185929648,0.990277018469892,"97.5th percentile"
41.4292874371859,5.41527185929648,0.992197961144746,"97.5th percentile"
41.5138864321608,5.41527185929648,0.993435521036809,"97.5th percentile"
41.5984854271357,5.41527185929648,0.994531729623869,"97.5th percentile"
41.6830844221106,5.41527185929648,0.995055929421567,"97.5th percentile"
41.7676834170854,5.41527185929648,0.995800753058172,"97.5th percentile"
41.8522824120603,5.41527185929648,0.996753150908716,"97.5th percentile"
41.9368814070352,5.41527185929648,0.997275103395788,"97.5th percentile"
42.02148040201,5.41527185929648,0.99754332170466,"97.5th percentile"
42.1060793969849,5.41527185929648,0.997985059557944,"97.5th percentile"
42.1906783919598,5.41527185929648,0.9983229386774,"97.5th percentile"
42.2752773869347,5.41527185929648,0.998572877219624,"97.5th percentile"
42.3598763819095,5.41527185929648,0.998850171890422,"97.5th percentile"
42.4444753768844,5.41527185929648,0.999014738326221,"97.5th percentile"
42.5290743718593,5.41527185929648,0.999184254673634,"97.5th percentile"
42.6136733668342,5.41527185929648,0.999313640936679,"97.5th percentile"
42.698272361809,5.41527185929648,0.999464060365981,"97.5th percentile"
42.7828713567839,5.41527185929648,0.999572602472237,"97.5th percentile"
42.8674703517588,5.41527185929648,0.999665427412,"97.5th percentile"
42.9520693467337,5.41527185929648,0.99973850185063,"97.5th percentile"
43.0366683417085,5.41527185929648,0.999824757335302,"97.5th percentile"
43.1212673366834,5.41527185929648,0.999863701165742,"97.5th percentile"
43.2058663316583,5.41527185929648,0.999891975877874,"97.5th percentile"
43.2904653266332,5.41527185929648,0.999909616263098,"97.5th percentile"
43.375064321608,5.41527185929648,0.999932188709036,"97.5th percentile"
43.4596633165829,5.41527185929648,0.999945158601939,"97.5th percentile"
43.5442623115578,5.41527185929648,0.999958574713526,"97.5th percentile"
43.6288613065327,5.41527185929648,0.999967899803815,"97.5th percentile"
43.7134603015075,5.41527185929648,0.999979100081825,"97.5th percentile"
43.7980592964824,5.41527185929648,0.999985376419324,"97.5th percentile"
43.8826582914573,5.41527185929648,0.999989685788517,"97.5th percentile"
43.9672572864322,5.41527185929648,0.999992330262684,"97.5th percentile"
44.051856281407,5.41527185929648,0.999994177392434,"97.5th percentile"
44.1364552763819,5.41527185929648,0.999994733820247,"97.5th percentile"
44.2210542713568,5.41527185929648,0.999996570561603,"97.5th percentile"
44.3056532663317,5.41527185929648,0.999997403427002,"97.5th percentile"
44.3902522613065,5.41527185929648,0.999998042332693,"97.5th percentile"
44.4748512562814,5.41527185929648,0.999998397340357,"97.5th percentile"
44.5594502512563,5.41527185929648,0.999998620056538,"97.5th percentile"
44.6440492462312,5.41527185929648,0.999998821976907,"97.5th percentile"
44.728648241206,5.41527185929648,0.9999991358934,"97.5th percentile"
44.8132472361809,5.41527185929648,0.999999367572413,"97.5th percentile"
44.8978462311558,5.41527185929648,0.99999954083997,"97.5th percentile"
44.9824452261307,5.41527185929648,0.999999638620343,"97.5th percentile"
45.0670442211055,5.41527185929648,0.999999474019301,"97.5th percentile"
45.1516432160804,5.41527185929648,0.999999466912144,"97.5th percentile"
45.2362422110553,5.41527185929648,0.999999449261603,"97.5th percentile"
45.3208412060302,5.41527185929648,0.999999446367778,"97.5th percentile"
35.4227587939698,5.48329849246231,0.924903367805613,"97.5th percentile"
35.5073577889447,5.48329849246231,0.871039400916111,"97.5th percentile"
35.5919567839196,5.48329849246231,0.826033210133342,"97.5th percentile"
35.6765557788945,5.48329849246231,0.791788044626951,"97.5th percentile"
35.7611547738694,5.48329849246231,0.709389206707976,"97.5th percentile"
35.8457537688442,5.48329849246231,0.62466231107361,"97.5th percentile"
35.9303527638191,5.48329849246231,0.551513004740547,"97.5th percentile"
36.014951758794,5.48329849246231,0.45969397137292,"97.5th percentile"
36.0995507537688,5.48329849246231,0.373914882088721,"97.5th percentile"
36.1841497487437,5.48329849246231,0.343313461144464,"97.5th percentile"
36.2687487437186,5.48329849246231,0.340797346521165,"97.5th percentile"
36.3533477386935,5.48329849246231,0.344326074970157,"97.5th percentile"
36.4379467336683,5.48329849246231,0.364113243233143,"97.5th percentile"
36.5225457286432,5.48329849246231,0.357019446692672,"97.5th percentile"
36.6071447236181,5.48329849246231,0.335251732006051,"97.5th percentile"
36.691743718593,5.48329849246231,0.34343604624506,"97.5th percentile"
36.7763427135678,5.48329849246231,0.342518318619815,"97.5th percentile"
36.8609417085427,5.48329849246231,0.423149672496415,"97.5th percentile"
36.9455407035176,5.48329849246231,0.330367151625859,"97.5th percentile"
37.0301396984925,5.48329849246231,0.332829604250593,"97.5th percentile"
37.1147386934673,5.48329849246231,0.325638637172263,"97.5th percentile"
37.1993376884422,5.48329849246231,0.299443594157014,"97.5th percentile"
37.2839366834171,5.48329849246231,0.301722045942681,"97.5th percentile"
37.368535678392,5.48329849246231,0.310916282387827,"97.5th percentile"
37.4531346733668,5.48329849246231,0.293561242435795,"97.5th percentile"
37.5377336683417,5.48329849246231,0.287861836942874,"97.5th percentile"
37.6223326633166,5.48329849246231,0.313044927305214,"97.5th percentile"
37.7069316582915,5.48329849246231,0.295691113486845,"97.5th percentile"
37.7915306532663,5.48329849246231,0.300400510375757,"97.5th percentile"
37.8761296482412,5.48329849246231,0.309409016744129,"97.5th percentile"
37.9607286432161,5.48329849246231,0.304071968653409,"97.5th percentile"
38.045327638191,5.48329849246231,0.338081519539706,"97.5th percentile"
38.1299266331658,5.48329849246231,0.36873955806686,"97.5th percentile"
38.2145256281407,5.48329849246231,0.398043771443328,"97.5th percentile"
38.2991246231156,5.48329849246231,0.422849765703468,"97.5th percentile"
38.3837236180904,5.48329849246231,0.463104147491004,"97.5th percentile"
38.4683226130653,5.48329849246231,0.51173792778658,"97.5th percentile"
38.5529216080402,5.48329849246231,0.552202288130315,"97.5th percentile"
38.6375206030151,5.48329849246231,0.566859090796758,"97.5th percentile"
38.72211959799,5.48329849246231,0.608473173015822,"97.5th percentile"
38.8067185929648,5.48329849246231,0.647031732392339,"97.5th percentile"
38.8913175879397,5.48329849246231,0.658920978962217,"97.5th percentile"
38.9759165829146,5.48329849246231,0.685749838577131,"97.5th percentile"
39.0605155778894,5.48329849246231,0.710173230155921,"97.5th percentile"
39.1451145728643,5.48329849246231,0.740869051523525,"97.5th percentile"
39.2297135678392,5.48329849246231,0.76042874888361,"97.5th percentile"
39.3143125628141,5.48329849246231,0.791388396098347,"97.5th percentile"
39.3989115577889,5.48329849246231,0.808746563375256,"97.5th percentile"
39.4835105527638,5.48329849246231,0.822667358558997,"97.5th percentile"
39.5681095477387,5.48329849246231,0.836586301914608,"97.5th percentile"
39.6527085427136,5.48329849246231,0.847780514275043,"97.5th percentile"
39.7373075376884,5.48329849246231,0.860712260624791,"97.5th percentile"
39.8219065326633,5.48329849246231,0.874746080714702,"97.5th percentile"
39.9065055276382,5.48329849246231,0.887912891069737,"97.5th percentile"
39.9911045226131,5.48329849246231,0.901601710835907,"97.5th percentile"
40.0757035175879,5.48329849246231,0.909746429881894,"97.5th percentile"
40.1603025125628,5.48329849246231,0.92114365315103,"97.5th percentile"
40.2449015075377,5.48329849246231,0.928310521647322,"97.5th percentile"
40.3295005025126,5.48329849246231,0.924767719565349,"97.5th percentile"
40.4140994974874,5.48329849246231,0.927809778169073,"97.5th percentile"
40.4986984924623,5.48329849246231,0.934344406876331,"97.5th percentile"
40.5832974874372,5.48329849246231,0.945078283024543,"97.5th percentile"
40.6678964824121,5.48329849246231,0.950785657566076,"97.5th percentile"
40.7524954773869,5.48329849246231,0.958148599625952,"97.5th percentile"
40.8370944723618,5.48329849246231,0.963940677191046,"97.5th percentile"
40.9216934673367,5.48329849246231,0.969007843079593,"97.5th percentile"
41.0062924623116,5.48329849246231,0.973916227049814,"97.5th percentile"
41.0908914572864,5.48329849246231,0.977990319549232,"97.5th percentile"
41.1754904522613,5.48329849246231,0.981603131738419,"97.5th percentile"
41.2600894472362,5.48329849246231,0.984485921101128,"97.5th percentile"
41.344688442211,5.48329849246231,0.987723357351882,"97.5th percentile"
41.4292874371859,5.48329849246231,0.990101546311643,"97.5th percentile"
41.5138864321608,5.48329849246231,0.991583971353868,"97.5th percentile"
41.5984854271357,5.48329849246231,0.992651510388424,"97.5th percentile"
41.6830844221106,5.48329849246231,0.994084828197358,"97.5th percentile"
41.7676834170854,5.48329849246231,0.994623377917212,"97.5th percentile"
41.8522824120603,5.48329849246231,0.995581492454004,"97.5th percentile"
41.9368814070352,5.48329849246231,0.996314869749686,"97.5th percentile"
42.02148040201,5.48329849246231,0.996880083133374,"97.5th percentile"
42.1060793969849,5.48329849246231,0.99740378026731,"97.5th percentile"
42.1906783919598,5.48329849246231,0.997930605780268,"97.5th percentile"
42.2752773869347,5.48329849246231,0.998187438635199,"97.5th percentile"
42.3598763819095,5.48329849246231,0.998526988252867,"97.5th percentile"
42.4444753768844,5.48329849246231,0.998749690476224,"97.5th percentile"
42.5290743718593,5.48329849246231,0.998956179206545,"97.5th percentile"
42.6136733668342,5.48329849246231,0.99918279146868,"97.5th percentile"
42.698272361809,5.48329849246231,0.999355534254288,"97.5th percentile"
42.7828713567839,5.48329849246231,0.999495152067016,"97.5th percentile"
42.8674703517588,5.48329849246231,0.999607950227381,"97.5th percentile"
42.9520693467337,5.48329849246231,0.999711250400223,"97.5th percentile"
43.0366683417085,5.48329849246231,0.999813842506533,"97.5th percentile"
43.1212673366834,5.48329849246231,0.999862740513757,"97.5th percentile"
43.2058663316583,5.48329849246231,0.999872460064181,"97.5th percentile"
43.2904653266332,5.48329849246231,0.999904907181626,"97.5th percentile"
43.375064321608,5.48329849246231,0.999933258588755,"97.5th percentile"
43.4596633165829,5.48329849246231,0.999937128421999,"97.5th percentile"
43.5442623115578,5.48329849246231,0.999952225940027,"97.5th percentile"
43.6288613065327,5.48329849246231,0.999964295742792,"97.5th percentile"
43.7134603015075,5.48329849246231,0.999972223120194,"97.5th percentile"
43.7980592964824,5.48329849246231,0.999978687338358,"97.5th percentile"
43.8826582914573,5.48329849246231,0.99998382161601,"97.5th percentile"
43.9672572864322,5.48329849246231,0.999990984643551,"97.5th percentile"
44.051856281407,5.48329849246231,0.999993035406534,"97.5th percentile"
44.1364552763819,5.48329849246231,0.999994745968622,"97.5th percentile"
44.2210542713568,5.48329849246231,0.999995606717228,"97.5th percentile"
44.3056532663317,5.48329849246231,0.999997204100973,"97.5th percentile"
44.3902522613065,5.48329849246231,0.999997826380674,"97.5th percentile"
44.4748512562814,5.48329849246231,0.999997703524018,"97.5th percentile"
44.5594502512563,5.48329849246231,0.999998268592261,"97.5th percentile"
44.6440492462312,5.48329849246231,0.999998749588005,"97.5th percentile"
44.728648241206,5.48329849246231,0.999999300856035,"97.5th percentile"
44.8132472361809,5.48329849246231,0.999999291873521,"97.5th percentile"
44.8978462311558,5.48329849246231,0.999999544747604,"97.5th percentile"
44.9824452261307,5.48329849246231,0.999999507630879,"97.5th percentile"
45.0670442211055,5.48329849246231,0.999999396046165,"97.5th percentile"
45.1516432160804,5.48329849246231,0.999999376588927,"97.5th percentile"
45.2362422110553,5.48329849246231,0.999999366492895,"97.5th percentile"
45.3208412060302,5.48329849246231,0.999999365337334,"97.5th percentile"
45.405440201005,5.48329849246231,0.999999372705442,"97.5th percentile"
35.338159798995,5.55132512562814,0.925780253131075,"97.5th percentile"
35.4227587939698,5.55132512562814,0.908883806255565,"97.5th percentile"
35.5073577889447,5.55132512562814,0.861252868178366,"97.5th percentile"
35.5919567839196,5.55132512562814,0.802239605419076,"97.5th percentile"
35.6765557788945,5.55132512562814,0.773328222354373,"97.5th percentile"
35.7611547738694,5.55132512562814,0.708122124885192,"97.5th percentile"
35.8457537688442,5.55132512562814,0.595119432639279,"97.5th percentile"
35.9303527638191,5.55132512562814,0.481277142511937,"97.5th percentile"
36.014951758794,5.55132512562814,0.433449703616838,"97.5th percentile"
36.0995507537688,5.55132512562814,0.390302752716293,"97.5th percentile"
36.1841497487437,5.55132512562814,0.358116934440014,"97.5th percentile"
36.2687487437186,5.55132512562814,0.348993726413039,"97.5th percentile"
36.3533477386935,5.55132512562814,0.357795191108259,"97.5th percentile"
36.4379467336683,5.55132512562814,0.353950760133648,"97.5th percentile"
36.5225457286432,5.55132512562814,0.347139969328553,"97.5th percentile"
36.6071447236181,5.55132512562814,0.348665744534048,"97.5th percentile"
36.691743718593,5.55132512562814,0.333326046140582,"97.5th percentile"
36.7763427135678,5.55132512562814,0.347164936024265,"97.5th percentile"
36.8609417085427,5.55132512562814,0.352990232076116,"97.5th percentile"
36.9455407035176,5.55132512562814,0.338924330273511,"97.5th percentile"
37.0301396984925,5.55132512562814,0.351139235017063,"97.5th percentile"
37.1147386934673,5.55132512562814,0.327652424129549,"97.5th percentile"
37.1993376884422,5.55132512562814,0.294205493326387,"97.5th percentile"
37.2839366834171,5.55132512562814,0.285183021825701,"97.5th percentile"
37.368535678392,5.55132512562814,0.333678996515083,"97.5th percentile"
37.4531346733668,5.55132512562814,0.294009916017892,"97.5th percentile"
37.5377336683417,5.55132512562814,0.283238139329788,"97.5th percentile"
37.6223326633166,5.55132512562814,0.306357897888976,"97.5th percentile"
37.7069316582915,5.55132512562814,0.311429530359513,"97.5th percentile"
37.7915306532663,5.55132512562814,0.286938519401743,"97.5th percentile"
37.8761296482412,5.55132512562814,0.286619880483687,"97.5th percentile"
37.9607286432161,5.55132512562814,0.272906114452655,"97.5th percentile"
38.045327638191,5.55132512562814,0.294992664241039,"97.5th percentile"
38.1299266331658,5.55132512562814,0.30035436813344,"97.5th percentile"
38.2145256281407,5.55132512562814,0.341312798429357,"97.5th percentile"
38.2991246231156,5.55132512562814,0.354255295709242,"97.5th percentile"
38.3837236180904,5.55132512562814,0.39966420785323,"97.5th percentile"
38.4683226130653,5.55132512562814,0.442288665067224,"97.5th percentile"
38.5529216080402,5.55132512562814,0.480991911342487,"97.5th percentile"
38.6375206030151,5.55132512562814,0.513459793750324,"97.5th percentile"
38.72211959799,5.55132512562814,0.543195943934676,"97.5th percentile"
38.8067185929648,5.55132512562814,0.567841894518243,"97.5th percentile"
38.8913175879397,5.55132512562814,0.60326915467615,"97.5th percentile"
38.9759165829146,5.55132512562814,0.629599221165282,"97.5th percentile"
39.0605155778894,5.55132512562814,0.664031815619117,"97.5th percentile"
39.1451145728643,5.55132512562814,0.689862294992348,"97.5th percentile"
39.2297135678392,5.55132512562814,0.707393385153068,"97.5th percentile"
39.3143125628141,5.55132512562814,0.731774045157981,"97.5th percentile"
39.3989115577889,5.55132512562814,0.76487409858107,"97.5th percentile"
39.4835105527638,5.55132512562814,0.771507144750204,"97.5th percentile"
39.5681095477387,5.55132512562814,0.79323664634641,"97.5th percentile"
39.6527085427136,5.55132512562814,0.814742243505933,"97.5th percentile"
39.7373075376884,5.55132512562814,0.829225986973693,"97.5th percentile"
39.8219065326633,5.55132512562814,0.843672874187355,"97.5th percentile"
39.9065055276382,5.55132512562814,0.85945219572334,"97.5th percentile"
39.9911045226131,5.55132512562814,0.872962575038135,"97.5th percentile"
40.0757035175879,5.55132512562814,0.885524330525036,"97.5th percentile"
40.1603025125628,5.55132512562814,0.89796904990555,"97.5th percentile"
40.2449015075377,5.55132512562814,0.90871350300219,"97.5th percentile"
40.3295005025126,5.55132512562814,0.907298351275652,"97.5th percentile"
40.4140994974874,5.55132512562814,0.916246538386737,"97.5th percentile"
40.4986984924623,5.55132512562814,0.916761361713755,"97.5th percentile"
40.5832974874372,5.55132512562814,0.926933227216743,"97.5th percentile"
40.6678964824121,5.55132512562814,0.93699794934753,"97.5th percentile"
40.7524954773869,5.55132512562814,0.946994750761127,"97.5th percentile"
40.8370944723618,5.55132512562814,0.953942303925077,"97.5th percentile"
40.9216934673367,5.55132512562814,0.960809133044558,"97.5th percentile"
41.0062924623116,5.55132512562814,0.966755966036646,"97.5th percentile"
41.0908914572864,5.55132512562814,0.971918377533236,"97.5th percentile"
41.1754904522613,5.55132512562814,0.976453724347098,"97.5th percentile"
41.2600894472362,5.55132512562814,0.98097224325842,"97.5th percentile"
41.344688442211,5.55132512562814,0.984152048875117,"97.5th percentile"
41.4292874371859,5.55132512562814,0.987413772731483,"97.5th percentile"
41.5138864321608,5.55132512562814,0.989408273796137,"97.5th percentile"
41.5984854271357,5.55132512562814,0.991135569797869,"97.5th percentile"
41.6830844221106,5.55132512562814,0.992210251284976,"97.5th percentile"
41.7676834170854,5.55132512562814,0.993557159691336,"97.5th percentile"
41.8522824120603,5.55132512562814,0.994281206001698,"97.5th percentile"
41.9368814070352,5.55132512562814,0.995248457406254,"97.5th percentile"
42.02148040201,5.55132512562814,0.996082498072184,"97.5th percentile"
42.1060793969849,5.55132512562814,0.996780815176767,"97.5th percentile"
42.1906783919598,5.55132512562814,0.997416550329173,"97.5th percentile"
42.2752773869347,5.55132512562814,0.997728422943347,"97.5th percentile"
42.3598763819095,5.55132512562814,0.998107871975461,"97.5th percentile"
42.4444753768844,5.55132512562814,0.998420181620702,"97.5th percentile"
42.5290743718593,5.55132512562814,0.998757892246927,"97.5th percentile"
42.6136733668342,5.55132512562814,0.999035515614724,"97.5th percentile"
42.698272361809,5.55132512562814,0.999278373747791,"97.5th percentile"
42.7828713567839,5.55132512562814,0.999412659678537,"97.5th percentile"
42.8674703517588,5.55132512562814,0.999563772780545,"97.5th percentile"
42.9520693467337,5.55132512562814,0.999659759535399,"97.5th percentile"
43.0366683417085,5.55132512562814,0.99974224740519,"97.5th percentile"
43.1212673366834,5.55132512562814,0.99979707467184,"97.5th percentile"
43.2058663316583,5.55132512562814,0.999866001377034,"97.5th percentile"
43.2904653266332,5.55132512562814,0.99987892068952,"97.5th percentile"
43.375064321608,5.55132512562814,0.999906008406176,"97.5th percentile"
43.4596633165829,5.55132512562814,0.999928746930791,"97.5th percentile"
43.5442623115578,5.55132512562814,0.999945244291677,"97.5th percentile"
43.6288613065327,5.55132512562814,0.99996150755353,"97.5th percentile"
43.7134603015075,5.55132512562814,0.999968869816376,"97.5th percentile"
43.7980592964824,5.55132512562814,0.999976728213682,"97.5th percentile"
43.8826582914573,5.55132512562814,0.99998211102242,"97.5th percentile"
43.9672572864322,5.55132512562814,0.999988975066102,"97.5th percentile"
44.051856281407,5.55132512562814,0.999990692460035,"97.5th percentile"
44.1364552763819,5.55132512562814,0.999992775637105,"97.5th percentile"
44.2210542713568,5.55132512562814,0.999994325573582,"97.5th percentile"
44.3056532663317,5.55132512562814,0.999996562258226,"97.5th percentile"
44.3902522613065,5.55132512562814,0.999996853079014,"97.5th percentile"
44.4748512562814,5.55132512562814,0.999997409184284,"97.5th percentile"
44.5594502512563,5.55132512562814,0.999998547769653,"97.5th percentile"
44.6440492462312,5.55132512562814,0.999998593321653,"97.5th percentile"
44.728648241206,5.55132512562814,0.999998951667377,"97.5th percentile"
44.8132472361809,5.55132512562814,0.999999272149307,"97.5th percentile"
44.8978462311558,5.55132512562814,0.999999398700338,"97.5th percentile"
44.9824452261307,5.55132512562814,0.999999358053022,"97.5th percentile"
45.0670442211055,5.55132512562814,0.999999311149934,"97.5th percentile"
45.1516432160804,5.55132512562814,0.999999287373062,"97.5th percentile"
45.2362422110553,5.55132512562814,0.999999277077794,"97.5th percentile"
45.3208412060302,5.55132512562814,0.999999275105728,"97.5th percentile"
45.405440201005,5.55132512562814,0.99999928456924,"97.5th percentile"
35.2535608040201,5.61935175879397,0.946868800175679,"97.5th percentile"
35.338159798995,5.61935175879397,0.909701794685615,"97.5th percentile"
35.4227587939698,5.61935175879397,0.874424856520436,"97.5th percentile"
35.5073577889447,5.61935175879397,0.840922703698817,"97.5th percentile"
35.5919567839196,5.61935175879397,0.768224293249166,"97.5th percentile"
35.6765557788945,5.61935175879397,0.735174994825764,"97.5th percentile"
35.7611547738694,5.61935175879397,0.684392628925957,"97.5th percentile"
35.8457537688442,5.61935175879397,0.537779894311664,"97.5th percentile"
35.9303527638191,5.61935175879397,0.430784183285704,"97.5th percentile"
36.014951758794,5.61935175879397,0.420422682554317,"97.5th percentile"
36.0995507537688,5.61935175879397,0.347176610470257,"97.5th percentile"
36.1841497487437,5.61935175879397,0.336427624096878,"97.5th percentile"
36.2687487437186,5.61935175879397,0.357079372009584,"97.5th percentile"
36.3533477386935,5.61935175879397,0.36128703484349,"97.5th percentile"
36.4379467336683,5.61935175879397,0.361143528132087,"97.5th percentile"
36.5225457286432,5.61935175879397,0.354735963518194,"97.5th percentile"
36.6071447236181,5.61935175879397,0.342838171871856,"97.5th percentile"
36.691743718593,5.61935175879397,0.338239265892216,"97.5th percentile"
36.7763427135678,5.61935175879397,0.353555772366684,"97.5th percentile"
36.8609417085427,5.61935175879397,0.374343769989198,"97.5th percentile"
36.9455407035176,5.61935175879397,0.366431159506693,"97.5th percentile"
37.0301396984925,5.61935175879397,0.367860633032791,"97.5th percentile"
37.1147386934673,5.61935175879397,0.339798034367803,"97.5th percentile"
37.1993376884422,5.61935175879397,0.311516386578153,"97.5th percentile"
37.2839366834171,5.61935175879397,0.289009831795435,"97.5th percentile"
37.368535678392,5.61935175879397,0.286272148468254,"97.5th percentile"
37.4531346733668,5.61935175879397,0.307532051670776,"97.5th percentile"
37.5377336683417,5.61935175879397,0.282648024269361,"97.5th percentile"
37.6223326633166,5.61935175879397,0.297829093038204,"97.5th percentile"
37.7069316582915,5.61935175879397,0.299131771096681,"97.5th percentile"
37.7915306532663,5.61935175879397,0.292784498869359,"97.5th percentile"
37.8761296482412,5.61935175879397,0.285052053289179,"97.5th percentile"
37.9607286432161,5.61935175879397,0.27170373648274,"97.5th percentile"
38.045327638191,5.61935175879397,0.243499378754897,"97.5th percentile"
38.1299266331658,5.61935175879397,0.244878331759053,"97.5th percentile"
38.2145256281407,5.61935175879397,0.241847596786247,"97.5th percentile"
38.2991246231156,5.61935175879397,0.291594951384634,"97.5th percentile"
38.3837236180904,5.61935175879397,0.325493050253529,"97.5th percentile"
38.4683226130653,5.61935175879397,0.376244482280892,"97.5th percentile"
38.5529216080402,5.61935175879397,0.403506350735959,"97.5th percentile"
38.6375206030151,5.61935175879397,0.443625210517348,"97.5th percentile"
38.72211959799,5.61935175879397,0.482176675263276,"97.5th percentile"
38.8067185929648,5.61935175879397,0.505826343418639,"97.5th percentile"
38.8913175879397,5.61935175879397,0.533698605910532,"97.5th percentile"
38.9759165829146,5.61935175879397,0.564911243389796,"97.5th percentile"
39.0605155778894,5.61935175879397,0.598421182757292,"97.5th percentile"
39.1451145728643,5.61935175879397,0.62481781681407,"97.5th percentile"
39.2297135678392,5.61935175879397,0.648666311484346,"97.5th percentile"
39.3143125628141,5.61935175879397,0.675563221898275,"97.5th percentile"
39.3989115577889,5.61935175879397,0.69096637618072,"97.5th percentile"
39.4835105527638,5.61935175879397,0.721270208726701,"97.5th percentile"
39.5681095477387,5.61935175879397,0.744628503314,"97.5th percentile"
39.6527085427136,5.61935175879397,0.773686544825306,"97.5th percentile"
39.7373075376884,5.61935175879397,0.786991860824839,"97.5th percentile"
39.8219065326633,5.61935175879397,0.810840169218753,"97.5th percentile"
39.9065055276382,5.61935175879397,0.823963592606507,"97.5th percentile"
39.9911045226131,5.61935175879397,0.847856733465512,"97.5th percentile"
40.0757035175879,5.61935175879397,0.873647839340762,"97.5th percentile"
40.1603025125628,5.61935175879397,0.874586163212799,"97.5th percentile"
40.2449015075377,5.61935175879397,0.888239298548864,"97.5th percentile"
40.3295005025126,5.61935175879397,0.887460695040961,"97.5th percentile"
40.4140994974874,5.61935175879397,0.887395247873494,"97.5th percentile"
40.4986984924623,5.61935175879397,0.895709883410373,"97.5th percentile"
40.5832974874372,5.61935175879397,0.908170566880296,"97.5th percentile"
40.6678964824121,5.61935175879397,0.920036216664929,"97.5th percentile"
40.7524954773869,5.61935175879397,0.931625318457568,"97.5th percentile"
40.8370944723618,5.61935175879397,0.941532726273682,"97.5th percentile"
40.9216934673367,5.61935175879397,0.950262398886802,"97.5th percentile"
41.0062924623116,5.61935175879397,0.95761706153064,"97.5th percentile"
41.0908914572864,5.61935175879397,0.964134941094457,"97.5th percentile"
41.1754904522613,5.61935175879397,0.970328283316662,"97.5th percentile"
41.2600894472362,5.61935175879397,0.977045261140014,"97.5th percentile"
41.344688442211,5.61935175879397,0.980769572677197,"97.5th percentile"
41.4292874371859,5.61935175879397,0.983950711221882,"97.5th percentile"
41.5138864321608,5.61935175879397,0.986466746800076,"97.5th percentile"
41.5984854271357,5.61935175879397,0.988236327283692,"97.5th percentile"
41.6830844221106,5.61935175879397,0.989950469347575,"97.5th percentile"
41.7676834170854,5.61935175879397,0.992328607514475,"97.5th percentile"
41.8522824120603,5.61935175879397,0.992907211526265,"97.5th percentile"
41.9368814070352,5.61935175879397,0.994075494126887,"97.5th percentile"
42.02148040201,5.61935175879397,0.995264759736703,"97.5th percentile"
42.1060793969849,5.61935175879397,0.996001685651873,"97.5th percentile"
42.1906783919598,5.61935175879397,0.996721720857864,"97.5th percentile"
42.2752773869347,5.61935175879397,0.997228885621292,"97.5th percentile"
42.3598763819095,5.61935175879397,0.997631476739683,"97.5th percentile"
42.4444753768844,5.61935175879397,0.998162385763688,"97.5th percentile"
42.5290743718593,5.61935175879397,0.998545081552442,"97.5th percentile"
42.6136733668342,5.61935175879397,0.99886766769741,"97.5th percentile"
42.698272361809,5.61935175879397,0.999113331132408,"97.5th percentile"
42.7828713567839,5.61935175879397,0.999382840109608,"97.5th percentile"
42.8674703517588,5.61935175879397,0.999490335025928,"97.5th percentile"
42.9520693467337,5.61935175879397,0.999637205913727,"97.5th percentile"
43.0366683417085,5.61935175879397,0.999695347794987,"97.5th percentile"
43.1212673366834,5.61935175879397,0.999790055528414,"97.5th percentile"
43.2058663316583,5.61935175879397,0.99984999280925,"97.5th percentile"
43.2904653266332,5.61935175879397,0.999864257825949,"97.5th percentile"
43.375064321608,5.61935175879397,0.999894202647176,"97.5th percentile"
43.4596633165829,5.61935175879397,0.999924661417038,"97.5th percentile"
43.5442623115578,5.61935175879397,0.999950864861941,"97.5th percentile"
43.6288613065327,5.61935175879397,0.99995702972761,"97.5th percentile"
43.7134603015075,5.61935175879397,0.999964743291254,"97.5th percentile"
43.7980592964824,5.61935175879397,0.999973365278618,"97.5th percentile"
43.8826582914573,5.61935175879397,0.999981537116681,"97.5th percentile"
43.9672572864322,5.61935175879397,0.999988471909524,"97.5th percentile"
44.051856281407,5.61935175879397,0.999988801655972,"97.5th percentile"
44.1364552763819,5.61935175879397,0.999992780979463,"97.5th percentile"
44.2210542713568,5.61935175879397,0.999995182232235,"97.5th percentile"
44.3056532663317,5.61935175879397,0.999994935037522,"97.5th percentile"
44.3902522613065,5.61935175879397,0.999996349108026,"97.5th percentile"
44.4748512562814,5.61935175879397,0.999997251973857,"97.5th percentile"
44.5594502512563,5.61935175879397,0.999998567545715,"97.5th percentile"
44.6440492462312,5.61935175879397,0.999998927502888,"97.5th percentile"
44.728648241206,5.61935175879397,0.999998893415262,"97.5th percentile"
44.8132472361809,5.61935175879397,0.999999196447066,"97.5th percentile"
44.8978462311558,5.61935175879397,0.999999287127102,"97.5th percentile"
44.9824452261307,5.61935175879397,0.999999240912726,"97.5th percentile"
45.0670442211055,5.61935175879397,0.999999208688139,"97.5th percentile"
45.1516432160804,5.61935175879397,0.999999185728419,"97.5th percentile"
45.2362422110553,5.61935175879397,0.999999174047297,"97.5th percentile"
45.3208412060302,5.61935175879397,0.999999174795507,"97.5th percentile"
45.405440201005,5.61935175879397,0.999999189052677,"97.5th percentile"
45.4900391959799,5.61935175879397,0.999999220853955,"97.5th percentile"
35.2535608040201,5.6873783919598,0.935129732668769,"97.5th percentile"
35.338159798995,5.6873783919598,0.889990891511764,"97.5th percentile"
35.4227587939698,5.6873783919598,0.852698926110101,"97.5th percentile"
35.5073577889447,5.6873783919598,0.803770007301115,"97.5th percentile"
35.5919567839196,5.6873783919598,0.733861880460177,"97.5th percentile"
35.6765557788945,5.6873783919598,0.714861759518864,"97.5th percentile"
35.7611547738694,5.6873783919598,0.56057240759178,"97.5th percentile"
35.8457537688442,5.6873783919598,0.478170179910529,"97.5th percentile"
35.9303527638191,5.6873783919598,0.386001765657927,"97.5th percentile"
36.014951758794,5.6873783919598,0.328041048415108,"97.5th percentile"
36.0995507537688,5.6873783919598,0.361029830125058,"97.5th percentile"
36.1841497487437,5.6873783919598,0.342787838639996,"97.5th percentile"
36.2687487437186,5.6873783919598,0.360165453389619,"97.5th percentile"
36.3533477386935,5.6873783919598,0.359119479862354,"97.5th percentile"
36.4379467336683,5.6873783919598,0.343405821999238,"97.5th percentile"
36.5225457286432,5.6873783919598,0.325438383986334,"97.5th percentile"
36.6071447236181,5.6873783919598,0.298100914749331,"97.5th percentile"
36.691743718593,5.6873783919598,0.339941806136706,"97.5th percentile"
36.7763427135678,5.6873783919598,0.325908251250948,"97.5th percentile"
36.8609417085427,5.6873783919598,0.335500790871733,"97.5th percentile"
36.9455407035176,5.6873783919598,0.417886265235054,"97.5th percentile"
37.0301396984925,5.6873783919598,0.357485129560101,"97.5th percentile"
37.1147386934673,5.6873783919598,0.355742458699292,"97.5th percentile"
37.1993376884422,5.6873783919598,0.346845913929876,"97.5th percentile"
37.2839366834171,5.6873783919598,0.304750998599357,"97.5th percentile"
37.368535678392,5.6873783919598,0.320714393962904,"97.5th percentile"
37.4531346733668,5.6873783919598,0.312683631131175,"97.5th percentile"
37.5377336683417,5.6873783919598,0.300430487366853,"97.5th percentile"
37.6223326633166,5.6873783919598,0.295224706094121,"97.5th percentile"
37.7069316582915,5.6873783919598,0.313278531088462,"97.5th percentile"
37.7915306532663,5.6873783919598,0.279543489277257,"97.5th percentile"
37.8761296482412,5.6873783919598,0.288058797042804,"97.5th percentile"
37.9607286432161,5.6873783919598,0.26670809130313,"97.5th percentile"
38.045327638191,5.6873783919598,0.267465562514725,"97.5th percentile"
38.1299266331658,5.6873783919598,0.250251916437499,"97.5th percentile"
38.2145256281407,5.6873783919598,0.244367235920747,"97.5th percentile"
38.2991246231156,5.6873783919598,0.232845830365576,"97.5th percentile"
38.3837236180904,5.6873783919598,0.278599503440463,"97.5th percentile"
38.4683226130653,5.6873783919598,0.303425068095943,"97.5th percentile"
38.5529216080402,5.6873783919598,0.33817026333047,"97.5th percentile"
38.6375206030151,5.6873783919598,0.377115467832518,"97.5th percentile"
38.72211959799,5.6873783919598,0.410332174214335,"97.5th percentile"
38.8067185929648,5.6873783919598,0.446443986521308,"97.5th percentile"
38.8913175879397,5.6873783919598,0.467991688201365,"97.5th percentile"
38.9759165829146,5.6873783919598,0.498403991116683,"97.5th percentile"
39.0605155778894,5.6873783919598,0.534995316088925,"97.5th percentile"
39.1451145728643,5.6873783919598,0.561399766778547,"97.5th percentile"
39.2297135678392,5.6873783919598,0.583330840869069,"97.5th percentile"
39.3143125628141,5.6873783919598,0.611646783135467,"97.5th percentile"
39.3989115577889,5.6873783919598,0.637009079067229,"97.5th percentile"
39.4835105527638,5.6873783919598,0.672889231522215,"97.5th percentile"
39.5681095477387,5.6873783919598,0.692830815259051,"97.5th percentile"
39.6527085427136,5.6873783919598,0.757670868597146,"97.5th percentile"
39.7373075376884,5.6873783919598,0.768976936368245,"97.5th percentile"
39.8219065326633,5.6873783919598,0.778734691935316,"97.5th percentile"
39.9065055276382,5.6873783919598,0.785084736217908,"97.5th percentile"
39.9911045226131,5.6873783919598,0.802111001667045,"97.5th percentile"
40.0757035175879,5.6873783919598,0.820496134231686,"97.5th percentile"
40.1603025125628,5.6873783919598,0.84081355964366,"97.5th percentile"
40.2449015075377,5.6873783919598,0.858246347250828,"97.5th percentile"
40.3295005025126,5.6873783919598,0.867403995350589,"97.5th percentile"
40.4140994974874,5.6873783919598,0.861438146189817,"97.5th percentile"
40.4986984924623,5.6873783919598,0.87079140496065,"97.5th percentile"
40.5832974874372,5.6873783919598,0.885966883192153,"97.5th percentile"
40.6678964824121,5.6873783919598,0.902692836107646,"97.5th percentile"
40.7524954773869,5.6873783919598,0.914083351266863,"97.5th percentile"
40.8370944723618,5.6873783919598,0.925966345601415,"97.5th percentile"
40.9216934673367,5.6873783919598,0.939823802271395,"97.5th percentile"
41.0062924623116,5.6873783919598,0.946287127112724,"97.5th percentile"
41.0908914572864,5.6873783919598,0.954564316591939,"97.5th percentile"
41.1754904522613,5.6873783919598,0.961897563944384,"97.5th percentile"
41.2600894472362,5.6873783919598,0.967894836136126,"97.5th percentile"
41.344688442211,5.6873783919598,0.975524381023044,"97.5th percentile"
41.4292874371859,5.6873783919598,0.979545832496733,"97.5th percentile"
41.5138864321608,5.6873783919598,0.982696372881944,"97.5th percentile"
41.5984854271357,5.6873783919598,0.985516452767118,"97.5th percentile"
41.6830844221106,5.6873783919598,0.9869271348601,"97.5th percentile"
41.7676834170854,5.6873783919598,0.989475047855743,"97.5th percentile"
41.8522824120603,5.6873783919598,0.99097040663376,"97.5th percentile"
41.9368814070352,5.6873783919598,0.992737906254174,"97.5th percentile"
42.02148040201,5.6873783919598,0.993891475838222,"97.5th percentile"
42.1060793969849,5.6873783919598,0.995025354042204,"97.5th percentile"
42.1906783919598,5.6873783919598,0.995709039769685,"97.5th percentile"
42.2752773869347,5.6873783919598,0.996455919307056,"97.5th percentile"
42.3598763819095,5.6873783919598,0.997173260174897,"97.5th percentile"
42.4444753768844,5.6873783919598,0.997804808570671,"97.5th percentile"
42.5290743718593,5.6873783919598,0.998276000023857,"97.5th percentile"
42.6136733668342,5.6873783919598,0.998716158169313,"97.5th percentile"
42.698272361809,5.6873783919598,0.998978180821875,"97.5th percentile"
42.7828713567839,5.6873783919598,0.999309763669181,"97.5th percentile"
42.8674703517588,5.6873783919598,0.999532512439761,"97.5th percentile"
42.9520693467337,5.6873783919598,0.99963836681623,"97.5th percentile"
43.0366683417085,5.6873783919598,0.999696407267625,"97.5th percentile"
43.1212673366834,5.6873783919598,0.999772161323099,"97.5th percentile"
43.2058663316583,5.6873783919598,0.999809334752492,"97.5th percentile"
43.2904653266332,5.6873783919598,0.999855168687704,"97.5th percentile"
43.375064321608,5.6873783919598,0.999902049563173,"97.5th percentile"
43.4596633165829,5.6873783919598,0.999926254392941,"97.5th percentile"
43.5442623115578,5.6873783919598,0.999948483812856,"97.5th percentile"
43.6288613065327,5.6873783919598,0.999960794591063,"97.5th percentile"
43.7134603015075,5.6873783919598,0.999968668574775,"97.5th percentile"
43.7980592964824,5.6873783919598,0.999976638988011,"97.5th percentile"
43.8826582914573,5.6873783919598,0.999983598544738,"97.5th percentile"
43.9672572864322,5.6873783919598,0.999987844276526,"97.5th percentile"
44.051856281407,5.6873783919598,0.999990803512908,"97.5th percentile"
44.1364552763819,5.6873783919598,0.999991290345005,"97.5th percentile"
44.2210542713568,5.6873783919598,0.999993345809835,"97.5th percentile"
44.3056532663317,5.6873783919598,0.999994605717568,"97.5th percentile"
44.3902522613065,5.6873783919598,0.99999596061114,"97.5th percentile"
44.4748512562814,5.6873783919598,0.999997173058091,"97.5th percentile"
44.5594502512563,5.6873783919598,0.999998229595957,"97.5th percentile"
44.6440492462312,5.6873783919598,0.999998590041702,"97.5th percentile"
44.728648241206,5.6873783919598,0.99999892055811,"97.5th percentile"
44.8132472361809,5.6873783919598,0.999999100399569,"97.5th percentile"
44.8978462311558,5.6873783919598,0.99999922661033,"97.5th percentile"
44.9824452261307,5.6873783919598,0.999999166691594,"97.5th percentile"
45.0670442211055,5.6873783919598,0.999999114995612,"97.5th percentile"
45.1516432160804,5.6873783919598,0.999999077771118,"97.5th percentile"
45.2362422110553,5.6873783919598,0.999999071336925,"97.5th percentile"
45.3208412060302,5.6873783919598,0.999999072182111,"97.5th percentile"
45.405440201005,5.6873783919598,0.999999081032403,"97.5th percentile"
45.4900391959799,5.6873783919598,0.999999107771787,"97.5th percentile"
45.5746381909548,5.6873783919598,0.999999145511283,"97.5th percentile"
35.1689618090452,5.75540502512563,0.945911407371174,"97.5th percentile"
35.2535608040201,5.75540502512563,0.916749911619705,"97.5th percentile"
35.338159798995,5.75540502512563,0.870792596098551,"97.5th percentile"
35.4227587939698,5.75540502512563,0.822558323968796,"97.5th percentile"
35.5073577889447,5.75540502512563,0.808130114238603,"97.5th percentile"
35.5919567839196,5.75540502512563,0.751803015294819,"97.5th percentile"
35.6765557788945,5.75540502512563,0.680443495973953,"97.5th percentile"
35.7611547738694,5.75540502512563,0.562573040379229,"97.5th percentile"
35.8457537688442,5.75540502512563,0.493276961654913,"97.5th percentile"
35.9303527638191,5.75540502512563,0.340803126169095,"97.5th percentile"
36.014951758794,5.75540502512563,0.323018551674175,"97.5th percentile"
36.0995507537688,5.75540502512563,0.327193846646551,"97.5th percentile"
36.1841497487437,5.75540502512563,0.329610289061608,"97.5th percentile"
36.2687487437186,5.75540502512563,0.344446712305065,"97.5th percentile"
36.3533477386935,5.75540502512563,0.332604313593678,"97.5th percentile"
36.4379467336683,5.75540502512563,0.385815912539857,"97.5th percentile"
36.5225457286432,5.75540502512563,0.286614063783724,"97.5th percentile"
36.6071447236181,5.75540502512563,0.292756591671096,"97.5th percentile"
36.691743718593,5.75540502512563,0.305001680372025,"97.5th percentile"
36.7763427135678,5.75540502512563,0.324303237779116,"97.5th percentile"
36.8609417085427,5.75540502512563,0.309087470690681,"97.5th percentile"
36.9455407035176,5.75540502512563,0.353449409313164,"97.5th percentile"
37.0301396984925,5.75540502512563,0.344794011491795,"97.5th percentile"
37.1147386934673,5.75540502512563,0.374144220381619,"97.5th percentile"
37.1993376884422,5.75540502512563,0.338955990942675,"97.5th percentile"
37.2839366834171,5.75540502512563,0.290695817418949,"97.5th percentile"
37.368535678392,5.75540502512563,0.303977498738531,"97.5th percentile"
37.4531346733668,5.75540502512563,0.306450553342591,"97.5th percentile"
37.5377336683417,5.75540502512563,0.516861900391128,"97.5th percentile"
37.6223326633166,5.75540502512563,0.303065928332684,"97.5th percentile"
37.7069316582915,5.75540502512563,0.306264329004145,"97.5th percentile"
37.7915306532663,5.75540502512563,0.290680842531457,"97.5th percentile"
37.8761296482412,5.75540502512563,0.272174754956962,"97.5th percentile"
37.9607286432161,5.75540502512563,0.275613045048261,"97.5th percentile"
38.045327638191,5.75540502512563,0.271669936196854,"97.5th percentile"
38.1299266331658,5.75540502512563,0.277272071477029,"97.5th percentile"
38.2145256281407,5.75540502512563,0.246443927834775,"97.5th percentile"
38.2991246231156,5.75540502512563,0.216831806307575,"97.5th percentile"
38.3837236180904,5.75540502512563,0.231764208262312,"97.5th percentile"
38.4683226130653,5.75540502512563,0.262715823454381,"97.5th percentile"
38.5529216080402,5.75540502512563,0.291055266655646,"97.5th percentile"
38.6375206030151,5.75540502512563,0.318508539760797,"97.5th percentile"
38.72211959799,5.75540502512563,0.351143017493036,"97.5th percentile"
38.8067185929648,5.75540502512563,0.376649200283676,"97.5th percentile"
38.8913175879397,5.75540502512563,0.406810966586458,"97.5th percentile"
38.9759165829146,5.75540502512563,0.416330588108537,"97.5th percentile"
39.0605155778894,5.75540502512563,0.4349109461035,"97.5th percentile"
39.1451145728643,5.75540502512563,0.483333979151108,"97.5th percentile"
39.2297135678392,5.75540502512563,0.510130898106708,"97.5th percentile"
39.3143125628141,5.75540502512563,0.520893437316508,"97.5th percentile"
39.3989115577889,5.75540502512563,0.574436481150461,"97.5th percentile"
39.4835105527638,5.75540502512563,0.62067778775247,"97.5th percentile"
39.5681095477387,5.75540502512563,0.645383298585466,"97.5th percentile"
39.6527085427136,5.75540502512563,0.717660962446885,"97.5th percentile"
39.7373075376884,5.75540502512563,0.696907715392129,"97.5th percentile"
39.8219065326633,5.75540502512563,0.715079970822769,"97.5th percentile"
39.9065055276382,5.75540502512563,0.739977802848701,"97.5th percentile"
39.9911045226131,5.75540502512563,0.759542776729421,"97.5th percentile"
40.0757035175879,5.75540502512563,0.779378785290372,"97.5th percentile"
40.1603025125628,5.75540502512563,0.805751440019692,"97.5th percentile"
40.2449015075377,5.75540502512563,0.818958417337301,"97.5th percentile"
40.3295005025126,5.75540502512563,0.836585637024658,"97.5th percentile"
40.4140994974874,5.75540502512563,0.832295999961083,"97.5th percentile"
40.4986984924623,5.75540502512563,0.840478381179048,"97.5th percentile"
40.5832974874372,5.75540502512563,0.858669836243651,"97.5th percentile"
40.6678964824121,5.75540502512563,0.874073158799672,"97.5th percentile"
40.7524954773869,5.75540502512563,0.892789318559192,"97.5th percentile"
40.8370944723618,5.75540502512563,0.907626654503442,"97.5th percentile"
40.9216934673367,5.75540502512563,0.920236382728269,"97.5th percentile"
41.0062924623116,5.75540502512563,0.932280826266502,"97.5th percentile"
41.0908914572864,5.75540502512563,0.942852477376606,"97.5th percentile"
41.1754904522613,5.75540502512563,0.951652606223125,"97.5th percentile"
41.2600894472362,5.75540502512563,0.959991652318322,"97.5th percentile"
41.344688442211,5.75540502512563,0.968504850052567,"97.5th percentile"
41.4292874371859,5.75540502512563,0.973476453064342,"97.5th percentile"
41.5138864321608,5.75540502512563,0.978018362675973,"97.5th percentile"
41.5984854271357,5.75540502512563,0.981528540388314,"97.5th percentile"
41.6830844221106,5.75540502512563,0.983549420656336,"97.5th percentile"
41.7676834170854,5.75540502512563,0.986285917847885,"97.5th percentile"
41.8522824120603,5.75540502512563,0.989151774585294,"97.5th percentile"
41.9368814070352,5.75540502512563,0.990614088024962,"97.5th percentile"
42.02148040201,5.75540502512563,0.99207391352886,"97.5th percentile"
42.1060793969849,5.75540502512563,0.993281733212699,"97.5th percentile"
42.1906783919598,5.75540502512563,0.994775491776416,"97.5th percentile"
42.2752773869347,5.75540502512563,0.99588189561813,"97.5th percentile"
42.3598763819095,5.75540502512563,0.99677235165916,"97.5th percentile"
42.4444753768844,5.75540502512563,0.997408735176122,"97.5th percentile"
42.5290743718593,5.75540502512563,0.998011674957323,"97.5th percentile"
42.6136733668342,5.75540502512563,0.998561075016582,"97.5th percentile"
42.698272361809,5.75540502512563,0.999048416112885,"97.5th percentile"
42.7828713567839,5.75540502512563,0.999087405852631,"97.5th percentile"
42.8674703517588,5.75540502512563,0.999320802505265,"97.5th percentile"
42.9520693467337,5.75540502512563,0.99952927800488,"97.5th percentile"
43.0366683417085,5.75540502512563,0.999669305645018,"97.5th percentile"
43.1212673366834,5.75540502512563,0.999697580983047,"97.5th percentile"
43.2058663316583,5.75540502512563,0.999771304288692,"97.5th percentile"
43.2904653266332,5.75540502512563,0.999852032704809,"97.5th percentile"
43.375064321608,5.75540502512563,0.999900940344138,"97.5th percentile"
43.4596633165829,5.75540502512563,0.999915767018964,"97.5th percentile"
43.5442623115578,5.75540502512563,0.999944237183135,"97.5th percentile"
43.6288613065327,5.75540502512563,0.999953278132994,"97.5th percentile"
43.7134603015075,5.75540502512563,0.999960124475621,"97.5th percentile"
43.7980592964824,5.75540502512563,0.999976773359053,"97.5th percentile"
43.8826582914573,5.75540502512563,0.99998267860339,"97.5th percentile"
43.9672572864322,5.75540502512563,0.999986908878627,"97.5th percentile"
44.051856281407,5.75540502512563,0.999989652895432,"97.5th percentile"
44.1364552763819,5.75540502512563,0.999989739947428,"97.5th percentile"
44.2210542713568,5.75540502512563,0.999993138368965,"97.5th percentile"
44.3056532663317,5.75540502512563,0.99999588201175,"97.5th percentile"
44.3902522613065,5.75540502512563,0.999995640727629,"97.5th percentile"
44.4748512562814,5.75540502512563,0.999996797538803,"97.5th percentile"
44.5594502512563,5.75540502512563,0.999998314725484,"97.5th percentile"
44.6440492462312,5.75540502512563,0.999998475300745,"97.5th percentile"
44.728648241206,5.75540502512563,0.999998720418062,"97.5th percentile"
44.8132472361809,5.75540502512563,0.999999297457279,"97.5th percentile"
44.8978462311558,5.75540502512563,0.999999311147774,"97.5th percentile"
44.9824452261307,5.75540502512563,0.999999048456846,"97.5th percentile"
45.0670442211055,5.75540502512563,0.999999049184893,"97.5th percentile"
45.1516432160804,5.75540502512563,0.999998969880132,"97.5th percentile"
45.2362422110553,5.75540502512563,0.999998966198349,"97.5th percentile"
45.3208412060302,5.75540502512563,0.999998966204839,"97.5th percentile"
45.405440201005,5.75540502512563,0.999998972396548,"97.5th percentile"
45.4900391959799,5.75540502512563,0.999999036055852,"97.5th percentile"
45.5746381909548,5.75540502512563,0.999999148850568,"97.5th percentile"
45.6592371859296,5.75540502512563,0.999999156188102,"97.5th percentile"
35.1689618090452,5.82343165829146,0.930729904548558,"97.5th percentile"
35.2535608040201,5.82343165829146,0.903580980491984,"97.5th percentile"
35.338159798995,5.82343165829146,0.845628954576514,"97.5th percentile"
35.4227587939698,5.82343165829146,0.8066419031833,"97.5th percentile"
35.5073577889447,5.82343165829146,0.778195340898634,"97.5th percentile"
35.5919567839196,5.82343165829146,0.709161450031215,"97.5th percentile"
35.6765557788945,5.82343165829146,0.628965318752776,"97.5th percentile"
35.7611547738694,5.82343165829146,0.517498187189153,"97.5th percentile"
35.8457537688442,5.82343165829146,0.46950376559919,"97.5th percentile"
35.9303527638191,5.82343165829146,0.318629751059352,"97.5th percentile"
36.014951758794,5.82343165829146,0.328644097442302,"97.5th percentile"
36.0995507537688,5.82343165829146,0.326545199693816,"97.5th percentile"
36.1841497487437,5.82343165829146,0.375907859487864,"97.5th percentile"
36.2687487437186,5.82343165829146,0.346046832637657,"97.5th percentile"
36.3533477386935,5.82343165829146,0.345289261508108,"97.5th percentile"
36.4379467336683,5.82343165829146,0.341908262305237,"97.5th percentile"
36.5225457286432,5.82343165829146,0.29942811979426,"97.5th percentile"
36.6071447236181,5.82343165829146,0.283221911002024,"97.5th percentile"
36.691743718593,5.82343165829146,0.30083461155695,"97.5th percentile"
36.7763427135678,5.82343165829146,0.337739832264839,"97.5th percentile"
36.8609417085427,5.82343165829146,0.31573681595714,"97.5th percentile"
36.9455407035176,5.82343165829146,0.342104682375157,"97.5th percentile"
37.0301396984925,5.82343165829146,0.35746352047025,"97.5th percentile"
37.1147386934673,5.82343165829146,0.346962162782438,"97.5th percentile"
37.1993376884422,5.82343165829146,0.328369729714437,"97.5th percentile"
37.2839366834171,5.82343165829146,0.302525181127958,"97.5th percentile"
37.368535678392,5.82343165829146,0.301735871377944,"97.5th percentile"
37.4531346733668,5.82343165829146,0.318113775432296,"97.5th percentile"
37.5377336683417,5.82343165829146,0.519992897066802,"97.5th percentile"
37.6223326633166,5.82343165829146,0.497511325047485,"97.5th percentile"
37.7069316582915,5.82343165829146,0.289119274059914,"97.5th percentile"
37.7915306532663,5.82343165829146,0.326603501621535,"97.5th percentile"
37.8761296482412,5.82343165829146,0.278827694773015,"97.5th percentile"
37.9607286432161,5.82343165829146,0.272400950391123,"97.5th percentile"
38.045327638191,5.82343165829146,0.278952946666777,"97.5th percentile"
38.1299266331658,5.82343165829146,0.273266064169211,"97.5th percentile"
38.2145256281407,5.82343165829146,0.243146828482042,"97.5th percentile"
38.2991246231156,5.82343165829146,0.234822099369394,"97.5th percentile"
38.3837236180904,5.82343165829146,0.237445188628028,"97.5th percentile"
38.4683226130653,5.82343165829146,0.247151526499001,"97.5th percentile"
38.5529216080402,5.82343165829146,0.252661151923344,"97.5th percentile"
38.6375206030151,5.82343165829146,0.270288542339659,"97.5th percentile"
38.72211959799,5.82343165829146,0.296271425282962,"97.5th percentile"
38.8067185929648,5.82343165829146,0.327091012643214,"97.5th percentile"
38.8913175879397,5.82343165829146,0.346883405622402,"97.5th percentile"
38.9759165829146,5.82343165829146,0.352603058796824,"97.5th percentile"
39.0605155778894,5.82343165829146,0.379403373837433,"97.5th percentile"
39.1451145728643,5.82343165829146,0.424607256473939,"97.5th percentile"
39.2297135678392,5.82343165829146,0.449511037859314,"97.5th percentile"
39.3143125628141,5.82343165829146,0.449718570436386,"97.5th percentile"
39.3989115577889,5.82343165829146,0.518030862248553,"97.5th percentile"
39.4835105527638,5.82343165829146,0.560955734232026,"97.5th percentile"
39.5681095477387,5.82343165829146,0.589854578692587,"97.5th percentile"
39.6527085427136,5.82343165829146,0.623017604590502,"97.5th percentile"
39.7373075376884,5.82343165829146,0.638539095060522,"97.5th percentile"
39.8219065326633,5.82343165829146,0.657328070047636,"97.5th percentile"
39.9065055276382,5.82343165829146,0.696603501498259,"97.5th percentile"
39.9911045226131,5.82343165829146,0.703341224747985,"97.5th percentile"
40.0757035175879,5.82343165829146,0.730928664644548,"97.5th percentile"
40.1603025125628,5.82343165829146,0.756272913610734,"97.5th percentile"
40.2449015075377,5.82343165829146,0.778013124973914,"97.5th percentile"
40.3295005025126,5.82343165829146,0.796950991512036,"97.5th percentile"
40.4140994974874,5.82343165829146,0.80074442569393,"97.5th percentile"
40.4986984924623,5.82343165829146,0.805939007817199,"97.5th percentile"
40.5832974874372,5.82343165829146,0.824226612858178,"97.5th percentile"
40.6678964824121,5.82343165829146,0.848044837692371,"97.5th percentile"
40.7524954773869,5.82343165829146,0.865795493230216,"97.5th percentile"
40.8370944723618,5.82343165829146,0.883285443572991,"97.5th percentile"
40.9216934673367,5.82343165829146,0.899957974179111,"97.5th percentile"
41.0062924623116,5.82343165829146,0.91490878102507,"97.5th percentile"
41.0908914572864,5.82343165829146,0.927654498209825,"97.5th percentile"
41.1754904522613,5.82343165829146,0.93901067917674,"97.5th percentile"
41.2600894472362,5.82343165829146,0.950323878186371,"97.5th percentile"
41.344688442211,5.82343165829146,0.960605032981545,"97.5th percentile"
41.4292874371859,5.82343165829146,0.966772046314543,"97.5th percentile"
41.5138864321608,5.82343165829146,0.972208476339582,"97.5th percentile"
41.5984854271357,5.82343165829146,0.975015280848548,"97.5th percentile"
41.6830844221106,5.82343165829146,0.978818346754642,"97.5th percentile"
41.7676834170854,5.82343165829146,0.982272879095157,"97.5th percentile"
41.8522824120603,5.82343165829146,0.986214916243585,"97.5th percentile"
41.9368814070352,5.82343165829146,0.989495541374541,"97.5th percentile"
42.02148040201,5.82343165829146,0.989741556260334,"97.5th percentile"
42.1060793969849,5.82343165829146,0.992050296681761,"97.5th percentile"
42.1906783919598,5.82343165829146,0.993950224133665,"97.5th percentile"
42.2752773869347,5.82343165829146,0.995057237330925,"97.5th percentile"
42.3598763819095,5.82343165829146,0.996179922782644,"97.5th percentile"
42.4444753768844,5.82343165829146,0.997034136276383,"97.5th percentile"
42.5290743718593,5.82343165829146,0.997685201122358,"97.5th percentile"
42.6136733668342,5.82343165829146,0.998261363364386,"97.5th percentile"
42.698272361809,5.82343165829146,0.998867740200449,"97.5th percentile"
42.7828713567839,5.82343165829146,0.999134833219858,"97.5th percentile"
42.8674703517588,5.82343165829146,0.999379566111487,"97.5th percentile"
42.9520693467337,5.82343165829146,0.999428072470757,"97.5th percentile"
43.0366683417085,5.82343165829146,0.99961818606802,"97.5th percentile"
43.1212673366834,5.82343165829146,0.9996680858928,"97.5th percentile"
43.2058663316583,5.82343165829146,0.999761663907869,"97.5th percentile"
43.2904653266332,5.82343165829146,0.99983631739381,"97.5th percentile"
43.375064321608,5.82343165829146,0.99985652906386,"97.5th percentile"
43.4596633165829,5.82343165829146,0.99990423602603,"97.5th percentile"
43.5442623115578,5.82343165829146,0.999932420373119,"97.5th percentile"
43.6288613065327,5.82343165829146,0.999955381020207,"97.5th percentile"
43.7134603015075,5.82343165829146,0.999965044037956,"97.5th percentile"
43.7980592964824,5.82343165829146,0.999973579340672,"97.5th percentile"
43.8826582914573,5.82343165829146,0.999972940059494,"97.5th percentile"
43.9672572864322,5.82343165829146,0.999979793248823,"97.5th percentile"
44.051856281407,5.82343165829146,0.999986342421751,"97.5th percentile"
44.1364552763819,5.82343165829146,0.999990517992545,"97.5th percentile"
44.2210542713568,5.82343165829146,0.999993074105689,"97.5th percentile"
44.3056532663317,5.82343165829146,0.999993916540185,"97.5th percentile"
44.3902522613065,5.82343165829146,0.999996435733532,"97.5th percentile"
44.4748512562814,5.82343165829146,0.999996520078714,"97.5th percentile"
44.5594502512563,5.82343165829146,0.99999770235865,"97.5th percentile"
44.6440492462312,5.82343165829146,0.999998396311304,"97.5th percentile"
44.728648241206,5.82343165829146,0.999998655759271,"97.5th percentile"
44.8132472361809,5.82343165829146,0.999999014198119,"97.5th percentile"
44.8978462311558,5.82343165829146,0.999999043566751,"97.5th percentile"
44.9824452261307,5.82343165829146,0.999998974122981,"97.5th percentile"
45.0670442211055,5.82343165829146,0.99999885987433,"97.5th percentile"
45.1516432160804,5.82343165829146,0.999998837085709,"97.5th percentile"
45.2362422110553,5.82343165829146,0.999998830376089,"97.5th percentile"
45.3208412060302,5.82343165829146,0.999998825443786,"97.5th percentile"
45.405440201005,5.82343165829146,0.99999884562357,"97.5th percentile"
45.4900391959799,5.82343165829146,0.999998881219077,"97.5th percentile"
45.5746381909548,5.82343165829146,0.999998989257987,"97.5th percentile"
45.6592371859296,5.82343165829146,0.999999026860127,"97.5th percentile"
35.1689618090452,5.89145829145729,0.917566949389696,"97.5th percentile"
35.2535608040201,5.89145829145729,0.882320880075598,"97.5th percentile"
35.338159798995,5.89145829145729,0.829686134496652,"97.5th percentile"
35.4227587939698,5.89145829145729,0.784978007805743,"97.5th percentile"
35.5073577889447,5.89145829145729,0.699277205389475,"97.5th percentile"
35.5919567839196,5.89145829145729,0.664722219072848,"97.5th percentile"
35.6765557788945,5.89145829145729,0.54962178909664,"97.5th percentile"
35.7611547738694,5.89145829145729,0.500477378375168,"97.5th percentile"
35.8457537688442,5.89145829145729,0.341997479031086,"97.5th percentile"
35.9303527638191,5.89145829145729,0.313380426033995,"97.5th percentile"
36.014951758794,5.89145829145729,0.338695258973142,"97.5th percentile"
36.0995507537688,5.89145829145729,0.320092899752897,"97.5th percentile"
36.1841497487437,5.89145829145729,0.359503154068063,"97.5th percentile"
36.2687487437186,5.89145829145729,0.395888618091767,"97.5th percentile"
36.3533477386935,5.89145829145729,0.352770354834254,"97.5th percentile"
36.4379467336683,5.89145829145729,0.335575004684705,"97.5th percentile"
36.5225457286432,5.89145829145729,0.302834198001907,"97.5th percentile"
36.6071447236181,5.89145829145729,0.302005148694491,"97.5th percentile"
36.691743718593,5.89145829145729,0.322624642290764,"97.5th percentile"
36.7763427135678,5.89145829145729,0.335821630757594,"97.5th percentile"
36.8609417085427,5.89145829145729,0.34362746830245,"97.5th percentile"
36.9455407035176,5.89145829145729,0.352541340291157,"97.5th percentile"
37.0301396984925,5.89145829145729,0.361139553507438,"97.5th percentile"
37.1147386934673,5.89145829145729,0.309706748893277,"97.5th percentile"
37.1993376884422,5.89145829145729,0.296494897844846,"97.5th percentile"
37.2839366834171,5.89145829145729,0.292196027013709,"97.5th percentile"
37.368535678392,5.89145829145729,0.291665800950035,"97.5th percentile"
37.4531346733668,5.89145829145729,0.295706530498918,"97.5th percentile"
37.5377336683417,5.89145829145729,0.523126571320823,"97.5th percentile"
37.6223326633166,5.89145829145729,0.517355092191545,"97.5th percentile"
37.7069316582915,5.89145829145729,0.320724014042447,"97.5th percentile"
37.7915306532663,5.89145829145729,0.311711516022152,"97.5th percentile"
37.8761296482412,5.89145829145729,0.302319895413105,"97.5th percentile"
37.9607286432161,5.89145829145729,0.282384131397699,"97.5th percentile"
38.045327638191,5.89145829145729,0.278033306667695,"97.5th percentile"
38.1299266331658,5.89145829145729,0.270749089218223,"97.5th percentile"
38.2145256281407,5.89145829145729,0.243068663578968,"97.5th percentile"
38.2991246231156,5.89145829145729,0.242816128484298,"97.5th percentile"
38.3837236180904,5.89145829145729,0.247423792318059,"97.5th percentile"
38.4683226130653,5.89145829145729,0.246497114131063,"97.5th percentile"
38.5529216080402,5.89145829145729,0.243678151822536,"97.5th percentile"
38.6375206030151,5.89145829145729,0.250758377694615,"97.5th percentile"
38.72211959799,5.89145829145729,0.264295849187882,"97.5th percentile"
38.8067185929648,5.89145829145729,0.268241953709026,"97.5th percentile"
38.8913175879397,5.89145829145729,0.273012530491137,"97.5th percentile"
38.9759165829146,5.89145829145729,0.281274923081888,"97.5th percentile"
39.0605155778894,5.89145829145729,0.296172723444146,"97.5th percentile"
39.1451145728643,5.89145829145729,0.350184209855682,"97.5th percentile"
39.2297135678392,5.89145829145729,0.376699918146324,"97.5th percentile"
39.3143125628141,5.89145829145729,0.404917334090261,"97.5th percentile"
39.3989115577889,5.89145829145729,0.456371280061086,"97.5th percentile"
39.4835105527638,5.89145829145729,0.496163964222873,"97.5th percentile"
39.5681095477387,5.89145829145729,0.516609017290263,"97.5th percentile"
39.6527085427136,5.89145829145729,0.54007702402465,"97.5th percentile"
39.7373075376884,5.89145829145729,0.574944621930201,"97.5th percentile"
39.8219065326633,5.89145829145729,0.591537911559465,"97.5th percentile"
39.9065055276382,5.89145829145729,0.619316397340946,"97.5th percentile"
39.9911045226131,5.89145829145729,0.649957547256015,"97.5th percentile"
40.0757035175879,5.89145829145729,0.678243316427649,"97.5th percentile"
40.1603025125628,5.89145829145729,0.706682901704598,"97.5th percentile"
40.2449015075377,5.89145829145729,0.729843508380464,"97.5th percentile"
40.3295005025126,5.89145829145729,0.752702703474869,"97.5th percentile"
40.4140994974874,5.89145829145729,0.76863439989723,"97.5th percentile"
40.4986984924623,5.89145829145729,0.766057711733358,"97.5th percentile"
40.5832974874372,5.89145829145729,0.792927796824067,"97.5th percentile"
40.6678964824121,5.89145829145729,0.812093762539896,"97.5th percentile"
40.7524954773869,5.89145829145729,0.833312193259415,"97.5th percentile"
40.8370944723618,5.89145829145729,0.855351418493061,"97.5th percentile"
40.9216934673367,5.89145829145729,0.87546134133056,"97.5th percentile"
41.0062924623116,5.89145829145729,0.895688445481293,"97.5th percentile"
41.0908914572864,5.89145829145729,0.913863684703466,"97.5th percentile"
41.1754904522613,5.89145829145729,0.929021135151352,"97.5th percentile"
41.2600894472362,5.89145829145729,0.93775336724979,"97.5th percentile"
41.344688442211,5.89145829145729,0.947096132874842,"97.5th percentile"
41.4292874371859,5.89145829145729,0.957075143508172,"97.5th percentile"
41.5138864321608,5.89145829145729,0.9642611400829,"97.5th percentile"
41.5984854271357,5.89145829145729,0.96764482499521,"97.5th percentile"
41.6830844221106,5.89145829145729,0.973228854158821,"97.5th percentile"
41.7676834170854,5.89145829145729,0.978110252209555,"97.5th percentile"
41.8522824120603,5.89145829145729,0.982208240195049,"97.5th percentile"
41.9368814070352,5.89145829145729,0.98441685901133,"97.5th percentile"
42.02148040201,5.89145829145729,0.988795339996649,"97.5th percentile"
42.1060793969849,5.89145829145729,0.991096156607067,"97.5th percentile"
42.1906783919598,5.89145829145729,0.993110210277922,"97.5th percentile"
42.2752773869347,5.89145829145729,0.994652491736004,"97.5th percentile"
42.3598763819095,5.89145829145729,0.995670719834622,"97.5th percentile"
42.4444753768844,5.89145829145729,0.996610422088124,"97.5th percentile"
42.5290743718593,5.89145829145729,0.997387736804224,"97.5th percentile"
42.6136733668342,5.89145829145729,0.997974640950621,"97.5th percentile"
42.698272361809,5.89145829145729,0.998549592426229,"97.5th percentile"
42.7828713567839,5.89145829145729,0.998863410475118,"97.5th percentile"
42.8674703517588,5.89145829145729,0.999190458303948,"97.5th percentile"
42.9520693467337,5.89145829145729,0.999436720437462,"97.5th percentile"
43.0366683417085,5.89145829145729,0.999576936795885,"97.5th percentile"
43.1212673366834,5.89145829145729,0.999672215410273,"97.5th percentile"
43.2058663316583,5.89145829145729,0.999743371578088,"97.5th percentile"
43.2904653266332,5.89145829145729,0.999829294146305,"97.5th percentile"
43.375064321608,5.89145829145729,0.999885266818311,"97.5th percentile"
43.4596633165829,5.89145829145729,0.999913419594852,"97.5th percentile"
43.5442623115578,5.89145829145729,0.999934388271062,"97.5th percentile"
43.6288613065327,5.89145829145729,0.999949618306436,"97.5th percentile"
43.7134603015075,5.89145829145729,0.999963253502672,"97.5th percentile"
43.7980592964824,5.89145829145729,0.999968478909019,"97.5th percentile"
43.8826582914573,5.89145829145729,0.999970992659671,"97.5th percentile"
43.9672572864322,5.89145829145729,0.999981362700288,"97.5th percentile"
44.051856281407,5.89145829145729,0.999984131259223,"97.5th percentile"
44.1364552763819,5.89145829145729,0.999987950449613,"97.5th percentile"
44.2210542713568,5.89145829145729,0.999991428192647,"97.5th percentile"
44.3056532663317,5.89145829145729,0.999995229094876,"97.5th percentile"
44.3902522613065,5.89145829145729,0.999995146720202,"97.5th percentile"
44.4748512562814,5.89145829145729,0.999996392816125,"97.5th percentile"
44.5594502512563,5.89145829145729,0.999997271049637,"97.5th percentile"
44.6440492462312,5.89145829145729,0.999998050250448,"97.5th percentile"
44.728648241206,5.89145829145729,0.999998601130062,"97.5th percentile"
44.8132472361809,5.89145829145729,0.999998874470864,"97.5th percentile"
44.8978462311558,5.89145829145729,0.999998966504631,"97.5th percentile"
44.9824452261307,5.89145829145729,0.999998783287325,"97.5th percentile"
45.0670442211055,5.89145829145729,0.999998731902099,"97.5th percentile"
45.1516432160804,5.89145829145729,0.999998773396561,"97.5th percentile"
45.2362422110553,5.89145829145729,0.999998684583213,"97.5th percentile"
45.3208412060302,5.89145829145729,0.999998688079682,"97.5th percentile"
45.405440201005,5.89145829145729,0.999998793048572,"97.5th percentile"
45.4900391959799,5.89145829145729,0.999998843326638,"97.5th percentile"
45.5746381909548,5.89145829145729,0.999998873052529,"97.5th percentile"
45.6592371859296,5.89145829145729,0.999998883218876,"97.5th percentile"
45.7438361809045,5.89145829145729,0.999999051170368,"97.5th percentile"
35.0843628140704,5.95948492462312,0.923810045555057,"97.5th percentile"
35.1689618090452,5.95948492462312,0.897257763534939,"97.5th percentile"
35.2535608040201,5.95948492462312,0.866257852265922,"97.5th percentile"
35.338159798995,5.95948492462312,0.821162574043603,"97.5th percentile"
35.4227587939698,5.95948492462312,0.739996488702536,"97.5th percentile"
35.5073577889447,5.95948492462312,0.63044047120669,"97.5th percentile"
35.5919567839196,5.95948492462312,0.547823234367476,"97.5th percentile"
35.6765557788945,5.95948492462312,0.47714654376033,"97.5th percentile"
35.7611547738694,5.95948492462312,0.396809152817933,"97.5th percentile"
35.8457537688442,5.95948492462312,0.402020075187885,"97.5th percentile"
35.9303527638191,5.95948492462312,0.399732911732746,"97.5th percentile"
36.014951758794,5.95948492462312,0.335809134402746,"97.5th percentile"
36.0995507537688,5.95948492462312,0.40444719264215,"97.5th percentile"
36.1841497487437,5.95948492462312,0.410942621936747,"97.5th percentile"
36.2687487437186,5.95948492462312,0.404215435781705,"97.5th percentile"
36.3533477386935,5.95948492462312,0.381240446061949,"97.5th percentile"
36.4379467336683,5.95948492462312,0.340817315360452,"97.5th percentile"
36.5225457286432,5.95948492462312,0.306620434711519,"97.5th percentile"
36.6071447236181,5.95948492462312,0.304312564802475,"97.5th percentile"
36.691743718593,5.95948492462312,0.31373135217686,"97.5th percentile"
36.7763427135678,5.95948492462312,0.325958616590376,"97.5th percentile"
36.8609417085427,5.95948492462312,0.346067077756339,"97.5th percentile"
36.9455407035176,5.95948492462312,0.359939647165259,"97.5th percentile"
37.0301396984925,5.95948492462312,0.344927205836519,"97.5th percentile"
37.1147386934673,5.95948492462312,0.304098759360853,"97.5th percentile"
37.1993376884422,5.95948492462312,0.277759993030975,"97.5th percentile"
37.2839366834171,5.95948492462312,0.248911813900395,"97.5th percentile"
37.368535678392,5.95948492462312,0.264891657099162,"97.5th percentile"
37.4531346733668,5.95948492462312,0.293878429181161,"97.5th percentile"
37.5377336683417,5.95948492462312,0.3031282189968,"97.5th percentile"
37.6223326633166,5.95948492462312,0.305326719637802,"97.5th percentile"
37.7069316582915,5.95948492462312,0.308266892602906,"97.5th percentile"
37.7915306532663,5.95948492462312,0.309724587460921,"97.5th percentile"
37.8761296482412,5.95948492462312,0.310033155747884,"97.5th percentile"
37.9607286432161,5.95948492462312,0.295697435427381,"97.5th percentile"
38.045327638191,5.95948492462312,0.283530485740632,"97.5th percentile"
38.1299266331658,5.95948492462312,0.28537271689451,"97.5th percentile"
38.2145256281407,5.95948492462312,0.260454559892743,"97.5th percentile"
38.2991246231156,5.95948492462312,0.252798052065502,"97.5th percentile"
38.3837236180904,5.95948492462312,0.240452537643892,"97.5th percentile"
38.4683226130653,5.95948492462312,0.232976582680643,"97.5th percentile"
38.5529216080402,5.95948492462312,0.248994105545266,"97.5th percentile"
38.6375206030151,5.95948492462312,0.239096936102103,"97.5th percentile"
38.72211959799,5.95948492462312,0.247060815024503,"97.5th percentile"
38.8067185929648,5.95948492462312,0.259396473028532,"97.5th percentile"
38.8913175879397,5.95948492462312,0.249219322777546,"97.5th percentile"
38.9759165829146,5.95948492462312,0.2465251457078,"97.5th percentile"
39.0605155778894,5.95948492462312,0.263978257202905,"97.5th percentile"
39.1451145728643,5.95948492462312,0.298639911227228,"97.5th percentile"
39.2297135678392,5.95948492462312,0.333433415603565,"97.5th percentile"
39.3143125628141,5.95948492462312,0.369145134373543,"97.5th percentile"
39.3989115577889,5.95948492462312,0.38776956607052,"97.5th percentile"
39.4835105527638,5.95948492462312,0.44463274492955,"97.5th percentile"
39.5681095477387,5.95948492462312,0.443461009115915,"97.5th percentile"
39.6527085427136,5.95948492462312,0.467940959146343,"97.5th percentile"
39.7373075376884,5.95948492462312,0.50048188752199,"97.5th percentile"
39.8219065326633,5.95948492462312,0.533027392191356,"97.5th percentile"
39.9065055276382,5.95948492462312,0.580763650041034,"97.5th percentile"
39.9911045226131,5.95948492462312,0.590555023203675,"97.5th percentile"
40.0757035175879,5.95948492462312,0.650505342877819,"97.5th percentile"
40.1603025125628,5.95948492462312,0.652968459366952,"97.5th percentile"
40.2449015075377,5.95948492462312,0.674906231681464,"97.5th percentile"
40.3295005025126,5.95948492462312,0.701440235026123,"97.5th percentile"
40.4140994974874,5.95948492462312,0.724720919420194,"97.5th percentile"
40.4986984924623,5.95948492462312,0.721048496586052,"97.5th percentile"
40.5832974874372,5.95948492462312,0.74471247355106,"97.5th percentile"
40.6678964824121,5.95948492462312,0.769322768613821,"97.5th percentile"
40.7524954773869,5.95948492462312,0.797861513031281,"97.5th percentile"
40.8370944723618,5.95948492462312,0.822016123457084,"97.5th percentile"
40.9216934673367,5.95948492462312,0.846296397040514,"97.5th percentile"
41.0062924623116,5.95948492462312,0.869744800737744,"97.5th percentile"
41.0908914572864,5.95948492462312,0.890519251813027,"97.5th percentile"
41.1754904522613,5.95948492462312,0.908094596603746,"97.5th percentile"
41.2600894472362,5.95948492462312,0.922883319858044,"97.5th percentile"
41.344688442211,5.95948492462312,0.937030865173408,"97.5th percentile"
41.4292874371859,5.95948492462312,0.946699174593379,"97.5th percentile"
41.5138864321608,5.95948492462312,0.953455323136548,"97.5th percentile"
41.5984854271357,5.95948492462312,0.960649455312186,"97.5th percentile"
41.6830844221106,5.95948492462312,0.968305369148863,"97.5th percentile"
41.7676834170854,5.95948492462312,0.972225013668835,"97.5th percentile"
41.8522824120603,5.95948492462312,0.981419260766787,"97.5th percentile"
41.9368814070352,5.95948492462312,0.982077549230588,"97.5th percentile"
42.02148040201,5.95948492462312,0.986556502402697,"97.5th percentile"
42.1060793969849,5.95948492462312,0.989221150625017,"97.5th percentile"
42.1906783919598,5.95948492462312,0.992021687433377,"97.5th percentile"
42.2752773869347,5.95948492462312,0.993538958007434,"97.5th percentile"
42.3598763819095,5.95948492462312,0.995162483289352,"97.5th percentile"
42.4444753768844,5.95948492462312,0.996096772024327,"97.5th percentile"
42.5290743718593,5.95948492462312,0.997102742842116,"97.5th percentile"
42.6136733668342,5.95948492462312,0.997853683206001,"97.5th percentile"
42.698272361809,5.95948492462312,0.998458920592351,"97.5th percentile"
42.7828713567839,5.95948492462312,0.99889831852309,"97.5th percentile"
42.8674703517588,5.95948492462312,0.999272912491013,"97.5th percentile"
42.9520693467337,5.95948492462312,0.999468323115137,"97.5th percentile"
43.0366683417085,5.95948492462312,0.99957091503676,"97.5th percentile"
43.1212673366834,5.95948492462312,0.999659243898671,"97.5th percentile"
43.2058663316583,5.95948492462312,0.999714898304376,"97.5th percentile"
43.2904653266332,5.95948492462312,0.99983278517451,"97.5th percentile"
43.375064321608,5.95948492462312,0.999869271350832,"97.5th percentile"
43.4596633165829,5.95948492462312,0.999904098267739,"97.5th percentile"
43.5442623115578,5.95948492462312,0.999919365621338,"97.5th percentile"
43.6288613065327,5.95948492462312,0.999946994101285,"97.5th percentile"
43.7134603015075,5.95948492462312,0.999958932363132,"97.5th percentile"
43.7980592964824,5.95948492462312,0.99995877167045,"97.5th percentile"
43.8826582914573,5.95948492462312,0.999968883149579,"97.5th percentile"
43.9672572864322,5.95948492462312,0.99998073935615,"97.5th percentile"
44.051856281407,5.95948492462312,0.999982940956897,"97.5th percentile"
44.1364552763819,5.95948492462312,0.999987136278345,"97.5th percentile"
44.2210542713568,5.95948492462312,0.999991519087268,"97.5th percentile"
44.3056532663317,5.95948492462312,0.999994100813953,"97.5th percentile"
44.3902522613065,5.95948492462312,0.999995138602227,"97.5th percentile"
44.4748512562814,5.95948492462312,0.999996743105897,"97.5th percentile"
44.5594502512563,5.95948492462312,0.999997239362706,"97.5th percentile"
44.6440492462312,5.95948492462312,0.999997971148167,"97.5th percentile"
44.728648241206,5.95948492462312,0.9999983954784,"97.5th percentile"
44.8132472361809,5.95948492462312,0.999998774154484,"97.5th percentile"
44.8978462311558,5.95948492462312,0.99999869823415,"97.5th percentile"
44.9824452261307,5.95948492462312,0.99999862585226,"97.5th percentile"
45.0670442211055,5.95948492462312,0.999998597825963,"97.5th percentile"
45.1516432160804,5.95948492462312,0.999998550629942,"97.5th percentile"
45.2362422110553,5.95948492462312,0.999998533690528,"97.5th percentile"
45.3208412060302,5.95948492462312,0.99999884176891,"97.5th percentile"
45.405440201005,5.95948492462312,0.99999858851754,"97.5th percentile"
45.4900391959799,5.95948492462312,0.999998761179493,"97.5th percentile"
45.5746381909548,5.95948492462312,0.999998870045641,"97.5th percentile"
45.6592371859296,5.95948492462312,0.999998871863766,"97.5th percentile"
45.7438361809045,5.95948492462312,0.999998855740927,"97.5th percentile"
45.8284351758794,5.95948492462312,0.99999906665286,"97.5th percentile"
35.0843628140704,6.02751155778894,0.905852366455516,"97.5th percentile"
35.1689618090452,6.02751155778894,0.861783679585076,"97.5th percentile"
35.2535608040201,6.02751155778894,0.824454120983337,"97.5th percentile"
35.338159798995,6.02751155778894,0.745743469339612,"97.5th percentile"
35.4227587939698,6.02751155778894,0.664903215879075,"97.5th percentile"
35.5073577889447,6.02751155778894,0.569315447725648,"97.5th percentile"
35.5919567839196,6.02751155778894,0.495380288261681,"97.5th percentile"
35.6765557788945,6.02751155778894,0.429897773291601,"97.5th percentile"
35.7611547738694,6.02751155778894,0.398982562273157,"97.5th percentile"
35.8457537688442,6.02751155778894,0.40128331193427,"97.5th percentile"
35.9303527638191,6.02751155778894,0.400221215464349,"97.5th percentile"
36.014951758794,6.02751155778894,0.330544548725531,"97.5th percentile"
36.0995507537688,6.02751155778894,0.341489768330108,"97.5th percentile"
36.1841497487437,6.02751155778894,0.41192433949428,"97.5th percentile"
36.2687487437186,6.02751155778894,0.341351795344064,"97.5th percentile"
36.3533477386935,6.02751155778894,0.344666671460939,"97.5th percentile"
36.4379467336683,6.02751155778894,0.363171142333818,"97.5th percentile"
36.5225457286432,6.02751155778894,0.333909642731385,"97.5th percentile"
36.6071447236181,6.02751155778894,0.33755891217683,"97.5th percentile"
36.691743718593,6.02751155778894,0.32887263131765,"97.5th percentile"
36.7763427135678,6.02751155778894,0.310449423951151,"97.5th percentile"
36.8609417085427,6.02751155778894,0.331844642883084,"97.5th percentile"
36.9455407035176,6.02751155778894,0.356702181918759,"97.5th percentile"
37.0301396984925,6.02751155778894,0.358689311212609,"97.5th percentile"
37.1147386934673,6.02751155778894,0.295033854229122,"97.5th percentile"
37.1993376884422,6.02751155778894,0.257085287950608,"97.5th percentile"
37.2839366834171,6.02751155778894,0.261030368877491,"97.5th percentile"
37.368535678392,6.02751155778894,0.263143222827451,"97.5th percentile"
37.4531346733668,6.02751155778894,0.282586723699422,"97.5th percentile"
37.5377336683417,6.02751155778894,0.33864844063445,"97.5th percentile"
37.6223326633166,6.02751155778894,0.523632982387437,"97.5th percentile"
37.7069316582915,6.02751155778894,0.400121619040098,"97.5th percentile"
37.7915306532663,6.02751155778894,0.311980121062205,"97.5th percentile"
37.8761296482412,6.02751155778894,0.303805318951496,"97.5th percentile"
37.9607286432161,6.02751155778894,0.31371421094605,"97.5th percentile"
38.045327638191,6.02751155778894,0.298660450600233,"97.5th percentile"
38.1299266331658,6.02751155778894,0.277587339282181,"97.5th percentile"
38.2145256281407,6.02751155778894,0.258249001315607,"97.5th percentile"
38.2991246231156,6.02751155778894,0.239629642381305,"97.5th percentile"
38.3837236180904,6.02751155778894,0.232329539544451,"97.5th percentile"
38.4683226130653,6.02751155778894,0.245588328194794,"97.5th percentile"
38.5529216080402,6.02751155778894,0.245242838684999,"97.5th percentile"
38.6375206030151,6.02751155778894,0.236479692908659,"97.5th percentile"
38.72211959799,6.02751155778894,0.250627223589317,"97.5th percentile"
38.8067185929648,6.02751155778894,0.237985546148482,"97.5th percentile"
38.8913175879397,6.02751155778894,0.251137882773021,"97.5th percentile"
38.9759165829146,6.02751155778894,0.236018188639753,"97.5th percentile"
39.0605155778894,6.02751155778894,0.22767730130245,"97.5th percentile"
39.1451145728643,6.02751155778894,0.256762923097646,"97.5th percentile"
39.2297135678392,6.02751155778894,0.288396269096029,"97.5th percentile"
39.3143125628141,6.02751155778894,0.306465248004101,"97.5th percentile"
39.3989115577889,6.02751155778894,0.341099849248226,"97.5th percentile"
39.4835105527638,6.02751155778894,0.384464963487176,"97.5th percentile"
39.5681095477387,6.02751155778894,0.389664746734189,"97.5th percentile"
39.6527085427136,6.02751155778894,0.422600913937566,"97.5th percentile"
39.7373075376884,6.02751155778894,0.442207668573498,"97.5th percentile"
39.8219065326633,6.02751155778894,0.473125659892408,"97.5th percentile"
39.9065055276382,6.02751155778894,0.496349996828228,"97.5th percentile"
39.9911045226131,6.02751155778894,0.525197947311391,"97.5th percentile"
40.0757035175879,6.02751155778894,0.613412186318223,"97.5th percentile"
40.1603025125628,6.02751155778894,0.597162513017015,"97.5th percentile"
40.2449015075377,6.02751155778894,0.613721772501681,"97.5th percentile"
40.3295005025126,6.02751155778894,0.645542459189783,"97.5th percentile"
40.4140994974874,6.02751155778894,0.670968377263742,"97.5th percentile"
40.4986984924623,6.02751155778894,0.671723163262786,"97.5th percentile"
40.5832974874372,6.02751155778894,0.691815953558038,"97.5th percentile"
40.6678964824121,6.02751155778894,0.720035607733391,"97.5th percentile"
40.7524954773869,6.02751155778894,0.752204419738508,"97.5th percentile"
40.8370944723618,6.02751155778894,0.782438496021387,"97.5th percentile"
40.9216934673367,6.02751155778894,0.812912724024575,"97.5th percentile"
41.0062924623116,6.02751155778894,0.838100502265091,"97.5th percentile"
41.0908914572864,6.02751155778894,0.859769899809942,"97.5th percentile"
41.1754904522613,6.02751155778894,0.884051881360947,"97.5th percentile"
41.2600894472362,6.02751155778894,0.900566722812989,"97.5th percentile"
41.344688442211,6.02751155778894,0.919744570166704,"97.5th percentile"
41.4292874371859,6.02751155778894,0.928257255165561,"97.5th percentile"
41.5138864321608,6.02751155778894,0.93983659538474,"97.5th percentile"
41.5984854271357,6.02751155778894,0.94847894219705,"97.5th percentile"
41.6830844221106,6.02751155778894,0.959131559139046,"97.5th percentile"
41.7676834170854,6.02751155778894,0.968091122737356,"97.5th percentile"
41.8522824120603,6.02751155778894,0.972725246760436,"97.5th percentile"
41.9368814070352,6.02751155778894,0.979982282610195,"97.5th percentile"
42.02148040201,6.02751155778894,0.983608181157019,"97.5th percentile"
42.1060793969849,6.02751155778894,0.987853142044963,"97.5th percentile"
42.1906783919598,6.02751155778894,0.990315470087909,"97.5th percentile"
42.2752773869347,6.02751155778894,0.992379888422481,"97.5th percentile"
42.3598763819095,6.02751155778894,0.994191322131293,"97.5th percentile"
42.4444753768844,6.02751155778894,0.995565153338094,"97.5th percentile"
42.5290743718593,6.02751155778894,0.996652680228353,"97.5th percentile"
42.6136733668342,6.02751155778894,0.997451013213814,"97.5th percentile"
42.698272361809,6.02751155778894,0.998245489951961,"97.5th percentile"
42.7828713567839,6.02751155778894,0.998756681998642,"97.5th percentile"
42.8674703517588,6.02751155778894,0.999100802046162,"97.5th percentile"
42.9520693467337,6.02751155778894,0.999358051956921,"97.5th percentile"
43.0366683417085,6.02751155778894,0.99941268892635,"97.5th percentile"
43.1212673366834,6.02751155778894,0.99967133010649,"97.5th percentile"
43.2058663316583,6.02751155778894,0.999667826831292,"97.5th percentile"
43.2904653266332,6.02751155778894,0.999810457648257,"97.5th percentile"
43.375064321608,6.02751155778894,0.999844312462962,"97.5th percentile"
43.4596633165829,6.02751155778894,0.999889965915253,"97.5th percentile"
43.5442623115578,6.02751155778894,0.99991703476583,"97.5th percentile"
43.6288613065327,6.02751155778894,0.999943099497157,"97.5th percentile"
43.7134603015075,6.02751155778894,0.999957358945787,"97.5th percentile"
43.7980592964824,6.02751155778894,0.99995620236321,"97.5th percentile"
43.8826582914573,6.02751155778894,0.999966802801777,"97.5th percentile"
43.9672572864322,6.02751155778894,0.99997753818955,"97.5th percentile"
44.051856281407,6.02751155778894,0.999983407028718,"97.5th percentile"
44.1364552763819,6.02751155778894,0.999990059461983,"97.5th percentile"
44.2210542713568,6.02751155778894,0.999990154729491,"97.5th percentile"
44.3056532663317,6.02751155778894,0.999992931276052,"97.5th percentile"
44.3902522613065,6.02751155778894,0.999996086222091,"97.5th percentile"
44.4748512562814,6.02751155778894,0.999996518285313,"97.5th percentile"
44.5594502512563,6.02751155778894,0.999997263209568,"97.5th percentile"
44.6440492462312,6.02751155778894,0.99999779404541,"97.5th percentile"
44.728648241206,6.02751155778894,0.999998317802904,"97.5th percentile"
44.8132472361809,6.02751155778894,0.999998637017511,"97.5th percentile"
44.8978462311558,6.02751155778894,0.999998554873112,"97.5th percentile"
44.9824452261307,6.02751155778894,0.999998472826441,"97.5th percentile"
45.0670442211055,6.02751155778894,0.999998425925591,"97.5th percentile"
45.1516432160804,6.02751155778894,0.999998404425141,"97.5th percentile"
45.2362422110553,6.02751155778894,0.999998833895291,"97.5th percentile"
45.3208412060302,6.02751155778894,0.99999884778683,"97.5th percentile"
45.405440201005,6.02751155778894,0.999998844575606,"97.5th percentile"
45.4900391959799,6.02751155778894,0.999998834055876,"97.5th percentile"
45.5746381909548,6.02751155778894,0.99999854997531,"97.5th percentile"
45.6592371859296,6.02751155778894,0.999998643976255,"97.5th percentile"
45.7438361809045,6.02751155778894,0.999998741069396,"97.5th percentile"
45.8284351758794,6.02751155778894,0.999998855662511,"97.5th percentile"
45.9130341708543,6.02751155778894,0.999999237942957,"97.5th percentile"
34.9997638190955,6.09553819095477,0.92626661913207,"97.5th percentile"
35.0843628140704,6.09553819095477,0.879389382012726,"97.5th percentile"
35.1689618090452,6.09553819095477,0.830868607199245,"97.5th percentile"
35.2535608040201,6.09553819095477,0.765543377943352,"97.5th percentile"
35.338159798995,6.09553819095477,0.685998349279507,"97.5th percentile"
35.4227587939698,6.09553819095477,0.617388611984456,"97.5th percentile"
35.5073577889447,6.09553819095477,0.524081942057149,"97.5th percentile"
35.5919567839196,6.09553819095477,0.434914048919733,"97.5th percentile"
35.6765557788945,6.09553819095477,0.366772898170674,"97.5th percentile"
35.7611547738694,6.09553819095477,0.389674561766382,"97.5th percentile"
35.8457537688442,6.09553819095477,0.353268634489185,"97.5th percentile"
35.9303527638191,6.09553819095477,0.328602831866542,"97.5th percentile"
36.014951758794,6.09553819095477,0.366569271043016,"97.5th percentile"
36.0995507537688,6.09553819095477,0.325215802130768,"97.5th percentile"
36.1841497487437,6.09553819095477,0.335484309805838,"97.5th percentile"
36.2687487437186,6.09553819095477,0.344094871408455,"97.5th percentile"
36.3533477386935,6.09553819095477,0.362275094966485,"97.5th percentile"
36.4379467336683,6.09553819095477,0.401731121432685,"97.5th percentile"
36.5225457286432,6.09553819095477,0.35122121715992,"97.5th percentile"
36.6071447236181,6.09553819095477,0.336558161167468,"97.5th percentile"
36.691743718593,6.09553819095477,0.35716487433576,"97.5th percentile"
36.7763427135678,6.09553819095477,0.320261245361134,"97.5th percentile"
36.8609417085427,6.09553819095477,0.32378598095667,"97.5th percentile"
36.9455407035176,6.09553819095477,0.33178436481228,"97.5th percentile"
37.0301396984925,6.09553819095477,0.337861229894109,"97.5th percentile"
37.1147386934673,6.09553819095477,0.30957565148996,"97.5th percentile"
37.1993376884422,6.09553819095477,0.26870293775287,"97.5th percentile"
37.2839366834171,6.09553819095477,0.26686015400712,"97.5th percentile"
37.368535678392,6.09553819095477,0.304684943079432,"97.5th percentile"
37.4531346733668,6.09553819095477,0.285422038368918,"97.5th percentile"
37.5377336683417,6.09553819095477,0.281432408319917,"97.5th percentile"
37.6223326633166,6.09553819095477,0.485880307435039,"97.5th percentile"
37.7069316582915,6.09553819095477,0.521019982063119,"97.5th percentile"
37.7915306532663,6.09553819095477,0.404388769749925,"97.5th percentile"
37.8761296482412,6.09553819095477,0.300939952767591,"97.5th percentile"
37.9607286432161,6.09553819095477,0.315526585587751,"97.5th percentile"
38.045327638191,6.09553819095477,0.321733526681903,"97.5th percentile"
38.1299266331658,6.09553819095477,0.286763818159685,"97.5th percentile"
38.2145256281407,6.09553819095477,0.281489436925964,"97.5th percentile"
38.2991246231156,6.09553819095477,0.274930956977139,"97.5th percentile"
38.3837236180904,6.09553819095477,0.242375322852297,"97.5th percentile"
38.4683226130653,6.09553819095477,0.242759899358763,"97.5th percentile"
38.5529216080402,6.09553819095477,0.241640664583406,"97.5th percentile"
38.6375206030151,6.09553819095477,0.248164820853276,"97.5th percentile"
38.72211959799,6.09553819095477,0.224949105338605,"97.5th percentile"
38.8067185929648,6.09553819095477,0.256157402739653,"97.5th percentile"
38.8913175879397,6.09553819095477,0.252991572831173,"97.5th percentile"
38.9759165829146,6.09553819095477,0.233657272339995,"97.5th percentile"
39.0605155778894,6.09553819095477,0.237453941063475,"97.5th percentile"
39.1451145728643,6.09553819095477,0.235085489497639,"97.5th percentile"
39.2297135678392,6.09553819095477,0.243492652642763,"97.5th percentile"
39.3143125628141,6.09553819095477,0.257615556716068,"97.5th percentile"
39.3989115577889,6.09553819095477,0.294369359693418,"97.5th percentile"
39.4835105527638,6.09553819095477,0.312790537146024,"97.5th percentile"
39.5681095477387,6.09553819095477,0.332558219055966,"97.5th percentile"
39.6527085427136,6.09553819095477,0.366619589325222,"97.5th percentile"
39.7373075376884,6.09553819095477,0.399699450023514,"97.5th percentile"
39.8219065326633,6.09553819095477,0.411203399950892,"97.5th percentile"
39.9065055276382,6.09553819095477,0.447823391840704,"97.5th percentile"
39.9911045226131,6.09553819095477,0.477141357019441,"97.5th percentile"
40.0757035175879,6.09553819095477,0.510266750620001,"97.5th percentile"
40.1603025125628,6.09553819095477,0.58835448315977,"97.5th percentile"
40.2449015075377,6.09553819095477,0.55111599855344,"97.5th percentile"
40.3295005025126,6.09553819095477,0.581634535226402,"97.5th percentile"
40.4140994974874,6.09553819095477,0.611468261080092,"97.5th percentile"
40.4986984924623,6.09553819095477,0.620879658633308,"97.5th percentile"
40.5832974874372,6.09553819095477,0.640782630433612,"97.5th percentile"
40.6678964824121,6.09553819095477,0.667853802470101,"97.5th percentile"
40.7524954773869,6.09553819095477,0.703188567290947,"97.5th percentile"
40.8370944723618,6.09553819095477,0.738435864470602,"97.5th percentile"
40.9216934673367,6.09553819095477,0.770281538627931,"97.5th percentile"
41.0062924623116,6.09553819095477,0.801756383643025,"97.5th percentile"
41.0908914572864,6.09553819095477,0.833041293171717,"97.5th percentile"
41.1754904522613,6.09553819095477,0.868924331250275,"97.5th percentile"
41.2600894472362,6.09553819095477,0.895769722801919,"97.5th percentile"
41.344688442211,6.09553819095477,0.893979525977448,"97.5th percentile"
41.4292874371859,6.09553819095477,0.91083471784392,"97.5th percentile"
41.5138864321608,6.09553819095477,0.922856117017875,"97.5th percentile"
41.5984854271357,6.09553819095477,0.935478046564692,"97.5th percentile"
41.6830844221106,6.09553819095477,0.95081807222849,"97.5th percentile"
41.7676834170854,6.09553819095477,0.961169526444424,"97.5th percentile"
41.8522824120603,6.09553819095477,0.970629320893015,"97.5th percentile"
41.9368814070352,6.09553819095477,0.974994475423956,"97.5th percentile"
42.02148040201,6.09553819095477,0.98296400953616,"97.5th percentile"
42.1060793969849,6.09553819095477,0.985292521373697,"97.5th percentile"
42.1906783919598,6.09553819095477,0.988662613690497,"97.5th percentile"
42.2752773869347,6.09553819095477,0.991478600513351,"97.5th percentile"
42.3598763819095,6.09553819095477,0.993484729154466,"97.5th percentile"
42.4444753768844,6.09553819095477,0.995106773856469,"97.5th percentile"
42.5290743718593,6.09553819095477,0.996365615130073,"97.5th percentile"
42.6136733668342,6.09553819095477,0.99724414874402,"97.5th percentile"
42.698272361809,6.09553819095477,0.997924967340559,"97.5th percentile"
42.7828713567839,6.09553819095477,0.998614508839122,"97.5th percentile"
42.8674703517588,6.09553819095477,0.998963519542883,"97.5th percentile"
42.9520693467337,6.09553819095477,0.999354148824334,"97.5th percentile"
43.0366683417085,6.09553819095477,0.999526143585323,"97.5th percentile"
43.1212673366834,6.09553819095477,0.999514090812306,"97.5th percentile"
43.2058663316583,6.09553819095477,0.999708937806248,"97.5th percentile"
43.2904653266332,6.09553819095477,0.999793723218806,"97.5th percentile"
43.375064321608,6.09553819095477,0.999833624105964,"97.5th percentile"
43.4596633165829,6.09553819095477,0.999889390449766,"97.5th percentile"
43.5442623115578,6.09553819095477,0.999912134869138,"97.5th percentile"
43.6288613065327,6.09553819095477,0.999939858189756,"97.5th percentile"
43.7134603015075,6.09553819095477,0.999955090624483,"97.5th percentile"
43.7980592964824,6.09553819095477,0.999952708755855,"97.5th percentile"
43.8826582914573,6.09553819095477,0.999969942081141,"97.5th percentile"
43.9672572864322,6.09553819095477,0.999975826191243,"97.5th percentile"
44.051856281407,6.09553819095477,0.999981126246183,"97.5th percentile"
44.1364552763819,6.09553819095477,0.999985880193222,"97.5th percentile"
44.2210542713568,6.09553819095477,0.999990123824322,"97.5th percentile"
44.3056532663317,6.09553819095477,0.999992617710441,"97.5th percentile"
44.3902522613065,6.09553819095477,0.999994423089225,"97.5th percentile"
44.4748512562814,6.09553819095477,0.999995716804725,"97.5th percentile"
44.5594502512563,6.09553819095477,0.999997141614991,"97.5th percentile"
44.6440492462312,6.09553819095477,0.999997725023904,"97.5th percentile"
44.728648241206,6.09553819095477,0.999998228240029,"97.5th percentile"
44.8132472361809,6.09553819095477,0.999998489862617,"97.5th percentile"
44.8978462311558,6.09553819095477,0.999998390047833,"97.5th percentile"
44.9824452261307,6.09553819095477,0.999998310800689,"97.5th percentile"
45.0670442211055,6.09553819095477,0.999998290425285,"97.5th percentile"
45.1516432160804,6.09553819095477,0.99999842443659,"97.5th percentile"
45.2362422110553,6.09553819095477,0.999998628914794,"97.5th percentile"
45.3208412060302,6.09553819095477,0.999998762015463,"97.5th percentile"
45.405440201005,6.09553819095477,0.999998664008975,"97.5th percentile"
45.4900391959799,6.09553819095477,0.999998494377645,"97.5th percentile"
45.5746381909548,6.09553819095477,0.999998536691867,"97.5th percentile"
45.6592371859296,6.09553819095477,0.999998520678372,"97.5th percentile"
45.7438361809045,6.09553819095477,0.999999000425583,"97.5th percentile"
45.8284351758794,6.09553819095477,0.999998808203748,"97.5th percentile"
45.9130341708543,6.09553819095477,0.999999068111264,"97.5th percentile"
34.9997638190955,6.1635648241206,0.897876182152459,"97.5th percentile"
35.0843628140704,6.1635648241206,0.847286710504387,"97.5th percentile"
35.1689618090452,6.1635648241206,0.813246297267686,"97.5th percentile"
35.2535608040201,6.1635648241206,0.724851171388398,"97.5th percentile"
35.338159798995,6.1635648241206,0.63502130481155,"97.5th percentile"
35.4227587939698,6.1635648241206,0.560235062756898,"97.5th percentile"
35.5073577889447,6.1635648241206,0.480293067549225,"97.5th percentile"
35.5919567839196,6.1635648241206,0.391093805893248,"97.5th percentile"
35.6765557788945,6.1635648241206,0.336458915267486,"97.5th percentile"
35.7611547738694,6.1635648241206,0.324925085707072,"97.5th percentile"
35.8457537688442,6.1635648241206,0.392587298533,"97.5th percentile"
35.9303527638191,6.1635648241206,0.352653711330794,"97.5th percentile"
36.014951758794,6.1635648241206,0.331119083560696,"97.5th percentile"
36.0995507537688,6.1635648241206,0.381943813028263,"97.5th percentile"
36.1841497487437,6.1635648241206,0.372601824322379,"97.5th percentile"
36.2687487437186,6.1635648241206,0.34853108929896,"97.5th percentile"
36.3533477386935,6.1635648241206,0.350680404854998,"97.5th percentile"
36.4379467336683,6.1635648241206,0.362960827623881,"97.5th percentile"
36.5225457286432,6.1635648241206,0.347843905346819,"97.5th percentile"
36.6071447236181,6.1635648241206,0.342667688876408,"97.5th percentile"
36.691743718593,6.1635648241206,0.336159373630496,"97.5th percentile"
36.7763427135678,6.1635648241206,0.353836010361945,"97.5th percentile"
36.8609417085427,6.1635648241206,0.334141586288624,"97.5th percentile"
36.9455407035176,6.1635648241206,0.348650168060043,"97.5th percentile"
37.0301396984925,6.1635648241206,0.342940306500042,"97.5th percentile"
37.1147386934673,6.1635648241206,0.327173470973066,"97.5th percentile"
37.1993376884422,6.1635648241206,0.269683533908964,"97.5th percentile"
37.2839366834171,6.1635648241206,0.25727360441395,"97.5th percentile"
37.368535678392,6.1635648241206,0.278619595923912,"97.5th percentile"
37.4531346733668,6.1635648241206,0.292537610997529,"97.5th percentile"
37.5377336683417,6.1635648241206,0.280822268279713,"97.5th percentile"
37.6223326633166,6.1635648241206,0.292987683412411,"97.5th percentile"
37.7069316582915,6.1635648241206,0.475069080525341,"97.5th percentile"
37.7915306532663,6.1635648241206,0.518423893233351,"97.5th percentile"
37.8761296482412,6.1635648241206,0.320641501682711,"97.5th percentile"
37.9607286432161,6.1635648241206,0.308598816277408,"97.5th percentile"
38.045327638191,6.1635648241206,0.307190692365899,"97.5th percentile"
38.1299266331658,6.1635648241206,0.279640944701163,"97.5th percentile"
38.2145256281407,6.1635648241206,0.291601912572639,"97.5th percentile"
38.2991246231156,6.1635648241206,0.265500894851468,"97.5th percentile"
38.3837236180904,6.1635648241206,0.24473274599139,"97.5th percentile"
38.4683226130653,6.1635648241206,0.246545169886279,"97.5th percentile"
38.5529216080402,6.1635648241206,0.240443117180308,"97.5th percentile"
38.6375206030151,6.1635648241206,0.257174351321676,"97.5th percentile"
38.72211959799,6.1635648241206,0.234476859525897,"97.5th percentile"
38.8067185929648,6.1635648241206,0.226789995917126,"97.5th percentile"
38.8913175879397,6.1635648241206,0.257981826670365,"97.5th percentile"
38.9759165829146,6.1635648241206,0.237794408684225,"97.5th percentile"
39.0605155778894,6.1635648241206,0.243489178778332,"97.5th percentile"
39.1451145728643,6.1635648241206,0.231658884209358,"97.5th percentile"
39.2297135678392,6.1635648241206,0.245072003643494,"97.5th percentile"
39.3143125628141,6.1635648241206,0.23643959642275,"97.5th percentile"
39.3989115577889,6.1635648241206,0.247191459059971,"97.5th percentile"
39.4835105527638,6.1635648241206,0.269531732276445,"97.5th percentile"
39.5681095477387,6.1635648241206,0.280162789562699,"97.5th percentile"
39.6527085427136,6.1635648241206,0.313197779293943,"97.5th percentile"
39.7373075376884,6.1635648241206,0.333437894339626,"97.5th percentile"
39.8219065326633,6.1635648241206,0.347015546930656,"97.5th percentile"
39.9065055276382,6.1635648241206,0.389751433485721,"97.5th percentile"
39.9911045226131,6.1635648241206,0.405434876948155,"97.5th percentile"
40.0757035175879,6.1635648241206,0.480479413154499,"97.5th percentile"
40.1603025125628,6.1635648241206,0.457343094554702,"97.5th percentile"
40.2449015075377,6.1635648241206,0.491061675082048,"97.5th percentile"
40.3295005025126,6.1635648241206,0.518620064568173,"97.5th percentile"
40.4140994974874,6.1635648241206,0.550327595965455,"97.5th percentile"
40.4986984924623,6.1635648241206,0.569400215739478,"97.5th percentile"
40.5832974874372,6.1635648241206,0.576418435198054,"97.5th percentile"
40.6678964824121,6.1635648241206,0.610068088517906,"97.5th percentile"
40.7524954773869,6.1635648241206,0.649994173905273,"97.5th percentile"
40.8370944723618,6.1635648241206,0.690445788807449,"97.5th percentile"
40.9216934673367,6.1635648241206,0.725576147244376,"97.5th percentile"
41.0062924623116,6.1635648241206,0.75798911734622,"97.5th percentile"
41.0908914572864,6.1635648241206,0.8415944464861,"97.5th percentile"
41.1754904522613,6.1635648241206,0.828545004844176,"97.5th percentile"
41.2600894472362,6.1635648241206,0.852523266703258,"97.5th percentile"
41.344688442211,6.1635648241206,0.87039222702365,"97.5th percentile"
41.4292874371859,6.1635648241206,0.88595386677487,"97.5th percentile"
41.5138864321608,6.1635648241206,0.906119218557104,"97.5th percentile"
41.5984854271357,6.1635648241206,0.928718460083918,"97.5th percentile"
41.6830844221106,6.1635648241206,0.939264776433071,"97.5th percentile"
41.7676834170854,6.1635648241206,0.952981037695225,"97.5th percentile"
41.8522824120603,6.1635648241206,0.963030592343105,"97.5th percentile"
41.9368814070352,6.1635648241206,0.972075336282122,"97.5th percentile"
42.02148040201,6.1635648241206,0.98068245949906,"97.5th percentile"
42.1060793969849,6.1635648241206,0.983685619531047,"97.5th percentile"
42.1906783919598,6.1635648241206,0.987299357932555,"97.5th percentile"
42.2752773869347,6.1635648241206,0.99037587891704,"97.5th percentile"
42.3598763819095,6.1635648241206,0.99289249313169,"97.5th percentile"
42.4444753768844,6.1635648241206,0.994714111296417,"97.5th percentile"
42.5290743718593,6.1635648241206,0.996067261464175,"97.5th percentile"
42.6136733668342,6.1635648241206,0.997313094302909,"97.5th percentile"
42.698272361809,6.1635648241206,0.997960014723956,"97.5th percentile"
42.7828713567839,6.1635648241206,0.998596604945119,"97.5th percentile"
42.8674703517588,6.1635648241206,0.998885978078573,"97.5th percentile"
42.9520693467337,6.1635648241206,0.999260355071803,"97.5th percentile"
43.0366683417085,6.1635648241206,0.99941688145871,"97.5th percentile"
43.1212673366834,6.1635648241206,0.99951281879255,"97.5th percentile"
43.2058663316583,6.1635648241206,0.999657716354631,"97.5th percentile"
43.2904653266332,6.1635648241206,0.999742708682776,"97.5th percentile"
43.375064321608,6.1635648241206,0.999821512995767,"97.5th percentile"
43.4596633165829,6.1635648241206,0.999878976551316,"97.5th percentile"
43.5442623115578,6.1635648241206,0.999911571936633,"97.5th percentile"
43.6288613065327,6.1635648241206,0.999936045494463,"97.5th percentile"
43.7134603015075,6.1635648241206,0.999952677558893,"97.5th percentile"
43.7980592964824,6.1635648241206,0.999959843638935,"97.5th percentile"
43.8826582914573,6.1635648241206,0.999962889611678,"97.5th percentile"
43.9672572864322,6.1635648241206,0.999974334157486,"97.5th percentile"
44.051856281407,6.1635648241206,0.999980399620297,"97.5th percentile"
44.1364552763819,6.1635648241206,0.99998808461487,"97.5th percentile"
44.2210542713568,6.1635648241206,0.999988889037626,"97.5th percentile"
44.3056532663317,6.1635648241206,0.999993146604939,"97.5th percentile"
44.3902522613065,6.1635648241206,0.999995329271027,"97.5th percentile"
44.4748512562814,6.1635648241206,0.999995528142648,"97.5th percentile"
44.5594502512563,6.1635648241206,0.99999688801423,"97.5th percentile"
44.6440492462312,6.1635648241206,0.999997542835345,"97.5th percentile"
44.728648241206,6.1635648241206,0.999998230405795,"97.5th percentile"
44.8132472361809,6.1635648241206,0.999998330197011,"97.5th percentile"
44.8978462311558,6.1635648241206,0.999998226561377,"97.5th percentile"
44.9824452261307,6.1635648241206,0.999998141167147,"97.5th percentile"
45.0670442211055,6.1635648241206,0.999998155194112,"97.5th percentile"
45.1516432160804,6.1635648241206,0.999998057071944,"97.5th percentile"
45.2362422110553,6.1635648241206,0.999998596216638,"97.5th percentile"
45.3208412060302,6.1635648241206,0.999998640770173,"97.5th percentile"
45.405440201005,6.1635648241206,0.999998585296933,"97.5th percentile"
45.4900391959799,6.1635648241206,0.999998213104285,"97.5th percentile"
45.5746381909548,6.1635648241206,0.999998268731255,"97.5th percentile"
45.6592371859296,6.1635648241206,0.999998417627942,"97.5th percentile"
45.7438361809045,6.1635648241206,0.999998946058048,"97.5th percentile"
45.8284351758794,6.1635648241206,0.999998749370806,"97.5th percentile"
45.9130341708543,6.1635648241206,0.999998965665626,"97.5th percentile"
45.9976331658291,6.1635648241206,0.999999066500347,"97.5th percentile"
34.9151648241206,6.23159145728643,0.922663533944781,"97.5th percentile"
34.9997638190955,6.23159145728643,0.868260515987782,"97.5th percentile"
35.0843628140704,6.23159145728643,0.825856627414474,"97.5th percentile"
35.1689618090452,6.23159145728643,0.766432529047417,"97.5th percentile"
35.2535608040201,6.23159145728643,0.689812495944549,"97.5th percentile"
35.338159798995,6.23159145728643,0.63958225353201,"97.5th percentile"
35.4227587939698,6.23159145728643,0.513496285864223,"97.5th percentile"
35.5073577889447,6.23159145728643,0.428336555888242,"97.5th percentile"
35.5919567839196,6.23159145728643,0.342455819085737,"97.5th percentile"
35.6765557788945,6.23159145728643,0.325979017877901,"97.5th percentile"
35.7611547738694,6.23159145728643,0.339599441818152,"97.5th percentile"
35.8457537688442,6.23159145728643,0.35133119841716,"97.5th percentile"
35.9303527638191,6.23159145728643,0.31756118963231,"97.5th percentile"
36.014951758794,6.23159145728643,0.347659008316206,"97.5th percentile"
36.0995507537688,6.23159145728643,0.330035296671255,"97.5th percentile"
36.1841497487437,6.23159145728643,0.354897601406822,"97.5th percentile"
36.2687487437186,6.23159145728643,0.349558585472108,"97.5th percentile"
36.3533477386935,6.23159145728643,0.342168060917052,"97.5th percentile"
36.4379467336683,6.23159145728643,0.366377395498149,"97.5th percentile"
36.5225457286432,6.23159145728643,0.33583465253108,"97.5th percentile"
36.6071447236181,6.23159145728643,0.323612877200868,"97.5th percentile"
36.691743718593,6.23159145728643,0.323581324001821,"97.5th percentile"
36.7763427135678,6.23159145728643,0.31995697461064,"97.5th percentile"
36.8609417085427,6.23159145728643,0.324039227992236,"97.5th percentile"
36.9455407035176,6.23159145728643,0.346598600556834,"97.5th percentile"
37.0301396984925,6.23159145728643,0.32885376735975,"97.5th percentile"
37.1147386934673,6.23159145728643,0.328832901863225,"97.5th percentile"
37.1993376884422,6.23159145728643,0.321225761951765,"97.5th percentile"
37.2839366834171,6.23159145728643,0.291575427838467,"97.5th percentile"
37.368535678392,6.23159145728643,0.284409582503681,"97.5th percentile"
37.4531346733668,6.23159145728643,0.330640993327495,"97.5th percentile"
37.5377336683417,6.23159145728643,0.265971559419683,"97.5th percentile"
37.6223326633166,6.23159145728643,0.274309056274826,"97.5th percentile"
37.7069316582915,6.23159145728643,0.297002263286446,"97.5th percentile"
37.7915306532663,6.23159145728643,0.317355136483756,"97.5th percentile"
37.8761296482412,6.23159145728643,0.507782456538663,"97.5th percentile"
37.9607286432161,6.23159145728643,0.303099088057748,"97.5th percentile"
38.045327638191,6.23159145728643,0.297482137090522,"97.5th percentile"
38.1299266331658,6.23159145728643,0.283166499353898,"97.5th percentile"
38.2145256281407,6.23159145728643,0.294777836748087,"97.5th percentile"
38.2991246231156,6.23159145728643,0.281579302647433,"97.5th percentile"
38.3837236180904,6.23159145728643,0.256622883379016,"97.5th percentile"
38.4683226130653,6.23159145728643,0.248759909654419,"97.5th percentile"
38.5529216080402,6.23159145728643,0.242211854103003,"97.5th percentile"
38.6375206030151,6.23159145728643,0.255666907130371,"97.5th percentile"
38.72211959799,6.23159145728643,0.213975678005156,"97.5th percentile"
38.8067185929648,6.23159145728643,0.2322653634882,"97.5th percentile"
38.8913175879397,6.23159145728643,0.238016866030725,"97.5th percentile"
38.9759165829146,6.23159145728643,0.222478708548833,"97.5th percentile"
39.0605155778894,6.23159145728643,0.218964437616031,"97.5th percentile"
39.1451145728643,6.23159145728643,0.23645870678236,"97.5th percentile"
39.2297135678392,6.23159145728643,0.256206924890704,"97.5th percentile"
39.3143125628141,6.23159145728643,0.25098794772843,"97.5th percentile"
39.3989115577889,6.23159145728643,0.262841270146846,"97.5th percentile"
39.4835105527638,6.23159145728643,0.255122259762615,"97.5th percentile"
39.5681095477387,6.23159145728643,0.240475745856186,"97.5th percentile"
39.6527085427136,6.23159145728643,0.257550777487809,"97.5th percentile"
39.7373075376884,6.23159145728643,0.285682021855513,"97.5th percentile"
39.8219065326633,6.23159145728643,0.295289478117438,"97.5th percentile"
39.9065055276382,6.23159145728643,0.323333849991052,"97.5th percentile"
39.9911045226131,6.23159145728643,0.34054184178232,"97.5th percentile"
40.0757035175879,6.23159145728643,0.376373525744557,"97.5th percentile"
40.1603025125628,6.23159145728643,0.396671948968965,"97.5th percentile"
40.2449015075377,6.23159145728643,0.432444626779902,"97.5th percentile"
40.3295005025126,6.23159145728643,0.459925188657454,"97.5th percentile"
40.4140994974874,6.23159145728643,0.48412575979375,"97.5th percentile"
40.4986984924623,6.23159145728643,0.519676390989404,"97.5th percentile"
40.5832974874372,6.23159145728643,0.520907032838781,"97.5th percentile"
40.6678964824121,6.23159145728643,0.550408407653718,"97.5th percentile"
40.7524954773869,6.23159145728643,0.59207982004338,"97.5th percentile"
40.8370944723618,6.23159145728643,0.632652244195368,"97.5th percentile"
40.9216934673367,6.23159145728643,0.673037253893151,"97.5th percentile"
41.0062924623116,6.23159145728643,0.707641343483085,"97.5th percentile"
41.0908914572864,6.23159145728643,0.744742545839612,"97.5th percentile"
41.1754904522613,6.23159145728643,0.782088513798072,"97.5th percentile"
41.2600894472362,6.23159145728643,0.823282151406773,"97.5th percentile"
41.344688442211,6.23159145728643,0.837602000204583,"97.5th percentile"
41.4292874371859,6.23159145728643,0.870783052758966,"97.5th percentile"
41.5138864321608,6.23159145728643,0.88862756474441,"97.5th percentile"
41.5984854271357,6.23159145728643,0.910690591236478,"97.5th percentile"
41.6830844221106,6.23159145728643,0.932142562360356,"97.5th percentile"
41.7676834170854,6.23159145728643,0.945998289925786,"97.5th percentile"
41.8522824120603,6.23159145728643,0.959193658056101,"97.5th percentile"
41.9368814070352,6.23159145728643,0.969738056261252,"97.5th percentile"
42.02148040201,6.23159145728643,0.975620483347644,"97.5th percentile"
42.1060793969849,6.23159145728643,0.98606647132336,"97.5th percentile"
42.1906783919598,6.23159145728643,0.987214890968912,"97.5th percentile"
42.2752773869347,6.23159145728643,0.990990424948986,"97.5th percentile"
42.3598763819095,6.23159145728643,0.99222238455188,"97.5th percentile"
42.4444753768844,6.23159145728643,0.994268422795477,"97.5th percentile"
42.5290743718593,6.23159145728643,0.996246306849735,"97.5th percentile"
42.6136733668342,6.23159145728643,0.996874260248592,"97.5th percentile"
42.698272361809,6.23159145728643,0.99758444477784,"97.5th percentile"
42.7828713567839,6.23159145728643,0.998507142639333,"97.5th percentile"
42.8674703517588,6.23159145728643,0.998977548286684,"97.5th percentile"
42.9520693467337,6.23159145728643,0.999080254129641,"97.5th percentile"
43.0366683417085,6.23159145728643,0.9993474260824,"97.5th percentile"
43.1212673366834,6.23159145728643,0.999519452878251,"97.5th percentile"
43.2058663316583,6.23159145728643,0.999694534633145,"97.5th percentile"
43.2904653266332,6.23159145728643,0.999724160106243,"97.5th percentile"
43.375064321608,6.23159145728643,0.999810529297291,"97.5th percentile"
43.4596633165829,6.23159145728643,0.999865553610148,"97.5th percentile"
43.5442623115578,6.23159145728643,0.999906613631946,"97.5th percentile"
43.6288613065327,6.23159145728643,0.999932566601013,"97.5th percentile"
43.7134603015075,6.23159145728643,0.999950292685786,"97.5th percentile"
43.7980592964824,6.23159145728643,0.999960856646336,"97.5th percentile"
43.8826582914573,6.23159145728643,0.999961020052405,"97.5th percentile"
43.9672572864322,6.23159145728643,0.999971724750469,"97.5th percentile"
44.051856281407,6.23159145728643,0.999980351493145,"97.5th percentile"
44.1364552763819,6.23159145728643,0.999984194243472,"97.5th percentile"
44.2210542713568,6.23159145728643,0.999988642207284,"97.5th percentile"
44.3056532663317,6.23159145728643,0.999991332170131,"97.5th percentile"
44.3902522613065,6.23159145728643,0.999994967693852,"97.5th percentile"
44.4748512562814,6.23159145728643,0.99999548479686,"97.5th percentile"
44.5594502512563,6.23159145728643,0.999996529027798,"97.5th percentile"
44.6440492462312,6.23159145728643,0.999997400562218,"97.5th percentile"
44.728648241206,6.23159145728643,0.999998099468668,"97.5th percentile"
44.8132472361809,6.23159145728643,0.999998173447969,"97.5th percentile"
44.8978462311558,6.23159145728643,0.999998055046105,"97.5th percentile"
44.9824452261307,6.23159145728643,0.999998314303511,"97.5th percentile"
45.0670442211055,6.23159145728643,0.999997904240142,"97.5th percentile"
45.1516432160804,6.23159145728643,0.999997918100935,"97.5th percentile"
45.2362422110553,6.23159145728643,0.999998278235316,"97.5th percentile"
45.3208412060302,6.23159145728643,0.999998084262493,"97.5th percentile"
45.405440201005,6.23159145728643,0.999998252197647,"97.5th percentile"
45.4900391959799,6.23159145728643,0.99999806413973,"97.5th percentile"
45.5746381909548,6.23159145728643,0.999998125256578,"97.5th percentile"
45.6592371859296,6.23159145728643,0.999998556414988,"97.5th percentile"
45.7438361809045,6.23159145728643,0.999998387356244,"97.5th percentile"
45.8284351758794,6.23159145728643,0.999998553634131,"97.5th percentile"
45.9130341708543,6.23159145728643,0.999998786450108,"97.5th percentile"
45.9976331658291,6.23159145728643,0.999998905070077,"97.5th percentile"
46.082232160804,6.23159145728643,0.999999197082499,"97.5th percentile"
34.9151648241206,6.29961809045226,0.909166721660859,"97.5th percentile"
34.9997638190955,6.29961809045226,0.865899623731495,"97.5th percentile"
35.0843628140704,6.29961809045226,0.793942691863347,"97.5th percentile"
35.1689618090452,6.29961809045226,0.72843338787437,"97.5th percentile"
35.2535608040201,6.29961809045226,0.6515077716382,"97.5th percentile"
35.338159798995,6.29961809045226,0.616735940828326,"97.5th percentile"
35.4227587939698,6.29961809045226,0.462156884917648,"97.5th percentile"
35.5073577889447,6.29961809045226,0.382410386148431,"97.5th percentile"
35.5919567839196,6.29961809045226,0.300476260210277,"97.5th percentile"
35.6765557788945,6.29961809045226,0.324154386785078,"97.5th percentile"
35.7611547738694,6.29961809045226,0.336107066716326,"97.5th percentile"
35.8457537688442,6.29961809045226,0.368127386604247,"97.5th percentile"
35.9303527638191,6.29961809045226,0.317763751724163,"97.5th percentile"
36.014951758794,6.29961809045226,0.31670698489302,"97.5th percentile"
36.0995507537688,6.29961809045226,0.394757253421987,"97.5th percentile"
36.1841497487437,6.29961809045226,0.356275820404705,"97.5th percentile"
36.2687487437186,6.29961809045226,0.346494509025569,"97.5th percentile"
36.3533477386935,6.29961809045226,0.33315309980207,"97.5th percentile"
36.4379467336683,6.29961809045226,0.374400980805537,"97.5th percentile"
36.5225457286432,6.29961809045226,0.342374920562012,"97.5th percentile"
36.6071447236181,6.29961809045226,0.314490831424034,"97.5th percentile"
36.691743718593,6.29961809045226,0.326957143398414,"97.5th percentile"
36.7763427135678,6.29961809045226,0.308907513806449,"97.5th percentile"
36.8609417085427,6.29961809045226,0.293155533845769,"97.5th percentile"
36.9455407035176,6.29961809045226,0.320168407837768,"97.5th percentile"
37.0301396984925,6.29961809045226,0.324633882105941,"97.5th percentile"
37.1147386934673,6.29961809045226,0.326162935537708,"97.5th percentile"
37.1993376884422,6.29961809045226,0.349824954570352,"97.5th percentile"
37.2839366834171,6.29961809045226,0.310447502489545,"97.5th percentile"
37.368535678392,6.29961809045226,0.300371661713396,"97.5th percentile"
37.4531346733668,6.29961809045226,0.312632841716583,"97.5th percentile"
37.5377336683417,6.29961809045226,0.274640626872618,"97.5th percentile"
37.6223326633166,6.29961809045226,0.274607695677589,"97.5th percentile"
37.7069316582915,6.29961809045226,0.307512545887096,"97.5th percentile"
37.7915306532663,6.29961809045226,0.302006581316684,"97.5th percentile"
37.8761296482412,6.29961809045226,0.518999750842484,"97.5th percentile"
37.9607286432161,6.29961809045226,0.301754172400403,"97.5th percentile"
38.045327638191,6.29961809045226,0.300100695040063,"97.5th percentile"
38.1299266331658,6.29961809045226,0.310353758936174,"97.5th percentile"
38.2145256281407,6.29961809045226,0.289787538077395,"97.5th percentile"
38.2991246231156,6.29961809045226,0.289503032999549,"97.5th percentile"
38.3837236180904,6.29961809045226,0.250779137984216,"97.5th percentile"
38.4683226130653,6.29961809045226,0.26075493969712,"97.5th percentile"
38.5529216080402,6.29961809045226,0.233433269498431,"97.5th percentile"
38.6375206030151,6.29961809045226,0.210428374623381,"97.5th percentile"
38.72211959799,6.29961809045226,0.216587290621447,"97.5th percentile"
38.8067185929648,6.29961809045226,0.234516706157187,"97.5th percentile"
38.8913175879397,6.29961809045226,0.230802437233332,"97.5th percentile"
38.9759165829146,6.29961809045226,0.20196932223096,"97.5th percentile"
39.0605155778894,6.29961809045226,0.209864780336636,"97.5th percentile"
39.1451145728643,6.29961809045226,0.239918921381571,"97.5th percentile"
39.2297135678392,6.29961809045226,0.259803145469199,"97.5th percentile"
39.3143125628141,6.29961809045226,0.266114656980208,"97.5th percentile"
39.3989115577889,6.29961809045226,0.262769526218472,"97.5th percentile"
39.4835105527638,6.29961809045226,0.258318540066043,"97.5th percentile"
39.5681095477387,6.29961809045226,0.244470113589925,"97.5th percentile"
39.6527085427136,6.29961809045226,0.234728514675559,"97.5th percentile"
39.7373075376884,6.29961809045226,0.235164983039418,"97.5th percentile"
39.8219065326633,6.29961809045226,0.252774819536633,"97.5th percentile"
39.9065055276382,6.29961809045226,0.274093971506377,"97.5th percentile"
39.9911045226131,6.29961809045226,0.289472554063626,"97.5th percentile"
40.0757035175879,6.29961809045226,0.311867217067527,"97.5th percentile"
40.1603025125628,6.29961809045226,0.336811112448844,"97.5th percentile"
40.2449015075377,6.29961809045226,0.362810053872789,"97.5th percentile"
40.3295005025126,6.29961809045226,0.391811109784648,"97.5th percentile"
40.4140994974874,6.29961809045226,0.420851861740532,"97.5th percentile"
40.4986984924623,6.29961809045226,0.477073851460033,"97.5th percentile"
40.5832974874372,6.29961809045226,0.464619711513664,"97.5th percentile"
40.6678964824121,6.29961809045226,0.490995107493446,"97.5th percentile"
40.7524954773869,6.29961809045226,0.528624569507169,"97.5th percentile"
40.8370944723618,6.29961809045226,0.575703239021088,"97.5th percentile"
40.9216934673367,6.29961809045226,0.613373652488655,"97.5th percentile"
41.0062924623116,6.29961809045226,0.655261692357856,"97.5th percentile"
41.0908914572864,6.29961809045226,0.696800455874575,"97.5th percentile"
41.1754904522613,6.29961809045226,0.745983782807018,"97.5th percentile"
41.2600894472362,6.29961809045226,0.776299624884531,"97.5th percentile"
41.344688442211,6.29961809045226,0.807988861206507,"97.5th percentile"
41.4292874371859,6.29961809045226,0.841649760051538,"97.5th percentile"
41.5138864321608,6.29961809045226,0.875346525939698,"97.5th percentile"
41.5984854271357,6.29961809045226,0.899294417772474,"97.5th percentile"
41.6830844221106,6.29961809045226,0.921937454466585,"97.5th percentile"
41.7676834170854,6.29961809045226,0.951742699256504,"97.5th percentile"
41.8522824120603,6.29961809045226,0.964072056801212,"97.5th percentile"
41.9368814070352,6.29961809045226,0.972542878367349,"97.5th percentile"
42.02148040201,6.29961809045226,0.973107650083183,"97.5th percentile"
42.1060793969849,6.29961809045226,0.98503554478043,"97.5th percentile"
42.1906783919598,6.29961809045226,0.988257767452365,"97.5th percentile"
42.2752773869347,6.29961809045226,0.989406758246511,"97.5th percentile"
42.3598763819095,6.29961809045226,0.993899009821239,"97.5th percentile"
42.4444753768844,6.29961809045226,0.99422065071703,"97.5th percentile"
42.5290743718593,6.29961809045226,0.99614997741744,"97.5th percentile"
42.6136733668342,6.29961809045226,0.997466547697991,"97.5th percentile"
42.698272361809,6.29961809045226,0.997665532637221,"97.5th percentile"
42.7828713567839,6.29961809045226,0.998444589994217,"97.5th percentile"
42.8674703517588,6.29961809045226,0.998856600258636,"97.5th percentile"
42.9520693467337,6.29961809045226,0.999142501557085,"97.5th percentile"
43.0366683417085,6.29961809045226,0.99938775949308,"97.5th percentile"
43.1212673366834,6.29961809045226,0.999524093472788,"97.5th percentile"
43.2058663316583,6.29961809045226,0.999630905934406,"97.5th percentile"
43.2904653266332,6.29961809045226,0.999754505127183,"97.5th percentile"
43.375064321608,6.29961809045226,0.9998206426701,"97.5th percentile"
43.4596633165829,6.29961809045226,0.999868936253352,"97.5th percentile"
43.5442623115578,6.29961809045226,0.999896533343386,"97.5th percentile"
43.6288613065327,6.29961809045226,0.999929807550655,"97.5th percentile"
43.7134603015075,6.29961809045226,0.999936794339419,"97.5th percentile"
43.7980592964824,6.29961809045226,0.999955130272937,"97.5th percentile"
43.8826582914573,6.29961809045226,0.999962544372734,"97.5th percentile"
43.9672572864322,6.29961809045226,0.999971397125023,"97.5th percentile"
44.051856281407,6.29961809045226,0.999978736464539,"97.5th percentile"
44.1364552763819,6.29961809045226,0.99998359944231,"97.5th percentile"
44.2210542713568,6.29961809045226,0.999987898439772,"97.5th percentile"
44.3056532663317,6.29961809045226,0.999991021622899,"97.5th percentile"
44.3902522613065,6.29961809045226,0.999994319085735,"97.5th percentile"
44.4748512562814,6.29961809045226,0.999995540950874,"97.5th percentile"
44.5594502512563,6.29961809045226,0.999996592192128,"97.5th percentile"
44.6440492462312,6.29961809045226,0.99999731539422,"97.5th percentile"
44.728648241206,6.29961809045226,0.999998042628982,"97.5th percentile"
44.8132472361809,6.29961809045226,0.99999803782426,"97.5th percentile"
44.8978462311558,6.29961809045226,0.999997893482708,"97.5th percentile"
44.9824452261307,6.29961809045226,0.999997855488072,"97.5th percentile"
45.0670442211055,6.29961809045226,0.99999772680097,"97.5th percentile"
45.1516432160804,6.29961809045226,0.999998380847305,"97.5th percentile"
45.2362422110553,6.29961809045226,0.999998378102754,"97.5th percentile"
45.3208412060302,6.29961809045226,0.999997750964896,"97.5th percentile"
45.405440201005,6.29961809045226,0.999997768172341,"97.5th percentile"
45.4900391959799,6.29961809045226,0.999997868998361,"97.5th percentile"
45.5746381909548,6.29961809045226,0.999998108312029,"97.5th percentile"
45.6592371859296,6.29961809045226,0.999998134593046,"97.5th percentile"
45.7438361809045,6.29961809045226,0.999998273150308,"97.5th percentile"
45.8284351758794,6.29961809045226,0.999998419078635,"97.5th percentile"
45.9130341708543,6.29961809045226,0.999998587099031,"97.5th percentile"
45.9976331658291,6.29961809045226,0.999998746377217,"97.5th percentile"
46.082232160804,6.29961809045226,0.999999200301142,"97.5th percentile"
46.1668311557789,6.29961809045226,0.999999209192566,"97.5th percentile"
34.8305658291457,6.36764472361809,0.921285400709494,"97.5th percentile"
34.9151648241206,6.36764472361809,0.891081213171034,"97.5th percentile"
34.9997638190955,6.36764472361809,0.843986011289796,"97.5th percentile"
35.0843628140704,6.36764472361809,0.774617652772744,"97.5th percentile"
35.1689618090452,6.36764472361809,0.723505204066975,"97.5th percentile"
35.2535608040201,6.36764472361809,0.643151297981203,"97.5th percentile"
35.338159798995,6.36764472361809,0.568441493188494,"97.5th percentile"
35.4227587939698,6.36764472361809,0.477970015405754,"97.5th percentile"
35.5073577889447,6.36764472361809,0.344475441974342,"97.5th percentile"
35.5919567839196,6.36764472361809,0.296888560379944,"97.5th percentile"
35.6765557788945,6.36764472361809,0.309735248746186,"97.5th percentile"
35.7611547738694,6.36764472361809,0.336278142427489,"97.5th percentile"
35.8457537688442,6.36764472361809,0.330900747234997,"97.5th percentile"
35.9303527638191,6.36764472361809,0.347455598963614,"97.5th percentile"
36.014951758794,6.36764472361809,0.326288159158935,"97.5th percentile"
36.0995507537688,6.36764472361809,0.346136078110727,"97.5th percentile"
36.1841497487437,6.36764472361809,0.400251920654687,"97.5th percentile"
36.2687487437186,6.36764472361809,0.394117981018421,"97.5th percentile"
36.3533477386935,6.36764472361809,0.347817719175285,"97.5th percentile"
36.4379467336683,6.36764472361809,0.334917330126113,"97.5th percentile"
36.5225457286432,6.36764472361809,0.33047244334026,"97.5th percentile"
36.6071447236181,6.36764472361809,0.314840630444802,"97.5th percentile"
36.691743718593,6.36764472361809,0.334952966555797,"97.5th percentile"
36.7763427135678,6.36764472361809,0.330456095757138,"97.5th percentile"
36.8609417085427,6.36764472361809,0.311294271019634,"97.5th percentile"
36.9455407035176,6.36764472361809,0.323873979583078,"97.5th percentile"
37.0301396984925,6.36764472361809,0.324195726601547,"97.5th percentile"
37.1147386934673,6.36764472361809,0.331627222360584,"97.5th percentile"
37.1993376884422,6.36764472361809,0.350375286363058,"97.5th percentile"
37.2839366834171,6.36764472361809,0.318100132713368,"97.5th percentile"
37.368535678392,6.36764472361809,0.305754308006446,"97.5th percentile"
37.4531346733668,6.36764472361809,0.303197793327292,"97.5th percentile"
37.5377336683417,6.36764472361809,0.264061237711147,"97.5th percentile"
37.6223326633166,6.36764472361809,0.282985790714065,"97.5th percentile"
37.7069316582915,6.36764472361809,0.304916330272132,"97.5th percentile"
37.7915306532663,6.36764472361809,0.331405053875311,"97.5th percentile"
37.8761296482412,6.36764472361809,0.52215739646496,"97.5th percentile"
37.9607286432161,6.36764472361809,0.349679227099657,"97.5th percentile"
38.045327638191,6.36764472361809,0.305628660578571,"97.5th percentile"
38.1299266331658,6.36764472361809,0.342091204208947,"97.5th percentile"
38.2145256281407,6.36764472361809,0.30862932472608,"97.5th percentile"
38.2991246231156,6.36764472361809,0.270936902847525,"97.5th percentile"
38.3837236180904,6.36764472361809,0.265583944619065,"97.5th percentile"
38.4683226130653,6.36764472361809,0.215513520007421,"97.5th percentile"
38.5529216080402,6.36764472361809,0.228583146276158,"97.5th percentile"
38.6375206030151,6.36764472361809,0.194744319763831,"97.5th percentile"
38.72211959799,6.36764472361809,0.203761040909514,"97.5th percentile"
38.8067185929648,6.36764472361809,0.226081104235845,"97.5th percentile"
38.8913175879397,6.36764472361809,0.21762758985944,"97.5th percentile"
38.9759165829146,6.36764472361809,0.175283027774976,"97.5th percentile"
39.0605155778894,6.36764472361809,0.212922340728764,"97.5th percentile"
39.1451145728643,6.36764472361809,0.221758362678615,"97.5th percentile"
39.2297135678392,6.36764472361809,0.263946439702447,"97.5th percentile"
39.3143125628141,6.36764472361809,0.262905297027151,"97.5th percentile"
39.3989115577889,6.36764472361809,0.265247975110128,"97.5th percentile"
39.4835105527638,6.36764472361809,0.260095929579813,"97.5th percentile"
39.5681095477387,6.36764472361809,0.244733818149564,"97.5th percentile"
39.6527085427136,6.36764472361809,0.231323633627273,"97.5th percentile"
39.7373075376884,6.36764472361809,0.224521537372804,"97.5th percentile"
39.8219065326633,6.36764472361809,0.203303731365937,"97.5th percentile"
39.9065055276382,6.36764472361809,0.221831041533137,"97.5th percentile"
39.9911045226131,6.36764472361809,0.242371618134888,"97.5th percentile"
40.0757035175879,6.36764472361809,0.263580222791758,"97.5th percentile"
40.1603025125628,6.36764472361809,0.284622837675097,"97.5th percentile"
40.2449015075377,6.36764472361809,0.308094423916615,"97.5th percentile"
40.3295005025126,6.36764472361809,0.334270593380721,"97.5th percentile"
40.4140994974874,6.36764472361809,0.361117272677395,"97.5th percentile"
40.4986984924623,6.36764472361809,0.392344984119498,"97.5th percentile"
40.5832974874372,6.36764472361809,0.404507037801176,"97.5th percentile"
40.6678964824121,6.36764472361809,0.439833954338938,"97.5th percentile"
40.7524954773869,6.36764472361809,0.467519838792487,"97.5th percentile"
40.8370944723618,6.36764472361809,0.508240404380129,"97.5th percentile"
40.9216934673367,6.36764472361809,0.557795179967739,"97.5th percentile"
41.0062924623116,6.36764472361809,0.605360516435538,"97.5th percentile"
41.0908914572864,6.36764472361809,0.655817205507992,"97.5th percentile"
41.1754904522613,6.36764472361809,0.689123326711052,"97.5th percentile"
41.2600894472362,6.36764472361809,0.745934941999496,"97.5th percentile"
41.344688442211,6.36764472361809,0.781484282170633,"97.5th percentile"
41.4292874371859,6.36764472361809,0.823566644461892,"97.5th percentile"
41.5138864321608,6.36764472361809,0.859447309988494,"97.5th percentile"
41.5984854271357,6.36764472361809,0.889281473302326,"97.5th percentile"
41.6830844221106,6.36764472361809,0.914900690286259,"97.5th percentile"
41.7676834170854,6.36764472361809,0.949012812487105,"97.5th percentile"
41.8522824120603,6.36764472361809,0.959109155072849,"97.5th percentile"
41.9368814070352,6.36764472361809,0.971784862766816,"97.5th percentile"
42.02148040201,6.36764472361809,0.978795668401701,"97.5th percentile"
42.1060793969849,6.36764472361809,0.98226980453699,"97.5th percentile"
42.1906783919598,6.36764472361809,0.988143351445125,"97.5th percentile"
42.2752773869347,6.36764472361809,0.990635095500794,"97.5th percentile"
42.3598763819095,6.36764472361809,0.993247743175341,"97.5th percentile"
42.4444753768844,6.36764472361809,0.995026438835134,"97.5th percentile"
42.5290743718593,6.36764472361809,0.995976722626398,"97.5th percentile"
42.6136733668342,6.36764472361809,0.996828198362012,"97.5th percentile"
42.698272361809,6.36764472361809,0.997713627506548,"97.5th percentile"
42.7828713567839,6.36764472361809,0.998023906618677,"97.5th percentile"
42.8674703517588,6.36764472361809,0.998664161274158,"97.5th percentile"
42.9520693467337,6.36764472361809,0.998947096711861,"97.5th percentile"
43.0366683417085,6.36764472361809,0.999368627919929,"97.5th percentile"
43.1212673366834,6.36764472361809,0.999541212992914,"97.5th percentile"
43.2058663316583,6.36764472361809,0.999652370131421,"97.5th percentile"
43.2904653266332,6.36764472361809,0.999749263768739,"97.5th percentile"
43.375064321608,6.36764472361809,0.999798969242814,"97.5th percentile"
43.4596633165829,6.36764472361809,0.999858939973688,"97.5th percentile"
43.5442623115578,6.36764472361809,0.999895895652505,"97.5th percentile"
43.6288613065327,6.36764472361809,0.999922135001082,"97.5th percentile"
43.7134603015075,6.36764472361809,0.999929753849991,"97.5th percentile"
43.7980592964824,6.36764472361809,0.99994526917545,"97.5th percentile"
43.8826582914573,6.36764472361809,0.999963155679562,"97.5th percentile"
43.9672572864322,6.36764472361809,0.999971837910618,"97.5th percentile"
44.051856281407,6.36764472361809,0.999977558979468,"97.5th percentile"
44.1364552763819,6.36764472361809,0.999983422856801,"97.5th percentile"
44.2210542713568,6.36764472361809,0.999987662652603,"97.5th percentile"
44.3056532663317,6.36764472361809,0.999990781207954,"97.5th percentile"
44.3902522613065,6.36764472361809,0.999994970816866,"97.5th percentile"
44.4748512562814,6.36764472361809,0.999994977727218,"97.5th percentile"
44.5594502512563,6.36764472361809,0.999996356706548,"97.5th percentile"
44.6440492462312,6.36764472361809,0.999997247864045,"97.5th percentile"
44.728648241206,6.36764472361809,0.99999796187101,"97.5th percentile"
44.8132472361809,6.36764472361809,0.999997896410666,"97.5th percentile"
44.8978462311558,6.36764472361809,0.999997701247916,"97.5th percentile"
44.9824452261307,6.36764472361809,0.99999759687509,"97.5th percentile"
45.0670442211055,6.36764472361809,0.999997535584189,"97.5th percentile"
45.1516432160804,6.36764472361809,0.999997520008078,"97.5th percentile"
45.2362422110553,6.36764472361809,0.999997528313838,"97.5th percentile"
45.3208412060302,6.36764472361809,0.99999759463224,"97.5th percentile"
45.405440201005,6.36764472361809,0.999997596803875,"97.5th percentile"
45.4900391959799,6.36764472361809,0.999997760610957,"97.5th percentile"
45.5746381909548,6.36764472361809,0.999997967019654,"97.5th percentile"
45.6592371859296,6.36764472361809,0.999998062484513,"97.5th percentile"
45.7438361809045,6.36764472361809,0.999998171693151,"97.5th percentile"
45.8284351758794,6.36764472361809,0.999998355546009,"97.5th percentile"
45.9130341708543,6.36764472361809,0.999998489366279,"97.5th percentile"
45.9976331658291,6.36764472361809,0.999998668516638,"97.5th percentile"
46.082232160804,6.36764472361809,0.999998886002658,"97.5th percentile"
46.1668311557789,6.36764472361809,0.999999225560268,"97.5th percentile"
34.8305658291457,6.43567135678392,0.893949700825715,"97.5th percentile"
34.9151648241206,6.43567135678392,0.870312504515126,"97.5th percentile"
34.9997638190955,6.43567135678392,0.819629263171714,"97.5th percentile"
35.0843628140704,6.43567135678392,0.764493384898218,"97.5th percentile"
35.1689618090452,6.43567135678392,0.693841340064041,"97.5th percentile"
35.2535608040201,6.43567135678392,0.603664877476595,"97.5th percentile"
35.338159798995,6.43567135678392,0.51791945431802,"97.5th percentile"
35.4227587939698,6.43567135678392,0.435146704586932,"97.5th percentile"
35.5073577889447,6.43567135678392,0.369884551848061,"97.5th percentile"
35.5919567839196,6.43567135678392,0.30055943162675,"97.5th percentile"
35.6765557788945,6.43567135678392,0.325821570267812,"97.5th percentile"
35.7611547738694,6.43567135678392,0.308083052784165,"97.5th percentile"
35.8457537688442,6.43567135678392,0.321142419356358,"97.5th percentile"
35.9303527638191,6.43567135678392,0.330860866429774,"97.5th percentile"
36.014951758794,6.43567135678392,0.340105237795707,"97.5th percentile"
36.0995507537688,6.43567135678392,0.406418101853901,"97.5th percentile"
36.1841497487437,6.43567135678392,0.357574725751514,"97.5th percentile"
36.2687487437186,6.43567135678392,0.348759092760608,"97.5th percentile"
36.3533477386935,6.43567135678392,0.363621219734623,"97.5th percentile"
36.4379467336683,6.43567135678392,0.377175786422747,"97.5th percentile"
36.5225457286432,6.43567135678392,0.335876456841412,"97.5th percentile"
36.6071447236181,6.43567135678392,0.340217129163762,"97.5th percentile"
36.691743718593,6.43567135678392,0.337572476997855,"97.5th percentile"
36.7763427135678,6.43567135678392,0.362035365894772,"97.5th percentile"
36.8609417085427,6.43567135678392,0.349279138228846,"97.5th percentile"
36.9455407035176,6.43567135678392,0.326411893832395,"97.5th percentile"
37.0301396984925,6.43567135678392,0.31273984735137,"97.5th percentile"
37.1147386934673,6.43567135678392,0.346870433341683,"97.5th percentile"
37.1993376884422,6.43567135678392,0.370915525144537,"97.5th percentile"
37.2839366834171,6.43567135678392,0.340074609446022,"97.5th percentile"
37.368535678392,6.43567135678392,0.302477884669457,"97.5th percentile"
37.4531346733668,6.43567135678392,0.293896687486132,"97.5th percentile"
37.5377336683417,6.43567135678392,0.310294187875203,"97.5th percentile"
37.6223326633166,6.43567135678392,0.29342600311716,"97.5th percentile"
37.7069316582915,6.43567135678392,0.296720274359025,"97.5th percentile"
37.7915306532663,6.43567135678392,0.531042247392806,"97.5th percentile"
37.8761296482412,6.43567135678392,0.525317589559296,"97.5th percentile"
37.9607286432161,6.43567135678392,0.519603342143114,"97.5th percentile"
38.045327638191,6.43567135678392,0.314459182506984,"97.5th percentile"
38.1299266331658,6.43567135678392,0.339990430131748,"97.5th percentile"
38.2145256281407,6.43567135678392,0.323622368724339,"97.5th percentile"
38.2991246231156,6.43567135678392,0.240678596264568,"97.5th percentile"
38.3837236180904,6.43567135678392,0.224856692477351,"97.5th percentile"
38.4683226130653,6.43567135678392,0.219476124115414,"97.5th percentile"
38.5529216080402,6.43567135678392,0.176576577451197,"97.5th percentile"
38.6375206030151,6.43567135678392,0.183145918029503,"97.5th percentile"
38.72211959799,6.43567135678392,0.181989253463114,"97.5th percentile"
38.8067185929648,6.43567135678392,0.189675199352301,"97.5th percentile"
38.8913175879397,6.43567135678392,0.211480417854987,"97.5th percentile"
38.9759165829146,6.43567135678392,0.200843834538886,"97.5th percentile"
39.0605155778894,6.43567135678392,0.220435266703544,"97.5th percentile"
39.1451145728643,6.43567135678392,0.223852912751545,"97.5th percentile"
39.2297135678392,6.43567135678392,0.24415487557044,"97.5th percentile"
39.3143125628141,6.43567135678392,0.263403358871358,"97.5th percentile"
39.3989115577889,6.43567135678392,0.266602648543515,"97.5th percentile"
39.4835105527638,6.43567135678392,0.259612472931574,"97.5th percentile"
39.5681095477387,6.43567135678392,0.256017188178664,"97.5th percentile"
39.6527085427136,6.43567135678392,0.247593280301312,"97.5th percentile"
39.7373075376884,6.43567135678392,0.244393817409437,"97.5th percentile"
39.8219065326633,6.43567135678392,0.224220201601722,"97.5th percentile"
39.9065055276382,6.43567135678392,0.206966027391155,"97.5th percentile"
39.9911045226131,6.43567135678392,0.217070596550681,"97.5th percentile"
40.0757035175879,6.43567135678392,0.227555598315526,"97.5th percentile"
40.1603025125628,6.43567135678392,0.24090790512375,"97.5th percentile"
40.2449015075377,6.43567135678392,0.261342980145461,"97.5th percentile"
40.3295005025126,6.43567135678392,0.29903122456326,"97.5th percentile"
40.4140994974874,6.43567135678392,0.306117887445771,"97.5th percentile"
40.4986984924623,6.43567135678392,0.331663131928184,"97.5th percentile"
40.5832974874372,6.43567135678392,0.356811310074698,"97.5th percentile"
40.6678964824121,6.43567135678392,0.36758104404365,"97.5th percentile"
40.7524954773869,6.43567135678392,0.408062679451846,"97.5th percentile"
40.8370944723618,6.43567135678392,0.451839355319242,"97.5th percentile"
40.9216934673367,6.43567135678392,0.495588166394218,"97.5th percentile"
41.0062924623116,6.43567135678392,0.536232764153983,"97.5th percentile"
41.0908914572864,6.43567135678392,0.594645841134725,"97.5th percentile"
41.1754904522613,6.43567135678392,0.648018260565819,"97.5th percentile"
41.2600894472362,6.43567135678392,0.708982584428927,"97.5th percentile"
41.344688442211,6.43567135678392,0.756113516662328,"97.5th percentile"
41.4292874371859,6.43567135678392,0.80476581026848,"97.5th percentile"
41.5138864321608,6.43567135678392,0.843809577208527,"97.5th percentile"
41.5984854271357,6.43567135678392,0.879856534526449,"97.5th percentile"
41.6830844221106,6.43567135678392,0.907103888315881,"97.5th percentile"
41.7676834170854,6.43567135678392,0.943820254734914,"97.5th percentile"
41.8522824120603,6.43567135678392,0.959902519504474,"97.5th percentile"
41.9368814070352,6.43567135678392,0.969801608036341,"97.5th percentile"
42.02148040201,6.43567135678392,0.97732357370675,"97.5th percentile"
42.1060793969849,6.43567135678392,0.982738813980386,"97.5th percentile"
42.1906783919598,6.43567135678392,0.985274058460016,"97.5th percentile"
42.2752773869347,6.43567135678392,0.990608970700709,"97.5th percentile"
42.3598763819095,6.43567135678392,0.9929753985499,"97.5th percentile"
42.4444753768844,6.43567135678392,0.994925970375849,"97.5th percentile"
42.5290743718593,6.43567135678392,0.995998834710474,"97.5th percentile"
42.6136733668342,6.43567135678392,0.996204386653182,"97.5th percentile"
42.698272361809,6.43567135678392,0.99747798348745,"97.5th percentile"
42.7828713567839,6.43567135678392,0.99818364555258,"97.5th percentile"
42.8674703517588,6.43567135678392,0.99855456217719,"97.5th percentile"
42.9520693467337,6.43567135678392,0.998974945785508,"97.5th percentile"
43.0366683417085,6.43567135678392,0.999201764600702,"97.5th percentile"
43.1212673366834,6.43567135678392,0.999483387568603,"97.5th percentile"
43.2058663316583,6.43567135678392,0.999632628325914,"97.5th percentile"
43.2904653266332,6.43567135678392,0.999690962007533,"97.5th percentile"
43.375064321608,6.43567135678392,0.999789352064892,"97.5th percentile"
43.4596633165829,6.43567135678392,0.999861930355629,"97.5th percentile"
43.5442623115578,6.43567135678392,0.999879325559236,"97.5th percentile"
43.6288613065327,6.43567135678392,0.999915420186127,"97.5th percentile"
43.7134603015075,6.43567135678392,0.99993393605878,"97.5th percentile"
43.7980592964824,6.43567135678392,0.999945801804979,"97.5th percentile"
43.8826582914573,6.43567135678392,0.999960268379424,"97.5th percentile"
43.9672572864322,6.43567135678392,0.999975161053926,"97.5th percentile"
44.051856281407,6.43567135678392,0.999977257631051,"97.5th percentile"
44.1364552763819,6.43567135678392,0.999982680579674,"97.5th percentile"
44.2210542713568,6.43567135678392,0.999987218607085,"97.5th percentile"
44.3056532663317,6.43567135678392,0.999990574632252,"97.5th percentile"
44.3902522613065,6.43567135678392,0.999993256769996,"97.5th percentile"
44.4748512562814,6.43567135678392,0.999994927080235,"97.5th percentile"
44.5594502512563,6.43567135678392,0.999996618663358,"97.5th percentile"
44.6440492462312,6.43567135678392,0.999997210236865,"97.5th percentile"
44.728648241206,6.43567135678392,0.999997816408006,"97.5th percentile"
44.8132472361809,6.43567135678392,0.999997726249653,"97.5th percentile"
44.8978462311558,6.43567135678392,0.999997531487821,"97.5th percentile"
44.9824452261307,6.43567135678392,0.999997416067029,"97.5th percentile"
45.0670442211055,6.43567135678392,0.999997336867956,"97.5th percentile"
45.1516432160804,6.43567135678392,0.999997580441304,"97.5th percentile"
45.2362422110553,6.43567135678392,0.999997400879789,"97.5th percentile"
45.3208412060302,6.43567135678392,0.999997351295183,"97.5th percentile"
45.405440201005,6.43567135678392,0.999997428799927,"97.5th percentile"
45.4900391959799,6.43567135678392,0.999997565016885,"97.5th percentile"
45.5746381909548,6.43567135678392,0.999997682447757,"97.5th percentile"
45.6592371859296,6.43567135678392,0.999997839551826,"97.5th percentile"
45.7438361809045,6.43567135678392,0.999998017659972,"97.5th percentile"
45.8284351758794,6.43567135678392,0.999998376185897,"97.5th percentile"
45.9130341708543,6.43567135678392,0.999998397393823,"97.5th percentile"
45.9976331658291,6.43567135678392,0.999998679512527,"97.5th percentile"
46.082232160804,6.43567135678392,0.99999878009401,"97.5th percentile"
46.1668311557789,6.43567135678392,0.999998994670434,"97.5th percentile"
46.2514301507538,6.43567135678392,0.999999364211746,"97.5th percentile"
34.8305658291457,6.50369798994975,0.88488342092928,"97.5th percentile"
34.9151648241206,6.50369798994975,0.843177277162789,"97.5th percentile"
34.9997638190955,6.50369798994975,0.78001481087842,"97.5th percentile"
35.0843628140704,6.50369798994975,0.708269781966704,"97.5th percentile"
35.1689618090452,6.50369798994975,0.652097027480172,"97.5th percentile"
35.2535608040201,6.50369798994975,0.533956412900192,"97.5th percentile"
35.338159798995,6.50369798994975,0.476657262500453,"97.5th percentile"
35.4227587939698,6.50369798994975,0.335487667946307,"97.5th percentile"
35.5073577889447,6.50369798994975,0.308324612072194,"97.5th percentile"
35.5919567839196,6.50369798994975,0.300035968191022,"97.5th percentile"
35.6765557788945,6.50369798994975,0.347351216559981,"97.5th percentile"
35.7611547738694,6.50369798994975,0.304456551914695,"97.5th percentile"
35.8457537688442,6.50369798994975,0.316053922996468,"97.5th percentile"
35.9303527638191,6.50369798994975,0.327574475025062,"97.5th percentile"
36.014951758794,6.50369798994975,0.363369231626975,"97.5th percentile"
36.0995507537688,6.50369798994975,0.383539863576011,"97.5th percentile"
36.1841497487437,6.50369798994975,0.336043416708578,"97.5th percentile"
36.2687487437186,6.50369798994975,0.340685385518724,"97.5th percentile"
36.3533477386935,6.50369798994975,0.339547664412949,"97.5th percentile"
36.4379467336683,6.50369798994975,0.367444319175858,"97.5th percentile"
36.5225457286432,6.50369798994975,0.368292399448511,"97.5th percentile"
36.6071447236181,6.50369798994975,0.33712051633979,"97.5th percentile"
36.691743718593,6.50369798994975,0.347480334617776,"97.5th percentile"
36.7763427135678,6.50369798994975,0.33753191113261,"97.5th percentile"
36.8609417085427,6.50369798994975,0.386045371014973,"97.5th percentile"
36.9455407035176,6.50369798994975,0.376052614411518,"97.5th percentile"
37.0301396984925,6.50369798994975,0.34214970278804,"97.5th percentile"
37.1147386934673,6.50369798994975,0.352688037809614,"97.5th percentile"
37.1993376884422,6.50369798994975,0.341232837079848,"97.5th percentile"
37.2839366834171,6.50369798994975,0.378072597347554,"97.5th percentile"
37.368535678392,6.50369798994975,0.313433314013131,"97.5th percentile"
37.4531346733668,6.50369798994975,0.30211794718643,"97.5th percentile"
37.5377336683417,6.50369798994975,0.315682851815069,"97.5th percentile"
37.6223326633166,6.50369798994975,0.309422540187428,"97.5th percentile"
37.7069316582915,6.50369798994975,0.301309869359,"97.5th percentile"
37.7915306532663,6.50369798994975,0.496716505642379,"97.5th percentile"
37.8761296482412,6.50369798994975,0.528480077618685,"97.5th percentile"
37.9607286432161,6.50369798994975,0.522767679885719,"97.5th percentile"
38.045327638191,6.50369798994975,0.517066367363881,"97.5th percentile"
38.1299266331658,6.50369798994975,0.331962538081825,"97.5th percentile"
38.2145256281407,6.50369798994975,0.328110249001433,"97.5th percentile"
38.2991246231156,6.50369798994975,0.196836495401594,"97.5th percentile"
38.3837236180904,6.50369798994975,0.193786053759581,"97.5th percentile"
38.4683226130653,6.50369798994975,0.172368774375348,"97.5th percentile"
38.5529216080402,6.50369798994975,0.144046098567102,"97.5th percentile"
38.6375206030151,6.50369798994975,0.157268021303568,"97.5th percentile"
38.72211959799,6.50369798994975,0.127022208663045,"97.5th percentile"
38.8067185929648,6.50369798994975,0.172733777553658,"97.5th percentile"
38.8913175879397,6.50369798994975,0.196774984895058,"97.5th percentile"
38.9759165829146,6.50369798994975,0.214119049421964,"97.5th percentile"
39.0605155778894,6.50369798994975,0.203802457372747,"97.5th percentile"
39.1451145728643,6.50369798994975,0.23964784253211,"97.5th percentile"
39.2297135678392,6.50369798994975,0.2768970461661,"97.5th percentile"
39.3143125628141,6.50369798994975,0.262529506175222,"97.5th percentile"
39.3989115577889,6.50369798994975,0.279209604981275,"97.5th percentile"
39.4835105527638,6.50369798994975,0.264180041287013,"97.5th percentile"
39.5681095477387,6.50369798994975,0.260152230851407,"97.5th percentile"
39.6527085427136,6.50369798994975,0.256205329237908,"97.5th percentile"
39.7373075376884,6.50369798994975,0.251262023517409,"97.5th percentile"
39.8219065326633,6.50369798994975,0.248568967740463,"97.5th percentile"
39.9065055276382,6.50369798994975,0.243473940680579,"97.5th percentile"
39.9911045226131,6.50369798994975,0.205618839649015,"97.5th percentile"
40.0757035175879,6.50369798994975,0.225774583065691,"97.5th percentile"
40.1603025125628,6.50369798994975,0.211423101804881,"97.5th percentile"
40.2449015075377,6.50369798994975,0.224312513779128,"97.5th percentile"
40.3295005025126,6.50369798994975,0.237599459489247,"97.5th percentile"
40.4140994974874,6.50369798994975,0.259287187154825,"97.5th percentile"
40.4986984924623,6.50369798994975,0.284862779469349,"97.5th percentile"
40.5832974874372,6.50369798994975,0.301034654112311,"97.5th percentile"
40.6678964824121,6.50369798994975,0.317194965076372,"97.5th percentile"
40.7524954773869,6.50369798994975,0.345829526711657,"97.5th percentile"
40.8370944723618,6.50369798994975,0.385965561513621,"97.5th percentile"
40.9216934673367,6.50369798994975,0.427900939612166,"97.5th percentile"
41.0062924623116,6.50369798994975,0.481022304521349,"97.5th percentile"
41.0908914572864,6.50369798994975,0.54868063995175,"97.5th percentile"
41.1754904522613,6.50369798994975,0.63273999812982,"97.5th percentile"
41.2600894472362,6.50369798994975,0.691241163180069,"97.5th percentile"
41.344688442211,6.50369798994975,0.750726522185366,"97.5th percentile"
41.4292874371859,6.50369798994975,0.790619733149702,"97.5th percentile"
41.5138864321608,6.50369798994975,0.834548680529978,"97.5th percentile"
41.5984854271357,6.50369798994975,0.879501451231329,"97.5th percentile"
41.6830844221106,6.50369798994975,0.925013859626231,"97.5th percentile"
41.7676834170854,6.50369798994975,0.936809723771886,"97.5th percentile"
41.8522824120603,6.50369798994975,0.956348186616026,"97.5th percentile"
41.9368814070352,6.50369798994975,0.968194472762095,"97.5th percentile"
42.02148040201,6.50369798994975,0.976179965265885,"97.5th percentile"
42.1060793969849,6.50369798994975,0.982045474119334,"97.5th percentile"
42.1906783919598,6.50369798994975,0.98674778416107,"97.5th percentile"
42.2752773869347,6.50369798994975,0.990074907599129,"97.5th percentile"
42.3598763819095,6.50369798994975,0.992857302130215,"97.5th percentile"
42.4444753768844,6.50369798994975,0.994641963705748,"97.5th percentile"
42.5290743718593,6.50369798994975,0.99566543270175,"97.5th percentile"
42.6136733668342,6.50369798994975,0.996735868973988,"97.5th percentile"
42.698272361809,6.50369798994975,0.997585041682523,"97.5th percentile"
42.7828713567839,6.50369798994975,0.997838429302648,"97.5th percentile"
42.8674703517588,6.50369798994975,0.998642159670533,"97.5th percentile"
42.9520693467337,6.50369798994975,0.998766861109885,"97.5th percentile"
43.0366683417085,6.50369798994975,0.999225732848171,"97.5th percentile"
43.1212673366834,6.50369798994975,0.999457502335161,"97.5th percentile"
43.2058663316583,6.50369798994975,0.999608049209334,"97.5th percentile"
43.2904653266332,6.50369798994975,0.99970912974584,"97.5th percentile"
43.375064321608,6.50369798994975,0.999797911684446,"97.5th percentile"
43.4596633165829,6.50369798994975,0.999854710977248,"97.5th percentile"
43.5442623115578,6.50369798994975,0.99989403758282,"97.5th percentile"
43.6288613065327,6.50369798994975,0.999916048064286,"97.5th percentile"
43.7134603015075,6.50369798994975,0.999937376926165,"97.5th percentile"
43.7980592964824,6.50369798994975,0.999951026905105,"97.5th percentile"
43.8826582914573,6.50369798994975,0.999963323893893,"97.5th percentile"
43.9672572864322,6.50369798994975,0.999971007940603,"97.5th percentile"
44.051856281407,6.50369798994975,0.999979537592624,"97.5th percentile"
44.1364552763819,6.50369798994975,0.999983037774534,"97.5th percentile"
44.2210542713568,6.50369798994975,0.99998841580441,"97.5th percentile"
44.3056532663317,6.50369798994975,0.999990820636786,"97.5th percentile"
44.3902522613065,6.50369798994975,0.999994137981488,"97.5th percentile"
44.4748512562814,6.50369798994975,0.99999542124039,"97.5th percentile"
44.5594502512563,6.50369798994975,0.999996129321356,"97.5th percentile"
44.6440492462312,6.50369798994975,0.999997340613415,"97.5th percentile"
44.728648241206,6.50369798994975,0.999997656998838,"97.5th percentile"
44.8132472361809,6.50369798994975,0.999997485910948,"97.5th percentile"
44.8978462311558,6.50369798994975,0.999997341227416,"97.5th percentile"
44.9824452261307,6.50369798994975,0.999997227295358,"97.5th percentile"
45.0670442211055,6.50369798994975,0.999997151101313,"97.5th percentile"
45.1516432160804,6.50369798994975,0.999997115378494,"97.5th percentile"
45.2362422110553,6.50369798994975,0.999997125788968,"97.5th percentile"
45.3208412060302,6.50369798994975,0.999997173353436,"97.5th percentile"
45.405440201005,6.50369798994975,0.999997261965785,"97.5th percentile"
45.4900391959799,6.50369798994975,0.999997446946112,"97.5th percentile"
45.5746381909548,6.50369798994975,0.999997534420558,"97.5th percentile"
45.6592371859296,6.50369798994975,0.999997709543724,"97.5th percentile"
45.7438361809045,6.50369798994975,0.999997947550987,"97.5th percentile"
45.8284351758794,6.50369798994975,0.999998313270692,"97.5th percentile"
45.9130341708543,6.50369798994975,0.999998318919256,"97.5th percentile"
45.9976331658291,6.50369798994975,0.999998649976942,"97.5th percentile"
46.082232160804,6.50369798994975,0.999998723211397,"97.5th percentile"
46.1668311557789,6.50369798994975,0.999999172732968,"97.5th percentile"
46.2514301507538,6.50369798994975,0.999999054182769,"97.5th percentile"
46.3360291457286,6.50369798994975,0.999999205324322,"97.5th percentile"
34.7459668341709,6.57172462311558,0.901460146615386,"97.5th percentile"
34.8305658291457,6.57172462311558,0.864634911282054,"97.5th percentile"
34.9151648241206,6.57172462311558,0.809427062665925,"97.5th percentile"
34.9997638190955,6.57172462311558,0.75216729338222,"97.5th percentile"
35.0843628140704,6.57172462311558,0.688135294932793,"97.5th percentile"
35.1689618090452,6.57172462311558,0.607709529398911,"97.5th percentile"
35.2535608040201,6.57172462311558,0.510871239729172,"97.5th percentile"
35.338159798995,6.57172462311558,0.395150106898183,"97.5th percentile"
35.4227587939698,6.57172462311558,0.31329839798357,"97.5th percentile"
35.5073577889447,6.57172462311558,0.305107832761036,"97.5th percentile"
35.5919567839196,6.57172462311558,0.29696075662879,"97.5th percentile"
35.6765557788945,6.57172462311558,0.341812220316754,"97.5th percentile"
35.7611547738694,6.57172462311558,0.305970027764782,"97.5th percentile"
35.8457537688442,6.57172462311558,0.320767846078281,"97.5th percentile"
35.9303527638191,6.57172462311558,0.351178098746331,"97.5th percentile"
36.014951758794,6.57172462311558,0.367331455607047,"97.5th percentile"
36.0995507537688,6.57172462311558,0.354282911399557,"97.5th percentile"
36.1841497487437,6.57172462311558,0.352330236440394,"97.5th percentile"
36.2687487437186,6.57172462311558,0.326567196132976,"97.5th percentile"
36.3533477386935,6.57172462311558,0.348635680777477,"97.5th percentile"
36.4379467336683,6.57172462311558,0.358299019493544,"97.5th percentile"
36.5225457286432,6.57172462311558,0.379786014891675,"97.5th percentile"
36.6071447236181,6.57172462311558,0.337510697482309,"97.5th percentile"
36.691743718593,6.57172462311558,0.354826976451261,"97.5th percentile"
36.7763427135678,6.57172462311558,0.342084762434594,"97.5th percentile"
36.8609417085427,6.57172462311558,0.356627399019527,"97.5th percentile"
36.9455407035176,6.57172462311558,0.363512515608669,"97.5th percentile"
37.0301396984925,6.57172462311558,0.346992514489491,"97.5th percentile"
37.1147386934673,6.57172462311558,0.363339353020873,"97.5th percentile"
37.1993376884422,6.57172462311558,0.343599891463868,"97.5th percentile"
37.2839366834171,6.57172462311558,0.331608534165057,"97.5th percentile"
37.368535678392,6.57172462311558,0.31735194863499,"97.5th percentile"
37.4531346733668,6.57172462311558,0.324415287104264,"97.5th percentile"
37.5377336683417,6.57172462311558,0.307787992408624,"97.5th percentile"
37.6223326633166,6.57172462311558,0.305097032322601,"97.5th percentile"
37.7069316582915,6.57172462311558,0.295010337061713,"97.5th percentile"
37.7915306532663,6.57172462311558,0.322615078715141,"97.5th percentile"
37.8761296482412,6.57172462311558,0.531644605677962,"97.5th percentile"
37.9607286432161,6.57172462311558,0.333484038501305,"97.5th percentile"
38.045327638191,6.57172462311558,0.380328671449086,"97.5th percentile"
38.1299266331658,6.57172462311558,0.355311947964643,"97.5th percentile"
38.2145256281407,6.57172462311558,0.308821501691626,"97.5th percentile"
38.2991246231156,6.57172462311558,0.199055602583034,"97.5th percentile"
38.3837236180904,6.57172462311558,0.187891440079381,"97.5th percentile"
38.4683226130653,6.57172462311558,0.170251041583655,"97.5th percentile"
38.5529216080402,6.57172462311558,0.144852846745511,"97.5th percentile"
38.6375206030151,6.57172462311558,0.160049902981551,"97.5th percentile"
38.72211959799,6.57172462311558,0.131900355154469,"97.5th percentile"
38.8067185929648,6.57172462311558,0.181720605423593,"97.5th percentile"
38.8913175879397,6.57172462311558,0.195770730675917,"97.5th percentile"
38.9759165829146,6.57172462311558,0.215093333795504,"97.5th percentile"
39.0605155778894,6.57172462311558,0.207337937371841,"97.5th percentile"
39.1451145728643,6.57172462311558,0.241031474222976,"97.5th percentile"
39.2297135678392,6.57172462311558,0.2487569585955,"97.5th percentile"
39.3143125628141,6.57172462311558,0.262795827402092,"97.5th percentile"
39.3989115577889,6.57172462311558,0.26819623840728,"97.5th percentile"
39.4835105527638,6.57172462311558,0.266445717592449,"97.5th percentile"
39.5681095477387,6.57172462311558,0.260978914855861,"97.5th percentile"
39.6527085427136,6.57172462311558,0.255676726387842,"97.5th percentile"
39.7373075376884,6.57172462311558,0.253575889345742,"97.5th percentile"
39.8219065326633,6.57172462311558,0.25086702374037,"97.5th percentile"
39.9065055276382,6.57172462311558,0.245711530911369,"97.5th percentile"
39.9911045226131,6.57172462311558,0.215032992330264,"97.5th percentile"
40.0757035175879,6.57172462311558,0.21747676028026,"97.5th percentile"
40.1603025125628,6.57172462311558,0.218816240778518,"97.5th percentile"
40.2449015075377,6.57172462311558,0.213201178697885,"97.5th percentile"
40.3295005025126,6.57172462311558,0.220194546501417,"97.5th percentile"
40.4140994974874,6.57172462311558,0.222776927972824,"97.5th percentile"
40.4986984924623,6.57172462311558,0.242035408657791,"97.5th percentile"
40.5832974874372,6.57172462311558,0.254211692937029,"97.5th percentile"
40.6678964824121,6.57172462311558,0.26418764773256,"97.5th percentile"
40.7524954773869,6.57172462311558,0.293360935911849,"97.5th percentile"
40.8370944723618,6.57172462311558,0.328789208766339,"97.5th percentile"
40.9216934673367,6.57172462311558,0.397246239592728,"97.5th percentile"
41.0062924623116,6.57172462311558,0.463668486987716,"97.5th percentile"
41.0908914572864,6.57172462311558,0.537469677662315,"97.5th percentile"
41.1754904522613,6.57172462311558,0.605609288297859,"97.5th percentile"
41.2600894472362,6.57172462311558,0.663915486561221,"97.5th percentile"
41.344688442211,6.57172462311558,0.727995938393163,"97.5th percentile"
41.4292874371859,6.57172462311558,0.789759191718934,"97.5th percentile"
41.5138864321608,6.57172462311558,0.825203520526189,"97.5th percentile"
41.5984854271357,6.57172462311558,0.882564451598056,"97.5th percentile"
41.6830844221106,6.57172462311558,0.921939100665417,"97.5th percentile"
41.7676834170854,6.57172462311558,0.932656346809872,"97.5th percentile"
41.8522824120603,6.57172462311558,0.952928689700526,"97.5th percentile"
41.9368814070352,6.57172462311558,0.959472816909969,"97.5th percentile"
42.02148040201,6.57172462311558,0.972233671258266,"97.5th percentile"
42.1060793969849,6.57172462311558,0.981651990670934,"97.5th percentile"
42.1906783919598,6.57172462311558,0.985921435119126,"97.5th percentile"
42.2752773869347,6.57172462311558,0.989969313186118,"97.5th percentile"
42.3598763819095,6.57172462311558,0.9924206465098,"97.5th percentile"
42.4444753768844,6.57172462311558,0.99439435854287,"97.5th percentile"
42.5290743718593,6.57172462311558,0.995897352470804,"97.5th percentile"
42.6136733668342,6.57172462311558,0.996143717404515,"97.5th percentile"
42.698272361809,6.57172462311558,0.997234554076616,"97.5th percentile"
42.7828713567839,6.57172462311558,0.997943717272109,"97.5th percentile"
42.8674703517588,6.57172462311558,0.998299572847671,"97.5th percentile"
42.9520693467337,6.57172462311558,0.998741251099537,"97.5th percentile"
43.0366683417085,6.57172462311558,0.999326477578421,"97.5th percentile"
43.1212673366834,6.57172462311558,0.999461936901969,"97.5th percentile"
43.2058663316583,6.57172462311558,0.999570770784385,"97.5th percentile"
43.2904653266332,6.57172462311558,0.999666784676834,"97.5th percentile"
43.375064321608,6.57172462311558,0.999782084985393,"97.5th percentile"
43.4596633165829,6.57172462311558,0.99985130765801,"97.5th percentile"
43.5442623115578,6.57172462311558,0.999856622416179,"97.5th percentile"
43.6288613065327,6.57172462311558,0.999908500512012,"97.5th percentile"
43.7134603015075,6.57172462311558,0.999921677365175,"97.5th percentile"
43.7980592964824,6.57172462311558,0.99994207950385,"97.5th percentile"
43.8826582914573,6.57172462311558,0.999964825745387,"97.5th percentile"
43.9672572864322,6.57172462311558,0.999973182712009,"97.5th percentile"
44.051856281407,6.57172462311558,0.999979675632287,"97.5th percentile"
44.1364552763819,6.57172462311558,0.999985987012003,"97.5th percentile"
44.2210542713568,6.57172462311558,0.999988300134721,"97.5th percentile"
44.3056532663317,6.57172462311558,0.999992860067587,"97.5th percentile"
44.3902522613065,6.57172462311558,0.99999310431052,"97.5th percentile"
44.4748512562814,6.57172462311558,0.999995542922872,"97.5th percentile"
44.5594502512563,6.57172462311558,0.999996232127551,"97.5th percentile"
44.6440492462312,6.57172462311558,0.999997128432541,"97.5th percentile"
44.728648241206,6.57172462311558,0.99999749265762,"97.5th percentile"
44.8132472361809,6.57172462311558,0.99999731704188,"97.5th percentile"
44.8978462311558,6.57172462311558,0.999997163349655,"97.5th percentile"
44.9824452261307,6.57172462311558,0.999997045077491,"97.5th percentile"
45.0670442211055,6.57172462311558,0.99999696797216,"97.5th percentile"
45.1516432160804,6.57172462311558,0.999996933793365,"97.5th percentile"
45.2362422110553,6.57172462311558,0.999997055098461,"97.5th percentile"
45.3208412060302,6.57172462311558,0.999997002470478,"97.5th percentile"
45.405440201005,6.57172462311558,0.999997099433297,"97.5th percentile"
45.4900391959799,6.57172462311558,0.999997285644559,"97.5th percentile"
45.5746381909548,6.57172462311558,0.99999744185765,"97.5th percentile"
45.6592371859296,6.57172462311558,0.999997584943613,"97.5th percentile"
45.7438361809045,6.57172462311558,0.999997819548011,"97.5th percentile"
45.8284351758794,6.57172462311558,0.999998004580532,"97.5th percentile"
45.9130341708543,6.57172462311558,0.999998224974812,"97.5th percentile"
45.9976331658291,6.57172462311558,0.999998455444659,"97.5th percentile"
46.082232160804,6.57172462311558,0.999998651961271,"97.5th percentile"
46.1668311557789,6.57172462311558,0.999999132281222,"97.5th percentile"
46.2514301507538,6.57172462311558,0.999999012014946,"97.5th percentile"
46.3360291457286,6.57172462311558,0.999999174249916,"97.5th percentile"
46.4206281407035,6.57172462311558,0.999999310897181,"97.5th percentile"
34.661367839196,6.63975125628141,0.908841501042204,"97.5th percentile"
34.7459668341709,6.63975125628141,0.871942255829882,"97.5th percentile"
34.8305658291457,6.63975125628141,0.835995060840339,"97.5th percentile"
34.9151648241206,6.63975125628141,0.773713463185208,"97.5th percentile"
34.9997638190955,6.63975125628141,0.695324372402413,"97.5th percentile"
35.0843628140704,6.63975125628141,0.586504916081186,"97.5th percentile"
35.1689618090452,6.63975125628141,0.509494120310816,"97.5th percentile"
35.2535608040201,6.63975125628141,0.426563519210443,"97.5th percentile"
35.338159798995,6.63975125628141,0.331882346066755,"97.5th percentile"
35.4227587939698,6.63975125628141,0.313598624270888,"97.5th percentile"
35.5073577889447,6.63975125628141,0.29723262416476,"97.5th percentile"
35.5919567839196,6.63975125628141,0.317226217911652,"97.5th percentile"
35.6765557788945,6.63975125628141,0.325766544020614,"97.5th percentile"
35.7611547738694,6.63975125628141,0.303101034335236,"97.5th percentile"
35.8457537688442,6.63975125628141,0.310747119192886,"97.5th percentile"
35.9303527638191,6.63975125628141,0.32462484084587,"97.5th percentile"
36.014951758794,6.63975125628141,0.347315772015266,"97.5th percentile"
36.0995507537688,6.63975125628141,0.393339585363627,"97.5th percentile"
36.1841497487437,6.63975125628141,0.353331092575722,"97.5th percentile"
36.2687487437186,6.63975125628141,0.345572600752289,"97.5th percentile"
36.3533477386935,6.63975125628141,0.359589981631849,"97.5th percentile"
36.4379467336683,6.63975125628141,0.363038586531619,"97.5th percentile"
36.5225457286432,6.63975125628141,0.357305900717351,"97.5th percentile"
36.6071447236181,6.63975125628141,0.354017732575852,"97.5th percentile"
36.691743718593,6.63975125628141,0.349295214650927,"97.5th percentile"
36.7763427135678,6.63975125628141,0.344720724294655,"97.5th percentile"
36.8609417085427,6.63975125628141,0.346787304741068,"97.5th percentile"
36.9455407035176,6.63975125628141,0.366174679870117,"97.5th percentile"
37.0301396984925,6.63975125628141,0.369410687489034,"97.5th percentile"
37.1147386934673,6.63975125628141,0.364569352321945,"97.5th percentile"
37.1993376884422,6.63975125628141,0.360300705939249,"97.5th percentile"
37.2839366834171,6.63975125628141,0.341538523710333,"97.5th percentile"
37.368535678392,6.63975125628141,0.324988559507857,"97.5th percentile"
37.4531346733668,6.63975125628141,0.314726830682057,"97.5th percentile"
37.5377336683417,6.63975125628141,0.340041592890115,"97.5th percentile"
37.6223326633166,6.63975125628141,0.322134389768676,"97.5th percentile"
37.7069316582915,6.63975125628141,0.308166990155818,"97.5th percentile"
37.7915306532663,6.63975125628141,0.311649455909094,"97.5th percentile"
37.8761296482412,6.63975125628141,0.312979570487081,"97.5th percentile"
37.9607286432161,6.63975125628141,0.342903974642251,"97.5th percentile"
38.045327638191,6.63975125628141,0.30318304996299,"97.5th percentile"
38.1299266331658,6.63975125628141,0.326522577239676,"97.5th percentile"
38.2145256281407,6.63975125628141,0.30489492399134,"97.5th percentile"
38.2991246231156,6.63975125628141,0.201403357630983,"97.5th percentile"
38.3837236180904,6.63975125628141,0.182855973668899,"97.5th percentile"
38.4683226130653,6.63975125628141,0.201361080183671,"97.5th percentile"
38.5529216080402,6.63975125628141,0.16610983822392,"97.5th percentile"
38.6375206030151,6.63975125628141,0.140977512501562,"97.5th percentile"
38.72211959799,6.63975125628141,0.136641578296245,"97.5th percentile"
38.8067185929648,6.63975125628141,0.18815270989696,"97.5th percentile"
38.8913175879397,6.63975125628141,0.212614721766585,"97.5th percentile"
38.9759165829146,6.63975125628141,0.234271707754036,"97.5th percentile"
39.0605155778894,6.63975125628141,0.238266202771382,"97.5th percentile"
39.1451145728643,6.63975125628141,0.246243093105668,"97.5th percentile"
39.2297135678392,6.63975125628141,0.265759978394206,"97.5th percentile"
39.3143125628141,6.63975125628141,0.267347862953036,"97.5th percentile"
39.3989115577889,6.63975125628141,0.310144660272561,"97.5th percentile"
39.4835105527638,6.63975125628141,0.266711204999143,"97.5th percentile"
39.5681095477387,6.63975125628141,0.265229499091907,"97.5th percentile"
39.6527085427136,6.63975125628141,0.260865594668983,"97.5th percentile"
39.7373075376884,6.63975125628141,0.257770758068512,"97.5th percentile"
39.8219065326633,6.63975125628141,0.253374880375936,"97.5th percentile"
39.9065055276382,6.63975125628141,0.250048958561017,"97.5th percentile"
39.9911045226131,6.63975125628141,0.235396508390217,"97.5th percentile"
40.0757035175879,6.63975125628141,0.220666368116337,"97.5th percentile"
40.1603025125628,6.63975125628141,0.219901904402759,"97.5th percentile"
40.2449015075377,6.63975125628141,0.225434662419506,"97.5th percentile"
40.3295005025126,6.63975125628141,0.230361067360044,"97.5th percentile"
40.4140994974874,6.63975125628141,0.212708105849889,"97.5th percentile"
40.4986984924623,6.63975125628141,0.208440228694922,"97.5th percentile"
40.5832974874372,6.63975125628141,0.212428331454082,"97.5th percentile"
40.6678964824121,6.63975125628141,0.223422895577747,"97.5th percentile"
40.7524954773869,6.63975125628141,0.248934066865664,"97.5th percentile"
40.8370944723618,6.63975125628141,0.290422924917903,"97.5th percentile"
40.9216934673367,6.63975125628141,0.355057915982146,"97.5th percentile"
41.0062924623116,6.63975125628141,0.423229482665288,"97.5th percentile"
41.0908914572864,6.63975125628141,0.506908324321091,"97.5th percentile"
41.1754904522613,6.63975125628141,0.576631414550916,"97.5th percentile"
41.2600894472362,6.63975125628141,0.663291685745648,"97.5th percentile"
41.344688442211,6.63975125628141,0.720714131838978,"97.5th percentile"
41.4292874371859,6.63975125628141,0.782013834409859,"97.5th percentile"
41.5138864321608,6.63975125628141,0.821610665454398,"97.5th percentile"
41.5984854271357,6.63975125628141,0.86044671268276,"97.5th percentile"
41.6830844221106,6.63975125628141,0.900666591492518,"97.5th percentile"
41.7676834170854,6.63975125628141,0.921022913755878,"97.5th percentile"
41.8522824120603,6.63975125628141,0.946711212925358,"97.5th percentile"
41.9368814070352,6.63975125628141,0.965676882685618,"97.5th percentile"
42.02148040201,6.63975125628141,0.973853261481679,"97.5th percentile"
42.1060793969849,6.63975125628141,0.980608046652025,"97.5th percentile"
42.1906783919598,6.63975125628141,0.982533339251512,"97.5th percentile"
42.2752773869347,6.63975125628141,0.988924923155288,"97.5th percentile"
42.3598763819095,6.63975125628141,0.991769589007509,"97.5th percentile"
42.4444753768844,6.63975125628141,0.993326892579486,"97.5th percentile"
42.5290743718593,6.63975125628141,0.994420154320132,"97.5th percentile"
42.6136733668342,6.63975125628141,0.995735630522311,"97.5th percentile"
42.698272361809,6.63975125628141,0.996885135660599,"97.5th percentile"
42.7828713567839,6.63975125628141,0.997717768154614,"97.5th percentile"
42.8674703517588,6.63975125628141,0.998460088612255,"97.5th percentile"
42.9520693467337,6.63975125628141,0.99873279690928,"97.5th percentile"
43.0366683417085,6.63975125628141,0.999195437555298,"97.5th percentile"
43.1212673366834,6.63975125628141,0.999383101818603,"97.5th percentile"
43.2058663316583,6.63975125628141,0.999517439400796,"97.5th percentile"
43.2904653266332,6.63975125628141,0.999680823659839,"97.5th percentile"
43.375064321608,6.63975125628141,0.999768614019067,"97.5th percentile"
43.4596633165829,6.63975125628141,0.999830826311614,"97.5th percentile"
43.5442623115578,6.63975125628141,0.999893346976003,"97.5th percentile"
43.6288613065327,6.63975125628141,0.999899843899945,"97.5th percentile"
43.7134603015075,6.63975125628141,0.999921005595723,"97.5th percentile"
43.7980592964824,6.63975125628141,0.999941062757631,"97.5th percentile"
43.8826582914573,6.63975125628141,0.999958575741558,"97.5th percentile"
43.9672572864322,6.63975125628141,0.999969638913832,"97.5th percentile"
44.051856281407,6.63975125628141,0.999978983932507,"97.5th percentile"
44.1364552763819,6.63975125628141,0.99998420681666,"97.5th percentile"
44.2210542713568,6.63975125628141,0.999987787809859,"97.5th percentile"
44.3056532663317,6.63975125628141,0.999993176433862,"97.5th percentile"
44.3902522613065,6.63975125628141,0.999994972667408,"97.5th percentile"
44.4748512562814,6.63975125628141,0.999994681297496,"97.5th percentile"
44.5594502512563,6.63975125628141,0.99999617484864,"97.5th percentile"
44.6440492462312,6.63975125628141,0.99999722224692,"97.5th percentile"
44.728648241206,6.63975125628141,0.999997336671893,"97.5th percentile"
44.8132472361809,6.63975125628141,0.999997147875254,"97.5th percentile"
44.8978462311558,6.63975125628141,0.999996990820517,"97.5th percentile"
44.9824452261307,6.63975125628141,0.999996870165604,"97.5th percentile"
45.0670442211055,6.63975125628141,0.999996790735434,"97.5th percentile"
45.1516432160804,6.63975125628141,0.999996758353397,"97.5th percentile"
45.2362422110553,6.63975125628141,0.99999677587002,"97.5th percentile"
45.3208412060302,6.63975125628141,0.999996838719959,"97.5th percentile"
45.405440201005,6.63975125628141,0.999996945004812,"97.5th percentile"
45.4900391959799,6.63975125628141,0.999997089734586,"97.5th percentile"
45.5746381909548,6.63975125628141,0.999997277506893,"97.5th percentile"
45.6592371859296,6.63975125628141,0.999997467121323,"97.5th percentile"
45.7438361809045,6.63975125628141,0.999997687134333,"97.5th percentile"
45.8284351758794,6.63975125628141,0.99999806865388,"97.5th percentile"
45.9130341708543,6.63975125628141,0.999998145318518,"97.5th percentile"
45.9976331658291,6.63975125628141,0.999998375667459,"97.5th percentile"
46.082232160804,6.63975125628141,0.999998584378068,"97.5th percentile"
46.1668311557789,6.63975125628141,0.99999883009,"97.5th percentile"
46.2514301507538,6.63975125628141,0.999998996533239,"97.5th percentile"
46.3360291457286,6.63975125628141,0.99999936259165,"97.5th percentile"
46.4206281407035,6.63975125628141,0.999999296715998,"97.5th percentile"
46.5052271356784,6.63975125628141,0.99999947527576,"97.5th percentile"
34.4921698492462,6.70777788944724,0.939854005991905,"97.5th percentile"
34.5767688442211,6.70777788944724,0.920446479206654,"97.5th percentile"
34.661367839196,6.70777788944724,0.892967046259633,"97.5th percentile"
34.7459668341709,6.70777788944724,0.837384294065909,"97.5th percentile"
34.8305658291457,6.70777788944724,0.77370114035624,"97.5th percentile"
34.9151648241206,6.70777788944724,0.702266439859772,"97.5th percentile"
34.9997638190955,6.70777788944724,0.622142296349107,"97.5th percentile"
35.0843628140704,6.70777788944724,0.535560332879372,"97.5th percentile"
35.1689618090452,6.70777788944724,0.462012995335254,"97.5th percentile"
35.2535608040201,6.70777788944724,0.359595135009748,"97.5th percentile"
35.338159798995,6.70777788944724,0.320720063545729,"97.5th percentile"
35.4227587939698,6.70777788944724,0.308114016716317,"97.5th percentile"
35.5073577889447,6.70777788944724,0.298731799496877,"97.5th percentile"
35.5919567839196,6.70777788944724,0.298365269734539,"97.5th percentile"
35.6765557788945,6.70777788944724,0.314985695133226,"97.5th percentile"
35.7611547738694,6.70777788944724,0.316199286452074,"97.5th percentile"
35.8457537688442,6.70777788944724,0.3118373914243,"97.5th percentile"
35.9303527638191,6.70777788944724,0.314287285335525,"97.5th percentile"
36.014951758794,6.70777788944724,0.339293024717023,"97.5th percentile"
36.0995507537688,6.70777788944724,0.403047308610004,"97.5th percentile"
36.1841497487437,6.70777788944724,0.385331473541016,"97.5th percentile"
36.2687487437186,6.70777788944724,0.336231482863454,"97.5th percentile"
36.3533477386935,6.70777788944724,0.341261353167283,"97.5th percentile"
36.4379467336683,6.70777788944724,0.354849067194603,"97.5th percentile"
36.5225457286432,6.70777788944724,0.344915952986059,"97.5th percentile"
36.6071447236181,6.70777788944724,0.353042687126831,"97.5th percentile"
36.691743718593,6.70777788944724,0.392253169452159,"97.5th percentile"
36.7763427135678,6.70777788944724,0.379500417395136,"97.5th percentile"
36.8609417085427,6.70777788944724,0.370295336116582,"97.5th percentile"
36.9455407035176,6.70777788944724,0.383603471704827,"97.5th percentile"
37.0301396984925,6.70777788944724,0.369500344541315,"97.5th percentile"
37.1147386934673,6.70777788944724,0.371601362240217,"97.5th percentile"
37.1993376884422,6.70777788944724,0.368340375590184,"97.5th percentile"
37.2839366834171,6.70777788944724,0.342974053572932,"97.5th percentile"
37.368535678392,6.70777788944724,0.319501569701176,"97.5th percentile"
37.4531346733668,6.70777788944724,0.28494847319479,"97.5th percentile"
37.5377336683417,6.70777788944724,0.260267463575474,"97.5th percentile"
37.6223326633166,6.70777788944724,0.267940028655889,"97.5th percentile"
37.7069316582915,6.70777788944724,0.286065983265488,"97.5th percentile"
37.7915306532663,6.70777788944724,0.295410002073005,"97.5th percentile"
37.8761296482412,6.70777788944724,0.29083152966327,"97.5th percentile"
37.9607286432161,6.70777788944724,0.312526662635558,"97.5th percentile"
38.045327638191,6.70777788944724,0.304123269140771,"97.5th percentile"
38.1299266331658,6.70777788944724,0.304420205026614,"97.5th percentile"
38.2145256281407,6.70777788944724,0.257501251700496,"97.5th percentile"
38.2991246231156,6.70777788944724,0.223226265843902,"97.5th percentile"
38.3837236180904,6.70777788944724,0.219305231841965,"97.5th percentile"
38.4683226130653,6.70777788944724,0.228815833433043,"97.5th percentile"
38.5529216080402,6.70777788944724,0.201713723073247,"97.5th percentile"
38.6375206030151,6.70777788944724,0.174428076970127,"97.5th percentile"
38.72211959799,6.70777788944724,0.178931159383716,"97.5th percentile"
38.8067185929648,6.70777788944724,0.215600770517652,"97.5th percentile"
38.8913175879397,6.70777788944724,0.202793282755642,"97.5th percentile"
38.9759165829146,6.70777788944724,0.224470609043591,"97.5th percentile"
39.0605155778894,6.70777788944724,0.275920369355045,"97.5th percentile"
39.1451145728643,6.70777788944724,0.273819714258482,"97.5th percentile"
39.2297135678392,6.70777788944724,0.264734657139051,"97.5th percentile"
39.3143125628141,6.70777788944724,0.258062125704689,"97.5th percentile"
39.3989115577889,6.70777788944724,0.252308260538578,"97.5th percentile"
39.4835105527638,6.70777788944724,0.260438563729252,"97.5th percentile"
39.5681095477387,6.70777788944724,0.267174887503145,"97.5th percentile"
39.6527085427136,6.70777788944724,0.26342930260355,"97.5th percentile"
39.7373075376884,6.70777788944724,0.255324385217526,"97.5th percentile"
39.8219065326633,6.70777788944724,0.249528433894734,"97.5th percentile"
39.9065055276382,6.70777788944724,0.246136022108028,"97.5th percentile"
39.9911045226131,6.70777788944724,0.245489576043466,"97.5th percentile"
40.0757035175879,6.70777788944724,0.223671809756264,"97.5th percentile"
40.1603025125628,6.70777788944724,0.229569681183209,"97.5th percentile"
40.2449015075377,6.70777788944724,0.225278310055769,"97.5th percentile"
40.3295005025126,6.70777788944724,0.223687366845368,"97.5th percentile"
40.4140994974874,6.70777788944724,0.218158475617966,"97.5th percentile"
40.4986984924623,6.70777788944724,0.206741111063224,"97.5th percentile"
40.5832974874372,6.70777788944724,0.204264407601447,"97.5th percentile"
40.6678964824121,6.70777788944724,0.197709742031907,"97.5th percentile"
40.7524954773869,6.70777788944724,0.225893981894207,"97.5th percentile"
40.8370944723618,6.70777788944724,0.280949210273223,"97.5th percentile"
40.9216934673367,6.70777788944724,0.359213210818356,"97.5th percentile"
41.0062924623116,6.70777788944724,0.420931710508452,"97.5th percentile"
41.0908914572864,6.70777788944724,0.501391863327156,"97.5th percentile"
41.1754904522613,6.70777788944724,0.5887959266484,"97.5th percentile"
41.2600894472362,6.70777788944724,0.660028376173553,"97.5th percentile"
41.344688442211,6.70777788944724,0.709927208913699,"97.5th percentile"
41.4292874371859,6.70777788944724,0.770726670201372,"97.5th percentile"
41.5138864321608,6.70777788944724,0.820085788127826,"97.5th percentile"
41.5984854271357,6.70777788944724,0.869885497428088,"97.5th percentile"
41.6830844221106,6.70777788944724,0.911106475815074,"97.5th percentile"
41.7676834170854,6.70777788944724,0.936045603496134,"97.5th percentile"
41.8522824120603,6.70777788944724,0.944924640514986,"97.5th percentile"
41.9368814070352,6.70777788944724,0.963137192953274,"97.5th percentile"
42.02148040201,6.70777788944724,0.973837802199429,"97.5th percentile"
42.1060793969849,6.70777788944724,0.979142195667606,"97.5th percentile"
42.1906783919598,6.70777788944724,0.980755917827004,"97.5th percentile"
42.2752773869347,6.70777788944724,0.98573822844118,"97.5th percentile"
42.3598763819095,6.70777788944724,0.992456375911077,"97.5th percentile"
42.4444753768844,6.70777788944724,0.993190815898729,"97.5th percentile"
42.5290743718593,6.70777788944724,0.994231233020712,"97.5th percentile"
42.6136733668342,6.70777788944724,0.995728149678333,"97.5th percentile"
42.698272361809,6.70777788944724,0.997147955537162,"97.5th percentile"
42.7828713567839,6.70777788944724,0.997986986850711,"97.5th percentile"
42.8674703517588,6.70777788944724,0.998522068701297,"97.5th percentile"
42.9520693467337,6.70777788944724,0.998735795462408,"97.5th percentile"
43.0366683417085,6.70777788944724,0.999149053836184,"97.5th percentile"
43.1212673366834,6.70777788944724,0.99935563498382,"97.5th percentile"
43.2058663316583,6.70777788944724,0.99955453947351,"97.5th percentile"
43.2904653266332,6.70777788944724,0.999694893989559,"97.5th percentile"
43.375064321608,6.70777788944724,0.999738249376761,"97.5th percentile"
43.4596633165829,6.70777788944724,0.999856417804316,"97.5th percentile"
43.5442623115578,6.70777788944724,0.999874510035867,"97.5th percentile"
43.6288613065327,6.70777788944724,0.999889963068831,"97.5th percentile"
43.7134603015075,6.70777788944724,0.999920154887295,"97.5th percentile"
43.7980592964824,6.70777788944724,0.999940666052033,"97.5th percentile"
43.8826582914573,6.70777788944724,0.999955492079744,"97.5th percentile"
43.9672572864322,6.70777788944724,0.999971979326468,"97.5th percentile"
44.051856281407,6.70777788944724,0.999979116017422,"97.5th percentile"
44.1364552763819,6.70777788944724,0.999982399137769,"97.5th percentile"
44.2210542713568,6.70777788944724,0.999986867765613,"97.5th percentile"
44.3056532663317,6.70777788944724,0.999993162115083,"97.5th percentile"
44.3902522613065,6.70777788944724,0.999993585283955,"97.5th percentile"
44.4748512562814,6.70777788944724,0.999994702976512,"97.5th percentile"
44.5594502512563,6.70777788944724,0.999996120020761,"97.5th percentile"
44.6440492462312,6.70777788944724,0.999997291223707,"97.5th percentile"
44.728648241206,6.70777788944724,0.999997338811617,"97.5th percentile"
44.8132472361809,6.70777788944724,0.999996987874431,"97.5th percentile"
44.8978462311558,6.70777788944724,0.999996821626923,"97.5th percentile"
44.9824452261307,6.70777788944724,0.999996699111115,"97.5th percentile"
45.0670442211055,6.70777788944724,0.99999662244143,"97.5th percentile"
45.1516432160804,6.70777788944724,0.999996593454286,"97.5th percentile"
45.2362422110553,6.70777788944724,0.999996655909413,"97.5th percentile"
45.3208412060302,6.70777788944724,0.999996684855666,"97.5th percentile"
45.405440201005,6.70777788944724,0.999996802678546,"97.5th percentile"
45.4900391959799,6.70777788944724,0.999997032948686,"97.5th percentile"
45.5746381909548,6.70777788944724,0.999997146946913,"97.5th percentile"
45.6592371859296,6.70777788944724,0.999997386133444,"97.5th percentile"
45.7438361809045,6.70777788944724,0.999997589425715,"97.5th percentile"
45.8284351758794,6.70777788944724,0.999997830613768,"97.5th percentile"
45.9130341708543,6.70777788944724,0.999998085012605,"97.5th percentile"
45.9976331658291,6.70777788944724,0.999998307362026,"97.5th percentile"
46.082232160804,6.70777788944724,0.999998568965282,"97.5th percentile"
46.1668311557789,6.70777788944724,0.999999081388042,"97.5th percentile"
46.2514301507538,6.70777788944724,0.999999185116984,"97.5th percentile"
46.3360291457286,6.70777788944724,0.999999213722055,"97.5th percentile"
46.4206281407035,6.70777788944724,0.999999270977736,"97.5th percentile"
46.5052271356784,6.70777788944724,0.999999396365649,"97.5th percentile"
34.4075708542714,6.77580452261306,0.953754624161537,"97.5th percentile"
34.4921698492462,6.77580452261306,0.929147117838526,"97.5th percentile"
34.5767688442211,6.77580452261306,0.910112107906368,"97.5th percentile"
34.661367839196,6.77580452261306,0.848180663424023,"97.5th percentile"
34.7459668341709,6.77580452261306,0.825777122420179,"97.5th percentile"
34.8305658291457,6.77580452261306,0.733099889122632,"97.5th percentile"
34.9151648241206,6.77580452261306,0.658230213950756,"97.5th percentile"
34.9997638190955,6.77580452261306,0.574131297445655,"97.5th percentile"
35.0843628140704,6.77580452261306,0.48294729309551,"97.5th percentile"
35.1689618090452,6.77580452261306,0.387133266519045,"97.5th percentile"
35.2535608040201,6.77580452261306,0.318036602117109,"97.5th percentile"
35.338159798995,6.77580452261306,0.298933580318306,"97.5th percentile"
35.4227587939698,6.77580452261306,0.276783441651444,"97.5th percentile"
35.5073577889447,6.77580452261306,0.264775270359729,"97.5th percentile"
35.5919567839196,6.77580452261306,0.280037430124152,"97.5th percentile"
35.6765557788945,6.77580452261306,0.286572980991283,"97.5th percentile"
35.7611547738694,6.77580452261306,0.286781715002165,"97.5th percentile"
35.8457537688442,6.77580452261306,0.289703669255945,"97.5th percentile"
35.9303527638191,6.77580452261306,0.317126647392373,"97.5th percentile"
36.014951758794,6.77580452261306,0.325521497342081,"97.5th percentile"
36.0995507537688,6.77580452261306,0.339638909088218,"97.5th percentile"
36.1841497487437,6.77580452261306,0.335160006149896,"97.5th percentile"
36.2687487437186,6.77580452261306,0.338143899738531,"97.5th percentile"
36.3533477386935,6.77580452261306,0.370592982472364,"97.5th percentile"
36.4379467336683,6.77580452261306,0.371577829363081,"97.5th percentile"
36.5225457286432,6.77580452261306,0.363093046437935,"97.5th percentile"
36.6071447236181,6.77580452261306,0.360317983945541,"97.5th percentile"
36.691743718593,6.77580452261306,0.376153739126227,"97.5th percentile"
36.7763427135678,6.77580452261306,0.373332681668238,"97.5th percentile"
36.8609417085427,6.77580452261306,0.372805457219625,"97.5th percentile"
36.9455407035176,6.77580452261306,0.374442296956232,"97.5th percentile"
37.0301396984925,6.77580452261306,0.364397238365646,"97.5th percentile"
37.1147386934673,6.77580452261306,0.347666996862416,"97.5th percentile"
37.1993376884422,6.77580452261306,0.360653621397196,"97.5th percentile"
37.2839366834171,6.77580452261306,0.349181022961675,"97.5th percentile"
37.368535678392,6.77580452261306,0.277598791920953,"97.5th percentile"
37.4531346733668,6.77580452261306,0.278247279103387,"97.5th percentile"
37.5377336683417,6.77580452261306,0.257519952669795,"97.5th percentile"
37.6223326633166,6.77580452261306,0.252799548335053,"97.5th percentile"
37.7069316582915,6.77580452261306,0.269131426998672,"97.5th percentile"
37.7915306532663,6.77580452261306,0.284039043927835,"97.5th percentile"
37.8761296482412,6.77580452261306,0.285789741617716,"97.5th percentile"
37.9607286432161,6.77580452261306,0.302434892451793,"97.5th percentile"
38.045327638191,6.77580452261306,0.291614593979418,"97.5th percentile"
38.1299266331658,6.77580452261306,0.300409730292975,"97.5th percentile"
38.2145256281407,6.77580452261306,0.260550587364684,"97.5th percentile"
38.2991246231156,6.77580452261306,0.206353130093485,"97.5th percentile"
38.3837236180904,6.77580452261306,0.21683157865656,"97.5th percentile"
38.4683226130653,6.77580452261306,0.223852395144359,"97.5th percentile"
38.5529216080402,6.77580452261306,0.203482112754349,"97.5th percentile"
38.6375206030151,6.77580452261306,0.215685712153231,"97.5th percentile"
38.72211959799,6.77580452261306,0.220567599854871,"97.5th percentile"
38.8067185929648,6.77580452261306,0.218055581060771,"97.5th percentile"
38.8913175879397,6.77580452261306,0.245719672211668,"97.5th percentile"
38.9759165829146,6.77580452261306,0.269320015479738,"97.5th percentile"
39.0605155778894,6.77580452261306,0.280067847272502,"97.5th percentile"
39.1451145728643,6.77580452261306,0.265921688347311,"97.5th percentile"
39.2297135678392,6.77580452261306,0.270658552291838,"97.5th percentile"
39.3143125628141,6.77580452261306,0.262830589735327,"97.5th percentile"
39.3989115577889,6.77580452261306,0.317553293059124,"97.5th percentile"
39.4835105527638,6.77580452261306,0.259253816699209,"97.5th percentile"
39.5681095477387,6.77580452261306,0.270853937959541,"97.5th percentile"
39.6527085427136,6.77580452261306,0.269452228922937,"97.5th percentile"
39.7373075376884,6.77580452261306,0.28046346109066,"97.5th percentile"
39.8219065326633,6.77580452261306,0.30445071623735,"97.5th percentile"
39.9065055276382,6.77580452261306,0.294517016680848,"97.5th percentile"
39.9911045226131,6.77580452261306,0.247994259235669,"97.5th percentile"
40.0757035175879,6.77580452261306,0.218105024098363,"97.5th percentile"
40.1603025125628,6.77580452261306,0.22634506996544,"97.5th percentile"
40.2449015075377,6.77580452261306,0.216332471516963,"97.5th percentile"
40.3295005025126,6.77580452261306,0.208364028929055,"97.5th percentile"
40.4140994974874,6.77580452261306,0.209764553011112,"97.5th percentile"
40.4986984924623,6.77580452261306,0.209761985568444,"97.5th percentile"
40.5832974874372,6.77580452261306,0.206980111962338,"97.5th percentile"
40.6678964824121,6.77580452261306,0.201072633293455,"97.5th percentile"
40.7524954773869,6.77580452261306,0.246777922571693,"97.5th percentile"
40.8370944723618,6.77580452261306,0.29486248030553,"97.5th percentile"
40.9216934673367,6.77580452261306,0.401912511233081,"97.5th percentile"
41.0062924623116,6.77580452261306,0.452148533741855,"97.5th percentile"
41.0908914572864,6.77580452261306,0.509232448939734,"97.5th percentile"
41.1754904522613,6.77580452261306,0.579650518244724,"97.5th percentile"
41.2600894472362,6.77580452261306,0.650876000845448,"97.5th percentile"
41.344688442211,6.77580452261306,0.714286266855787,"97.5th percentile"
41.4292874371859,6.77580452261306,0.780842849573535,"97.5th percentile"
41.5138864321608,6.77580452261306,0.822513061826288,"97.5th percentile"
41.5984854271357,6.77580452261306,0.863263376627484,"97.5th percentile"
41.6830844221106,6.77580452261306,0.907717857273661,"97.5th percentile"
41.7676834170854,6.77580452261306,0.925281983938062,"97.5th percentile"
41.8522824120603,6.77580452261306,0.947668915130468,"97.5th percentile"
41.9368814070352,6.77580452261306,0.957664563500357,"97.5th percentile"
42.02148040201,6.77580452261306,0.971263104062758,"97.5th percentile"
42.1060793969849,6.77580452261306,0.975522280699911,"97.5th percentile"
42.1906783919598,6.77580452261306,0.981237103291111,"97.5th percentile"
42.2752773869347,6.77580452261306,0.987090020310917,"97.5th percentile"
42.3598763819095,6.77580452261306,0.992676863101467,"97.5th percentile"
42.4444753768844,6.77580452261306,0.994405275018977,"97.5th percentile"
42.5290743718593,6.77580452261306,0.995254586918144,"97.5th percentile"
42.6136733668342,6.77580452261306,0.995925187927568,"97.5th percentile"
42.698272361809,6.77580452261306,0.997509756164607,"97.5th percentile"
42.7828713567839,6.77580452261306,0.998155056857104,"97.5th percentile"
42.8674703517588,6.77580452261306,0.998626668017887,"97.5th percentile"
42.9520693467337,6.77580452261306,0.99884588111866,"97.5th percentile"
43.0366683417085,6.77580452261306,0.999139794048669,"97.5th percentile"
43.1212673366834,6.77580452261306,0.999327773862142,"97.5th percentile"
43.2058663316583,6.77580452261306,0.999544735269911,"97.5th percentile"
43.2904653266332,6.77580452261306,0.99964196466321,"97.5th percentile"
43.375064321608,6.77580452261306,0.999726754625258,"97.5th percentile"
43.4596633165829,6.77580452261306,0.999858042274559,"97.5th percentile"
43.5442623115578,6.77580452261306,0.999884719847998,"97.5th percentile"
43.6288613065327,6.77580452261306,0.999902904834948,"97.5th percentile"
43.7134603015075,6.77580452261306,0.999920228975358,"97.5th percentile"
43.7980592964824,6.77580452261306,0.999940432011019,"97.5th percentile"
43.8826582914573,6.77580452261306,0.999955851805501,"97.5th percentile"
43.9672572864322,6.77580452261306,0.999967399943907,"97.5th percentile"
44.051856281407,6.77580452261306,0.999976796504558,"97.5th percentile"
44.1364552763819,6.77580452261306,0.999982394914507,"97.5th percentile"
44.2210542713568,6.77580452261306,0.999987282324532,"97.5th percentile"
44.3056532663317,6.77580452261306,0.99999193788926,"97.5th percentile"
44.3902522613065,6.77580452261306,0.999993033766315,"97.5th percentile"
44.4748512562814,6.77580452261306,0.999995109436965,"97.5th percentile"
44.5594502512563,6.77580452261306,0.999996821432283,"97.5th percentile"
44.6440492462312,6.77580452261306,0.999997168987068,"97.5th percentile"
44.728648241206,6.77580452261306,0.99999704749302,"97.5th percentile"
44.8132472361809,6.77580452261306,0.999996880752081,"97.5th percentile"
44.8978462311558,6.77580452261306,0.999997024769125,"97.5th percentile"
44.9824452261307,6.77580452261306,0.999996652662986,"97.5th percentile"
45.0670442211055,6.77580452261306,0.99999646457844,"97.5th percentile"
45.1516432160804,6.77580452261306,0.999996437517695,"97.5th percentile"
45.2362422110553,6.77580452261306,0.999996464563293,"97.5th percentile"
45.3208412060302,6.77580452261306,0.999996542737449,"97.5th percentile"
45.405440201005,6.77580452261306,0.999996667797874,"97.5th percentile"
45.4900391959799,6.77580452261306,0.9999968359356,"97.5th percentile"
45.5746381909548,6.77580452261306,0.999997038761425,"97.5th percentile"
45.6592371859296,6.77580452261306,0.999997259593265,"97.5th percentile"
45.7438361809045,6.77580452261306,0.99999750214738,"97.5th percentile"
45.8284351758794,6.77580452261306,0.999997753863807,"97.5th percentile"
45.9130341708543,6.77580452261306,0.999998007395688,"97.5th percentile"
45.9976331658291,6.77580452261306,0.999998336554666,"97.5th percentile"
46.082232160804,6.77580452261306,0.999998562460404,"97.5th percentile"
46.1668311557789,6.77580452261306,0.999998797897397,"97.5th percentile"
46.2514301507538,6.77580452261306,0.999999013207728,"97.5th percentile"
46.3360291457286,6.77580452261306,0.999999296243973,"97.5th percentile"
46.4206281407035,6.77580452261306,0.999999419188632,"97.5th percentile"
46.5052271356784,6.77580452261306,0.9999993810158,"97.5th percentile"
46.5898261306533,6.77580452261306,0.99999950015874,"97.5th percentile"
34.3229718592965,6.84383115577889,0.960284517005187,"97.5th percentile"
34.4075708542714,6.84383115577889,0.939645955836652,"97.5th percentile"
34.4921698492462,6.84383115577889,0.918120493923379,"97.5th percentile"
34.5767688442211,6.84383115577889,0.868059852678806,"97.5th percentile"
34.661367839196,6.84383115577889,0.838042405680891,"97.5th percentile"
34.7459668341709,6.84383115577889,0.763286714175072,"97.5th percentile"
34.8305658291457,6.84383115577889,0.691782363481603,"97.5th percentile"
34.9151648241206,6.84383115577889,0.61111207453004,"97.5th percentile"
34.9997638190955,6.84383115577889,0.524149897099524,"97.5th percentile"
35.0843628140704,6.84383115577889,0.434489089239835,"97.5th percentile"
35.1689618090452,6.84383115577889,0.353497792172505,"97.5th percentile"
35.2535608040201,6.84383115577889,0.30917963944024,"97.5th percentile"
35.338159798995,6.84383115577889,0.32291217198403,"97.5th percentile"
35.4227587939698,6.84383115577889,0.270453914099021,"97.5th percentile"
35.5073577889447,6.84383115577889,0.248745337503104,"97.5th percentile"
35.5919567839196,6.84383115577889,0.284256744237236,"97.5th percentile"
35.6765557788945,6.84383115577889,0.282223947732694,"97.5th percentile"
35.7611547738694,6.84383115577889,0.264157845704763,"97.5th percentile"
35.8457537688442,6.84383115577889,0.293085881532391,"97.5th percentile"
35.9303527638191,6.84383115577889,0.340496054199141,"97.5th percentile"
36.014951758794,6.84383115577889,0.342289147861887,"97.5th percentile"
36.0995507537688,6.84383115577889,0.32435521090929,"97.5th percentile"
36.1841497487437,6.84383115577889,0.327961199033018,"97.5th percentile"
36.2687487437186,6.84383115577889,0.318419385771084,"97.5th percentile"
36.3533477386935,6.84383115577889,0.300687113453025,"97.5th percentile"
36.4379467336683,6.84383115577889,0.346591464792425,"97.5th percentile"
36.5225457286432,6.84383115577889,0.345322565692301,"97.5th percentile"
36.6071447236181,6.84383115577889,0.345963002011566,"97.5th percentile"
36.691743718593,6.84383115577889,0.356590941172399,"97.5th percentile"
36.7763427135678,6.84383115577889,0.372731965642439,"97.5th percentile"
36.8609417085427,6.84383115577889,0.380656619987341,"97.5th percentile"
36.9455407035176,6.84383115577889,0.342236711899767,"97.5th percentile"
37.0301396984925,6.84383115577889,0.322728419919496,"97.5th percentile"
37.1147386934673,6.84383115577889,0.35212144645577,"97.5th percentile"
37.1993376884422,6.84383115577889,0.332457993128229,"97.5th percentile"
37.2839366834171,6.84383115577889,0.361232382844997,"97.5th percentile"
37.368535678392,6.84383115577889,0.352981763915631,"97.5th percentile"
37.4531346733668,6.84383115577889,0.328495944700915,"97.5th percentile"
37.5377336683417,6.84383115577889,0.296311844279202,"97.5th percentile"
37.6223326633166,6.84383115577889,0.263380350941663,"97.5th percentile"
37.7069316582915,6.84383115577889,0.243462200887593,"97.5th percentile"
37.7915306532663,6.84383115577889,0.237674157893175,"97.5th percentile"
37.8761296482412,6.84383115577889,0.237185849920168,"97.5th percentile"
37.9607286432161,6.84383115577889,0.263685101854405,"97.5th percentile"
38.045327638191,6.84383115577889,0.275431432421537,"97.5th percentile"
38.1299266331658,6.84383115577889,0.327193810304879,"97.5th percentile"
38.2145256281407,6.84383115577889,0.24069916427405,"97.5th percentile"
38.2991246231156,6.84383115577889,0.162367565081021,"97.5th percentile"
38.3837236180904,6.84383115577889,0.15939146070362,"97.5th percentile"
38.4683226130653,6.84383115577889,0.163016320083427,"97.5th percentile"
38.5529216080402,6.84383115577889,0.155081580851003,"97.5th percentile"
38.6375206030151,6.84383115577889,0.154363552781212,"97.5th percentile"
38.72211959799,6.84383115577889,0.178944963601871,"97.5th percentile"
38.8067185929648,6.84383115577889,0.150657744094793,"97.5th percentile"
38.8913175879397,6.84383115577889,0.20016106121259,"97.5th percentile"
38.9759165829146,6.84383115577889,0.251419278881354,"97.5th percentile"
39.0605155778894,6.84383115577889,0.235145361400609,"97.5th percentile"
39.1451145728643,6.84383115577889,0.311894839107526,"97.5th percentile"
39.2297135678392,6.84383115577889,0.274255525596677,"97.5th percentile"
39.3143125628141,6.84383115577889,0.295163937595153,"97.5th percentile"
39.3989115577889,6.84383115577889,0.309215544423775,"97.5th percentile"
39.4835105527638,6.84383115577889,0.320788431073058,"97.5th percentile"
39.5681095477387,6.84383115577889,0.285024635090974,"97.5th percentile"
39.6527085427136,6.84383115577889,0.326601523800745,"97.5th percentile"
39.7373075376884,6.84383115577889,0.322779594712466,"97.5th percentile"
39.8219065326633,6.84383115577889,0.314588048228368,"97.5th percentile"
39.9065055276382,6.84383115577889,0.299622059228506,"97.5th percentile"
39.9911045226131,6.84383115577889,0.245667761116362,"97.5th percentile"
40.0757035175879,6.84383115577889,0.239445314602237,"97.5th percentile"
40.1603025125628,6.84383115577889,0.240404008686236,"97.5th percentile"
40.2449015075377,6.84383115577889,0.214703126977047,"97.5th percentile"
40.3295005025126,6.84383115577889,0.218750177856361,"97.5th percentile"
40.4140994974874,6.84383115577889,0.211952277369616,"97.5th percentile"
40.4986984924623,6.84383115577889,0.213274495625101,"97.5th percentile"
40.5832974874372,6.84383115577889,0.208929256967645,"97.5th percentile"
40.6678964824121,6.84383115577889,0.207019592027327,"97.5th percentile"
40.7524954773869,6.84383115577889,0.25060704869453,"97.5th percentile"
40.8370944723618,6.84383115577889,0.311543961552337,"97.5th percentile"
40.9216934673367,6.84383115577889,0.378755142592925,"97.5th percentile"
41.0062924623116,6.84383115577889,0.465237596674186,"97.5th percentile"
41.0908914572864,6.84383115577889,0.526428573480187,"97.5th percentile"
41.1754904522613,6.84383115577889,0.605210252846437,"97.5th percentile"
41.2600894472362,6.84383115577889,0.666619949668031,"97.5th percentile"
41.344688442211,6.84383115577889,0.727396835446497,"97.5th percentile"
41.4292874371859,6.84383115577889,0.784459122945304,"97.5th percentile"
41.5138864321608,6.84383115577889,0.827995739641951,"97.5th percentile"
41.5984854271357,6.84383115577889,0.867265931688903,"97.5th percentile"
41.6830844221106,6.84383115577889,0.897815826934512,"97.5th percentile"
41.7676834170854,6.84383115577889,0.9317375637037,"97.5th percentile"
41.8522824120603,6.84383115577889,0.944427052324404,"97.5th percentile"
41.9368814070352,6.84383115577889,0.960492130891864,"97.5th percentile"
42.02148040201,6.84383115577889,0.971566374776711,"97.5th percentile"
42.1060793969849,6.84383115577889,0.979502302187603,"97.5th percentile"
42.1906783919598,6.84383115577889,0.982607476674406,"97.5th percentile"
42.2752773869347,6.84383115577889,0.988569348773835,"97.5th percentile"
42.3598763819095,6.84383115577889,0.991559353158314,"97.5th percentile"
42.4444753768844,6.84383115577889,0.993800903684248,"97.5th percentile"
42.5290743718593,6.84383115577889,0.994428274878339,"97.5th percentile"
42.6136733668342,6.84383115577889,0.995877685071532,"97.5th percentile"
42.698272361809,6.84383115577889,0.997471554911514,"97.5th percentile"
42.7828713567839,6.84383115577889,0.998156542836506,"97.5th percentile"
42.8674703517588,6.84383115577889,0.998756742432057,"97.5th percentile"
42.9520693467337,6.84383115577889,0.999093392201763,"97.5th percentile"
43.0366683417085,6.84383115577889,0.999189314993062,"97.5th percentile"
43.1212673366834,6.84383115577889,0.99938376518007,"97.5th percentile"
43.2058663316583,6.84383115577889,0.999515963074374,"97.5th percentile"
43.2904653266332,6.84383115577889,0.99969587023802,"97.5th percentile"
43.375064321608,6.84383115577889,0.999768565854,"97.5th percentile"
43.4596633165829,6.84383115577889,0.999857184532809,"97.5th percentile"
43.5442623115578,6.84383115577889,0.999855507545487,"97.5th percentile"
43.6288613065327,6.84383115577889,0.999892921215544,"97.5th percentile"
43.7134603015075,6.84383115577889,0.999920635170978,"97.5th percentile"
43.7980592964824,6.84383115577889,0.999941294768646,"97.5th percentile"
43.8826582914573,6.84383115577889,0.999956553966317,"97.5th percentile"
43.9672572864322,6.84383115577889,0.99996788048919,"97.5th percentile"
44.051856281407,6.84383115577889,0.999976287163992,"97.5th percentile"
44.1364552763819,6.84383115577889,0.999982835595277,"97.5th percentile"
44.2210542713568,6.84383115577889,0.999987897516089,"97.5th percentile"
44.3056532663317,6.84383115577889,0.99999207264263,"97.5th percentile"
44.3902522613065,6.84383115577889,0.999993047976499,"97.5th percentile"
44.4748512562814,6.84383115577889,0.999994802657079,"97.5th percentile"
44.5594502512563,6.84383115577889,0.999996257118508,"97.5th percentile"
44.6440492462312,6.84383115577889,0.999997132693377,"97.5th percentile"
44.728648241206,6.84383115577889,0.999997259993814,"97.5th percentile"
44.8132472361809,6.84383115577889,0.999996692593185,"97.5th percentile"
44.8978462311558,6.84383115577889,0.999996656355875,"97.5th percentile"
44.9824452261307,6.84383115577889,0.999996693399187,"97.5th percentile"
45.0670442211055,6.84383115577889,0.999996318340313,"97.5th percentile"
45.1516432160804,6.84383115577889,0.999996304380107,"97.5th percentile"
45.2362422110553,6.84383115577889,0.999996327875273,"97.5th percentile"
45.3208412060302,6.84383115577889,0.999996413692154,"97.5th percentile"
45.405440201005,6.84383115577889,0.999996548230076,"97.5th percentile"
45.4900391959799,6.84383115577889,0.9999967241345,"97.5th percentile"
45.5746381909548,6.84383115577889,0.999996935087839,"97.5th percentile"
45.6592371859296,6.84383115577889,0.999997174399867,"97.5th percentile"
45.7438361809045,6.84383115577889,0.999997427664348,"97.5th percentile"
45.8284351758794,6.84383115577889,0.999997702192105,"97.5th percentile"
45.9130341708543,6.84383115577889,0.999997950409987,"97.5th percentile"
45.9976331658291,6.84383115577889,0.99999820994139,"97.5th percentile"
46.082232160804,6.84383115577889,0.99999849232157,"97.5th percentile"
46.1668311557789,6.84383115577889,0.999998675411084,"97.5th percentile"
46.2514301507538,6.84383115577889,0.999998891146694,"97.5th percentile"
46.3360291457286,6.84383115577889,0.999999068044592,"97.5th percentile"
46.4206281407035,6.84383115577889,0.999999270262252,"97.5th percentile"
46.5052271356784,6.84383115577889,0.999999368768057,"97.5th percentile"
46.5898261306533,6.84383115577889,0.999999488851116,"97.5th percentile"
46.6744251256281,6.84383115577889,0.999999589855935,"97.5th percentile"
34.2383728643216,6.91185778894472,0.957093199412272,"97.5th percentile"
34.3229718592965,6.91185778894472,0.951732892994538,"97.5th percentile"
34.4075708542714,6.91185778894472,0.915497363232542,"97.5th percentile"
34.4921698492462,6.91185778894472,0.884969485522202,"97.5th percentile"
34.5767688442211,6.91185778894472,0.839587546506422,"97.5th percentile"
34.661367839196,6.91185778894472,0.783832643686438,"97.5th percentile"
34.7459668341709,6.91185778894472,0.728333328940966,"97.5th percentile"
34.8305658291457,6.91185778894472,0.646880559739794,"97.5th percentile"
34.9151648241206,6.91185778894472,0.562150117463509,"97.5th percentile"
34.9997638190955,6.91185778894472,0.473941300323039,"97.5th percentile"
35.0843628140704,6.91185778894472,0.386097176486939,"97.5th percentile"
35.1689618090452,6.91185778894472,0.313040927087042,"97.5th percentile"
35.2535608040201,6.91185778894472,0.308679884604398,"97.5th percentile"
35.338159798995,6.91185778894472,0.299936588563488,"97.5th percentile"
35.4227587939698,6.91185778894472,0.265730484373696,"97.5th percentile"
35.5073577889447,6.91185778894472,0.244776175184383,"97.5th percentile"
35.5919567839196,6.91185778894472,0.276036137324192,"97.5th percentile"
35.6765557788945,6.91185778894472,0.2727885358886,"97.5th percentile"
35.7611547738694,6.91185778894472,0.267350427069758,"97.5th percentile"
35.8457537688442,6.91185778894472,0.27783981080456,"97.5th percentile"
35.9303527638191,6.91185778894472,0.330749982380214,"97.5th percentile"
36.014951758794,6.91185778894472,0.322706357053643,"97.5th percentile"
36.0995507537688,6.91185778894472,0.318899642884746,"97.5th percentile"
36.1841497487437,6.91185778894472,0.32716197655017,"97.5th percentile"
36.2687487437186,6.91185778894472,0.33749811569061,"97.5th percentile"
36.3533477386935,6.91185778894472,0.307622440873683,"97.5th percentile"
36.4379467336683,6.91185778894472,0.348828726556985,"97.5th percentile"
36.5225457286432,6.91185778894472,0.351099021775778,"97.5th percentile"
36.6071447236181,6.91185778894472,0.349215230516895,"97.5th percentile"
36.691743718593,6.91185778894472,0.356784173350964,"97.5th percentile"
36.7763427135678,6.91185778894472,0.363690019458311,"97.5th percentile"
36.8609417085427,6.91185778894472,0.377784591393485,"97.5th percentile"
36.9455407035176,6.91185778894472,0.351601997270211,"97.5th percentile"
37.0301396984925,6.91185778894472,0.325000616604339,"97.5th percentile"
37.1147386934673,6.91185778894472,0.356491841536406,"97.5th percentile"
37.1993376884422,6.91185778894472,0.328533276438824,"97.5th percentile"
37.2839366834171,6.91185778894472,0.356675499990608,"97.5th percentile"
37.368535678392,6.91185778894472,0.3630371985763,"97.5th percentile"
37.4531346733668,6.91185778894472,0.356666957200705,"97.5th percentile"
37.5377336683417,6.91185778894472,0.296543312331646,"97.5th percentile"
37.6223326633166,6.91185778894472,0.264985185684783,"97.5th percentile"
37.7069316582915,6.91185778894472,0.249761889397664,"97.5th percentile"
37.7915306532663,6.91185778894472,0.24566181785999,"97.5th percentile"
37.8761296482412,6.91185778894472,0.233083145577129,"97.5th percentile"
37.9607286432161,6.91185778894472,0.269263286588137,"97.5th percentile"
38.045327638191,6.91185778894472,0.289616296561635,"97.5th percentile"
38.1299266331658,6.91185778894472,0.295940785157128,"97.5th percentile"
38.2145256281407,6.91185778894472,0.265288390678782,"97.5th percentile"
38.2991246231156,6.91185778894472,0.156367916585495,"97.5th percentile"
38.3837236180904,6.91185778894472,0.156035257130233,"97.5th percentile"
38.4683226130653,6.91185778894472,0.162107597223347,"97.5th percentile"
38.5529216080402,6.91185778894472,0.157542611429103,"97.5th percentile"
38.6375206030151,6.91185778894472,0.153052245590553,"97.5th percentile"
38.72211959799,6.91185778894472,0.175733033270496,"97.5th percentile"
38.8067185929648,6.91185778894472,0.163806883365185,"97.5th percentile"
38.8913175879397,6.91185778894472,0.21735838342667,"97.5th percentile"
38.9759165829146,6.91185778894472,0.230215353753037,"97.5th percentile"
39.0605155778894,6.91185778894472,0.220867805274989,"97.5th percentile"
39.1451145728643,6.91185778894472,0.274109135599839,"97.5th percentile"
39.2297135678392,6.91185778894472,0.272683631796793,"97.5th percentile"
39.3143125628141,6.91185778894472,0.267793475001961,"97.5th percentile"
39.3989115577889,6.91185778894472,0.274586664951922,"97.5th percentile"
39.4835105527638,6.91185778894472,0.327624840960281,"97.5th percentile"
39.5681095477387,6.91185778894472,0.334246862886555,"97.5th percentile"
39.6527085427136,6.91185778894472,0.318190023747728,"97.5th percentile"
39.7373075376884,6.91185778894472,0.325233469883447,"97.5th percentile"
39.8219065326633,6.91185778894472,0.320957810910362,"97.5th percentile"
39.9065055276382,6.91185778894472,0.302339908281667,"97.5th percentile"
39.9911045226131,6.91185778894472,0.249252061204578,"97.5th percentile"
40.0757035175879,6.91185778894472,0.245829567436557,"97.5th percentile"
40.1603025125628,6.91185778894472,0.243983115789894,"97.5th percentile"
40.2449015075377,6.91185778894472,0.232441090811404,"97.5th percentile"
40.3295005025126,6.91185778894472,0.215308358059032,"97.5th percentile"
40.4140994974874,6.91185778894472,0.213645236729594,"97.5th percentile"
40.4986984924623,6.91185778894472,0.230572395504533,"97.5th percentile"
40.5832974874372,6.91185778894472,0.242533987243708,"97.5th percentile"
40.6678964824121,6.91185778894472,0.217532941874754,"97.5th percentile"
40.7524954773869,6.91185778894472,0.294522709547262,"97.5th percentile"
40.8370944723618,6.91185778894472,0.32499584511858,"97.5th percentile"
40.9216934673367,6.91185778894472,0.416952503833397,"97.5th percentile"
41.0062924623116,6.91185778894472,0.492395734765992,"97.5th percentile"
41.0908914572864,6.91185778894472,0.553777728140068,"97.5th percentile"
41.1754904522613,6.91185778894472,0.621601810760497,"97.5th percentile"
41.2600894472362,6.91185778894472,0.691107588835864,"97.5th percentile"
41.344688442211,6.91185778894472,0.742755458566554,"97.5th percentile"
41.4292874371859,6.91185778894472,0.794481143264217,"97.5th percentile"
41.5138864321608,6.91185778894472,0.83772927088755,"97.5th percentile"
41.5984854271357,6.91185778894472,0.874693357013731,"97.5th percentile"
41.6830844221106,6.91185778894472,0.907387705432912,"97.5th percentile"
41.7676834170854,6.91185778894472,0.93356670157306,"97.5th percentile"
41.8522824120603,6.91185778894472,0.948595010480375,"97.5th percentile"
41.9368814070352,6.91185778894472,0.958473947887825,"97.5th percentile"
42.02148040201,6.91185778894472,0.969322093777355,"97.5th percentile"
42.1060793969849,6.91185778894472,0.978434681359359,"97.5th percentile"
42.1906783919598,6.91185778894472,0.985810256129078,"97.5th percentile"
42.2752773869347,6.91185778894472,0.988884790796997,"97.5th percentile"
42.3598763819095,6.91185778894472,0.99270082527517,"97.5th percentile"
42.4444753768844,6.91185778894472,0.99296904349907,"97.5th percentile"
42.5290743718593,6.91185778894472,0.994627783467784,"97.5th percentile"
42.6136733668342,6.91185778894472,0.99608693860083,"97.5th percentile"
42.698272361809,6.91185778894472,0.997586947704927,"97.5th percentile"
42.7828713567839,6.91185778894472,0.998102629414027,"97.5th percentile"
42.8674703517588,6.91185778894472,0.998576642269019,"97.5th percentile"
42.9520693467337,6.91185778894472,0.99908827695065,"97.5th percentile"
43.0366683417085,6.91185778894472,0.999357523531421,"97.5th percentile"
43.1212673366834,6.91185778894472,0.999458873473588,"97.5th percentile"
43.2058663316583,6.91185778894472,0.999611892999053,"97.5th percentile"
43.2904653266332,6.91185778894472,0.999647604120003,"97.5th percentile"
43.375064321608,6.91185778894472,0.999739320248887,"97.5th percentile"
43.4596633165829,6.91185778894472,0.999816274524832,"97.5th percentile"
43.5442623115578,6.91185778894472,0.999857119637982,"97.5th percentile"
43.6288613065327,6.91185778894472,0.999895361921321,"97.5th percentile"
43.7134603015075,6.91185778894472,0.999922199013834,"97.5th percentile"
43.7980592964824,6.91185778894472,0.999942468419511,"97.5th percentile"
43.8826582914573,6.91185778894472,0.999957649577898,"97.5th percentile"
43.9672572864322,6.91185778894472,0.99996855330399,"97.5th percentile"
44.051856281407,6.91185778894472,0.999976836091069,"97.5th percentile"
44.1364552763819,6.91185778894472,0.999982879175753,"97.5th percentile"
44.2210542713568,6.91185778894472,0.999989798207583,"97.5th percentile"
44.3056532663317,6.91185778894472,0.999991158268637,"97.5th percentile"
44.3902522613065,6.91185778894472,0.999993268518403,"97.5th percentile"
44.4748512562814,6.91185778894472,0.999994930557976,"97.5th percentile"
44.5594502512563,6.91185778894472,0.999996241406929,"97.5th percentile"
44.6440492462312,6.91185778894472,0.999997013608482,"97.5th percentile"
44.728648241206,6.91185778894472,0.999996825893784,"97.5th percentile"
44.8132472361809,6.91185778894472,0.999996570080454,"97.5th percentile"
44.8978462311558,6.91185778894472,0.999996389751196,"97.5th percentile"
44.9824452261307,6.91185778894472,0.999996263931356,"97.5th percentile"
45.0670442211055,6.91185778894472,0.999996188899959,"97.5th percentile"
45.1516432160804,6.91185778894472,0.999996170478405,"97.5th percentile"
45.2362422110553,6.91185778894472,0.999996399690404,"97.5th percentile"
45.3208412060302,6.91185778894472,0.999996301790628,"97.5th percentile"
45.405440201005,6.91185778894472,0.999996445076166,"97.5th percentile"
45.4900391959799,6.91185778894472,0.999996630654415,"97.5th percentile"
45.5746381909548,6.91185778894472,0.999996852295057,"97.5th percentile"
45.6592371859296,6.91185778894472,0.999997098672818,"97.5th percentile"
45.7438361809045,6.91185778894472,0.999997362847831,"97.5th percentile"
45.8284351758794,6.91185778894472,0.999997633716335,"97.5th percentile"
45.9130341708543,6.91185778894472,0.999997921154224,"97.5th percentile"
45.9976331658291,6.91185778894472,0.999998167715805,"97.5th percentile"
46.082232160804,6.91185778894472,0.999998429170069,"97.5th percentile"
46.1668311557789,6.91185778894472,0.999998650597924,"97.5th percentile"
46.2514301507538,6.91185778894472,0.999998861876546,"97.5th percentile"
46.3360291457286,6.91185778894472,0.999999050372162,"97.5th percentile"
46.4206281407035,6.91185778894472,0.999999309151668,"97.5th percentile"
46.5052271356784,6.91185778894472,0.999999364681364,"97.5th percentile"
46.5898261306533,6.91185778894472,0.999999487092074,"97.5th percentile"
46.6744251256281,6.91185778894472,0.999999586234845,"97.5th percentile"
46.759024120603,6.91185778894472,0.999999673694634,"97.5th percentile"
34.2383728643216,6.97988442211055,0.947430757197897,"97.5th percentile"
34.3229718592965,6.97988442211055,0.941838167231574,"97.5th percentile"
34.4075708542714,6.97988442211055,0.917204180742966,"97.5th percentile"
34.4921698492462,6.97988442211055,0.875478434824866,"97.5th percentile"
34.5767688442211,6.97988442211055,0.838985511940662,"97.5th percentile"
34.661367839196,6.97988442211055,0.753088331942962,"97.5th percentile"
34.7459668341709,6.97988442211055,0.722271007708637,"97.5th percentile"
34.8305658291457,6.97988442211055,0.599279974509751,"97.5th percentile"
34.9151648241206,6.97988442211055,0.511788441910389,"97.5th percentile"
34.9997638190955,6.97988442211055,0.42429399408862,"97.5th percentile"
35.0843628140704,6.97988442211055,0.344105362313549,"97.5th percentile"
35.1689618090452,6.97988442211055,0.30673817464178,"97.5th percentile"
35.2535608040201,6.97988442211055,0.308667207262213,"97.5th percentile"
35.338159798995,6.97988442211055,0.304264477354763,"97.5th percentile"
35.4227587939698,6.97988442211055,0.288476493416257,"97.5th percentile"
35.5073577889447,6.97988442211055,0.274300692499611,"97.5th percentile"
35.5919567839196,6.97988442211055,0.286394194695062,"97.5th percentile"
35.6765557788945,6.97988442211055,0.289090349027504,"97.5th percentile"
35.7611547738694,6.97988442211055,0.24870948452524,"97.5th percentile"
35.8457537688442,6.97988442211055,0.30351821880553,"97.5th percentile"
35.9303527638191,6.97988442211055,0.325994079115235,"97.5th percentile"
36.014951758794,6.97988442211055,0.339451262706365,"97.5th percentile"
36.0995507537688,6.97988442211055,0.309379375489302,"97.5th percentile"
36.1841497487437,6.97988442211055,0.299797214601104,"97.5th percentile"
36.2687487437186,6.97988442211055,0.308702461628693,"97.5th percentile"
36.3533477386935,6.97988442211055,0.328123074589058,"97.5th percentile"
36.4379467336683,6.97988442211055,0.35654131951987,"97.5th percentile"
36.5225457286432,6.97988442211055,0.344561239388226,"97.5th percentile"
36.6071447236181,6.97988442211055,0.348861838600264,"97.5th percentile"
36.691743718593,6.97988442211055,0.35650474527942,"97.5th percentile"
36.7763427135678,6.97988442211055,0.364421180509305,"97.5th percentile"
36.8609417085427,6.97988442211055,0.360398881161607,"97.5th percentile"
36.9455407035176,6.97988442211055,0.329872581389884,"97.5th percentile"
37.0301396984925,6.97988442211055,0.308191693232521,"97.5th percentile"
37.1147386934673,6.97988442211055,0.320393016012186,"97.5th percentile"
37.1993376884422,6.97988442211055,0.324541277123865,"97.5th percentile"
37.2839366834171,6.97988442211055,0.34370592658434,"97.5th percentile"
37.368535678392,6.97988442211055,0.362326957124809,"97.5th percentile"
37.4531346733668,6.97988442211055,0.405945511176364,"97.5th percentile"
37.5377336683417,6.97988442211055,0.329025317516757,"97.5th percentile"
37.6223326633166,6.97988442211055,0.266438620795406,"97.5th percentile"
37.7069316582915,6.97988442211055,0.246068294962861,"97.5th percentile"
37.7915306532663,6.97988442211055,0.204258518264635,"97.5th percentile"
37.8761296482412,6.97988442211055,0.200557903309336,"97.5th percentile"
37.9607286432161,6.97988442211055,0.26719756510279,"97.5th percentile"
38.045327638191,6.97988442211055,0.255574252573291,"97.5th percentile"
38.1299266331658,6.97988442211055,0.284142864058393,"97.5th percentile"
38.2145256281407,6.97988442211055,0.215152793672384,"97.5th percentile"
38.2991246231156,6.97988442211055,0.159462023786625,"97.5th percentile"
38.3837236180904,6.97988442211055,0.166399407918034,"97.5th percentile"
38.4683226130653,6.97988442211055,0.162639807877897,"97.5th percentile"
38.5529216080402,6.97988442211055,0.157602281143429,"97.5th percentile"
38.6375206030151,6.97988442211055,0.171083295599184,"97.5th percentile"
38.72211959799,6.97988442211055,0.154779143926081,"97.5th percentile"
38.8067185929648,6.97988442211055,0.189885779936537,"97.5th percentile"
38.8913175879397,6.97988442211055,0.200339987319653,"97.5th percentile"
38.9759165829146,6.97988442211055,0.224006837123561,"97.5th percentile"
39.0605155778894,6.97988442211055,0.196873310426333,"97.5th percentile"
39.1451145728643,6.97988442211055,0.203218927691158,"97.5th percentile"
39.2297135678392,6.97988442211055,0.205448287904695,"97.5th percentile"
39.3143125628141,6.97988442211055,0.215488628395966,"97.5th percentile"
39.3989115577889,6.97988442211055,0.239040903499295,"97.5th percentile"
39.4835105527638,6.97988442211055,0.262645259966675,"97.5th percentile"
39.5681095477387,6.97988442211055,0.337062383983501,"97.5th percentile"
39.6527085427136,6.97988442211055,0.299369326957285,"97.5th percentile"
39.7373075376884,6.97988442211055,0.327578937056946,"97.5th percentile"
39.8219065326633,6.97988442211055,0.323821128880078,"97.5th percentile"
39.9065055276382,6.97988442211055,0.275915436019298,"97.5th percentile"
39.9911045226131,6.97988442211055,0.244493087875158,"97.5th percentile"
40.0757035175879,6.97988442211055,0.244329844802592,"97.5th percentile"
40.1603025125628,6.97988442211055,0.222609437911238,"97.5th percentile"
40.2449015075377,6.97988442211055,0.22887124899309,"97.5th percentile"
40.3295005025126,6.97988442211055,0.207081317364903,"97.5th percentile"
40.4140994974874,6.97988442211055,0.217220872150346,"97.5th percentile"
40.4986984924623,6.97988442211055,0.214298039947928,"97.5th percentile"
40.5832974874372,6.97988442211055,0.22306715902458,"97.5th percentile"
40.6678964824121,6.97988442211055,0.232359758865703,"97.5th percentile"
40.7524954773869,6.97988442211055,0.265211730075027,"97.5th percentile"
40.8370944723618,6.97988442211055,0.340638909203083,"97.5th percentile"
40.9216934673367,6.97988442211055,0.431220945534894,"97.5th percentile"
41.0062924623116,6.97988442211055,0.513520901184108,"97.5th percentile"
41.0908914572864,6.97988442211055,0.612163771802478,"97.5th percentile"
41.1754904522613,6.97988442211055,0.653911388216227,"97.5th percentile"
41.2600894472362,6.97988442211055,0.709383024101527,"97.5th percentile"
41.344688442211,6.97988442211055,0.762770882386014,"97.5th percentile"
41.4292874371859,6.97988442211055,0.81049753272749,"97.5th percentile"
41.5138864321608,6.97988442211055,0.850133446194981,"97.5th percentile"
41.5984854271357,6.97988442211055,0.892533601575211,"97.5th percentile"
41.6830844221106,6.97988442211055,0.922376513703593,"97.5th percentile"
41.7676834170854,6.97988442211055,0.938560790516628,"97.5th percentile"
41.8522824120603,6.97988442211055,0.956688589952523,"97.5th percentile"
41.9368814070352,6.97988442211055,0.965159732460054,"97.5th percentile"
42.02148040201,6.97988442211055,0.971008207270254,"97.5th percentile"
42.1060793969849,6.97988442211055,0.979243133289895,"97.5th percentile"
42.1906783919598,6.97988442211055,0.984835232521556,"97.5th percentile"
42.2752773869347,6.97988442211055,0.988654872993784,"97.5th percentile"
42.3598763819095,6.97988442211055,0.991407443002538,"97.5th percentile"
42.4444753768844,6.97988442211055,0.993090708249083,"97.5th percentile"
42.5290743718593,6.97988442211055,0.994827324825967,"97.5th percentile"
42.6136733668342,6.97988442211055,0.996179429137446,"97.5th percentile"
42.698272361809,6.97988442211055,0.997519088856319,"97.5th percentile"
42.7828713567839,6.97988442211055,0.998331018687661,"97.5th percentile"
42.8674703517588,6.97988442211055,0.998662768523384,"97.5th percentile"
42.9520693467337,6.97988442211055,0.999151453227449,"97.5th percentile"
43.0366683417085,6.97988442211055,0.999322737193409,"97.5th percentile"
43.1212673366834,6.97988442211055,0.999472840483285,"97.5th percentile"
43.2058663316583,6.97988442211055,0.999552629529983,"97.5th percentile"
43.2904653266332,6.97988442211055,0.999711830741725,"97.5th percentile"
43.375064321608,6.97988442211055,0.999801102596245,"97.5th percentile"
43.4596633165829,6.97988442211055,0.99981367847793,"97.5th percentile"
43.5442623115578,6.97988442211055,0.999864888165572,"97.5th percentile"
43.6288613065327,6.97988442211055,0.999898295437695,"97.5th percentile"
43.7134603015075,6.97988442211055,0.999924741393917,"97.5th percentile"
43.7980592964824,6.97988442211055,0.99994416686606,"97.5th percentile"
43.8826582914573,6.97988442211055,0.99995864206515,"97.5th percentile"
43.9672572864322,6.97988442211055,0.999969844159556,"97.5th percentile"
44.051856281407,6.97988442211055,0.999977394846383,"97.5th percentile"
44.1364552763819,6.97988442211055,0.999983287072549,"97.5th percentile"
44.2210542713568,6.97988442211055,0.999988042396615,"97.5th percentile"
44.3056532663317,6.97988442211055,0.999990880706804,"97.5th percentile"
44.3902522613065,6.97988442211055,0.999993265410066,"97.5th percentile"
44.4748512562814,6.97988442211055,0.999995028284008,"97.5th percentile"
44.5594502512563,6.97988442211055,0.999996330054226,"97.5th percentile"
44.6440492462312,6.97988442211055,0.999996907515803,"97.5th percentile"
44.728648241206,6.97988442211055,0.999996664261258,"97.5th percentile"
44.8132472361809,6.97988442211055,0.999996451623119,"97.5th percentile"
44.8978462311558,6.97988442211055,0.99999627409666,"97.5th percentile"
44.9824452261307,6.97988442211055,0.99999614847831,"97.5th percentile"
45.0670442211055,6.97988442211055,0.99999607754279,"97.5th percentile"
45.1516432160804,6.97988442211055,0.999996064643881,"97.5th percentile"
45.2362422110553,6.97988442211055,0.999996107770232,"97.5th percentile"
45.3208412060302,6.97988442211055,0.999996206848922,"97.5th percentile"
45.405440201005,6.97988442211055,0.999996356695292,"97.5th percentile"
45.4900391959799,6.97988442211055,0.99999655470972,"97.5th percentile"
45.5746381909548,6.97988442211055,0.999996784082943,"97.5th percentile"
45.6592371859296,6.97988442211055,0.999997039656587,"97.5th percentile"
45.7438361809045,6.97988442211055,0.999997435871518,"97.5th percentile"
45.8284351758794,6.97988442211055,0.999997881635559,"97.5th percentile"
45.9130341708543,6.97988442211055,0.999997880134422,"97.5th percentile"
45.9976331658291,6.97988442211055,0.99999814337528,"97.5th percentile"
46.082232160804,6.97988442211055,0.999998394498716,"97.5th percentile"
46.1668311557789,6.97988442211055,0.999998631822086,"97.5th percentile"
46.2514301507538,6.97988442211055,0.999998846668994,"97.5th percentile"
46.3360291457286,6.97988442211055,0.999999037405031,"97.5th percentile"
46.4206281407035,6.97988442211055,0.999999286525999,"97.5th percentile"
46.5052271356784,6.97988442211055,0.999999427940095,"97.5th percentile"
46.5898261306533,6.97988442211055,0.999999535535388,"97.5th percentile"
46.6744251256281,6.97988442211055,0.999999624960763,"97.5th percentile"
46.759024120603,6.97988442211055,0.999999680503493,"97.5th percentile"
34.1537738693467,7.04791105527638,0.955824113747593,"97.5th percentile"
34.2383728643216,7.04791105527638,0.948798920261645,"97.5th percentile"
34.3229718592965,7.04791105527638,0.929580791039334,"97.5th percentile"
34.4075708542714,7.04791105527638,0.898848544718657,"97.5th percentile"
34.4921698492462,7.04791105527638,0.856644517999737,"97.5th percentile"
34.5767688442211,7.04791105527638,0.791503716226989,"97.5th percentile"
34.661367839196,7.04791105527638,0.748024293368644,"97.5th percentile"
34.7459668341709,7.04791105527638,0.640458313940502,"97.5th percentile"
34.8305658291457,7.04791105527638,0.550389530913701,"97.5th percentile"
34.9151648241206,7.04791105527638,0.46197245811005,"97.5th percentile"
34.9997638190955,7.04791105527638,0.37716578313454,"97.5th percentile"
35.0843628140704,7.04791105527638,0.303599655237502,"97.5th percentile"
35.1689618090452,7.04791105527638,0.306429229463966,"97.5th percentile"
35.2535608040201,7.04791105527638,0.309756379050868,"97.5th percentile"
35.338159798995,7.04791105527638,0.313157661339652,"97.5th percentile"
35.4227587939698,7.04791105527638,0.311124117243688,"97.5th percentile"
35.5073577889447,7.04791105527638,0.283160243685406,"97.5th percentile"
35.5919567839196,7.04791105527638,0.21296388716559,"97.5th percentile"
35.6765557788945,7.04791105527638,0.235236442466854,"97.5th percentile"
35.7611547738694,7.04791105527638,0.287032932937536,"97.5th percentile"
35.8457537688442,7.04791105527638,0.298873328773516,"97.5th percentile"
35.9303527638191,7.04791105527638,0.335906575885513,"97.5th percentile"
36.014951758794,7.04791105527638,0.31553388887934,"97.5th percentile"
36.0995507537688,7.04791105527638,0.311993584007415,"97.5th percentile"
36.1841497487437,7.04791105527638,0.292883095334773,"97.5th percentile"
36.2687487437186,7.04791105527638,0.326846357056583,"97.5th percentile"
36.3533477386935,7.04791105527638,0.324344056329928,"97.5th percentile"
36.4379467336683,7.04791105527638,0.321729927865294,"97.5th percentile"
36.5225457286432,7.04791105527638,0.340820105736325,"97.5th percentile"
36.6071447236181,7.04791105527638,0.349882049831603,"97.5th percentile"
36.691743718593,7.04791105527638,0.349168608935302,"97.5th percentile"
36.7763427135678,7.04791105527638,0.368634382066264,"97.5th percentile"
36.8609417085427,7.04791105527638,0.368308184113416,"97.5th percentile"
36.9455407035176,7.04791105527638,0.355686090444025,"97.5th percentile"
37.0301396984925,7.04791105527638,0.324826402785999,"97.5th percentile"
37.1147386934673,7.04791105527638,0.298804881228665,"97.5th percentile"
37.1993376884422,7.04791105527638,0.282589056589559,"97.5th percentile"
37.2839366834171,7.04791105527638,0.327617059604179,"97.5th percentile"
37.368535678392,7.04791105527638,0.359096260151461,"97.5th percentile"
37.4531346733668,7.04791105527638,0.530036804823933,"97.5th percentile"
37.5377336683417,7.04791105527638,0.299962499463696,"97.5th percentile"
37.6223326633166,7.04791105527638,0.268318618311143,"97.5th percentile"
37.7069316582915,7.04791105527638,0.246976351029782,"97.5th percentile"
37.7915306532663,7.04791105527638,0.221503725657928,"97.5th percentile"
37.8761296482412,7.04791105527638,0.222663022987965,"97.5th percentile"
37.9607286432161,7.04791105527638,0.247567652269235,"97.5th percentile"
38.045327638191,7.04791105527638,0.268809863775412,"97.5th percentile"
38.1299266331658,7.04791105527638,0.270452224926751,"97.5th percentile"
38.2145256281407,7.04791105527638,0.251483090447552,"97.5th percentile"
38.2991246231156,7.04791105527638,0.199220944319538,"97.5th percentile"
38.3837236180904,7.04791105527638,0.213485515403062,"97.5th percentile"
38.4683226130653,7.04791105527638,0.334673865236299,"97.5th percentile"
38.5529216080402,7.04791105527638,0.200955616576348,"97.5th percentile"
38.6375206030151,7.04791105527638,0.195244584257529,"97.5th percentile"
38.72211959799,7.04791105527638,0.16186818974753,"97.5th percentile"
38.8067185929648,7.04791105527638,0.184682586446736,"97.5th percentile"
38.8913175879397,7.04791105527638,0.229423732151074,"97.5th percentile"
38.9759165829146,7.04791105527638,0.214369243678005,"97.5th percentile"
39.0605155778894,7.04791105527638,0.209350862525481,"97.5th percentile"
39.1451145728643,7.04791105527638,0.200220204464989,"97.5th percentile"
39.2297135678392,7.04791105527638,0.198402567031587,"97.5th percentile"
39.3143125628141,7.04791105527638,0.202992314977358,"97.5th percentile"
39.3989115577889,7.04791105527638,0.226451861287141,"97.5th percentile"
39.4835105527638,7.04791105527638,0.220974341835375,"97.5th percentile"
39.5681095477387,7.04791105527638,0.262541436941347,"97.5th percentile"
39.6527085427136,7.04791105527638,0.333402738616038,"97.5th percentile"
39.7373075376884,7.04791105527638,0.291333173018411,"97.5th percentile"
39.8219065326633,7.04791105527638,0.309344782818027,"97.5th percentile"
39.9065055276382,7.04791105527638,0.235723534803064,"97.5th percentile"
39.9911045226131,7.04791105527638,0.203137691017199,"97.5th percentile"
40.0757035175879,7.04791105527638,0.19985209309818,"97.5th percentile"
40.1603025125628,7.04791105527638,0.204772136443262,"97.5th percentile"
40.2449015075377,7.04791105527638,0.201355681011777,"97.5th percentile"
40.3295005025126,7.04791105527638,0.210816045050931,"97.5th percentile"
40.4140994974874,7.04791105527638,0.215737744486061,"97.5th percentile"
40.4986984924623,7.04791105527638,0.214999090479968,"97.5th percentile"
40.5832974874372,7.04791105527638,0.240931364951468,"97.5th percentile"
40.6678964824121,7.04791105527638,0.217226918700438,"97.5th percentile"
40.7524954773869,7.04791105527638,0.272740044604391,"97.5th percentile"
40.8370944723618,7.04791105527638,0.350932566085887,"97.5th percentile"
40.9216934673367,7.04791105527638,0.438498581872136,"97.5th percentile"
41.0062924623116,7.04791105527638,0.529312092263321,"97.5th percentile"
41.0908914572864,7.04791105527638,0.613761492999609,"97.5th percentile"
41.1754904522613,7.04791105527638,0.690082405491529,"97.5th percentile"
41.2600894472362,7.04791105527638,0.740409024526243,"97.5th percentile"
41.344688442211,7.04791105527638,0.785613264337404,"97.5th percentile"
41.4292874371859,7.04791105527638,0.827841607207989,"97.5th percentile"
41.5138864321608,7.04791105527638,0.866332307329575,"97.5th percentile"
41.5984854271357,7.04791105527638,0.896120306876658,"97.5th percentile"
41.6830844221106,7.04791105527638,0.918052824136212,"97.5th percentile"
41.7676834170854,7.04791105527638,0.938227817885953,"97.5th percentile"
41.8522824120603,7.04791105527638,0.952903407153136,"97.5th percentile"
41.9368814070352,7.04791105527638,0.970202472279645,"97.5th percentile"
42.02148040201,7.04791105527638,0.97413007028322,"97.5th percentile"
42.1060793969849,7.04791105527638,0.982119821969075,"97.5th percentile"
42.1906783919598,7.04791105527638,0.985400233404889,"97.5th percentile"
42.2752773869347,7.04791105527638,0.98856022252219,"97.5th percentile"
42.3598763819095,7.04791105527638,0.991422664608088,"97.5th percentile"
42.4444753768844,7.04791105527638,0.993464987597262,"97.5th percentile"
42.5290743718593,7.04791105527638,0.995170049523337,"97.5th percentile"
42.6136733668342,7.04791105527638,0.996369220311446,"97.5th percentile"
42.698272361809,7.04791105527638,0.997520807357126,"97.5th percentile"
42.7828713567839,7.04791105527638,0.998298868433564,"97.5th percentile"
42.8674703517588,7.04791105527638,0.998629024131038,"97.5th percentile"
42.9520693467337,7.04791105527638,0.999141558776709,"97.5th percentile"
43.0366683417085,7.04791105527638,0.999253429263624,"97.5th percentile"
43.1212673366834,7.04791105527638,0.999458805118589,"97.5th percentile"
43.2058663316583,7.04791105527638,0.999597827974204,"97.5th percentile"
43.2904653266332,7.04791105527638,0.999680111738555,"97.5th percentile"
43.375064321608,7.04791105527638,0.999759090036426,"97.5th percentile"
43.4596633165829,7.04791105527638,0.999820326232753,"97.5th percentile"
43.5442623115578,7.04791105527638,0.999867184842374,"97.5th percentile"
43.6288613065327,7.04791105527638,0.999901539643075,"97.5th percentile"
43.7134603015075,7.04791105527638,0.999927366650569,"97.5th percentile"
43.7980592964824,7.04791105527638,0.999945957144184,"97.5th percentile"
43.8826582914573,7.04791105527638,0.999960026253155,"97.5th percentile"
43.9672572864322,7.04791105527638,0.999970444839825,"97.5th percentile"
44.051856281407,7.04791105527638,0.999978139342179,"97.5th percentile"
44.1364552763819,7.04791105527638,0.999987855529391,"97.5th percentile"
44.2210542713568,7.04791105527638,0.999988028444342,"97.5th percentile"
44.3056532663317,7.04791105527638,0.999991163339716,"97.5th percentile"
44.3902522613065,7.04791105527638,0.999993482307861,"97.5th percentile"
44.4748512562814,7.04791105527638,0.999995171847208,"97.5th percentile"
44.5594502512563,7.04791105527638,0.999996520778488,"97.5th percentile"
44.6440492462312,7.04791105527638,0.999996814397019,"97.5th percentile"
44.728648241206,7.04791105527638,0.999996565156094,"97.5th percentile"
44.8132472361809,7.04791105527638,0.99999634875218,"97.5th percentile"
44.8978462311558,7.04791105527638,0.999996174685567,"97.5th percentile"
44.9824452261307,7.04791105527638,0.999996053381508,"97.5th percentile"
45.0670442211055,7.04791105527638,0.999995983608509,"97.5th percentile"
45.1516432160804,7.04791105527638,0.999995975316708,"97.5th percentile"
45.2362422110553,7.04791105527638,0.999996026789691,"97.5th percentile"
45.3208412060302,7.04791105527638,0.99999613281001,"97.5th percentile"
45.405440201005,7.04791105527638,0.999996293410457,"97.5th percentile"
45.4900391959799,7.04791105527638,0.999996494670744,"97.5th percentile"
45.5746381909548,7.04791105527638,0.999996777382203,"97.5th percentile"
45.6592371859296,7.04791105527638,0.999997013862488,"97.5th percentile"
45.7438361809045,7.04791105527638,0.999997279010326,"97.5th percentile"
45.8284351758794,7.04791105527638,0.999997661822137,"97.5th percentile"
45.9130341708543,7.04791105527638,0.999997848348473,"97.5th percentile"
45.9976331658291,7.04791105527638,0.99999812066127,"97.5th percentile"
46.082232160804,7.04791105527638,0.999998380317307,"97.5th percentile"
46.1668311557789,7.04791105527638,0.999998620668511,"97.5th percentile"
46.2514301507538,7.04791105527638,0.999998839090925,"97.5th percentile"
46.3360291457286,7.04791105527638,0.999999038050231,"97.5th percentile"
46.4206281407035,7.04791105527638,0.999999205978812,"97.5th percentile"
46.5052271356784,7.04791105527638,0.999999353801731,"97.5th percentile"
46.5898261306533,7.04791105527638,0.999999546650604,"97.5th percentile"
46.6744251256281,7.04791105527638,0.999999639200313,"97.5th percentile"
46.759024120603,7.04791105527638,0.99999967503156,"97.5th percentile"
46.8436231155779,7.04791105527638,0.999999575380332,"97.5th percentile"
34.1537738693467,7.11593768844221,0.950261248540825,"97.5th percentile"
34.2383728643216,7.11593768844221,0.939118079849383,"97.5th percentile"
34.3229718592965,7.11593768844221,0.906832510164821,"97.5th percentile"
34.4075708542714,7.11593768844221,0.867705361450321,"97.5th percentile"
34.4921698492462,7.11593768844221,0.800522080324542,"97.5th percentile"
34.5767688442211,7.11593768844221,0.733621590088139,"97.5th percentile"
34.661367839196,7.11593768844221,0.655313274747224,"97.5th percentile"
34.7459668341709,7.11593768844221,0.608351563596079,"97.5th percentile"
34.8305658291457,7.11593768844221,0.500559024097906,"97.5th percentile"
34.9151648241206,7.11593768844221,0.413660981201832,"97.5th percentile"
34.9997638190955,7.11593768844221,0.334047197176587,"97.5th percentile"
35.0843628140704,7.11593768844221,0.302293029814422,"97.5th percentile"
35.1689618090452,7.11593768844221,0.305695713677853,"97.5th percentile"
35.2535608040201,7.11593768844221,0.308734968005721,"97.5th percentile"
35.338159798995,7.11593768844221,0.299878344568158,"97.5th percentile"
35.4227587939698,7.11593768844221,0.312105781916885,"97.5th percentile"
35.5073577889447,7.11593768844221,0.316612565290475,"97.5th percentile"
35.5919567839196,7.11593768844221,0.266595146389236,"97.5th percentile"
35.6765557788945,7.11593768844221,0.263901102315335,"97.5th percentile"
35.7611547738694,7.11593768844221,0.257848925374023,"97.5th percentile"
35.8457537688442,7.11593768844221,0.335023626958632,"97.5th percentile"
35.9303527638191,7.11593768844221,0.333671280618431,"97.5th percentile"
36.014951758794,7.11593768844221,0.315175166153048,"97.5th percentile"
36.0995507537688,7.11593768844221,0.319091236996023,"97.5th percentile"
36.1841497487437,7.11593768844221,0.304554784263514,"97.5th percentile"
36.2687487437186,7.11593768844221,0.345254538730523,"97.5th percentile"
36.3533477386935,7.11593768844221,0.321554056963958,"97.5th percentile"
36.4379467336683,7.11593768844221,0.309974257932723,"97.5th percentile"
36.5225457286432,7.11593768844221,0.319190008347047,"97.5th percentile"
36.6071447236181,7.11593768844221,0.312364758089691,"97.5th percentile"
36.691743718593,7.11593768844221,0.310673254215116,"97.5th percentile"
36.7763427135678,7.11593768844221,0.326882616757868,"97.5th percentile"
36.8609417085427,7.11593768844221,0.337476893241648,"97.5th percentile"
36.9455407035176,7.11593768844221,0.348237344674249,"97.5th percentile"
37.0301396984925,7.11593768844221,0.315945054473575,"97.5th percentile"
37.1147386934673,7.11593768844221,0.320251627164067,"97.5th percentile"
37.1993376884422,7.11593768844221,0.30797803795551,"97.5th percentile"
37.2839366834171,7.11593768844221,0.333582551080369,"97.5th percentile"
37.368535678392,7.11593768844221,0.349021128161504,"97.5th percentile"
37.4531346733668,7.11593768844221,0.431596078449049,"97.5th percentile"
37.5377336683417,7.11593768844221,0.335566673642524,"97.5th percentile"
37.6223326633166,7.11593768844221,0.275047593864379,"97.5th percentile"
37.7069316582915,7.11593768844221,0.246343196252388,"97.5th percentile"
37.7915306532663,7.11593768844221,0.226364839749619,"97.5th percentile"
37.8761296482412,7.11593768844221,0.222016850182826,"97.5th percentile"
37.9607286432161,7.11593768844221,0.212440161927767,"97.5th percentile"
38.045327638191,7.11593768844221,0.252518597886397,"97.5th percentile"
38.1299266331658,7.11593768844221,0.262352446311023,"97.5th percentile"
38.2145256281407,7.11593768844221,0.265841541360384,"97.5th percentile"
38.2991246231156,7.11593768844221,0.214156591603023,"97.5th percentile"
38.3837236180904,7.11593768844221,0.201576499505108,"97.5th percentile"
38.4683226130653,7.11593768844221,0.305159631814577,"97.5th percentile"
38.5529216080402,7.11593768844221,0.232894159270893,"97.5th percentile"
38.6375206030151,7.11593768844221,0.223689830044807,"97.5th percentile"
38.72211959799,7.11593768844221,0.198965384908707,"97.5th percentile"
38.8067185929648,7.11593768844221,0.175312522335417,"97.5th percentile"
38.8913175879397,7.11593768844221,0.184064370211562,"97.5th percentile"
38.9759165829146,7.11593768844221,0.248998696043473,"97.5th percentile"
39.0605155778894,7.11593768844221,0.224639899909567,"97.5th percentile"
39.1451145728643,7.11593768844221,0.208464658553211,"97.5th percentile"
39.2297135678392,7.11593768844221,0.203997501183633,"97.5th percentile"
39.3143125628141,7.11593768844221,0.265754534113678,"97.5th percentile"
39.3989115577889,7.11593768844221,0.25918500554615,"97.5th percentile"
39.4835105527638,7.11593768844221,0.221208844035939,"97.5th percentile"
39.5681095477387,7.11593768844221,0.231947101676866,"97.5th percentile"
39.6527085427136,7.11593768844221,0.270536802596295,"97.5th percentile"
39.7373075376884,7.11593768844221,0.316413883239947,"97.5th percentile"
39.8219065326633,7.11593768844221,0.278101319583257,"97.5th percentile"
39.9065055276382,7.11593768844221,0.223347527188992,"97.5th percentile"
39.9911045226131,7.11593768844221,0.196839667410912,"97.5th percentile"
40.0757035175879,7.11593768844221,0.191405976153067,"97.5th percentile"
40.1603025125628,7.11593768844221,0.198868199500383,"97.5th percentile"
40.2449015075377,7.11593768844221,0.208930051720216,"97.5th percentile"
40.3295005025126,7.11593768844221,0.211316754818328,"97.5th percentile"
40.4140994974874,7.11593768844221,0.210451480223282,"97.5th percentile"
40.4986984924623,7.11593768844221,0.218584554932777,"97.5th percentile"
40.5832974874372,7.11593768844221,0.22116568565703,"97.5th percentile"
40.6678964824121,7.11593768844221,0.220257115409435,"97.5th percentile"
40.7524954773869,7.11593768844221,0.294171740619184,"97.5th percentile"
40.8370944723618,7.11593768844221,0.367398350126676,"97.5th percentile"
40.9216934673367,7.11593768844221,0.456054348149122,"97.5th percentile"
41.0062924623116,7.11593768844221,0.548241432518608,"97.5th percentile"
41.0908914572864,7.11593768844221,0.627551576906232,"97.5th percentile"
41.1754904522613,7.11593768844221,0.702207475356553,"97.5th percentile"
41.2600894472362,7.11593768844221,0.768493784093382,"97.5th percentile"
41.344688442211,7.11593768844221,0.808884498882057,"97.5th percentile"
41.4292874371859,7.11593768844221,0.846086799878369,"97.5th percentile"
41.5138864321608,7.11593768844221,0.87758159478038,"97.5th percentile"
41.5984854271357,7.11593768844221,0.904932804252586,"97.5th percentile"
41.6830844221106,7.11593768844221,0.92660827282657,"97.5th percentile"
41.7676834170854,7.11593768844221,0.942185583246989,"97.5th percentile"
41.8522824120603,7.11593768844221,0.95673396457446,"97.5th percentile"
41.9368814070352,7.11593768844221,0.96814670036451,"97.5th percentile"
42.02148040201,7.11593768844221,0.979483394425016,"97.5th percentile"
42.1060793969849,7.11593768844221,0.983664252126658,"97.5th percentile"
42.1906783919598,7.11593768844221,0.986305724783821,"97.5th percentile"
42.2752773869347,7.11593768844221,0.990227205615431,"97.5th percentile"
42.3598763819095,7.11593768844221,0.991834386348161,"97.5th percentile"
42.4444753768844,7.11593768844221,0.993907915077837,"97.5th percentile"
42.5290743718593,7.11593768844221,0.995476427519789,"97.5th percentile"
42.6136733668342,7.11593768844221,0.996732200530263,"97.5th percentile"
42.698272361809,7.11593768844221,0.997628019874242,"97.5th percentile"
42.7828713567839,7.11593768844221,0.998647618298889,"97.5th percentile"
42.8674703517588,7.11593768844221,0.998894797325616,"97.5th percentile"
42.9520693467337,7.11593768844221,0.99909864990025,"97.5th percentile"
43.0366683417085,7.11593768844221,0.999313349370285,"97.5th percentile"
43.1212673366834,7.11593768844221,0.999574971701852,"97.5th percentile"
43.2058663316583,7.11593768844221,0.999619348813958,"97.5th percentile"
43.2904653266332,7.11593768844221,0.999693244122152,"97.5th percentile"
43.375064321608,7.11593768844221,0.999767889017069,"97.5th percentile"
43.4596633165829,7.11593768844221,0.999827976510517,"97.5th percentile"
43.5442623115578,7.11593768844221,0.999872750985522,"97.5th percentile"
43.6288613065327,7.11593768844221,0.999905823398123,"97.5th percentile"
43.7134603015075,7.11593768844221,0.999930141706344,"97.5th percentile"
43.7980592964824,7.11593768844221,0.999948237043237,"97.5th percentile"
43.8826582914573,7.11593768844221,0.999961968296456,"97.5th percentile"
43.9672572864322,7.11593768844221,0.999971609705421,"97.5th percentile"
44.051856281407,7.11593768844221,0.999982986742154,"97.5th percentile"
44.1364552763819,7.11593768844221,0.999987914441081,"97.5th percentile"
44.2210542713568,7.11593768844221,0.999989434317959,"97.5th percentile"
44.3056532663317,7.11593768844221,0.999991488685023,"97.5th percentile"
44.3902522613065,7.11593768844221,0.999993702110713,"97.5th percentile"
44.4748512562814,7.11593768844221,0.999995346357905,"97.5th percentile"
44.5594502512563,7.11593768844221,0.999996552939284,"97.5th percentile"
44.6440492462312,7.11593768844221,0.999996737593947,"97.5th percentile"
44.728648241206,7.11593768844221,0.999996485816221,"97.5th percentile"
44.8132472361809,7.11593768844221,0.999996270181095,"97.5th percentile"
44.8978462311558,7.11593768844221,0.99999609725893,"97.5th percentile"
44.9824452261307,7.11593768844221,0.999995975939907,"97.5th percentile"
45.0670442211055,7.11593768844221,0.99999591235254,"97.5th percentile"
45.1516432160804,7.11593768844221,0.999995909095323,"97.5th percentile"
45.2362422110553,7.11593768844221,0.999995966986083,"97.5th percentile"
45.3208412060302,7.11593768844221,0.999996079881301,"97.5th percentile"
45.405440201005,7.11593768844221,0.999996244404116,"97.5th percentile"
45.4900391959799,7.11593768844221,0.999996461849355,"97.5th percentile"
45.5746381909548,7.11593768844221,0.999996698372533,"97.5th percentile"
45.6592371859296,7.11593768844221,0.999996974191425,"97.5th percentile"
45.7438361809045,7.11593768844221,0.999997287016429,"97.5th percentile"
45.8284351758794,7.11593768844221,0.999997654735178,"97.5th percentile"
45.9130341708543,7.11593768844221,0.999998258360537,"97.5th percentile"
45.9976331658291,7.11593768844221,0.999998119691929,"97.5th percentile"
46.082232160804,7.11593768844221,0.999998381497564,"97.5th percentile"
46.1668311557789,7.11593768844221,0.99999861964112,"97.5th percentile"
46.2514301507538,7.11593768844221,0.999998836430546,"97.5th percentile"
46.3360291457286,7.11593768844221,0.999999031519116,"97.5th percentile"
46.4206281407035,7.11593768844221,0.999999216484097,"97.5th percentile"
46.5052271356784,7.11593768844221,0.999999357084498,"97.5th percentile"
46.5898261306533,7.11593768844221,0.999999449495481,"97.5th percentile"
46.6744251256281,7.11593768844221,0.999999430188105,"97.5th percentile"
46.759024120603,7.11593768844221,0.999999471893483,"97.5th percentile"
46.8436231155779,7.11593768844221,0.99999961513916,"97.5th percentile"
46.9282221105528,7.11593768844221,0.999999661369285,"97.5th percentile"
34.1537738693467,7.18396432160804,0.943810884428289,"97.5th percentile"
34.2383728643216,7.18396432160804,0.923425290243229,"97.5th percentile"
34.3229718592965,7.18396432160804,0.89799743629903,"97.5th percentile"
34.4075708542714,7.18396432160804,0.848611116346065,"97.5th percentile"
34.4921698492462,7.18396432160804,0.811941310926308,"97.5th percentile"
34.5767688442211,7.18396432160804,0.714959375844432,"97.5th percentile"
34.661367839196,7.18396432160804,0.627564667997339,"97.5th percentile"
34.7459668341709,7.18396432160804,0.555556482248995,"97.5th percentile"
34.8305658291457,7.18396432160804,0.447928400866306,"97.5th percentile"
34.9151648241206,7.18396432160804,0.367030180726931,"97.5th percentile"
34.9997638190955,7.18396432160804,0.299231294520965,"97.5th percentile"
35.0843628140704,7.18396432160804,0.29821497246098,"97.5th percentile"
35.1689618090452,7.18396432160804,0.30376187796216,"97.5th percentile"
35.2535608040201,7.18396432160804,0.297848813739727,"97.5th percentile"
35.338159798995,7.18396432160804,0.288377932591049,"97.5th percentile"
35.4227587939698,7.18396432160804,0.279646909157042,"97.5th percentile"
35.5073577889447,7.18396432160804,0.300321588496787,"97.5th percentile"
35.5919567839196,7.18396432160804,0.275370452055341,"97.5th percentile"
35.6765557788945,7.18396432160804,0.286021475877322,"97.5th percentile"
35.7611547738694,7.18396432160804,0.285155508597827,"97.5th percentile"
35.8457537688442,7.18396432160804,0.269663729004103,"97.5th percentile"
35.9303527638191,7.18396432160804,0.304299607991015,"97.5th percentile"
36.014951758794,7.18396432160804,0.312537891646125,"97.5th percentile"
36.0995507537688,7.18396432160804,0.319500318533199,"97.5th percentile"
36.1841497487437,7.18396432160804,0.318765377227779,"97.5th percentile"
36.2687487437186,7.18396432160804,0.328015981789482,"97.5th percentile"
36.3533477386935,7.18396432160804,0.320531212432645,"97.5th percentile"
36.4379467336683,7.18396432160804,0.342180156337015,"97.5th percentile"
36.5225457286432,7.18396432160804,0.345841564153995,"97.5th percentile"
36.6071447236181,7.18396432160804,0.318023251348463,"97.5th percentile"
36.691743718593,7.18396432160804,0.323111234172377,"97.5th percentile"
36.7763427135678,7.18396432160804,0.331573889604189,"97.5th percentile"
36.8609417085427,7.18396432160804,0.350419467303382,"97.5th percentile"
36.9455407035176,7.18396432160804,0.346471579054619,"97.5th percentile"
37.0301396984925,7.18396432160804,0.350392282855728,"97.5th percentile"
37.1147386934673,7.18396432160804,0.354255044402135,"97.5th percentile"
37.1993376884422,7.18396432160804,0.335943607129117,"97.5th percentile"
37.2839366834171,7.18396432160804,0.257053255760076,"97.5th percentile"
37.368535678392,7.18396432160804,0.345109713775404,"97.5th percentile"
37.4531346733668,7.18396432160804,0.330781112398431,"97.5th percentile"
37.5377336683417,7.18396432160804,0.501666128937793,"97.5th percentile"
37.6223326633166,7.18396432160804,0.256819484319873,"97.5th percentile"
37.7069316582915,7.18396432160804,0.243407979385274,"97.5th percentile"
37.7915306532663,7.18396432160804,0.227967101459633,"97.5th percentile"
37.8761296482412,7.18396432160804,0.226265633333963,"97.5th percentile"
37.9607286432161,7.18396432160804,0.233812374919823,"97.5th percentile"
38.045327638191,7.18396432160804,0.240392506441681,"97.5th percentile"
38.1299266331658,7.18396432160804,0.266931623649295,"97.5th percentile"
38.2145256281407,7.18396432160804,0.253025223503252,"97.5th percentile"
38.2991246231156,7.18396432160804,0.339351489327766,"97.5th percentile"
38.3837236180904,7.18396432160804,0.296260896750903,"97.5th percentile"
38.4683226130653,7.18396432160804,0.24328359382558,"97.5th percentile"
38.5529216080402,7.18396432160804,0.233833738047464,"97.5th percentile"
38.6375206030151,7.18396432160804,0.232879597381712,"97.5th percentile"
38.72211959799,7.18396432160804,0.207881967409415,"97.5th percentile"
38.8067185929648,7.18396432160804,0.222459046615239,"97.5th percentile"
38.8913175879397,7.18396432160804,0.194459025704552,"97.5th percentile"
38.9759165829146,7.18396432160804,0.174415499514037,"97.5th percentile"
39.0605155778894,7.18396432160804,0.204284587990692,"97.5th percentile"
39.1451145728643,7.18396432160804,0.199552059798765,"97.5th percentile"
39.2297135678392,7.18396432160804,0.196624168130005,"97.5th percentile"
39.3143125628141,7.18396432160804,0.198772861056476,"97.5th percentile"
39.3989115577889,7.18396432160804,0.198637166915467,"97.5th percentile"
39.4835105527638,7.18396432160804,0.208675893860766,"97.5th percentile"
39.5681095477387,7.18396432160804,0.243354033603092,"97.5th percentile"
39.6527085427136,7.18396432160804,0.274032883361087,"97.5th percentile"
39.7373075376884,7.18396432160804,0.301171899205122,"97.5th percentile"
39.8219065326633,7.18396432160804,0.238843769956651,"97.5th percentile"
39.9065055276382,7.18396432160804,0.208511951385771,"97.5th percentile"
39.9911045226131,7.18396432160804,0.209524924396637,"97.5th percentile"
40.0757035175879,7.18396432160804,0.206256348852532,"97.5th percentile"
40.1603025125628,7.18396432160804,0.216469608046346,"97.5th percentile"
40.2449015075377,7.18396432160804,0.217847837247117,"97.5th percentile"
40.3295005025126,7.18396432160804,0.218862099163134,"97.5th percentile"
40.4140994974874,7.18396432160804,0.217248371917671,"97.5th percentile"
40.4986984924623,7.18396432160804,0.219004155369085,"97.5th percentile"
40.5832974874372,7.18396432160804,0.2135142890122,"97.5th percentile"
40.6678964824121,7.18396432160804,0.235444151268052,"97.5th percentile"
40.7524954773869,7.18396432160804,0.310769054717679,"97.5th percentile"
40.8370944723618,7.18396432160804,0.385902975513001,"97.5th percentile"
40.9216934673367,7.18396432160804,0.474483879264672,"97.5th percentile"
41.0062924623116,7.18396432160804,0.561121120388674,"97.5th percentile"
41.0908914572864,7.18396432160804,0.642611078120054,"97.5th percentile"
41.1754904522613,7.18396432160804,0.730035704509671,"97.5th percentile"
41.2600894472362,7.18396432160804,0.778209411152999,"97.5th percentile"
41.344688442211,7.18396432160804,0.833096225296524,"97.5th percentile"
41.4292874371859,7.18396432160804,0.864883845965543,"97.5th percentile"
41.5138864321608,7.18396432160804,0.891836514690262,"97.5th percentile"
41.5984854271357,7.18396432160804,0.914909164950572,"97.5th percentile"
41.6830844221106,7.18396432160804,0.934005652636784,"97.5th percentile"
41.7676834170854,7.18396432160804,0.948958587060585,"97.5th percentile"
41.8522824120603,7.18396432160804,0.962611148894996,"97.5th percentile"
41.9368814070352,7.18396432160804,0.970721105870576,"97.5th percentile"
42.02148040201,7.18396432160804,0.980478287338264,"97.5th percentile"
42.1060793969849,7.18396432160804,0.985096468928298,"97.5th percentile"
42.1906783919598,7.18396432160804,0.987741929677674,"97.5th percentile"
42.2752773869347,7.18396432160804,0.991634822008243,"97.5th percentile"
42.3598763819095,7.18396432160804,0.992666026761109,"97.5th percentile"
42.4444753768844,7.18396432160804,0.994502922326757,"97.5th percentile"
42.5290743718593,7.18396432160804,0.995807906230827,"97.5th percentile"
42.6136733668342,7.18396432160804,0.99689243668681,"97.5th percentile"
42.698272361809,7.18396432160804,0.997691564308666,"97.5th percentile"
42.7828713567839,7.18396432160804,0.998713836510459,"97.5th percentile"
42.8674703517588,7.18396432160804,0.999049517556126,"97.5th percentile"
42.9520693467337,7.18396432160804,0.999184918264897,"97.5th percentile"
43.0366683417085,7.18396432160804,0.999438932506102,"97.5th percentile"
43.1212673366834,7.18396432160804,0.999622542404794,"97.5th percentile"
43.2058663316583,7.18396432160804,0.99971954296931,"97.5th percentile"
43.2904653266332,7.18396432160804,0.999733405140724,"97.5th percentile"
43.375064321608,7.18396432160804,0.999781458115482,"97.5th percentile"
43.4596633165829,7.18396432160804,0.999840433784943,"97.5th percentile"
43.5442623115578,7.18396432160804,0.999879034898265,"97.5th percentile"
43.6288613065327,7.18396432160804,0.999910285171003,"97.5th percentile"
43.7134603015075,7.18396432160804,0.999933453951345,"97.5th percentile"
43.7980592964824,7.18396432160804,0.999950799329582,"97.5th percentile"
43.8826582914573,7.18396432160804,0.999963419340608,"97.5th percentile"
43.9672572864322,7.18396432160804,0.99997296357954,"97.5th percentile"
44.051856281407,7.18396432160804,0.99997990866382,"97.5th percentile"
44.1364552763819,7.18396432160804,0.999988275972037,"97.5th percentile"
44.2210542713568,7.18396432160804,0.999991109156814,"97.5th percentile"
44.3056532663317,7.18396432160804,0.999992101036286,"97.5th percentile"
44.3902522613065,7.18396432160804,0.999993961230091,"97.5th percentile"
44.4748512562814,7.18396432160804,0.99999552840979,"97.5th percentile"
44.5594502512563,7.18396432160804,0.999996689346798,"97.5th percentile"
44.6440492462312,7.18396432160804,0.999996676705016,"97.5th percentile"
44.728648241206,7.18396432160804,0.999996425411317,"97.5th percentile"
44.8132472361809,7.18396432160804,0.999996209610864,"97.5th percentile"
44.8978462311558,7.18396432160804,0.999996040801497,"97.5th percentile"
44.9824452261307,7.18396432160804,0.999995922696608,"97.5th percentile"
45.0670442211055,7.18396432160804,0.999995863553962,"97.5th percentile"
45.1516432160804,7.18396432160804,0.999995864893176,"97.5th percentile"
45.2362422110553,7.18396432160804,0.999995926336337,"97.5th percentile"
45.3208412060302,7.18396432160804,0.999996045117136,"97.5th percentile"
45.405440201005,7.18396432160804,0.999996217061437,"97.5th percentile"
45.4900391959799,7.18396432160804,0.999996455048608,"97.5th percentile"
45.5746381909548,7.18396432160804,0.999996681941806,"97.5th percentile"
45.6592371859296,7.18396432160804,0.999996963168397,"97.5th percentile"
45.7438361809045,7.18396432160804,0.999997245577284,"97.5th percentile"
45.8284351758794,7.18396432160804,0.9999981226765,"97.5th percentile"
45.9130341708543,7.18396432160804,0.999998117646235,"97.5th percentile"
45.9976331658291,7.18396432160804,0.99999863898022,"97.5th percentile"
46.082232160804,7.18396432160804,0.999998395382996,"97.5th percentile"
46.1668311557789,7.18396432160804,0.999998714230879,"97.5th percentile"
46.2514301507538,7.18396432160804,0.999998839945184,"97.5th percentile"
46.3360291457286,7.18396432160804,0.999999045854636,"97.5th percentile"
46.4206281407035,7.18396432160804,0.999999209400151,"97.5th percentile"
46.5052271356784,7.18396432160804,0.999999278593924,"97.5th percentile"
46.5898261306533,7.18396432160804,0.999999415849208,"97.5th percentile"
46.6744251256281,7.18396432160804,0.999999420901839,"97.5th percentile"
46.759024120603,7.18396432160804,0.999999378824427,"97.5th percentile"
46.8436231155779,7.18396432160804,0.999999454832656,"97.5th percentile"
46.9282221105528,7.18396432160804,0.999999563026023,"97.5th percentile"
47.0128211055276,7.18396432160804,0.99999961101128,"97.5th percentile"
34.0691748743719,7.25199095477387,0.92773078817303,"97.5th percentile"
34.1537738693467,7.25199095477387,0.928546062971354,"97.5th percentile"
34.2383728643216,7.25199095477387,0.910979483113495,"97.5th percentile"
34.3229718592965,7.25199095477387,0.873685431648815,"97.5th percentile"
34.4075708542714,7.25199095477387,0.82527325036483,"97.5th percentile"
34.4921698492462,7.25199095477387,0.736279337827884,"97.5th percentile"
34.5767688442211,7.25199095477387,0.670364599562226,"97.5th percentile"
34.661367839196,7.25199095477387,0.592551709455966,"97.5th percentile"
34.7459668341709,7.25199095477387,0.487950102641135,"97.5th percentile"
34.8305658291457,7.25199095477387,0.411276135011999,"97.5th percentile"
34.9151648241206,7.25199095477387,0.322175071400242,"97.5th percentile"
34.9997638190955,7.25199095477387,0.297202532864302,"97.5th percentile"
35.0843628140704,7.25199095477387,0.302280121240185,"97.5th percentile"
35.1689618090452,7.25199095477387,0.301665786088659,"97.5th percentile"
35.2535608040201,7.25199095477387,0.297651055270672,"97.5th percentile"
35.338159798995,7.25199095477387,0.279179728648942,"97.5th percentile"
35.4227587939698,7.25199095477387,0.290274871234304,"97.5th percentile"
35.5073577889447,7.25199095477387,0.305641062531893,"97.5th percentile"
35.5919567839196,7.25199095477387,0.316122025591092,"97.5th percentile"
35.6765557788945,7.25199095477387,0.31701766283044,"97.5th percentile"
35.7611547738694,7.25199095477387,0.316894719698497,"97.5th percentile"
35.8457537688442,7.25199095477387,0.283326810672517,"97.5th percentile"
35.9303527638191,7.25199095477387,0.294509700238459,"97.5th percentile"
36.014951758794,7.25199095477387,0.32434638029948,"97.5th percentile"
36.0995507537688,7.25199095477387,0.334287630652483,"97.5th percentile"
36.1841497487437,7.25199095477387,0.320681678411738,"97.5th percentile"
36.2687487437186,7.25199095477387,0.32780674750042,"97.5th percentile"
36.3533477386935,7.25199095477387,0.316916296763135,"97.5th percentile"
36.4379467336683,7.25199095477387,0.315483557071095,"97.5th percentile"
36.5225457286432,7.25199095477387,0.304779770489069,"97.5th percentile"
36.6071447236181,7.25199095477387,0.33564491300222,"97.5th percentile"
36.691743718593,7.25199095477387,0.329990717069714,"97.5th percentile"
36.7763427135678,7.25199095477387,0.334968007719624,"97.5th percentile"
36.8609417085427,7.25199095477387,0.33765396525157,"97.5th percentile"
36.9455407035176,7.25199095477387,0.362585101118921,"97.5th percentile"
37.0301396984925,7.25199095477387,0.350125905343267,"97.5th percentile"
37.1147386934673,7.25199095477387,0.362946428284917,"97.5th percentile"
37.1993376884422,7.25199095477387,0.372168835436388,"97.5th percentile"
37.2839366834171,7.25199095477387,0.324945279675019,"97.5th percentile"
37.368535678392,7.25199095477387,0.457909804456156,"97.5th percentile"
37.4531346733668,7.25199095477387,0.298506390430123,"97.5th percentile"
37.5377336683417,7.25199095477387,0.258290067858676,"97.5th percentile"
37.6223326633166,7.25199095477387,0.273120263505095,"97.5th percentile"
37.7069316582915,7.25199095477387,0.273750106902799,"97.5th percentile"
37.7915306532663,7.25199095477387,0.268590015841377,"97.5th percentile"
37.8761296482412,7.25199095477387,0.252080208536538,"97.5th percentile"
37.9607286432161,7.25199095477387,0.236984890578321,"97.5th percentile"
38.045327638191,7.25199095477387,0.242965580112253,"97.5th percentile"
38.1299266331658,7.25199095477387,0.249655772700485,"97.5th percentile"
38.2145256281407,7.25199095477387,0.24629655852864,"97.5th percentile"
38.2991246231156,7.25199095477387,0.242303014629648,"97.5th percentile"
38.3837236180904,7.25199095477387,0.25017275602974,"97.5th percentile"
38.4683226130653,7.25199095477387,0.240266566266815,"97.5th percentile"
38.5529216080402,7.25199095477387,0.229433273787291,"97.5th percentile"
38.6375206030151,7.25199095477387,0.236901418450933,"97.5th percentile"
38.72211959799,7.25199095477387,0.210161522014374,"97.5th percentile"
38.8067185929648,7.25199095477387,0.223825749186259,"97.5th percentile"
38.8913175879397,7.25199095477387,0.189501131584286,"97.5th percentile"
38.9759165829146,7.25199095477387,0.181299651204532,"97.5th percentile"
39.0605155778894,7.25199095477387,0.185160530496592,"97.5th percentile"
39.1451145728643,7.25199095477387,0.209577540124238,"97.5th percentile"
39.2297135678392,7.25199095477387,0.195758774321089,"97.5th percentile"
39.3143125628141,7.25199095477387,0.189781813636868,"97.5th percentile"
39.3989115577889,7.25199095477387,0.202054826997039,"97.5th percentile"
39.4835105527638,7.25199095477387,0.22341439953193,"97.5th percentile"
39.5681095477387,7.25199095477387,0.238743241146522,"97.5th percentile"
39.6527085427136,7.25199095477387,0.280313578288309,"97.5th percentile"
39.7373075376884,7.25199095477387,0.264841155882435,"97.5th percentile"
39.8219065326633,7.25199095477387,0.221039691739111,"97.5th percentile"
39.9065055276382,7.25199095477387,0.200444872868339,"97.5th percentile"
39.9911045226131,7.25199095477387,0.207250908637473,"97.5th percentile"
40.0757035175879,7.25199095477387,0.222171534064106,"97.5th percentile"
40.1603025125628,7.25199095477387,0.234796678909,"97.5th percentile"
40.2449015075377,7.25199095477387,0.227110560574645,"97.5th percentile"
40.3295005025126,7.25199095477387,0.211336429959584,"97.5th percentile"
40.4140994974874,7.25199095477387,0.225484617126315,"97.5th percentile"
40.4986984924623,7.25199095477387,0.207518893360347,"97.5th percentile"
40.5832974874372,7.25199095477387,0.203183209850411,"97.5th percentile"
40.6678964824121,7.25199095477387,0.23987166798336,"97.5th percentile"
40.7524954773869,7.25199095477387,0.322457525840195,"97.5th percentile"
40.8370944723618,7.25199095477387,0.41230587595358,"97.5th percentile"
40.9216934673367,7.25199095477387,0.498969171743583,"97.5th percentile"
41.0062924623116,7.25199095477387,0.577187730097864,"97.5th percentile"
41.0908914572864,7.25199095477387,0.653239744637841,"97.5th percentile"
41.1754904522613,7.25199095477387,0.727251174849252,"97.5th percentile"
41.2600894472362,7.25199095477387,0.816539327832392,"97.5th percentile"
41.344688442211,7.25199095477387,0.844680704733379,"97.5th percentile"
41.4292874371859,7.25199095477387,0.881015749020155,"97.5th percentile"
41.5138864321608,7.25199095477387,0.906364784969031,"97.5th percentile"
41.5984854271357,7.25199095477387,0.925359712891531,"97.5th percentile"
41.6830844221106,7.25199095477387,0.94180579354063,"97.5th percentile"
41.7676834170854,7.25199095477387,0.954251282592222,"97.5th percentile"
41.8522824120603,7.25199095477387,0.964595378317063,"97.5th percentile"
41.9368814070352,7.25199095477387,0.974372072908534,"97.5th percentile"
42.02148040201,7.25199095477387,0.980275954033248,"97.5th percentile"
42.1060793969849,7.25199095477387,0.984967654516734,"97.5th percentile"
42.1906783919598,7.25199095477387,0.989456924241508,"97.5th percentile"
42.2752773869347,7.25199095477387,0.991519996941323,"97.5th percentile"
42.3598763819095,7.25199095477387,0.993958270782905,"97.5th percentile"
42.4444753768844,7.25199095477387,0.994868409969141,"97.5th percentile"
42.5290743718593,7.25199095477387,0.996154035065623,"97.5th percentile"
42.6136733668342,7.25199095477387,0.997160592117433,"97.5th percentile"
42.698272361809,7.25199095477387,0.997862030908188,"97.5th percentile"
42.7828713567839,7.25199095477387,0.99870658658871,"97.5th percentile"
42.8674703517588,7.25199095477387,0.999061043768109,"97.5th percentile"
42.9520693467337,7.25199095477387,0.99924537793932,"97.5th percentile"
43.0366683417085,7.25199095477387,0.999406208444102,"97.5th percentile"
43.1212673366834,7.25199095477387,0.999649829748576,"97.5th percentile"
43.2058663316583,7.25199095477387,0.99969466114281,"97.5th percentile"
43.2904653266332,7.25199095477387,0.999769873368961,"97.5th percentile"
43.375064321608,7.25199095477387,0.999799513794616,"97.5th percentile"
43.4596633165829,7.25199095477387,0.999847810140166,"97.5th percentile"
43.5442623115578,7.25199095477387,0.999888455479488,"97.5th percentile"
43.6288613065327,7.25199095477387,0.999915704717331,"97.5th percentile"
43.7134603015075,7.25199095477387,0.999937347086846,"97.5th percentile"
43.7980592964824,7.25199095477387,0.999954142423519,"97.5th percentile"
43.8826582914573,7.25199095477387,0.999965426419882,"97.5th percentile"
43.9672572864322,7.25199095477387,0.999974257914666,"97.5th percentile"
44.051856281407,7.25199095477387,0.999986561595677,"97.5th percentile"
44.1364552763819,7.25199095477387,0.999985938017297,"97.5th percentile"
44.2210542713568,7.25199095477387,0.999989518013612,"97.5th percentile"
44.3056532663317,7.25199095477387,0.999992299807538,"97.5th percentile"
44.3902522613065,7.25199095477387,0.999994240657282,"97.5th percentile"
44.4748512562814,7.25199095477387,0.999995730379798,"97.5th percentile"
44.5594502512563,7.25199095477387,0.999996836922793,"97.5th percentile"
44.6440492462312,7.25199095477387,0.999996633517544,"97.5th percentile"
44.728648241206,7.25199095477387,0.999996384654304,"97.5th percentile"
44.8132472361809,7.25199095477387,0.999996170627506,"97.5th percentile"
44.8978462311558,7.25199095477387,0.999996005457161,"97.5th percentile"
44.9824452261307,7.25199095477387,0.999995892302741,"97.5th percentile"
45.0670442211055,7.25199095477387,0.999995837156052,"97.5th percentile"
45.1516432160804,7.25199095477387,0.999995845185101,"97.5th percentile"
45.2362422110553,7.25199095477387,0.999995910035901,"97.5th percentile"
45.3208412060302,7.25199095477387,0.999996038606356,"97.5th percentile"
45.405440201005,7.25199095477387,0.999996212982481,"97.5th percentile"
45.4900391959799,7.25199095477387,0.999996431913297,"97.5th percentile"
45.5746381909548,7.25199095477387,0.999996688523906,"97.5th percentile"
45.6592371859296,7.25199095477387,0.99999716469606,"97.5th percentile"
45.7438361809045,7.25199095477387,0.99999757735234,"97.5th percentile"
45.8284351758794,7.25199095477387,0.99999759852396,"97.5th percentile"
45.9130341708543,7.25199095477387,0.999997910673302,"97.5th percentile"
45.9976331658291,7.25199095477387,0.99999856561243,"97.5th percentile"
46.082232160804,7.25199095477387,0.999998406693672,"97.5th percentile"
46.1668311557789,7.25199095477387,0.999998629304436,"97.5th percentile"
46.2514301507538,7.25199095477387,0.999998876722366,"97.5th percentile"
46.3360291457286,7.25199095477387,0.999999045089751,"97.5th percentile"
46.4206281407035,7.25199095477387,0.999999210125122,"97.5th percentile"
46.5052271356784,7.25199095477387,0.999999184158531,"97.5th percentile"
46.5898261306533,7.25199095477387,0.999999222415595,"97.5th percentile"
46.6744251256281,7.25199095477387,0.999999233443284,"97.5th percentile"
46.759024120603,7.25199095477387,0.999999294512334,"97.5th percentile"
46.8436231155779,7.25199095477387,0.999999328020399,"97.5th percentile"
46.9282221105528,7.25199095477387,0.999999456393521,"97.5th percentile"
47.0128211055276,7.25199095477387,0.999999471661808,"97.5th percentile"
33.984575879397,7.3200175879397,0.775469168931295,"97.5th percentile"
34.0691748743719,7.3200175879397,0.849764505568278,"97.5th percentile"
34.1537738693467,7.3200175879397,0.913255631289096,"97.5th percentile"
34.2383728643216,7.3200175879397,0.889106555921461,"97.5th percentile"
34.3229718592965,7.3200175879397,0.85542130583518,"97.5th percentile"
34.4075708542714,7.3200175879397,0.797759231405914,"97.5th percentile"
34.4921698492462,7.3200175879397,0.690228783864698,"97.5th percentile"
34.5767688442211,7.3200175879397,0.606854549598368,"97.5th percentile"
34.661367839196,7.3200175879397,0.51680143890243,"97.5th percentile"
34.7459668341709,7.3200175879397,0.4369844946733,"97.5th percentile"
34.8305658291457,7.3200175879397,0.355997849149867,"97.5th percentile"
34.9151648241206,7.3200175879397,0.296377911347803,"97.5th percentile"
34.9997638190955,7.3200175879397,0.298561527625252,"97.5th percentile"
35.0843628140704,7.3200175879397,0.301515889949757,"97.5th percentile"
35.1689618090452,7.3200175879397,0.301750031095422,"97.5th percentile"
35.2535608040201,7.3200175879397,0.297694407602359,"97.5th percentile"
35.338159798995,7.3200175879397,0.277780303862525,"97.5th percentile"
35.4227587939698,7.3200175879397,0.288284473465654,"97.5th percentile"
35.5073577889447,7.3200175879397,0.301497971497413,"97.5th percentile"
35.5919567839196,7.3200175879397,0.307522164558221,"97.5th percentile"
35.6765557788945,7.3200175879397,0.296429578363087,"97.5th percentile"
35.7611547738694,7.3200175879397,0.292049181551226,"97.5th percentile"
35.8457537688442,7.3200175879397,0.279450162998198,"97.5th percentile"
35.9303527638191,7.3200175879397,0.299329979172298,"97.5th percentile"
36.014951758794,7.3200175879397,0.322249879599902,"97.5th percentile"
36.0995507537688,7.3200175879397,0.31182695417496,"97.5th percentile"
36.1841497487437,7.3200175879397,0.318187758658936,"97.5th percentile"
36.2687487437186,7.3200175879397,0.322892208251603,"97.5th percentile"
36.3533477386935,7.3200175879397,0.322828586059189,"97.5th percentile"
36.4379467336683,7.3200175879397,0.326249642289914,"97.5th percentile"
36.5225457286432,7.3200175879397,0.315876158415986,"97.5th percentile"
36.6071447236181,7.3200175879397,0.330040846935677,"97.5th percentile"
36.691743718593,7.3200175879397,0.332257004629542,"97.5th percentile"
36.7763427135678,7.3200175879397,0.347247761132513,"97.5th percentile"
36.8609417085427,7.3200175879397,0.329966444510663,"97.5th percentile"
36.9455407035176,7.3200175879397,0.341795560496731,"97.5th percentile"
37.0301396984925,7.3200175879397,0.365736205250969,"97.5th percentile"
37.1147386934673,7.3200175879397,0.363470974739331,"97.5th percentile"
37.1993376884422,7.3200175879397,0.362199001746033,"97.5th percentile"
37.2839366834171,7.3200175879397,0.32043428084523,"97.5th percentile"
37.368535678392,7.3200175879397,0.387329220651898,"97.5th percentile"
37.4531346733668,7.3200175879397,0.295761234173535,"97.5th percentile"
37.5377336683417,7.3200175879397,0.262761227474688,"97.5th percentile"
37.6223326633166,7.3200175879397,0.280667912168271,"97.5th percentile"
37.7069316582915,7.3200175879397,0.278282520963724,"97.5th percentile"
37.7915306532663,7.3200175879397,0.275619476365836,"97.5th percentile"
37.8761296482412,7.3200175879397,0.25225510978506,"97.5th percentile"
37.9607286432161,7.3200175879397,0.23255092185048,"97.5th percentile"
38.045327638191,7.3200175879397,0.245289746040657,"97.5th percentile"
38.1299266331658,7.3200175879397,0.250697286260125,"97.5th percentile"
38.2145256281407,7.3200175879397,0.247383929371396,"97.5th percentile"
38.2991246231156,7.3200175879397,0.243303367140232,"97.5th percentile"
38.3837236180904,7.3200175879397,0.24921836800237,"97.5th percentile"
38.4683226130653,7.3200175879397,0.242347465680686,"97.5th percentile"
38.5529216080402,7.3200175879397,0.231383261517573,"97.5th percentile"
38.6375206030151,7.3200175879397,0.239134220787706,"97.5th percentile"
38.72211959799,7.3200175879397,0.211710177855246,"97.5th percentile"
38.8067185929648,7.3200175879397,0.211190341056875,"97.5th percentile"
38.8913175879397,7.3200175879397,0.18896464315395,"97.5th percentile"
38.9759165829146,7.3200175879397,0.183970615015854,"97.5th percentile"
39.0605155778894,7.3200175879397,0.196826230929961,"97.5th percentile"
39.1451145728643,7.3200175879397,0.219831821361372,"97.5th percentile"
39.2297135678392,7.3200175879397,0.200623824079267,"97.5th percentile"
39.3143125628141,7.3200175879397,0.194502797135073,"97.5th percentile"
39.3989115577889,7.3200175879397,0.206668673215119,"97.5th percentile"
39.4835105527638,7.3200175879397,0.215272233370137,"97.5th percentile"
39.5681095477387,7.3200175879397,0.241156719521917,"97.5th percentile"
39.6527085427136,7.3200175879397,0.257074744258897,"97.5th percentile"
39.7373075376884,7.3200175879397,0.263686502454241,"97.5th percentile"
39.8219065326633,7.3200175879397,0.21797897467659,"97.5th percentile"
39.9065055276382,7.3200175879397,0.204472710032726,"97.5th percentile"
39.9911045226131,7.3200175879397,0.21294721625698,"97.5th percentile"
40.0757035175879,7.3200175879397,0.250640354974362,"97.5th percentile"
40.1603025125628,7.3200175879397,0.237336325659582,"97.5th percentile"
40.2449015075377,7.3200175879397,0.238104107728707,"97.5th percentile"
40.3295005025126,7.3200175879397,0.216131189881963,"97.5th percentile"
40.4140994974874,7.3200175879397,0.232121622743276,"97.5th percentile"
40.4986984924623,7.3200175879397,0.209349879352807,"97.5th percentile"
40.5832974874372,7.3200175879397,0.208406457502227,"97.5th percentile"
40.6678964824121,7.3200175879397,0.248564656614457,"97.5th percentile"
40.7524954773869,7.3200175879397,0.332244155473813,"97.5th percentile"
40.8370944723618,7.3200175879397,0.419236389182386,"97.5th percentile"
40.9216934673367,7.3200175879397,0.502285836887375,"97.5th percentile"
41.0062924623116,7.3200175879397,0.606900191224715,"97.5th percentile"
41.0908914572864,7.3200175879397,0.682572895262838,"97.5th percentile"
41.1754904522613,7.3200175879397,0.746472070253953,"97.5th percentile"
41.2600894472362,7.3200175879397,0.8058290901946,"97.5th percentile"
41.344688442211,7.3200175879397,0.847484925088152,"97.5th percentile"
41.4292874371859,7.3200175879397,0.88841753371457,"97.5th percentile"
41.5138864321608,7.3200175879397,0.918592411230712,"97.5th percentile"
41.5984854271357,7.3200175879397,0.935214173554867,"97.5th percentile"
41.6830844221106,7.3200175879397,0.949226338020063,"97.5th percentile"
41.7676834170854,7.3200175879397,0.960018278844726,"97.5th percentile"
41.8522824120603,7.3200175879397,0.970127841631524,"97.5th percentile"
41.9368814070352,7.3200175879397,0.976007862016585,"97.5th percentile"
42.02148040201,7.3200175879397,0.981948795333452,"97.5th percentile"
42.1060793969849,7.3200175879397,0.986068201745848,"97.5th percentile"
42.1906783919598,7.3200175879397,0.990390432167101,"97.5th percentile"
42.2752773869347,7.3200175879397,0.992427569527225,"97.5th percentile"
42.3598763819095,7.3200175879397,0.994939394718545,"97.5th percentile"
42.4444753768844,7.3200175879397,0.99625425697072,"97.5th percentile"
42.5290743718593,7.3200175879397,0.997174160625217,"97.5th percentile"
42.6136733668342,7.3200175879397,0.997464353781988,"97.5th percentile"
42.698272361809,7.3200175879397,0.998309388998277,"97.5th percentile"
42.7828713567839,7.3200175879397,0.998542316888418,"97.5th percentile"
42.8674703517588,7.3200175879397,0.999136940661822,"97.5th percentile"
42.9520693467337,7.3200175879397,0.999348991788917,"97.5th percentile"
43.0366683417085,7.3200175879397,0.999447815613977,"97.5th percentile"
43.1212673366834,7.3200175879397,0.999660758651247,"97.5th percentile"
43.2058663316583,7.3200175879397,0.999696339480056,"97.5th percentile"
43.2904653266332,7.3200175879397,0.999818728780661,"97.5th percentile"
43.375064321608,7.3200175879397,0.999809507614307,"97.5th percentile"
43.4596633165829,7.3200175879397,0.999856679915314,"97.5th percentile"
43.5442623115578,7.3200175879397,0.999894410951028,"97.5th percentile"
43.6288613065327,7.3200175879397,0.999924873514918,"97.5th percentile"
43.7134603015075,7.3200175879397,0.99994281746615,"97.5th percentile"
43.7980592964824,7.3200175879397,0.999956912611953,"97.5th percentile"
43.8826582914573,7.3200175879397,0.999967334635411,"97.5th percentile"
43.9672572864322,7.3200175879397,0.999983028152252,"97.5th percentile"
44.051856281407,7.3200175879397,0.999982066989401,"97.5th percentile"
44.1364552763819,7.3200175879397,0.999987105725125,"97.5th percentile"
44.2210542713568,7.3200175879397,0.999991121659254,"97.5th percentile"
44.3056532663317,7.3200175879397,0.999992741137303,"97.5th percentile"
44.3902522613065,7.3200175879397,0.999994660550628,"97.5th percentile"
44.4748512562814,7.3200175879397,0.999995944929607,"97.5th percentile"
44.5594502512563,7.3200175879397,0.999996883683154,"97.5th percentile"
44.6440492462312,7.3200175879397,0.999996608883111,"97.5th percentile"
44.728648241206,7.3200175879397,0.99999636145625,"97.5th percentile"
44.8132472361809,7.3200175879397,0.99999615806488,"97.5th percentile"
44.8978462311558,7.3200175879397,0.99999600406148,"97.5th percentile"
44.9824452261307,7.3200175879397,0.999995883836294,"97.5th percentile"
45.0670442211055,7.3200175879397,0.999995833835694,"97.5th percentile"
45.1516432160804,7.3200175879397,0.999995845069421,"97.5th percentile"
45.2362422110553,7.3200175879397,0.999995918892138,"97.5th percentile"
45.3208412060302,7.3200175879397,0.999996123152051,"97.5th percentile"
45.405440201005,7.3200175879397,0.99999622709217,"97.5th percentile"
45.4900391959799,7.3200175879397,0.999996449898388,"97.5th percentile"
45.5746381909548,7.3200175879397,0.999996719107687,"97.5th percentile"
45.6592371859296,7.3200175879397,0.999997006788176,"97.5th percentile"
45.7438361809045,7.3200175879397,0.999997278077673,"97.5th percentile"
45.8284351758794,7.3200175879397,0.999997981916585,"97.5th percentile"
45.9130341708543,7.3200175879397,0.999998114474725,"97.5th percentile"
45.9976331658291,7.3200175879397,0.999998153546085,"97.5th percentile"
46.082232160804,7.3200175879397,0.999998510965175,"97.5th percentile"
46.1668311557789,7.3200175879397,0.999998647118385,"97.5th percentile"
46.2514301507538,7.3200175879397,0.9999988643907,"97.5th percentile"
46.3360291457286,7.3200175879397,0.999998994119608,"97.5th percentile"
46.4206281407035,7.3200175879397,0.999999244919821,"97.5th percentile"
46.5052271356784,7.3200175879397,0.999999173511725,"97.5th percentile"
46.5898261306533,7.3200175879397,0.999999079213041,"97.5th percentile"
46.6744251256281,7.3200175879397,0.999999226442815,"97.5th percentile"
46.759024120603,7.3200175879397,0.999999228762744,"97.5th percentile"
46.8436231155779,7.3200175879397,0.999999237810528,"97.5th percentile"
46.9282221105528,7.3200175879397,0.999999323647682,"97.5th percentile"
47.0128211055276,7.3200175879397,0.99999935660785,"97.5th percentile"
47.0974201005025,7.3200175879397,0.999999427078948,"97.5th percentile"
33.984575879397,7.38804422110553,0.629678063752508,"97.5th percentile"
34.0691748743719,7.38804422110553,0.74626865204752,"97.5th percentile"
34.1537738693467,7.38804422110553,0.845953859830216,"97.5th percentile"
34.2383728643216,7.38804422110553,0.87003885527326,"97.5th percentile"
34.3229718592965,7.38804422110553,0.828043593728686,"97.5th percentile"
34.4075708542714,7.38804422110553,0.753053529057975,"97.5th percentile"
34.4921698492462,7.38804422110553,0.689378580543667,"97.5th percentile"
34.5767688442211,7.38804422110553,0.55914637130617,"97.5th percentile"
34.661367839196,7.38804422110553,0.467084661457385,"97.5th percentile"
34.7459668341709,7.38804422110553,0.387370766247464,"97.5th percentile"
34.8305658291457,7.38804422110553,0.313328309375197,"97.5th percentile"
34.9151648241206,7.38804422110553,0.296471280679476,"97.5th percentile"
34.9997638190955,7.38804422110553,0.299371809988286,"97.5th percentile"
35.0843628140704,7.38804422110553,0.302372387094943,"97.5th percentile"
35.1689618090452,7.38804422110553,0.304148732946471,"97.5th percentile"
35.2535608040201,7.38804422110553,0.304302112523214,"97.5th percentile"
35.338159798995,7.38804422110553,0.300608452974216,"97.5th percentile"
35.4227587939698,7.38804422110553,0.308368953686243,"97.5th percentile"
35.5073577889447,7.38804422110553,0.309069347018091,"97.5th percentile"
35.5919567839196,7.38804422110553,0.307820417109836,"97.5th percentile"
35.6765557788945,7.38804422110553,0.312900126931289,"97.5th percentile"
35.7611547738694,7.38804422110553,0.308915416406778,"97.5th percentile"
35.8457537688442,7.38804422110553,0.300190400418363,"97.5th percentile"
35.9303527638191,7.38804422110553,0.304313277315009,"97.5th percentile"
36.014951758794,7.38804422110553,0.307536157835414,"97.5th percentile"
36.0995507537688,7.38804422110553,0.319184655973929,"97.5th percentile"
36.1841497487437,7.38804422110553,0.293303116582189,"97.5th percentile"
36.2687487437186,7.38804422110553,0.281167673061746,"97.5th percentile"
36.3533477386935,7.38804422110553,0.312746883412535,"97.5th percentile"
36.4379467336683,7.38804422110553,0.317806017930358,"97.5th percentile"
36.5225457286432,7.38804422110553,0.346302172211955,"97.5th percentile"
36.6071447236181,7.38804422110553,0.351914123202941,"97.5th percentile"
36.691743718593,7.38804422110553,0.352129616680056,"97.5th percentile"
36.7763427135678,7.38804422110553,0.309787486350109,"97.5th percentile"
36.8609417085427,7.38804422110553,0.277291133443907,"97.5th percentile"
36.9455407035176,7.38804422110553,0.303643343856351,"97.5th percentile"
37.0301396984925,7.38804422110553,0.279376194957347,"97.5th percentile"
37.1147386934673,7.38804422110553,0.328247158475821,"97.5th percentile"
37.1993376884422,7.38804422110553,0.364176650046532,"97.5th percentile"
37.2839366834171,7.38804422110553,0.378808717959742,"97.5th percentile"
37.368535678392,7.38804422110553,0.400713405297228,"97.5th percentile"
37.4531346733668,7.38804422110553,0.349412035339673,"97.5th percentile"
37.5377336683417,7.38804422110553,0.295386480587665,"97.5th percentile"
37.6223326633166,7.38804422110553,0.278805171172231,"97.5th percentile"
37.7069316582915,7.38804422110553,0.274619608378329,"97.5th percentile"
37.7915306532663,7.38804422110553,0.265446074127327,"97.5th percentile"
37.8761296482412,7.38804422110553,0.216705415654094,"97.5th percentile"
37.9607286432161,7.38804422110553,0.246884885339661,"97.5th percentile"
38.045327638191,7.38804422110553,0.248388252749809,"97.5th percentile"
38.1299266331658,7.38804422110553,0.266139436305192,"97.5th percentile"
38.2145256281407,7.38804422110553,0.25644525463238,"97.5th percentile"
38.2991246231156,7.38804422110553,0.253508218715461,"97.5th percentile"
38.3837236180904,7.38804422110553,0.2916600258244,"97.5th percentile"
38.4683226130653,7.38804422110553,0.306026463252318,"97.5th percentile"
38.5529216080402,7.38804422110553,0.354476020687854,"97.5th percentile"
38.6375206030151,7.38804422110553,0.334241373062842,"97.5th percentile"
38.72211959799,7.38804422110553,0.25464928584617,"97.5th percentile"
38.8067185929648,7.38804422110553,0.207374633331676,"97.5th percentile"
38.8913175879397,7.38804422110553,0.251723953116761,"97.5th percentile"
38.9759165829146,7.38804422110553,0.262440439211036,"97.5th percentile"
39.0605155778894,7.38804422110553,0.218720670694262,"97.5th percentile"
39.1451145728643,7.38804422110553,0.323180503468923,"97.5th percentile"
39.2297135678392,7.38804422110553,0.227773272137628,"97.5th percentile"
39.3143125628141,7.38804422110553,0.227193436890388,"97.5th percentile"
39.3989115577889,7.38804422110553,0.222053252399432,"97.5th percentile"
39.4835105527638,7.38804422110553,0.214801916663424,"97.5th percentile"
39.5681095477387,7.38804422110553,0.248942436013772,"97.5th percentile"
39.6527085427136,7.38804422110553,0.282444166098876,"97.5th percentile"
39.7373075376884,7.38804422110553,0.273830817056033,"97.5th percentile"
39.8219065326633,7.38804422110553,0.25675388941527,"97.5th percentile"
39.9065055276382,7.38804422110553,0.236604361166563,"97.5th percentile"
39.9911045226131,7.38804422110553,0.232564147573447,"97.5th percentile"
40.0757035175879,7.38804422110553,0.235651300310755,"97.5th percentile"
40.1603025125628,7.38804422110553,0.235303875308898,"97.5th percentile"
40.2449015075377,7.38804422110553,0.219510217759129,"97.5th percentile"
40.3295005025126,7.38804422110553,0.241255354737012,"97.5th percentile"
40.4140994974874,7.38804422110553,0.242577752480945,"97.5th percentile"
40.4986984924623,7.38804422110553,0.213216573645835,"97.5th percentile"
40.5832974874372,7.38804422110553,0.205408065107506,"97.5th percentile"
40.6678964824121,7.38804422110553,0.266403451860405,"97.5th percentile"
40.7524954773869,7.38804422110553,0.350355068343452,"97.5th percentile"
40.8370944723618,7.38804422110553,0.43120430517447,"97.5th percentile"
40.9216934673367,7.38804422110553,0.560045325944521,"97.5th percentile"
41.0062924623116,7.38804422110553,0.600652935097377,"97.5th percentile"
41.0908914572864,7.38804422110553,0.719845970049115,"97.5th percentile"
41.1754904522613,7.38804422110553,0.75107061881347,"97.5th percentile"
41.2600894472362,7.38804422110553,0.807638273901822,"97.5th percentile"
41.344688442211,7.38804422110553,0.856599110176791,"97.5th percentile"
41.4292874371859,7.38804422110553,0.892969816295059,"97.5th percentile"
41.5138864321608,7.38804422110553,0.921400418830273,"97.5th percentile"
41.5984854271357,7.38804422110553,0.94246196436516,"97.5th percentile"
41.6830844221106,7.38804422110553,0.956168983635813,"97.5th percentile"
41.7676834170854,7.38804422110553,0.972277036538268,"97.5th percentile"
41.8522824120603,7.38804422110553,0.972945824310788,"97.5th percentile"
41.9368814070352,7.38804422110553,0.978979566815367,"97.5th percentile"
42.02148040201,7.38804422110553,0.98418172591299,"97.5th percentile"
42.1060793969849,7.38804422110553,0.988268987130774,"97.5th percentile"
42.1906783919598,7.38804422110553,0.990570136253659,"97.5th percentile"
42.2752773869347,7.38804422110553,0.993210584606307,"97.5th percentile"
42.3598763819095,7.38804422110553,0.994621737688718,"97.5th percentile"
42.4444753768844,7.38804422110553,0.996633554979368,"97.5th percentile"
42.5290743718593,7.38804422110553,0.997458874584924,"97.5th percentile"
42.6136733668342,7.38804422110553,0.99832770369414,"97.5th percentile"
42.698272361809,7.38804422110553,0.998715928368511,"97.5th percentile"
42.7828713567839,7.38804422110553,0.9987010767303,"97.5th percentile"
42.8674703517588,7.38804422110553,0.999081238815527,"97.5th percentile"
42.9520693467337,7.38804422110553,0.999264766732776,"97.5th percentile"
43.0366683417085,7.38804422110553,0.999470625009615,"97.5th percentile"
43.1212673366834,7.38804422110553,0.999692846977224,"97.5th percentile"
43.2058663316583,7.38804422110553,0.99968565558824,"97.5th percentile"
43.2904653266332,7.38804422110553,0.99979108543783,"97.5th percentile"
43.375064321608,7.38804422110553,0.999824306280949,"97.5th percentile"
43.4596633165829,7.38804422110553,0.999867919600605,"97.5th percentile"
43.5442623115578,7.38804422110553,0.999902135239728,"97.5th percentile"
43.6288613065327,7.38804422110553,0.99993147749331,"97.5th percentile"
43.7134603015075,7.38804422110553,0.99994511011928,"97.5th percentile"
43.7980592964824,7.38804422110553,0.999959254206442,"97.5th percentile"
43.8826582914573,7.38804422110553,0.999977761818825,"97.5th percentile"
43.9672572864322,7.38804422110553,0.9999801566961,"97.5th percentile"
44.051856281407,7.38804422110553,0.999985160340624,"97.5th percentile"
44.1364552763819,7.38804422110553,0.999988670836743,"97.5th percentile"
44.2210542713568,7.38804422110553,0.99999168196976,"97.5th percentile"
44.3056532663317,7.38804422110553,0.999993449278404,"97.5th percentile"
44.3902522613065,7.38804422110553,0.999995436459914,"97.5th percentile"
44.4748512562814,7.38804422110553,0.999996177209017,"97.5th percentile"
44.5594502512563,7.38804422110553,0.999996873913446,"97.5th percentile"
44.6440492462312,7.38804422110553,0.999996602377072,"97.5th percentile"
44.728648241206,7.38804422110553,0.999996359183713,"97.5th percentile"
44.8132472361809,7.38804422110553,0.999996158231563,"97.5th percentile"
44.8978462311558,7.38804422110553,0.999996030698118,"97.5th percentile"
44.9824452261307,7.38804422110553,0.999995926383011,"97.5th percentile"
45.0670442211055,7.38804422110553,0.999995855469738,"97.5th percentile"
45.1516432160804,7.38804422110553,0.999995882832324,"97.5th percentile"
45.2362422110553,7.38804422110553,0.999995949055494,"97.5th percentile"
45.3208412060302,7.38804422110553,0.99999607903413,"97.5th percentile"
45.405440201005,7.38804422110553,0.999996264227453,"97.5th percentile"
45.4900391959799,7.38804422110553,0.999996489307059,"97.5th percentile"
45.5746381909548,7.38804422110553,0.999996747547761,"97.5th percentile"
45.6592371859296,7.38804422110553,0.999997092781878,"97.5th percentile"
45.7438361809045,7.38804422110553,0.999997471579346,"97.5th percentile"
45.8284351758794,7.38804422110553,0.999998037765944,"97.5th percentile"
45.9130341708543,7.38804422110553,0.999998437471851,"97.5th percentile"
45.9976331658291,7.38804422110553,0.999998196127308,"97.5th percentile"
46.082232160804,7.38804422110553,0.999998431444007,"97.5th percentile"
46.1668311557789,7.38804422110553,0.999998671909603,"97.5th percentile"
46.2514301507538,7.38804422110553,0.999998820500692,"97.5th percentile"
46.3360291457286,7.38804422110553,0.999998847309664,"97.5th percentile"
46.4206281407035,7.38804422110553,0.999998890022073,"97.5th percentile"
46.5052271356784,7.38804422110553,0.99999894361339,"97.5th percentile"
46.5898261306533,7.38804422110553,0.999998985134843,"97.5th percentile"
46.6744251256281,7.38804422110553,0.999999000396519,"97.5th percentile"
46.759024120603,7.38804422110553,0.999999062724864,"97.5th percentile"
46.8436231155779,7.38804422110553,0.999999139442428,"97.5th percentile"
46.9282221105528,7.38804422110553,0.999999206861275,"97.5th percentile"
47.0128211055276,7.38804422110553,0.999999299017334,"97.5th percentile"
47.0974201005025,7.38804422110553,0.99999935398109,"97.5th percentile"
47.1820190954774,7.38804422110553,0.999999427478535,"97.5th percentile"
33.8999768844221,7.45607085427136,0.317976781629509,"97.5th percentile"
33.984575879397,7.45607085427136,0.442104217132932,"97.5th percentile"
34.0691748743719,7.45607085427136,0.600919962307221,"97.5th percentile"
34.1537738693467,7.45607085427136,0.720557857195399,"97.5th percentile"
34.2383728643216,7.45607085427136,0.830038277630055,"97.5th percentile"
34.3229718592965,7.45607085427136,0.785426651899338,"97.5th percentile"
34.4075708542714,7.45607085427136,0.730799212852444,"97.5th percentile"
34.4921698492462,7.45607085427136,0.655560017060106,"97.5th percentile"
34.5767688442211,7.45607085427136,0.518869660045368,"97.5th percentile"
34.661367839196,7.45607085427136,0.428864552726569,"97.5th percentile"
34.7459668341709,7.45607085427136,0.345066830107838,"97.5th percentile"
34.8305658291457,7.45607085427136,0.293734909370187,"97.5th percentile"
34.9151648241206,7.45607085427136,0.296542176677067,"97.5th percentile"
34.9997638190955,7.45607085427136,0.299472902712271,"97.5th percentile"
35.0843628140704,7.45607085427136,0.302028037923807,"97.5th percentile"
35.1689618090452,7.45607085427136,0.307019085910105,"97.5th percentile"
35.2535608040201,7.45607085427136,0.306182839541066,"97.5th percentile"
35.338159798995,7.45607085427136,0.300033821262501,"97.5th percentile"
35.4227587939698,7.45607085427136,0.307489044883609,"97.5th percentile"
35.5073577889447,7.45607085427136,0.30202885953999,"97.5th percentile"
35.5919567839196,7.45607085427136,0.305460879247038,"97.5th percentile"
35.6765557788945,7.45607085427136,0.309894659409625,"97.5th percentile"
35.7611547738694,7.45607085427136,0.323213899677599,"97.5th percentile"
35.8457537688442,7.45607085427136,0.315849583001663,"97.5th percentile"
35.9303527638191,7.45607085427136,0.323225283781218,"97.5th percentile"
36.014951758794,7.45607085427136,0.319583138821217,"97.5th percentile"
36.0995507537688,7.45607085427136,0.31658244871009,"97.5th percentile"
36.1841497487437,7.45607085427136,0.316577817713898,"97.5th percentile"
36.2687487437186,7.45607085427136,0.290137918689044,"97.5th percentile"
36.3533477386935,7.45607085427136,0.341025332104952,"97.5th percentile"
36.4379467336683,7.45607085427136,0.301955756781433,"97.5th percentile"
36.5225457286432,7.45607085427136,0.327712453183741,"97.5th percentile"
36.6071447236181,7.45607085427136,0.337711471431379,"97.5th percentile"
36.691743718593,7.45607085427136,0.306490942701683,"97.5th percentile"
36.7763427135678,7.45607085427136,0.294873849134519,"97.5th percentile"
36.8609417085427,7.45607085427136,0.264186116871356,"97.5th percentile"
36.9455407035176,7.45607085427136,0.261099359216132,"97.5th percentile"
37.0301396984925,7.45607085427136,0.268036719985471,"97.5th percentile"
37.1147386934673,7.45607085427136,0.31645240864182,"97.5th percentile"
37.1993376884422,7.45607085427136,0.351507208178826,"97.5th percentile"
37.2839366834171,7.45607085427136,0.340971143617721,"97.5th percentile"
37.368535678392,7.45607085427136,0.361757357830079,"97.5th percentile"
37.4531346733668,7.45607085427136,0.39520429258461,"97.5th percentile"
37.5377336683417,7.45607085427136,0.337932893355786,"97.5th percentile"
37.6223326633166,7.45607085427136,0.277239310046073,"97.5th percentile"
37.7069316582915,7.45607085427136,0.256717271811984,"97.5th percentile"
37.7915306532663,7.45607085427136,0.251428517669311,"97.5th percentile"
37.8761296482412,7.45607085427136,0.248968665046954,"97.5th percentile"
37.9607286432161,7.45607085427136,0.258051165791923,"97.5th percentile"
38.045327638191,7.45607085427136,0.276994154827161,"97.5th percentile"
38.1299266331658,7.45607085427136,0.285929615622271,"97.5th percentile"
38.2145256281407,7.45607085427136,0.254718316499236,"97.5th percentile"
38.2991246231156,7.45607085427136,0.275359102316805,"97.5th percentile"
38.3837236180904,7.45607085427136,0.387284710004025,"97.5th percentile"
38.4683226130653,7.45607085427136,0.533422677566486,"97.5th percentile"
38.5529216080402,7.45607085427136,0.527811329798318,"97.5th percentile"
38.6375206030151,7.45607085427136,0.374094946807963,"97.5th percentile"
38.72211959799,7.45607085427136,0.267253118293586,"97.5th percentile"
38.8067185929648,7.45607085427136,0.240199680055262,"97.5th percentile"
38.8913175879397,7.45607085427136,0.275778404569164,"97.5th percentile"
38.9759165829146,7.45607085427136,0.241203769614287,"97.5th percentile"
39.0605155778894,7.45607085427136,0.259241375264623,"97.5th percentile"
39.1451145728643,7.45607085427136,0.248621533398505,"97.5th percentile"
39.2297135678392,7.45607085427136,0.238133817614734,"97.5th percentile"
39.3143125628141,7.45607085427136,0.264860891591975,"97.5th percentile"
39.3989115577889,7.45607085427136,0.228445878588097,"97.5th percentile"
39.4835105527638,7.45607085427136,0.210281927865373,"97.5th percentile"
39.5681095477387,7.45607085427136,0.261834593315332,"97.5th percentile"
39.6527085427136,7.45607085427136,0.266518170868312,"97.5th percentile"
39.7373075376884,7.45607085427136,0.269563973557644,"97.5th percentile"
39.8219065326633,7.45607085427136,0.269339862781833,"97.5th percentile"
39.9065055276382,7.45607085427136,0.265919278485691,"97.5th percentile"
39.9911045226131,7.45607085427136,0.276637120792362,"97.5th percentile"
40.0757035175879,7.45607085427136,0.279760503764897,"97.5th percentile"
40.1603025125628,7.45607085427136,0.261319739752097,"97.5th percentile"
40.2449015075377,7.45607085427136,0.251772806276651,"97.5th percentile"
40.3295005025126,7.45607085427136,0.26178812000477,"97.5th percentile"
40.4140994974874,7.45607085427136,0.256371017724363,"97.5th percentile"
40.4986984924623,7.45607085427136,0.239319056619223,"97.5th percentile"
40.5832974874372,7.45607085427136,0.222084765186312,"97.5th percentile"
40.6678964824121,7.45607085427136,0.277001144805898,"97.5th percentile"
40.7524954773869,7.45607085427136,0.361559446242727,"97.5th percentile"
40.8370944723618,7.45607085427136,0.44879975418068,"97.5th percentile"
40.9216934673367,7.45607085427136,0.541424598355147,"97.5th percentile"
41.0062924623116,7.45607085427136,0.636207230422418,"97.5th percentile"
41.0908914572864,7.45607085427136,0.692174816655423,"97.5th percentile"
41.1754904522613,7.45607085427136,0.762242964676369,"97.5th percentile"
41.2600894472362,7.45607085427136,0.81764860327355,"97.5th percentile"
41.344688442211,7.45607085427136,0.861625032485242,"97.5th percentile"
41.4292874371859,7.45607085427136,0.897792136242853,"97.5th percentile"
41.5138864321608,7.45607085427136,0.926477940389865,"97.5th percentile"
41.5984854271357,7.45607085427136,0.945462603191186,"97.5th percentile"
41.6830844221106,7.45607085427136,0.96037083089549,"97.5th percentile"
41.7676834170854,7.45607085427136,0.970289528988953,"97.5th percentile"
41.8522824120603,7.45607085427136,0.97702818331467,"97.5th percentile"
41.9368814070352,7.45607085427136,0.982162505068854,"97.5th percentile"
42.02148040201,7.45607085427136,0.98680577679869,"97.5th percentile"
42.1060793969849,7.45607085427136,0.989376083271347,"97.5th percentile"
42.1906783919598,7.45607085427136,0.992238367451236,"97.5th percentile"
42.2752773869347,7.45607085427136,0.99403845669115,"97.5th percentile"
42.3598763819095,7.45607085427136,0.995150750706074,"97.5th percentile"
42.4444753768844,7.45607085427136,0.996967502923575,"97.5th percentile"
42.5290743718593,7.45607085427136,0.99743553685468,"97.5th percentile"
42.6136733668342,7.45607085427136,0.998002260963222,"97.5th percentile"
42.698272361809,7.45607085427136,0.998711466952299,"97.5th percentile"
42.7828713567839,7.45607085427136,0.999023396724119,"97.5th percentile"
42.8674703517588,7.45607085427136,0.999177777829458,"97.5th percentile"
42.9520693467337,7.45607085427136,0.99933980952456,"97.5th percentile"
43.0366683417085,7.45607085427136,0.999516520695548,"97.5th percentile"
43.1212673366834,7.45607085427136,0.999619753605207,"97.5th percentile"
43.2058663316583,7.45607085427136,0.999734259936739,"97.5th percentile"
43.2904653266332,7.45607085427136,0.999793706821696,"97.5th percentile"
43.375064321608,7.45607085427136,0.99983980880537,"97.5th percentile"
43.4596633165829,7.45607085427136,0.99987743003119,"97.5th percentile"
43.5442623115578,7.45607085427136,0.999909675540594,"97.5th percentile"
43.6288613065327,7.45607085427136,0.999932332828215,"97.5th percentile"
43.7134603015075,7.45607085427136,0.99995135004727,"97.5th percentile"
43.7980592964824,7.45607085427136,0.999973301416865,"97.5th percentile"
43.8826582914573,7.45607085427136,0.999975194450687,"97.5th percentile"
43.9672572864322,7.45607085427136,0.999983917487917,"97.5th percentile"
44.051856281407,7.45607085427136,0.999987096272895,"97.5th percentile"
44.1364552763819,7.45607085427136,0.999988603420471,"97.5th percentile"
44.2210542713568,7.45607085427136,0.999991749751643,"97.5th percentile"
44.3056532663317,7.45607085427136,0.999994349095116,"97.5th percentile"
44.3902522613065,7.45607085427136,0.999995157958518,"97.5th percentile"
44.4748512562814,7.45607085427136,0.999996400055246,"97.5th percentile"
44.5594502512563,7.45607085427136,0.999996893110502,"97.5th percentile"
44.6440492462312,7.45607085427136,0.999996615551615,"97.5th percentile"
44.728648241206,7.45607085427136,0.999996378282152,"97.5th percentile"
44.8132472361809,7.45607085427136,0.999996182032659,"97.5th percentile"
44.8978462311558,7.45607085427136,0.99999603167857,"97.5th percentile"
44.9824452261307,7.45607085427136,0.999996037281243,"97.5th percentile"
45.0670442211055,7.45607085427136,0.999995918771117,"97.5th percentile"
45.1516432160804,7.45607085427136,0.999995920308007,"97.5th percentile"
45.2362422110553,7.45607085427136,0.999996000119049,"97.5th percentile"
45.3208412060302,7.45607085427136,0.999996134558404,"97.5th percentile"
45.405440201005,7.45607085427136,0.999996319370707,"97.5th percentile"
45.4900391959799,7.45607085427136,0.999996613043529,"97.5th percentile"
45.5746381909548,7.45607085427136,0.999996801116492,"97.5th percentile"
45.6592371859296,7.45607085427136,0.999997146775344,"97.5th percentile"
45.7438361809045,7.45607085427136,0.999997362719387,"97.5th percentile"
45.8284351758794,7.45607085427136,0.999997681976794,"97.5th percentile"
45.9130341708543,7.45607085427136,0.999997945102972,"97.5th percentile"
45.9976331658291,7.45607085427136,0.999998380646979,"97.5th percentile"
46.082232160804,7.45607085427136,0.99999848631505,"97.5th percentile"
46.1668311557789,7.45607085427136,0.999998822170926,"97.5th percentile"
46.2514301507538,7.45607085427136,0.999998653815413,"97.5th percentile"
46.3360291457286,7.45607085427136,0.999998673111852,"97.5th percentile"
46.4206281407035,7.45607085427136,0.999998705002549,"97.5th percentile"
46.5052271356784,7.45607085427136,0.999998750989214,"97.5th percentile"
46.5898261306533,7.45607085427136,0.999998877332987,"97.5th percentile"
46.6744251256281,7.45607085427136,0.999998979884749,"97.5th percentile"
46.759024120603,7.45607085427136,0.99999895361579,"97.5th percentile"
46.8436231155779,7.45607085427136,0.999999017269846,"97.5th percentile"
46.9282221105528,7.45607085427136,0.999999101207158,"97.5th percentile"
47.0128211055276,7.45607085427136,0.999999203785233,"97.5th percentile"
47.0974201005025,7.45607085427136,0.999999260722956,"97.5th percentile"
47.1820190954774,7.45607085427136,0.999999344322375,"97.5th percentile"
47.2666180904523,7.45607085427136,0.999999417805639,"97.5th percentile"
33.8153778894472,7.52409748743719,0.132441490524967,"97.5th percentile"
33.8999768844221,7.52409748743719,0.171001467653965,"97.5th percentile"
33.984575879397,7.52409748743719,0.306012365648847,"97.5th percentile"
34.0691748743719,7.52409748743719,0.369068812583228,"97.5th percentile"
34.1537738693467,7.52409748743719,0.555942383060591,"97.5th percentile"
34.2383728643216,7.52409748743719,0.663208683806542,"97.5th percentile"
34.3229718592965,7.52409748743719,0.73982589598788,"97.5th percentile"
34.4075708542714,7.52409748743719,0.686673738820868,"97.5th percentile"
34.4921698492462,7.52409748743719,0.612086317395799,"97.5th percentile"
34.5767688442211,7.52409748743719,0.464115121574962,"97.5th percentile"
34.661367839196,7.52409748743719,0.378871599808518,"97.5th percentile"
34.7459668341709,7.52409748743719,0.303424223106064,"97.5th percentile"
34.8305658291457,7.52409748743719,0.2930413905226,"97.5th percentile"
34.9151648241206,7.52409748743719,0.296246494664339,"97.5th percentile"
34.9997638190955,7.52409748743719,0.299617371314336,"97.5th percentile"
35.0843628140704,7.52409748743719,0.30289308355912,"97.5th percentile"
35.1689618090452,7.52409748743719,0.306536795227494,"97.5th percentile"
35.2535608040201,7.52409748743719,0.306194739423004,"97.5th percentile"
35.338159798995,7.52409748743719,0.299914447474108,"97.5th percentile"
35.4227587939698,7.52409748743719,0.298090296747095,"97.5th percentile"
35.5073577889447,7.52409748743719,0.309254840316043,"97.5th percentile"
35.5919567839196,7.52409748743719,0.277913447503736,"97.5th percentile"
35.6765557788945,7.52409748743719,0.261230759992289,"97.5th percentile"
35.7611547738694,7.52409748743719,0.29341443076183,"97.5th percentile"
35.8457537688442,7.52409748743719,0.30790766599846,"97.5th percentile"
35.9303527638191,7.52409748743719,0.314888902533552,"97.5th percentile"
36.014951758794,7.52409748743719,0.306170524404879,"97.5th percentile"
36.0995507537688,7.52409748743719,0.328428941134406,"97.5th percentile"
36.1841497487437,7.52409748743719,0.328775454097105,"97.5th percentile"
36.2687487437186,7.52409748743719,0.316605361046321,"97.5th percentile"
36.3533477386935,7.52409748743719,0.304605832208444,"97.5th percentile"
36.4379467336683,7.52409748743719,0.313815826135322,"97.5th percentile"
36.5225457286432,7.52409748743719,0.33397249624912,"97.5th percentile"
36.6071447236181,7.52409748743719,0.294985019857881,"97.5th percentile"
36.691743718593,7.52409748743719,0.28717920069491,"97.5th percentile"
36.7763427135678,7.52409748743719,0.28188624806841,"97.5th percentile"
36.8609417085427,7.52409748743719,0.259209782540498,"97.5th percentile"
36.9455407035176,7.52409748743719,0.292112722669059,"97.5th percentile"
37.0301396984925,7.52409748743719,0.307597073366224,"97.5th percentile"
37.1147386934673,7.52409748743719,0.310525744569692,"97.5th percentile"
37.1993376884422,7.52409748743719,0.311332035517397,"97.5th percentile"
37.2839366834171,7.52409748743719,0.291321240060807,"97.5th percentile"
37.368535678392,7.52409748743719,0.315722302559089,"97.5th percentile"
37.4531346733668,7.52409748743719,0.367761690706034,"97.5th percentile"
37.5377336683417,7.52409748743719,0.323026826197461,"97.5th percentile"
37.6223326633166,7.52409748743719,0.278172876705431,"97.5th percentile"
37.7069316582915,7.52409748743719,0.27416437623684,"97.5th percentile"
37.7915306532663,7.52409748743719,0.271796194906245,"97.5th percentile"
37.8761296482412,7.52409748743719,0.250042771531086,"97.5th percentile"
37.9607286432161,7.52409748743719,0.2781903261017,"97.5th percentile"
38.045327638191,7.52409748743719,0.27417991058835,"97.5th percentile"
38.1299266331658,7.52409748743719,0.265818154283563,"97.5th percentile"
38.2145256281407,7.52409748743719,0.263874551538094,"97.5th percentile"
38.2991246231156,7.52409748743719,0.281212182262352,"97.5th percentile"
38.3837236180904,7.52409748743719,0.354261258066511,"97.5th percentile"
38.4683226130653,7.52409748743719,0.410979870703249,"97.5th percentile"
38.5529216080402,7.52409748743719,0.482048556021452,"97.5th percentile"
38.6375206030151,7.52409748743719,0.351236043713185,"97.5th percentile"
38.72211959799,7.52409748743719,0.527141337361583,"97.5th percentile"
38.8067185929648,7.52409748743719,0.322881974102821,"97.5th percentile"
38.8913175879397,7.52409748743719,0.243032265607087,"97.5th percentile"
38.9759165829146,7.52409748743719,0.224872271765416,"97.5th percentile"
39.0605155778894,7.52409748743719,0.242465364406457,"97.5th percentile"
39.1451145728643,7.52409748743719,0.251241416191492,"97.5th percentile"
39.2297135678392,7.52409748743719,0.238930201220337,"97.5th percentile"
39.3143125628141,7.52409748743719,0.255382179176092,"97.5th percentile"
39.3989115577889,7.52409748743719,0.227938781189642,"97.5th percentile"
39.4835105527638,7.52409748743719,0.207611286669656,"97.5th percentile"
39.5681095477387,7.52409748743719,0.225685556569339,"97.5th percentile"
39.6527085427136,7.52409748743719,0.23615699521376,"97.5th percentile"
39.7373075376884,7.52409748743719,0.26474934490281,"97.5th percentile"
39.8219065326633,7.52409748743719,0.266965203286326,"97.5th percentile"
39.9065055276382,7.52409748743719,0.241885958837995,"97.5th percentile"
39.9911045226131,7.52409748743719,0.231719526827158,"97.5th percentile"
40.0757035175879,7.52409748743719,0.263268712625219,"97.5th percentile"
40.1603025125628,7.52409748743719,0.263369534649728,"97.5th percentile"
40.2449015075377,7.52409748743719,0.281058248541244,"97.5th percentile"
40.3295005025126,7.52409748743719,0.266535212271568,"97.5th percentile"
40.4140994974874,7.52409748743719,0.263065067382083,"97.5th percentile"
40.4986984924623,7.52409748743719,0.262215333215344,"97.5th percentile"
40.5832974874372,7.52409748743719,0.251014925693158,"97.5th percentile"
40.6678964824121,7.52409748743719,0.297506507598037,"97.5th percentile"
40.7524954773869,7.52409748743719,0.368206845830878,"97.5th percentile"
40.8370944723618,7.52409748743719,0.455790919393933,"97.5th percentile"
40.9216934673367,7.52409748743719,0.562923723948709,"97.5th percentile"
41.0062924623116,7.52409748743719,0.635856127743671,"97.5th percentile"
41.0908914572864,7.52409748743719,0.704746908571989,"97.5th percentile"
41.1754904522613,7.52409748743719,0.770308106945027,"97.5th percentile"
41.2600894472362,7.52409748743719,0.824478552109385,"97.5th percentile"
41.344688442211,7.52409748743719,0.870449821982644,"97.5th percentile"
41.4292874371859,7.52409748743719,0.902467211358754,"97.5th percentile"
41.5138864321608,7.52409748743719,0.928554153670022,"97.5th percentile"
41.5984854271357,7.52409748743719,0.948163804623447,"97.5th percentile"
41.6830844221106,7.52409748743719,0.962457859462482,"97.5th percentile"
41.7676834170854,7.52409748743719,0.973049685822426,"97.5th percentile"
41.8522824120603,7.52409748743719,0.980043684795286,"97.5th percentile"
41.9368814070352,7.52409748743719,0.984522146616971,"97.5th percentile"
42.02148040201,7.52409748743719,0.98782735290369,"97.5th percentile"
42.1060793969849,7.52409748743719,0.990557517037125,"97.5th percentile"
42.1906783919598,7.52409748743719,0.992881729524915,"97.5th percentile"
42.2752773869347,7.52409748743719,0.994900236171825,"97.5th percentile"
42.3598763819095,7.52409748743719,0.996038390901078,"97.5th percentile"
42.4444753768844,7.52409748743719,0.996962948801651,"97.5th percentile"
42.5290743718593,7.52409748743719,0.997817643056225,"97.5th percentile"
42.6136733668342,7.52409748743719,0.998376570380501,"97.5th percentile"
42.698272361809,7.52409748743719,0.998770388990086,"97.5th percentile"
42.7828713567839,7.52409748743719,0.999061481127229,"97.5th percentile"
42.8674703517588,7.52409748743719,0.999354324205275,"97.5th percentile"
42.9520693467337,7.52409748743719,0.999444117763672,"97.5th percentile"
43.0366683417085,7.52409748743719,0.999628932205344,"97.5th percentile"
43.1212673366834,7.52409748743719,0.999652053051561,"97.5th percentile"
43.2058663316583,7.52409748743719,0.999743612961538,"97.5th percentile"
43.2904653266332,7.52409748743719,0.999799961709643,"97.5th percentile"
43.375064321608,7.52409748743719,0.999850168700305,"97.5th percentile"
43.4596633165829,7.52409748743719,0.999887616133635,"97.5th percentile"
43.5442623115578,7.52409748743719,0.999915722244902,"97.5th percentile"
43.6288613065327,7.52409748743719,0.999936886139528,"97.5th percentile"
43.7134603015075,7.52409748743719,0.999960084258954,"97.5th percentile"
43.7980592964824,7.52409748743719,0.999969358457692,"97.5th percentile"
43.8826582914573,7.52409748743719,0.999973882342135,"97.5th percentile"
43.9672572864322,7.52409748743719,0.999983208117688,"97.5th percentile"
44.051856281407,7.52409748743719,0.999987470107734,"97.5th percentile"
44.1364552763819,7.52409748743719,0.999989222495954,"97.5th percentile"
44.2210542713568,7.52409748743719,0.999992340270513,"97.5th percentile"
44.3056532663317,7.52409748743719,0.999994276654922,"97.5th percentile"
44.3902522613065,7.52409748743719,0.999995538538461,"97.5th percentile"
44.4748512562814,7.52409748743719,0.999996632519091,"97.5th percentile"
44.5594502512563,7.52409748743719,0.999996907102556,"97.5th percentile"
44.6440492462312,7.52409748743719,0.99999705845501,"97.5th percentile"
44.728648241206,7.52409748743719,0.999996418369932,"97.5th percentile"
44.8132472361809,7.52409748743719,0.999996249042334,"97.5th percentile"
44.8978462311558,7.52409748743719,0.99999608409212,"97.5th percentile"
44.9824452261307,7.52409748743719,0.99999601809431,"97.5th percentile"
45.0670442211055,7.52409748743719,0.999996329416829,"97.5th percentile"
45.1516432160804,7.52409748743719,0.999996002753295,"97.5th percentile"
45.2362422110553,7.52409748743719,0.99999610004734,"97.5th percentile"
45.3208412060302,7.52409748743719,0.999996225732663,"97.5th percentile"
45.405440201005,7.52409748743719,0.999996395180925,"97.5th percentile"
45.4900391959799,7.52409748743719,0.999996616680277,"97.5th percentile"
45.5746381909548,7.52409748743719,0.999996877722268,"97.5th percentile"
45.6592371859296,7.52409748743719,0.999997166153375,"97.5th percentile"
45.7438361809045,7.52409748743719,0.999997529463586,"97.5th percentile"
45.8284351758794,7.52409748743719,0.999997709503487,"97.5th percentile"
45.9130341708543,7.52409748743719,0.999998054128638,"97.5th percentile"
45.9976331658291,7.52409748743719,0.999998258630653,"97.5th percentile"
46.082232160804,7.52409748743719,0.999998521181394,"97.5th percentile"
46.1668311557789,7.52409748743719,0.999998474509542,"97.5th percentile"
46.2514301507538,7.52409748743719,0.999998477110386,"97.5th percentile"
46.3360291457286,7.52409748743719,0.999998500371281,"97.5th percentile"
46.4206281407035,7.52409748743719,0.999998541093233,"97.5th percentile"
46.5052271356784,7.52409748743719,0.999998597541181,"97.5th percentile"
46.5898261306533,7.52409748743719,0.999998658785526,"97.5th percentile"
46.6744251256281,7.52409748743719,0.999998730454455,"97.5th percentile"
46.759024120603,7.52409748743719,0.999998811875696,"97.5th percentile"
46.8436231155779,7.52409748743719,0.999998903412058,"97.5th percentile"
46.9282221105528,7.52409748743719,0.999999096205225,"97.5th percentile"
47.0128211055276,7.52409748743719,0.999999086317591,"97.5th percentile"
47.0974201005025,7.52409748743719,0.999999235241228,"97.5th percentile"
47.1820190954774,7.52409748743719,0.99999934264131,"97.5th percentile"
47.2666180904523,7.52409748743719,0.999999359864041,"97.5th percentile"
33.7307788944724,7.59212412060302,0.034118595956793,"97.5th percentile"
33.8153778894472,7.59212412060302,0.0571769368681377,"97.5th percentile"
33.8999768844221,7.59212412060302,0.110747740941043,"97.5th percentile"
33.984575879397,7.59212412060302,0.144964865950017,"97.5th percentile"
34.0691748743719,7.59212412060302,0.264691971731119,"97.5th percentile"
34.1537738693467,7.59212412060302,0.3750861843568,"97.5th percentile"
34.2383728643216,7.59212412060302,0.50715479248688,"97.5th percentile"
34.3229718592965,7.59212412060302,0.651964622172602,"97.5th percentile"
34.4075708542714,7.59212412060302,0.613726799875547,"97.5th percentile"
34.4921698492462,7.59212412060302,0.544671881906903,"97.5th percentile"
34.5767688442211,7.59212412060302,0.414619008641265,"97.5th percentile"
34.661367839196,7.59212412060302,0.33432911704976,"97.5th percentile"
34.7459668341709,7.59212412060302,0.299905333632252,"97.5th percentile"
34.8305658291457,7.59212412060302,0.29316272319444,"97.5th percentile"
34.9151648241206,7.59212412060302,0.296818647975085,"97.5th percentile"
34.9997638190955,7.59212412060302,0.300370471625114,"97.5th percentile"
35.0843628140704,7.59212412060302,0.30274288009236,"97.5th percentile"
35.1689618090452,7.59212412060302,0.306251416077582,"97.5th percentile"
35.2535608040201,7.59212412060302,0.306266488789583,"97.5th percentile"
35.338159798995,7.59212412060302,0.304908143506603,"97.5th percentile"
35.4227587939698,7.59212412060302,0.303608629461468,"97.5th percentile"
35.5073577889447,7.59212412060302,0.294833230061161,"97.5th percentile"
35.5919567839196,7.59212412060302,0.265941326825446,"97.5th percentile"
35.6765557788945,7.59212412060302,0.267134268970617,"97.5th percentile"
35.7611547738694,7.59212412060302,0.268699115103257,"97.5th percentile"
35.8457537688442,7.59212412060302,0.310146995972886,"97.5th percentile"
35.9303527638191,7.59212412060302,0.312370435598605,"97.5th percentile"
36.014951758794,7.59212412060302,0.319463015948654,"97.5th percentile"
36.0995507537688,7.59212412060302,0.331865794134128,"97.5th percentile"
36.1841497487437,7.59212412060302,0.336429536501349,"97.5th percentile"
36.2687487437186,7.59212412060302,0.351853872015961,"97.5th percentile"
36.3533477386935,7.59212412060302,0.3486445911625,"97.5th percentile"
36.4379467336683,7.59212412060302,0.331268389007182,"97.5th percentile"
36.5225457286432,7.59212412060302,0.280148880475807,"97.5th percentile"
36.6071447236181,7.59212412060302,0.270836937393501,"97.5th percentile"
36.691743718593,7.59212412060302,0.285279832524946,"97.5th percentile"
36.7763427135678,7.59212412060302,0.284465880309538,"97.5th percentile"
36.8609417085427,7.59212412060302,0.276404769633212,"97.5th percentile"
36.9455407035176,7.59212412060302,0.306960721174374,"97.5th percentile"
37.0301396984925,7.59212412060302,0.320729207761981,"97.5th percentile"
37.1147386934673,7.59212412060302,0.31211213091243,"97.5th percentile"
37.1993376884422,7.59212412060302,0.27185105302898,"97.5th percentile"
37.2839366834171,7.59212412060302,0.272999339919169,"97.5th percentile"
37.368535678392,7.59212412060302,0.32101393653101,"97.5th percentile"
37.4531346733668,7.59212412060302,0.405208274593962,"97.5th percentile"
37.5377336683417,7.59212412060302,0.362486355365059,"97.5th percentile"
37.6223326633166,7.59212412060302,0.305295313883416,"97.5th percentile"
37.7069316582915,7.59212412060302,0.275278923075443,"97.5th percentile"
37.7915306532663,7.59212412060302,0.269146969591018,"97.5th percentile"
37.8761296482412,7.59212412060302,0.267128578159014,"97.5th percentile"
37.9607286432161,7.59212412060302,0.240331666831687,"97.5th percentile"
38.045327638191,7.59212412060302,0.251174391861536,"97.5th percentile"
38.1299266331658,7.59212412060302,0.265358539022123,"97.5th percentile"
38.2145256281407,7.59212412060302,0.264949266418063,"97.5th percentile"
38.2991246231156,7.59212412060302,0.257693470522356,"97.5th percentile"
38.3837236180904,7.59212412060302,0.325540460548729,"97.5th percentile"
38.4683226130653,7.59212412060302,0.401796706940979,"97.5th percentile"
38.5529216080402,7.59212412060302,0.363314893545897,"97.5th percentile"
38.6375206030151,7.59212412060302,0.509834054451734,"97.5th percentile"
38.72211959799,7.59212412060302,0.535214717709392,"97.5th percentile"
38.8067185929648,7.59212412060302,0.531648937807974,"97.5th percentile"
38.8913175879397,7.59212412060302,0.274568161971077,"97.5th percentile"
38.9759165829146,7.59212412060302,0.245623820117047,"97.5th percentile"
39.0605155778894,7.59212412060302,0.250043944939831,"97.5th percentile"
39.1451145728643,7.59212412060302,0.260974780588104,"97.5th percentile"
39.2297135678392,7.59212412060302,0.26493464852881,"97.5th percentile"
39.3143125628141,7.59212412060302,0.299936074203965,"97.5th percentile"
39.3989115577889,7.59212412060302,0.271118797136888,"97.5th percentile"
39.4835105527638,7.59212412060302,0.236596590748346,"97.5th percentile"
39.5681095477387,7.59212412060302,0.216656284175068,"97.5th percentile"
39.6527085427136,7.59212412060302,0.258598487555952,"97.5th percentile"
39.7373075376884,7.59212412060302,0.284721721277578,"97.5th percentile"
39.8219065326633,7.59212412060302,0.237909802964888,"97.5th percentile"
39.9065055276382,7.59212412060302,0.253976818802156,"97.5th percentile"
39.9911045226131,7.59212412060302,0.273450248270926,"97.5th percentile"
40.0757035175879,7.59212412060302,0.241792154428097,"97.5th percentile"
40.1603025125628,7.59212412060302,0.25950284362363,"97.5th percentile"
40.2449015075377,7.59212412060302,0.268036735603569,"97.5th percentile"
40.3295005025126,7.59212412060302,0.270305745835742,"97.5th percentile"
40.4140994974874,7.59212412060302,0.274090369746424,"97.5th percentile"
40.4986984924623,7.59212412060302,0.263339349852516,"97.5th percentile"
40.5832974874372,7.59212412060302,0.259619172590158,"97.5th percentile"
40.6678964824121,7.59212412060302,0.301926348398833,"97.5th percentile"
40.7524954773869,7.59212412060302,0.388420706648624,"97.5th percentile"
40.8370944723618,7.59212412060302,0.475983960053519,"97.5th percentile"
40.9216934673367,7.59212412060302,0.570551054433531,"97.5th percentile"
41.0062924623116,7.59212412060302,0.643050067585084,"97.5th percentile"
41.0908914572864,7.59212412060302,0.717456412632376,"97.5th percentile"
41.1754904522613,7.59212412060302,0.782804381172006,"97.5th percentile"
41.2600894472362,7.59212412060302,0.83371628260263,"97.5th percentile"
41.344688442211,7.59212412060302,0.874544448243398,"97.5th percentile"
41.4292874371859,7.59212412060302,0.907278075594928,"97.5th percentile"
41.5138864321608,7.59212412060302,0.932539512928264,"97.5th percentile"
41.5984854271357,7.59212412060302,0.951090258572236,"97.5th percentile"
41.6830844221106,7.59212412060302,0.964699867672578,"97.5th percentile"
41.7676834170854,7.59212412060302,0.975920462725,"97.5th percentile"
41.8522824120603,7.59212412060302,0.981692890492035,"97.5th percentile"
41.9368814070352,7.59212412060302,0.986889866330369,"97.5th percentile"
42.02148040201,7.59212412060302,0.98958585026551,"97.5th percentile"
42.1060793969849,7.59212412060302,0.991939516977857,"97.5th percentile"
42.1906783919598,7.59212412060302,0.995012135157985,"97.5th percentile"
42.2752773869347,7.59212412060302,0.995248186751055,"97.5th percentile"
42.3598763819095,7.59212412060302,0.99668461147148,"97.5th percentile"
42.4444753768844,7.59212412060302,0.997145968203368,"97.5th percentile"
42.5290743718593,7.59212412060302,0.997890505547207,"97.5th percentile"
42.6136733668342,7.59212412060302,0.998355943219427,"97.5th percentile"
42.698272361809,7.59212412060302,0.998918193651295,"97.5th percentile"
42.7828713567839,7.59212412060302,0.999200928796882,"97.5th percentile"
42.8674703517588,7.59212412060302,0.999465360945576,"97.5th percentile"
42.9520693467337,7.59212412060302,0.99950466765872,"97.5th percentile"
43.0366683417085,7.59212412060302,0.999608985275954,"97.5th percentile"
43.1212673366834,7.59212412060302,0.999691973980488,"97.5th percentile"
43.2058663316583,7.59212412060302,0.999761446627919,"97.5th percentile"
43.2904653266332,7.59212412060302,0.999818452116168,"97.5th percentile"
43.375064321608,7.59212412060302,0.99986381347705,"97.5th percentile"
43.4596633165829,7.59212412060302,0.999903062803299,"97.5th percentile"
43.5442623115578,7.59212412060302,0.999924506710886,"97.5th percentile"
43.6288613065327,7.59212412060302,0.999944904665,"97.5th percentile"
43.7134603015075,7.59212412060302,0.999968452020166,"97.5th percentile"
43.7980592964824,7.59212412060302,0.999976437336826,"97.5th percentile"
43.8826582914573,7.59212412060302,0.999979441888313,"97.5th percentile"
43.9672572864322,7.59212412060302,0.999982468217992,"97.5th percentile"
44.051856281407,7.59212412060302,0.999986871553059,"97.5th percentile"
44.1364552763819,7.59212412060302,0.999990090992299,"97.5th percentile"
44.2210542713568,7.59212412060302,0.999992516521538,"97.5th percentile"
44.3056532663317,7.59212412060302,0.999994416784064,"97.5th percentile"
44.3902522613065,7.59212412060302,0.999995820626086,"97.5th percentile"
44.4748512562814,7.59212412060302,0.999996891173793,"97.5th percentile"
44.5594502512563,7.59212412060302,0.999997267383578,"97.5th percentile"
44.6440492462312,7.59212412060302,0.99999738489515,"97.5th percentile"
44.728648241206,7.59212412060302,0.999996586013522,"97.5th percentile"
44.8132472361809,7.59212412060302,0.999996658845262,"97.5th percentile"
44.8978462311558,7.59212412060302,0.999996155738149,"97.5th percentile"
44.9824452261307,7.59212412060302,0.999996081763022,"97.5th percentile"
45.0670442211055,7.59212412060302,0.99999614921149,"97.5th percentile"
45.1516432160804,7.59212412060302,0.999996188053214,"97.5th percentile"
45.2362422110553,7.59212412060302,0.99999637747426,"97.5th percentile"
45.3208412060302,7.59212412060302,0.999996335192873,"97.5th percentile"
45.405440201005,7.59212412060302,0.999996483770334,"97.5th percentile"
45.4900391959799,7.59212412060302,0.999996711309214,"97.5th percentile"
45.5746381909548,7.59212412060302,0.999996952327543,"97.5th percentile"
45.6592371859296,7.59212412060302,0.999997228648901,"97.5th percentile"
45.7438361809045,7.59212412060302,0.999997530692183,"97.5th percentile"
45.8284351758794,7.59212412060302,0.999997778889781,"97.5th percentile"
45.9130341708543,7.59212412060302,0.999998057762183,"97.5th percentile"
45.9976331658291,7.59212412060302,0.999998314131819,"97.5th percentile"
46.082232160804,7.59212412060302,0.999998284562472,"97.5th percentile"
46.1668311557789,7.59212412060302,0.999998279146368,"97.5th percentile"
46.2514301507538,7.59212412060302,0.99999829031845,"97.5th percentile"
46.3360291457286,7.59212412060302,0.999998318014268,"97.5th percentile"
46.4206281407035,7.59212412060302,0.999998371447202,"97.5th percentile"
46.5052271356784,7.59212412060302,0.999998428620797,"97.5th percentile"
46.5898261306533,7.59212412060302,0.999998503704115,"97.5th percentile"
46.6744251256281,7.59212412060302,0.999998586128051,"97.5th percentile"
46.759024120603,7.59212412060302,0.999998678067623,"97.5th percentile"
46.8436231155779,7.59212412060302,0.999998779593133,"97.5th percentile"
46.9282221105528,7.59212412060302,0.99999892040801,"97.5th percentile"
47.0128211055276,7.59212412060302,0.999999229807956,"97.5th percentile"
47.0974201005025,7.59212412060302,0.999999134020077,"97.5th percentile"
47.1820190954774,7.59212412060302,0.999999256462674,"97.5th percentile"
47.2666180904523,7.59212412060302,0.999999281624631,"97.5th percentile"
47.3512170854271,7.59212412060302,0.999999372400839,"97.5th percentile"
33.6461798994975,7.66015075376884,0.0109995216296455,"97.5th percentile"
33.7307788944724,7.66015075376884,0.0225716785722275,"97.5th percentile"
33.8153778894472,7.66015075376884,0.0371003877442896,"97.5th percentile"
33.8999768844221,7.66015075376884,0.0656507681465122,"97.5th percentile"
33.984575879397,7.66015075376884,0.108115940316817,"97.5th percentile"
34.0691748743719,7.66015075376884,0.145128845911844,"97.5th percentile"
34.1537738693467,7.66015075376884,0.202693691514668,"97.5th percentile"
34.2383728643216,7.66015075376884,0.362418130947154,"97.5th percentile"
34.3229718592965,7.66015075376884,0.47680616298542,"97.5th percentile"
34.4075708542714,7.66015075376884,0.588196307199483,"97.5th percentile"
34.4921698492462,7.66015075376884,0.452048872694501,"97.5th percentile"
34.5767688442211,7.66015075376884,0.367689854895959,"97.5th percentile"
34.661367839196,7.66015075376884,0.293664582252217,"97.5th percentile"
34.7459668341709,7.66015075376884,0.289638191755881,"97.5th percentile"
34.8305658291457,7.66015075376884,0.293325294222913,"97.5th percentile"
34.9151648241206,7.66015075376884,0.296982986423403,"97.5th percentile"
34.9997638190955,7.66015075376884,0.300536496985127,"97.5th percentile"
35.0843628140704,7.66015075376884,0.30291016043473,"97.5th percentile"
35.1689618090452,7.66015075376884,0.306420269513035,"97.5th percentile"
35.2535608040201,7.66015075376884,0.304865135220589,"97.5th percentile"
35.338159798995,7.66015075376884,0.305170248341191,"97.5th percentile"
35.4227587939698,7.66015075376884,0.306792234808795,"97.5th percentile"
35.5073577889447,7.66015075376884,0.291008914654828,"97.5th percentile"
35.5919567839196,7.66015075376884,0.262303471134925,"97.5th percentile"
35.6765557788945,7.66015075376884,0.26065427220421,"97.5th percentile"
35.7611547738694,7.66015075376884,0.269496198811305,"97.5th percentile"
35.8457537688442,7.66015075376884,0.301384589619103,"97.5th percentile"
35.9303527638191,7.66015075376884,0.306148605677794,"97.5th percentile"
36.014951758794,7.66015075376884,0.313934370102999,"97.5th percentile"
36.0995507537688,7.66015075376884,0.332231260212302,"97.5th percentile"
36.1841497487437,7.66015075376884,0.339749305719141,"97.5th percentile"
36.2687487437186,7.66015075376884,0.349248802513465,"97.5th percentile"
36.3533477386935,7.66015075376884,0.348847756428479,"97.5th percentile"
36.4379467336683,7.66015075376884,0.320066648935889,"97.5th percentile"
36.5225457286432,7.66015075376884,0.281472673768829,"97.5th percentile"
36.6071447236181,7.66015075376884,0.284670551314995,"97.5th percentile"
36.691743718593,7.66015075376884,0.29375325381577,"97.5th percentile"
36.7763427135678,7.66015075376884,0.288054850362618,"97.5th percentile"
36.8609417085427,7.66015075376884,0.284362278177842,"97.5th percentile"
36.9455407035176,7.66015075376884,0.305237900009652,"97.5th percentile"
37.0301396984925,7.66015075376884,0.336772046518924,"97.5th percentile"
37.1147386934673,7.66015075376884,0.311828289187534,"97.5th percentile"
37.1993376884422,7.66015075376884,0.274245574403487,"97.5th percentile"
37.2839366834171,7.66015075376884,0.27151741971234,"97.5th percentile"
37.368535678392,7.66015075376884,0.321833717937381,"97.5th percentile"
37.4531346733668,7.66015075376884,0.386996089389783,"97.5th percentile"
37.5377336683417,7.66015075376884,0.374134716162881,"97.5th percentile"
37.6223326633166,7.66015075376884,0.311120160280554,"97.5th percentile"
37.7069316582915,7.66015075376884,0.287446853693015,"97.5th percentile"
37.7915306532663,7.66015075376884,0.27569729390578,"97.5th percentile"
37.8761296482412,7.66015075376884,0.265644027897578,"97.5th percentile"
37.9607286432161,7.66015075376884,0.242463118701788,"97.5th percentile"
38.045327638191,7.66015075376884,0.251436040317903,"97.5th percentile"
38.1299266331658,7.66015075376884,0.271977093918638,"97.5th percentile"
38.2145256281407,7.66015075376884,0.268607704074343,"97.5th percentile"
38.2991246231156,7.66015075376884,0.263571598354626,"97.5th percentile"
38.3837236180904,7.66015075376884,0.341877950193348,"97.5th percentile"
38.4683226130653,7.66015075376884,0.356705476781198,"97.5th percentile"
38.5529216080402,7.66015075376884,0.516287652055573,"97.5th percentile"
38.6375206030151,7.66015075376884,0.377204665815382,"97.5th percentile"
38.72211959799,7.66015075376884,0.542881656479938,"97.5th percentile"
38.8067185929648,7.66015075376884,0.358711792891261,"97.5th percentile"
38.8913175879397,7.66015075376884,0.285928618825885,"97.5th percentile"
38.9759165829146,7.66015075376884,0.252171160196281,"97.5th percentile"
39.0605155778894,7.66015075376884,0.256376864714207,"97.5th percentile"
39.1451145728643,7.66015075376884,0.274405050985788,"97.5th percentile"
39.2297135678392,7.66015075376884,0.261820406623063,"97.5th percentile"
39.3143125628141,7.66015075376884,0.263935287002827,"97.5th percentile"
39.3989115577889,7.66015075376884,0.302975645957918,"97.5th percentile"
39.4835105527638,7.66015075376884,0.230873275980305,"97.5th percentile"
39.5681095477387,7.66015075376884,0.2250591234121,"97.5th percentile"
39.6527085427136,7.66015075376884,0.264393189556497,"97.5th percentile"
39.7373075376884,7.66015075376884,0.282306696868929,"97.5th percentile"
39.8219065326633,7.66015075376884,0.24343702530472,"97.5th percentile"
39.9065055276382,7.66015075376884,0.250813569022579,"97.5th percentile"
39.9911045226131,7.66015075376884,0.261974558575611,"97.5th percentile"
40.0757035175879,7.66015075376884,0.250980459582551,"97.5th percentile"
40.1603025125628,7.66015075376884,0.257629849162747,"97.5th percentile"
40.2449015075377,7.66015075376884,0.269028556455609,"97.5th percentile"
40.3295005025126,7.66015075376884,0.279479912313186,"97.5th percentile"
40.4140994974874,7.66015075376884,0.28041928044326,"97.5th percentile"
40.4986984924623,7.66015075376884,0.275409856940169,"97.5th percentile"
40.5832974874372,7.66015075376884,0.265272435489844,"97.5th percentile"
40.6678964824121,7.66015075376884,0.306215742508824,"97.5th percentile"
40.7524954773869,7.66015075376884,0.397007928605734,"97.5th percentile"
40.8370944723618,7.66015075376884,0.487793575627547,"97.5th percentile"
40.9216934673367,7.66015075376884,0.585549235159386,"97.5th percentile"
41.0062924623116,7.66015075376884,0.657582950853918,"97.5th percentile"
41.0908914572864,7.66015075376884,0.728026309445874,"97.5th percentile"
41.1754904522613,7.66015075376884,0.789287462117909,"97.5th percentile"
41.2600894472362,7.66015075376884,0.84045271064818,"97.5th percentile"
41.344688442211,7.66015075376884,0.880961797054675,"97.5th percentile"
41.4292874371859,7.66015075376884,0.911914111397112,"97.5th percentile"
41.5138864321608,7.66015075376884,0.937679891995015,"97.5th percentile"
41.5984854271357,7.66015075376884,0.953662234610101,"97.5th percentile"
41.6830844221106,7.66015075376884,0.966650909089871,"97.5th percentile"
41.7676834170854,7.66015075376884,0.975851248395437,"97.5th percentile"
41.8522824120603,7.66015075376884,0.983039571332335,"97.5th percentile"
41.9368814070352,7.66015075376884,0.987791474691664,"97.5th percentile"
42.02148040201,7.66015075376884,0.991169501909197,"97.5th percentile"
42.1060793969849,7.66015075376884,0.993413256947379,"97.5th percentile"
42.1906783919598,7.66015075376884,0.995601532256344,"97.5th percentile"
42.2752773869347,7.66015075376884,0.996263443208314,"97.5th percentile"
42.3598763819095,7.66015075376884,0.99693245005144,"97.5th percentile"
42.4444753768844,7.66015075376884,0.997657113371565,"97.5th percentile"
42.5290743718593,7.66015075376884,0.998246648567899,"97.5th percentile"
42.6136733668342,7.66015075376884,0.998778004049325,"97.5th percentile"
42.698272361809,7.66015075376884,0.9990414913705,"97.5th percentile"
42.7828713567839,7.66015075376884,0.999153498750065,"97.5th percentile"
42.8674703517588,7.66015075376884,0.99939074779281,"97.5th percentile"
42.9520693467337,7.66015075376884,0.99958666433299,"97.5th percentile"
43.0366683417085,7.66015075376884,0.999636958427913,"97.5th percentile"
43.1212673366834,7.66015075376884,0.999724676618619,"97.5th percentile"
43.2058663316583,7.66015075376884,0.999786538814631,"97.5th percentile"
43.2904653266332,7.66015075376884,0.999836438808083,"97.5th percentile"
43.375064321608,7.66015075376884,0.999878288234967,"97.5th percentile"
43.4596633165829,7.66015075376884,0.999913107176627,"97.5th percentile"
43.5442623115578,7.66015075376884,0.999946688063895,"97.5th percentile"
43.6288613065327,7.66015075376884,0.999963073031642,"97.5th percentile"
43.7134603015075,7.66015075376884,0.999964184964723,"97.5th percentile"
43.7980592964824,7.66015075376884,0.99997814329638,"97.5th percentile"
43.8826582914573,7.66015075376884,0.999978128084898,"97.5th percentile"
43.9672572864322,7.66015075376884,0.999984268516012,"97.5th percentile"
44.051856281407,7.66015075376884,0.999988104570586,"97.5th percentile"
44.1364552763819,7.66015075376884,0.999990915257442,"97.5th percentile"
44.2210542713568,7.66015075376884,0.999993283313234,"97.5th percentile"
44.3056532663317,7.66015075376884,0.999994971601139,"97.5th percentile"
44.3902522613065,7.66015075376884,0.999996111844582,"97.5th percentile"
44.4748512562814,7.66015075376884,0.999997103831452,"97.5th percentile"
44.5594502512563,7.66015075376884,0.999997011990075,"97.5th percentile"
44.6440492462312,7.66015075376884,0.999996899986823,"97.5th percentile"
44.728648241206,7.66015075376884,0.999997114533949,"97.5th percentile"
44.8132472361809,7.66015075376884,0.999997045779535,"97.5th percentile"
44.8978462311558,7.66015075376884,0.999996319772587,"97.5th percentile"
44.9824452261307,7.66015075376884,0.999996447021533,"97.5th percentile"
45.0670442211055,7.66015075376884,0.999996479601327,"97.5th percentile"
45.1516432160804,7.66015075376884,0.999996189947204,"97.5th percentile"
45.2362422110553,7.66015075376884,0.99999629692362,"97.5th percentile"
45.3208412060302,7.66015075376884,0.99999656069422,"97.5th percentile"
45.405440201005,7.66015075376884,0.99999659354207,"97.5th percentile"
45.4900391959799,7.66015075376884,0.999996807159382,"97.5th percentile"
45.5746381909548,7.66015075376884,0.999997074579793,"97.5th percentile"
45.6592371859296,7.66015075376884,0.999997339070255,"97.5th percentile"
45.7438361809045,7.66015075376884,0.99999758335613,"97.5th percentile"
45.8284351758794,7.66015075376884,0.999998038001752,"97.5th percentile"
45.9130341708543,7.66015075376884,0.99999812030544,"97.5th percentile"
45.9976331658291,7.66015075376884,0.999998164985993,"97.5th percentile"
46.082232160804,7.66015075376884,0.999998081881968,"97.5th percentile"
46.1668311557789,7.66015075376884,0.999998076663317,"97.5th percentile"
46.2514301507538,7.66015075376884,0.999998103642994,"97.5th percentile"
46.3360291457286,7.66015075376884,0.999998129206892,"97.5th percentile"
46.4206281407035,7.66015075376884,0.999998205413828,"97.5th percentile"
46.5052271356784,7.66015075376884,0.999998260675948,"97.5th percentile"
46.5898261306533,7.66015075376884,0.999998337536679,"97.5th percentile"
46.6744251256281,7.66015075376884,0.999998433231457,"97.5th percentile"
46.759024120603,7.66015075376884,0.99999860341686,"97.5th percentile"
46.8436231155779,7.66015075376884,0.999998653434424,"97.5th percentile"
46.9282221105528,7.66015075376884,0.999998773323931,"97.5th percentile"
47.0128211055276,7.66015075376884,0.999998948463213,"97.5th percentile"
47.0974201005025,7.66015075376884,0.999999067321649,"97.5th percentile"
47.1820190954774,7.66015075376884,0.99999911070453,"97.5th percentile"
47.2666180904523,7.66015075376884,0.99999927945034,"97.5th percentile"
47.3512170854271,7.66015075376884,0.999999372623481,"97.5th percentile"
47.435816080402,7.66015075376884,0.999999408503966,"97.5th percentile"
33.4769819095477,7.72817738693467,0.00289754959456906,"97.5th percentile"
33.5615809045226,7.72817738693467,0.00339917202858813,"97.5th percentile"
33.6461798994975,7.72817738693467,0.00796262432887169,"97.5th percentile"
33.7307788944724,7.72817738693467,0.0096847617337602,"97.5th percentile"
33.8153778894472,7.72817738693467,0.0156096553022176,"97.5th percentile"
33.8999768844221,7.72817738693467,0.02914371789623,"97.5th percentile"
33.984575879397,7.72817738693467,0.0486061708595255,"97.5th percentile"
34.0691748743719,7.72817738693467,0.0939877563617544,"97.5th percentile"
34.1537738693467,7.72817738693467,0.148349990445851,"97.5th percentile"
34.2383728643216,7.72817738693467,0.226442790440048,"97.5th percentile"
34.3229718592965,7.72817738693467,0.29391430192684,"97.5th percentile"
34.4075708542714,7.72817738693467,0.398616292495735,"97.5th percentile"
34.4921698492462,7.72817738693467,0.403073873817627,"97.5th percentile"
34.5767688442211,7.72817738693467,0.323929562380416,"97.5th percentile"
34.661367839196,7.72817738693467,0.293561741635442,"97.5th percentile"
34.7459668341709,7.72817738693467,0.289840232326689,"97.5th percentile"
34.8305658291457,7.72817738693467,0.293528723635101,"97.5th percentile"
34.9151648241206,7.72817738693467,0.296787036309852,"97.5th percentile"
34.9997638190955,7.72817738693467,0.300241671214197,"97.5th percentile"
35.0843628140704,7.72817738693467,0.302525315971235,"97.5th percentile"
35.1689618090452,7.72817738693467,0.303412770949883,"97.5th percentile"
35.2535608040201,7.72817738693467,0.308403914308599,"97.5th percentile"
35.338159798995,7.72817738693467,0.308820424296579,"97.5th percentile"
35.4227587939698,7.72817738693467,0.294204891627502,"97.5th percentile"
35.5073577889447,7.72817738693467,0.29881887401831,"97.5th percentile"
35.5919567839196,7.72817738693467,0.292700215606347,"97.5th percentile"
35.6765557788945,7.72817738693467,0.294725189496832,"97.5th percentile"
35.7611547738694,7.72817738693467,0.295692089492687,"97.5th percentile"
35.8457537688442,7.72817738693467,0.305904941385661,"97.5th percentile"
35.9303527638191,7.72817738693467,0.344757332314252,"97.5th percentile"
36.014951758794,7.72817738693467,0.326206815566747,"97.5th percentile"
36.0995507537688,7.72817738693467,0.318235394055638,"97.5th percentile"
36.1841497487437,7.72817738693467,0.31700497696124,"97.5th percentile"
36.2687487437186,7.72817738693467,0.331374802308428,"97.5th percentile"
36.3533477386935,7.72817738693467,0.327463468504008,"97.5th percentile"
36.4379467336683,7.72817738693467,0.314534511502896,"97.5th percentile"
36.5225457286432,7.72817738693467,0.29771860362967,"97.5th percentile"
36.6071447236181,7.72817738693467,0.280771039790557,"97.5th percentile"
36.691743718593,7.72817738693467,0.277730985648151,"97.5th percentile"
36.7763427135678,7.72817738693467,0.293826089194649,"97.5th percentile"
36.8609417085427,7.72817738693467,0.262734388628412,"97.5th percentile"
36.9455407035176,7.72817738693467,0.302375981438828,"97.5th percentile"
37.0301396984925,7.72817738693467,0.31665193429233,"97.5th percentile"
37.1147386934673,7.72817738693467,0.313145396343199,"97.5th percentile"
37.1993376884422,7.72817738693467,0.299379663589614,"97.5th percentile"
37.2839366834171,7.72817738693467,0.289094645498562,"97.5th percentile"
37.368535678392,7.72817738693467,0.278509452716507,"97.5th percentile"
37.4531346733668,7.72817738693467,0.365427381426903,"97.5th percentile"
37.5377336683417,7.72817738693467,0.42345760346115,"97.5th percentile"
37.6223326633166,7.72817738693467,0.341850994653949,"97.5th percentile"
37.7069316582915,7.72817738693467,0.295954498773927,"97.5th percentile"
37.7915306532663,7.72817738693467,0.281060268383183,"97.5th percentile"
37.8761296482412,7.72817738693467,0.279966898909214,"97.5th percentile"
37.9607286432161,7.72817738693467,0.260100992616973,"97.5th percentile"
38.045327638191,7.72817738693467,0.260622585079686,"97.5th percentile"
38.1299266331658,7.72817738693467,0.277905738811386,"97.5th percentile"
38.2145256281407,7.72817738693467,0.336727372868735,"97.5th percentile"
38.2991246231156,7.72817738693467,0.272133826479578,"97.5th percentile"
38.3837236180904,7.72817738693467,0.279127124372654,"97.5th percentile"
38.4683226130653,7.72817738693467,0.353873354334781,"97.5th percentile"
38.5529216080402,7.72817738693467,0.353300255839604,"97.5th percentile"
38.6375206030151,7.72817738693467,0.349498141152699,"97.5th percentile"
38.72211959799,7.72817738693467,0.285458216017762,"97.5th percentile"
38.8067185929648,7.72817738693467,0.325901675170114,"97.5th percentile"
38.8913175879397,7.72817738693467,0.304450274828264,"97.5th percentile"
38.9759165829146,7.72817738693467,0.268415631507796,"97.5th percentile"
39.0605155778894,7.72817738693467,0.263852619939811,"97.5th percentile"
39.1451145728643,7.72817738693467,0.259144071372385,"97.5th percentile"
39.2297135678392,7.72817738693467,0.25765595788989,"97.5th percentile"
39.3143125628141,7.72817738693467,0.270849016294458,"97.5th percentile"
39.3989115577889,7.72817738693467,0.35914292473631,"97.5th percentile"
39.4835105527638,7.72817738693467,0.211409576308375,"97.5th percentile"
39.5681095477387,7.72817738693467,0.212030957254323,"97.5th percentile"
39.6527085427136,7.72817738693467,0.241316310788131,"97.5th percentile"
39.7373075376884,7.72817738693467,0.253402124012458,"97.5th percentile"
39.8219065326633,7.72817738693467,0.249743971252669,"97.5th percentile"
39.9065055276382,7.72817738693467,0.259381366998181,"97.5th percentile"
39.9911045226131,7.72817738693467,0.246091590000398,"97.5th percentile"
40.0757035175879,7.72817738693467,0.237816983035125,"97.5th percentile"
40.1603025125628,7.72817738693467,0.257984150945189,"97.5th percentile"
40.2449015075377,7.72817738693467,0.25225981834595,"97.5th percentile"
40.3295005025126,7.72817738693467,0.290188276218359,"97.5th percentile"
40.4140994974874,7.72817738693467,0.278646782562506,"97.5th percentile"
40.4986984924623,7.72817738693467,0.277015575885034,"97.5th percentile"
40.5832974874372,7.72817738693467,0.282944176505904,"97.5th percentile"
40.6678964824121,7.72817738693467,0.314524505293773,"97.5th percentile"
40.7524954773869,7.72817738693467,0.41647147526613,"97.5th percentile"
40.8370944723618,7.72817738693467,0.501915511417338,"97.5th percentile"
40.9216934673367,7.72817738693467,0.616781001038277,"97.5th percentile"
41.0062924623116,7.72817738693467,0.707368560581066,"97.5th percentile"
41.0908914572864,7.72817738693467,0.737831948586121,"97.5th percentile"
41.1754904522613,7.72817738693467,0.801678378756587,"97.5th percentile"
41.2600894472362,7.72817738693467,0.847770418178735,"97.5th percentile"
41.344688442211,7.72817738693467,0.886417043511911,"97.5th percentile"
41.4292874371859,7.72817738693467,0.91921725981615,"97.5th percentile"
41.5138864321608,7.72817738693467,0.939710007602167,"97.5th percentile"
41.5984854271357,7.72817738693467,0.955927897833899,"97.5th percentile"
41.6830844221106,7.72817738693467,0.968237946956983,"97.5th percentile"
41.7676834170854,7.72817738693467,0.977289125603558,"97.5th percentile"
41.8522824120603,7.72817738693467,0.983670273741574,"97.5th percentile"
41.9368814070352,7.72817738693467,0.98836204987029,"97.5th percentile"
42.02148040201,7.72817738693467,0.991701738954166,"97.5th percentile"
42.1060793969849,7.72817738693467,0.994068863812094,"97.5th percentile"
42.1906783919598,7.72817738693467,0.996576367660492,"97.5th percentile"
42.2752773869347,7.72817738693467,0.996495078223,"97.5th percentile"
42.3598763819095,7.72817738693467,0.997460436752133,"97.5th percentile"
42.4444753768844,7.72817738693467,0.99788927555671,"97.5th percentile"
42.5290743718593,7.72817738693467,0.998445634316379,"97.5th percentile"
42.6136733668342,7.72817738693467,0.999055446809408,"97.5th percentile"
42.698272361809,7.72817738693467,0.999034526400637,"97.5th percentile"
42.7828713567839,7.72817738693467,0.999245297424761,"97.5th percentile"
42.8674703517588,7.72817738693467,0.999484283596237,"97.5th percentile"
42.9520693467337,7.72817738693467,0.999570087381653,"97.5th percentile"
43.0366683417085,7.72817738693467,0.99968708207053,"97.5th percentile"
43.1212673366834,7.72817738693467,0.999762295353421,"97.5th percentile"
43.2058663316583,7.72817738693467,0.999807141724369,"97.5th percentile"
43.2904653266332,7.72817738693467,0.999855708080892,"97.5th percentile"
43.375064321608,7.72817738693467,0.999894220425141,"97.5th percentile"
43.4596633165829,7.72817738693467,0.999931736475299,"97.5th percentile"
43.5442623115578,7.72817738693467,0.999939265978978,"97.5th percentile"
43.6288613065327,7.72817738693467,0.999957061784082,"97.5th percentile"
43.7134603015075,7.72817738693467,0.999974728242914,"97.5th percentile"
43.7980592964824,7.72817738693467,0.999976411431179,"97.5th percentile"
43.8826582914573,7.72817738693467,0.99998232143897,"97.5th percentile"
43.9672572864322,7.72817738693467,0.999988581785733,"97.5th percentile"
44.051856281407,7.72817738693467,0.999991082191054,"97.5th percentile"
44.1364552763819,7.72817738693467,0.9999922856543,"97.5th percentile"
44.2210542713568,7.72817738693467,0.999993639178052,"97.5th percentile"
44.3056532663317,7.72817738693467,0.999995350365752,"97.5th percentile"
44.3902522613065,7.72817738693467,0.999996501423606,"97.5th percentile"
44.4748512562814,7.72817738693467,0.999997321590421,"97.5th percentile"
44.5594502512563,7.72817738693467,0.999997506143389,"97.5th percentile"
44.6440492462312,7.72817738693467,0.999996875243745,"97.5th percentile"
44.728648241206,7.72817738693467,0.999996826086506,"97.5th percentile"
44.8132472361809,7.72817738693467,0.999997292204617,"97.5th percentile"
44.8978462311558,7.72817738693467,0.999997161294056,"97.5th percentile"
44.9824452261307,7.72817738693467,0.999996390741902,"97.5th percentile"
45.0670442211055,7.72817738693467,0.999996382943901,"97.5th percentile"
45.1516432160804,7.72817738693467,0.999996324908865,"97.5th percentile"
45.2362422110553,7.72817738693467,0.999996482535149,"97.5th percentile"
45.3208412060302,7.72817738693467,0.99999654550135,"97.5th percentile"
45.405440201005,7.72817738693467,0.999996726248822,"97.5th percentile"
45.4900391959799,7.72817738693467,0.999996927445947,"97.5th percentile"
45.5746381909548,7.72817738693467,0.999997163336449,"97.5th percentile"
45.6592371859296,7.72817738693467,0.999997414376305,"97.5th percentile"
45.7438361809045,7.72817738693467,0.999997742696365,"97.5th percentile"
45.8284351758794,7.72817738693467,0.999998002046068,"97.5th percentile"
45.9130341708543,7.72817738693467,0.999997944228985,"97.5th percentile"
45.9976331658291,7.72817738693467,0.999997902741223,"97.5th percentile"
46.082232160804,7.72817738693467,0.999997997709044,"97.5th percentile"
46.1668311557789,7.72817738693467,0.999997870841488,"97.5th percentile"
46.2514301507538,7.72817738693467,0.999997894798772,"97.5th percentile"
46.3360291457286,7.72817738693467,0.999997971910149,"97.5th percentile"
46.4206281407035,7.72817738693467,0.999997992375446,"97.5th percentile"
46.5052271356784,7.72817738693467,0.999998070812417,"97.5th percentile"
46.5898261306533,7.72817738693467,0.999998188795067,"97.5th percentile"
46.6744251256281,7.72817738693467,0.999998342011717,"97.5th percentile"
46.759024120603,7.72817738693467,0.999998399341746,"97.5th percentile"
46.8436231155779,7.72817738693467,0.999998526787781,"97.5th percentile"
46.9282221105528,7.72817738693467,0.999998701862664,"97.5th percentile"
47.0128211055276,7.72817738693467,0.999998835525679,"97.5th percentile"
47.0974201005025,7.72817738693467,0.999998934270242,"97.5th percentile"
47.1820190954774,7.72817738693467,0.999999037464046,"97.5th percentile"
47.2666180904523,7.72817738693467,0.999999183672875,"97.5th percentile"
47.3512170854271,7.72817738693467,0.999999262085618,"97.5th percentile"
47.435816080402,7.72817738693467,0.999999374422258,"97.5th percentile"
47.5204150753769,7.72817738693467,0.999999480192892,"97.5th percentile"
32.9693879396985,7.7962040201005,0.00030975504105801,"97.5th percentile"
33.0539869346734,7.7962040201005,0.000428190073294994,"97.5th percentile"
33.1385859296482,7.7962040201005,0.000596146455360506,"97.5th percentile"
33.2231849246231,7.7962040201005,0.000910033697413462,"97.5th percentile"
33.307783919598,7.7962040201005,0.00126837987937025,"97.5th percentile"
33.3923829145729,7.7962040201005,0.00203580506717186,"97.5th percentile"
33.4769819095477,7.7962040201005,0.00241940265635084,"97.5th percentile"
33.5615809045226,7.7962040201005,0.00345220445828254,"97.5th percentile"
33.6461798994975,7.7962040201005,0.00498540373481094,"97.5th percentile"
33.7307788944724,7.7962040201005,0.00714826778749792,"97.5th percentile"
33.8153778894472,7.7962040201005,0.0102826307415792,"97.5th percentile"
33.8999768844221,7.7962040201005,0.0152369762672083,"97.5th percentile"
33.984575879397,7.7962040201005,0.031708767575077,"97.5th percentile"
34.0691748743719,7.7962040201005,0.0476816828245528,"97.5th percentile"
34.1537738693467,7.7962040201005,0.0835469077846024,"97.5th percentile"
34.2383728643216,7.7962040201005,0.131215088236046,"97.5th percentile"
34.3229718592965,7.7962040201005,0.189850675142346,"97.5th percentile"
34.4075708542714,7.7962040201005,0.249322258595499,"97.5th percentile"
34.4921698492462,7.7962040201005,0.356882287404644,"97.5th percentile"
34.5767688442211,7.7962040201005,0.313935527661231,"97.5th percentile"
34.661367839196,7.7962040201005,0.286335126687506,"97.5th percentile"
34.7459668341709,7.7962040201005,0.290014784596566,"97.5th percentile"
34.8305658291457,7.7962040201005,0.297621682491422,"97.5th percentile"
34.9151648241206,7.7962040201005,0.296790523371636,"97.5th percentile"
34.9997638190955,7.7962040201005,0.299242869185597,"97.5th percentile"
35.0843628140704,7.7962040201005,0.303004128854035,"97.5th percentile"
35.1689618090452,7.7962040201005,0.304789133328971,"97.5th percentile"
35.2535608040201,7.7962040201005,0.309357553265447,"97.5th percentile"
35.338159798995,7.7962040201005,0.301602761037401,"97.5th percentile"
35.4227587939698,7.7962040201005,0.290619906044874,"97.5th percentile"
35.5073577889447,7.7962040201005,0.315452579421737,"97.5th percentile"
35.5919567839196,7.7962040201005,0.3153757661982,"97.5th percentile"
35.6765557788945,7.7962040201005,0.312623279302737,"97.5th percentile"
35.7611547738694,7.7962040201005,0.307185749854919,"97.5th percentile"
35.8457537688442,7.7962040201005,0.301045918152833,"97.5th percentile"
35.9303527638191,7.7962040201005,0.3267310684674,"97.5th percentile"
36.014951758794,7.7962040201005,0.317246902945187,"97.5th percentile"
36.0995507537688,7.7962040201005,0.309279732551716,"97.5th percentile"
36.1841497487437,7.7962040201005,0.298692617660582,"97.5th percentile"
36.2687487437186,7.7962040201005,0.323984453082205,"97.5th percentile"
36.3533477386935,7.7962040201005,0.30700649696818,"97.5th percentile"
36.4379467336683,7.7962040201005,0.299989295608803,"97.5th percentile"
36.5225457286432,7.7962040201005,0.318654982744977,"97.5th percentile"
36.6071447236181,7.7962040201005,0.318501013881092,"97.5th percentile"
36.691743718593,7.7962040201005,0.31260579793581,"97.5th percentile"
36.7763427135678,7.7962040201005,0.299739705267195,"97.5th percentile"
36.8609417085427,7.7962040201005,0.299158953337279,"97.5th percentile"
36.9455407035176,7.7962040201005,0.298751367261001,"97.5th percentile"
37.0301396984925,7.7962040201005,0.315961285018376,"97.5th percentile"
37.1147386934673,7.7962040201005,0.299424306963197,"97.5th percentile"
37.1993376884422,7.7962040201005,0.299502230264154,"97.5th percentile"
37.2839366834171,7.7962040201005,0.521803740245271,"97.5th percentile"
37.368535678392,7.7962040201005,0.261712319344651,"97.5th percentile"
37.4531346733668,7.7962040201005,0.351376615428941,"97.5th percentile"
37.5377336683417,7.7962040201005,0.37654367194557,"97.5th percentile"
37.6223326633166,7.7962040201005,0.347771855385245,"97.5th percentile"
37.7069316582915,7.7962040201005,0.318689141595185,"97.5th percentile"
37.7915306532663,7.7962040201005,0.299529734078405,"97.5th percentile"
37.8761296482412,7.7962040201005,0.188787230321672,"97.5th percentile"
37.9607286432161,7.7962040201005,0.244879792627403,"97.5th percentile"
38.045327638191,7.7962040201005,0.260281302582961,"97.5th percentile"
38.1299266331658,7.7962040201005,0.29773333540704,"97.5th percentile"
38.2145256281407,7.7962040201005,0.311824756152137,"97.5th percentile"
38.2991246231156,7.7962040201005,0.265838978668738,"97.5th percentile"
38.3837236180904,7.7962040201005,0.274043695160387,"97.5th percentile"
38.4683226130653,7.7962040201005,0.295371018716011,"97.5th percentile"
38.5529216080402,7.7962040201005,0.332747925597962,"97.5th percentile"
38.6375206030151,7.7962040201005,0.322325741548995,"97.5th percentile"
38.72211959799,7.7962040201005,0.289988763541353,"97.5th percentile"
38.8067185929648,7.7962040201005,0.327627332343682,"97.5th percentile"
38.8913175879397,7.7962040201005,0.312815871537572,"97.5th percentile"
38.9759165829146,7.7962040201005,0.297292487027262,"97.5th percentile"
39.0605155778894,7.7962040201005,0.272095641482253,"97.5th percentile"
39.1451145728643,7.7962040201005,0.259543205163467,"97.5th percentile"
39.2297135678392,7.7962040201005,0.270928250065898,"97.5th percentile"
39.3143125628141,7.7962040201005,0.279813887320096,"97.5th percentile"
39.3989115577889,7.7962040201005,0.379580449710971,"97.5th percentile"
39.4835105527638,7.7962040201005,0.223800634879921,"97.5th percentile"
39.5681095477387,7.7962040201005,0.170441886439612,"97.5th percentile"
39.6527085427136,7.7962040201005,0.247772904425226,"97.5th percentile"
39.7373075376884,7.7962040201005,0.266566152911137,"97.5th percentile"
39.8219065326633,7.7962040201005,0.255008456884751,"97.5th percentile"
39.9065055276382,7.7962040201005,0.261452589737964,"97.5th percentile"
39.9911045226131,7.7962040201005,0.250234526576098,"97.5th percentile"
40.0757035175879,7.7962040201005,0.267977035159414,"97.5th percentile"
40.1603025125628,7.7962040201005,0.259118998865738,"97.5th percentile"
40.2449015075377,7.7962040201005,0.302398988397491,"97.5th percentile"
40.3295005025126,7.7962040201005,0.299289387035407,"97.5th percentile"
40.4140994974874,7.7962040201005,0.33262236028174,"97.5th percentile"
40.4986984924623,7.7962040201005,0.283268734841763,"97.5th percentile"
40.5832974874372,7.7962040201005,0.276389042648964,"97.5th percentile"
40.6678964824121,7.7962040201005,0.347067520264105,"97.5th percentile"
40.7524954773869,7.7962040201005,0.435741394628863,"97.5th percentile"
40.8370944723618,7.7962040201005,0.516203065971564,"97.5th percentile"
40.9216934673367,7.7962040201005,0.603378892499935,"97.5th percentile"
41.0062924623116,7.7962040201005,0.702270856251164,"97.5th percentile"
41.0908914572864,7.7962040201005,0.759291759091774,"97.5th percentile"
41.1754904522613,7.7962040201005,0.813380326794387,"97.5th percentile"
41.2600894472362,7.7962040201005,0.856270087158587,"97.5th percentile"
41.344688442211,7.7962040201005,0.892371511765729,"97.5th percentile"
41.4292874371859,7.7962040201005,0.920641758173708,"97.5th percentile"
41.5138864321608,7.7962040201005,0.942245719357021,"97.5th percentile"
41.5984854271357,7.7962040201005,0.958743237008852,"97.5th percentile"
41.6830844221106,7.7962040201005,0.970076554118863,"97.5th percentile"
41.7676834170854,7.7962040201005,0.978470576301766,"97.5th percentile"
41.8522824120603,7.7962040201005,0.985055675931563,"97.5th percentile"
41.9368814070352,7.7962040201005,0.989026289148418,"97.5th percentile"
42.02148040201,7.7962040201005,0.992251044437388,"97.5th percentile"
42.1060793969849,7.7962040201005,0.994432247415104,"97.5th percentile"
42.1906783919598,7.7962040201005,0.996405006797937,"97.5th percentile"
42.2752773869347,7.7962040201005,0.996975053349405,"97.5th percentile"
42.3598763819095,7.7962040201005,0.997911135503656,"97.5th percentile"
42.4444753768844,7.7962040201005,0.998315830711237,"97.5th percentile"
42.5290743718593,7.7962040201005,0.998584317657299,"97.5th percentile"
42.6136733668342,7.7962040201005,0.999129578607249,"97.5th percentile"
42.698272361809,7.7962040201005,0.999190223475324,"97.5th percentile"
42.7828713567839,7.7962040201005,0.99937238366247,"97.5th percentile"
42.8674703517588,7.7962040201005,0.999524718341655,"97.5th percentile"
42.9520693467337,7.7962040201005,0.99962475287721,"97.5th percentile"
43.0366683417085,7.7962040201005,0.999724137539004,"97.5th percentile"
43.1212673366834,7.7962040201005,0.999778808517514,"97.5th percentile"
43.2058663316583,7.7962040201005,0.999828398972667,"97.5th percentile"
43.2904653266332,7.7962040201005,0.999879527312955,"97.5th percentile"
43.375064321608,7.7962040201005,0.999908423118316,"97.5th percentile"
43.4596633165829,7.7962040201005,0.999931685693196,"97.5th percentile"
43.5442623115578,7.7962040201005,0.999943490224555,"97.5th percentile"
43.6288613065327,7.7962040201005,0.999969574765659,"97.5th percentile"
43.7134603015075,7.7962040201005,0.999975358333725,"97.5th percentile"
43.7980592964824,7.7962040201005,0.999975677261272,"97.5th percentile"
43.8826582914573,7.7962040201005,0.999986813254694,"97.5th percentile"
43.9672572864322,7.7962040201005,0.999989906010145,"97.5th percentile"
44.051856281407,7.7962040201005,0.99999152615183,"97.5th percentile"
44.1364552763819,7.7962040201005,0.999994098909857,"97.5th percentile"
44.2210542713568,7.7962040201005,0.999994219980573,"97.5th percentile"
44.3056532663317,7.7962040201005,0.999995681044266,"97.5th percentile"
44.3902522613065,7.7962040201005,0.999996837889131,"97.5th percentile"
44.4748512562814,7.7962040201005,0.999997509515858,"97.5th percentile"
44.5594502512563,7.7962040201005,0.999997166869377,"97.5th percentile"
44.6440492462312,7.7962040201005,0.999996948310864,"97.5th percentile"
44.728648241206,7.7962040201005,0.999996835192644,"97.5th percentile"
44.8132472361809,7.7962040201005,0.999997226035051,"97.5th percentile"
44.8978462311558,7.7962040201005,0.999996860362458,"97.5th percentile"
44.9824452261307,7.7962040201005,0.999996547777576,"97.5th percentile"
45.0670442211055,7.7962040201005,0.999997217930552,"97.5th percentile"
45.1516432160804,7.7962040201005,0.999997284119027,"97.5th percentile"
45.2362422110553,7.7962040201005,0.999997581243898,"97.5th percentile"
45.3208412060302,7.7962040201005,0.999996878887371,"97.5th percentile"
45.405440201005,7.7962040201005,0.999996851391599,"97.5th percentile"
45.4900391959799,7.7962040201005,0.999997438799137,"97.5th percentile"
45.5746381909548,7.7962040201005,0.999997285663463,"97.5th percentile"
45.6592371859296,7.7962040201005,0.999997606366053,"97.5th percentile"
45.7438361809045,7.7962040201005,0.999997785148321,"97.5th percentile"
45.8284351758794,7.7962040201005,0.999997808256198,"97.5th percentile"
45.9130341708543,7.7962040201005,0.999997805201932,"97.5th percentile"
45.9976331658291,7.7962040201005,0.999997714716722,"97.5th percentile"
46.082232160804,7.7962040201005,0.999998203815795,"97.5th percentile"
46.1668311557789,7.7962040201005,0.99999765860938,"97.5th percentile"
46.2514301507538,7.7962040201005,0.999997679585704,"97.5th percentile"
46.3360291457286,7.7962040201005,0.999997776006081,"97.5th percentile"
46.4206281407035,7.7962040201005,0.999997973249052,"97.5th percentile"
46.5052271356784,7.7962040201005,0.99999789153552,"97.5th percentile"
46.5898261306533,7.7962040201005,0.999998010708911,"97.5th percentile"
46.6744251256281,7.7962040201005,0.999998120679887,"97.5th percentile"
46.759024120603,7.7962040201005,0.999998360948803,"97.5th percentile"
46.8436231155779,7.7962040201005,0.999998424239896,"97.5th percentile"
46.9282221105528,7.7962040201005,0.99999855947194,"97.5th percentile"
47.0128211055276,7.7962040201005,0.999998782052312,"97.5th percentile"
47.0974201005025,7.7962040201005,0.999998830354753,"97.5th percentile"
47.1820190954774,7.7962040201005,0.999998952147596,"97.5th percentile"
47.2666180904523,7.7962040201005,0.999999081495148,"97.5th percentile"
47.3512170854271,7.7962040201005,0.999999221479881,"97.5th percentile"
47.435816080402,7.7962040201005,0.999999309518725,"97.5th percentile"
47.5204150753769,7.7962040201005,0.999999455952466,"97.5th percentile"
33.0539869346734,7.86423065326633,0.000689000734453432,"97.5th percentile"
33.1385859296482,7.86423065326633,0.000795822842748013,"97.5th percentile"
33.2231849246231,7.86423065326633,0.00116263775849241,"97.5th percentile"
33.307783919598,7.86423065326633,0.00212690950620156,"97.5th percentile"
33.3923829145729,7.86423065326633,0.00269923119617879,"97.5th percentile"
33.4769819095477,7.86423065326633,0.00334844469099252,"97.5th percentile"
33.5615809045226,7.86423065326633,0.00499865848199414,"97.5th percentile"
33.6461798994975,7.86423065326633,0.00707416707629466,"97.5th percentile"
33.7307788944724,7.86423065326633,0.0103756749414306,"97.5th percentile"
33.8153778894472,7.86423065326633,0.0150609946241193,"97.5th percentile"
33.8999768844221,7.86423065326633,0.0208981403944447,"97.5th percentile"
33.984575879397,7.86423065326633,0.0324041117296028,"97.5th percentile"
34.0691748743719,7.86423065326633,0.0572005489780568,"97.5th percentile"
34.1537738693467,7.86423065326633,0.0810993946610813,"97.5th percentile"
34.2383728643216,7.86423065326633,0.117538814280451,"97.5th percentile"
34.3229718592965,7.86423065326633,0.161369663903832,"97.5th percentile"
34.4075708542714,7.86423065326633,0.190001379349845,"97.5th percentile"
34.4921698492462,7.86423065326633,0.345774748562814,"97.5th percentile"
34.5767688442211,7.86423065326633,0.321091403473734,"97.5th percentile"
34.661367839196,7.86423065326633,0.297372523402332,"97.5th percentile"
34.7459668341709,7.86423065326633,0.290115014998326,"97.5th percentile"
34.8305658291457,7.86423065326633,0.296705155345978,"97.5th percentile"
34.9151648241206,7.86423065326633,0.289461107651655,"97.5th percentile"
34.9997638190955,7.86423065326633,0.300868242887122,"97.5th percentile"
35.0843628140704,7.86423065326633,0.302906510790129,"97.5th percentile"
35.1689618090452,7.86423065326633,0.306031687722881,"97.5th percentile"
35.2535608040201,7.86423065326633,0.305049191961373,"97.5th percentile"
35.338159798995,7.86423065326633,0.306085138048052,"97.5th percentile"
35.4227587939698,7.86423065326633,0.301864612149978,"97.5th percentile"
35.5073577889447,7.86423065326633,0.30856768356321,"97.5th percentile"
35.5919567839196,7.86423065326633,0.307548400379712,"97.5th percentile"
35.6765557788945,7.86423065326633,0.308798233215597,"97.5th percentile"
35.7611547738694,7.86423065326633,0.295658565947806,"97.5th percentile"
35.8457537688442,7.86423065326633,0.305910286730816,"97.5th percentile"
35.9303527638191,7.86423065326633,0.314703391302651,"97.5th percentile"
36.014951758794,7.86423065326633,0.288717963319734,"97.5th percentile"
36.0995507537688,7.86423065326633,0.280335997519347,"97.5th percentile"
36.1841497487437,7.86423065326633,0.319516238739895,"97.5th percentile"
36.2687487437186,7.86423065326633,0.334725826513204,"97.5th percentile"
36.3533477386935,7.86423065326633,0.318599808017674,"97.5th percentile"
36.4379467336683,7.86423065326633,0.296049230122544,"97.5th percentile"
36.5225457286432,7.86423065326633,0.290393103102302,"97.5th percentile"
36.6071447236181,7.86423065326633,0.303045744447333,"97.5th percentile"
36.691743718593,7.86423065326633,0.31703262502346,"97.5th percentile"
36.7763427135678,7.86423065326633,0.325395842552071,"97.5th percentile"
36.8609417085427,7.86423065326633,0.364871507410918,"97.5th percentile"
36.9455407035176,7.86423065326633,0.371895986679433,"97.5th percentile"
37.0301396984925,7.86423065326633,0.322240856648724,"97.5th percentile"
37.1147386934673,7.86423065326633,0.30189100040283,"97.5th percentile"
37.1993376884422,7.86423065326633,0.306638350436629,"97.5th percentile"
37.2839366834171,7.86423065326633,0.326358728548952,"97.5th percentile"
37.368535678392,7.86423065326633,0.286381378834454,"97.5th percentile"
37.4531346733668,7.86423065326633,0.351101494171416,"97.5th percentile"
37.5377336683417,7.86423065326633,0.357839707169056,"97.5th percentile"
37.6223326633166,7.86423065326633,0.380889287404193,"97.5th percentile"
37.7069316582915,7.86423065326633,0.331696315391957,"97.5th percentile"
37.7915306532663,7.86423065326633,0.279896878578293,"97.5th percentile"
37.8761296482412,7.86423065326633,0.257843063844135,"97.5th percentile"
37.9607286432161,7.86423065326633,0.265780499125471,"97.5th percentile"
38.045327638191,7.86423065326633,0.246260727958671,"97.5th percentile"
38.1299266331658,7.86423065326633,0.231157240749395,"97.5th percentile"
38.2145256281407,7.86423065326633,0.308387869064306,"97.5th percentile"
38.2991246231156,7.86423065326633,0.288296087968449,"97.5th percentile"
38.3837236180904,7.86423065326633,0.284796644486371,"97.5th percentile"
38.4683226130653,7.86423065326633,0.267226719217736,"97.5th percentile"
38.5529216080402,7.86423065326633,0.306052125641614,"97.5th percentile"
38.6375206030151,7.86423065326633,0.291525748450115,"97.5th percentile"
38.72211959799,7.86423065326633,0.269176468696566,"97.5th percentile"
38.8067185929648,7.86423065326633,0.453227762060278,"97.5th percentile"
38.8913175879397,7.86423065326633,0.335951210073988,"97.5th percentile"
38.9759165829146,7.86423065326633,0.311825626253302,"97.5th percentile"
39.0605155778894,7.86423065326633,0.294532397195894,"97.5th percentile"
39.1451145728643,7.86423065326633,0.277410683600927,"97.5th percentile"
39.2297135678392,7.86423065326633,0.30170269285902,"97.5th percentile"
39.3143125628141,7.86423065326633,0.311863992257881,"97.5th percentile"
39.3989115577889,7.86423065326633,0.389794553012091,"97.5th percentile"
39.4835105527638,7.86423065326633,0.262625173948445,"97.5th percentile"
39.5681095477387,7.86423065326633,0.206662843193566,"97.5th percentile"
39.6527085427136,7.86423065326633,0.23987046306742,"97.5th percentile"
39.7373075376884,7.86423065326633,0.275729511846705,"97.5th percentile"
39.8219065326633,7.86423065326633,0.262766774894513,"97.5th percentile"
39.9065055276382,7.86423065326633,0.28999584289487,"97.5th percentile"
39.9911045226131,7.86423065326633,0.293333098280931,"97.5th percentile"
40.0757035175879,7.86423065326633,0.293197761327716,"97.5th percentile"
40.1603025125628,7.86423065326633,0.295257773124426,"97.5th percentile"
40.2449015075377,7.86423065326633,0.299826875649092,"97.5th percentile"
40.3295005025126,7.86423065326633,0.308149865798341,"97.5th percentile"
40.4140994974874,7.86423065326633,0.296277260316456,"97.5th percentile"
40.4986984924623,7.86423065326633,0.292021397064299,"97.5th percentile"
40.5832974874372,7.86423065326633,0.29255581212053,"97.5th percentile"
40.6678964824121,7.86423065326633,0.40881192025785,"97.5th percentile"
40.7524954773869,7.86423065326633,0.451132132350007,"97.5th percentile"
40.8370944723618,7.86423065326633,0.533482869464,"97.5th percentile"
40.9216934673367,7.86423065326633,0.632215668137643,"97.5th percentile"
41.0062924623116,7.86423065326633,0.708045009506168,"97.5th percentile"
41.0908914572864,7.86423065326633,0.804242506723026,"97.5th percentile"
41.1754904522613,7.86423065326633,0.840196218685452,"97.5th percentile"
41.2600894472362,7.86423065326633,0.86937626725123,"97.5th percentile"
41.344688442211,7.86423065326633,0.897607094877152,"97.5th percentile"
41.4292874371859,7.86423065326633,0.925066462544144,"97.5th percentile"
41.5138864321608,7.86423065326633,0.945539168345535,"97.5th percentile"
41.5984854271357,7.86423065326633,0.962093675290943,"97.5th percentile"
41.6830844221106,7.86423065326633,0.971724795694517,"97.5th percentile"
41.7676834170854,7.86423065326633,0.979615158832566,"97.5th percentile"
41.8522824120603,7.86423065326633,0.987667298184215,"97.5th percentile"
41.9368814070352,7.86423065326633,0.989667758182635,"97.5th percentile"
42.02148040201,7.86423065326633,0.993060597861075,"97.5th percentile"
42.1060793969849,7.86423065326633,0.994764588966818,"97.5th percentile"
42.1906783919598,7.86423065326633,0.996424254259198,"97.5th percentile"
42.2752773869347,7.86423065326633,0.997482948398222,"97.5th percentile"
42.3598763819095,7.86423065326633,0.998034416849252,"97.5th percentile"
42.4444753768844,7.86423065326633,0.998463161222348,"97.5th percentile"
42.5290743718593,7.86423065326633,0.998770579113117,"97.5th percentile"
42.6136733668342,7.86423065326633,0.999222496011389,"97.5th percentile"
42.698272361809,7.86423065326633,0.999282574241772,"97.5th percentile"
42.7828713567839,7.86423065326633,0.999437033147473,"97.5th percentile"
42.8674703517588,7.86423065326633,0.999558983425313,"97.5th percentile"
42.9520693467337,7.86423065326633,0.9996999437723,"97.5th percentile"
43.0366683417085,7.86423065326633,0.999758062250098,"97.5th percentile"
43.1212673366834,7.86423065326633,0.999819026110586,"97.5th percentile"
43.2058663316583,7.86423065326633,0.999850770745066,"97.5th percentile"
43.2904653266332,7.86423065326633,0.999892681413233,"97.5th percentile"
43.375064321608,7.86423065326633,0.999921131517926,"97.5th percentile"
43.4596633165829,7.86423065326633,0.999941290078423,"97.5th percentile"
43.5442623115578,7.86423065326633,0.999963569078553,"97.5th percentile"
43.6288613065327,7.86423065326633,0.999962307810756,"97.5th percentile"
43.7134603015075,7.86423065326633,0.999974098493075,"97.5th percentile"
43.7980592964824,7.86423065326633,0.99998083260634,"97.5th percentile"
43.8826582914573,7.86423065326633,0.999987616988285,"97.5th percentile"
43.9672572864322,7.86423065326633,0.999989650634279,"97.5th percentile"
44.051856281407,7.86423065326633,0.99999137390319,"97.5th percentile"
44.1364552763819,7.86423065326633,0.999993081824501,"97.5th percentile"
44.2210542713568,7.86423065326633,0.999994716518313,"97.5th percentile"
44.3056532663317,7.86423065326633,0.99999601604539,"97.5th percentile"
44.3902522613065,7.86423065326633,0.999997548315861,"97.5th percentile"
44.4748512562814,7.86423065326633,0.999997481223179,"97.5th percentile"
44.5594502512563,7.86423065326633,0.999997428309972,"97.5th percentile"
44.6440492462312,7.86423065326633,0.999997246060898,"97.5th percentile"
44.728648241206,7.86423065326633,0.999997485886144,"97.5th percentile"
44.8132472361809,7.86423065326633,0.999996837500531,"97.5th percentile"
44.8978462311558,7.86423065326633,0.999997634269321,"97.5th percentile"
44.9824452261307,7.86423065326633,0.999997526356494,"97.5th percentile"
45.0670442211055,7.86423065326633,0.999997284009656,"97.5th percentile"
45.1516432160804,7.86423065326633,0.999997282881149,"97.5th percentile"
45.2362422110553,7.86423065326633,0.999997689054769,"97.5th percentile"
45.3208412060302,7.86423065326633,0.999997666950703,"97.5th percentile"
45.405440201005,7.86423065326633,0.999997870863178,"97.5th percentile"
45.4900391959799,7.86423065326633,0.99999791533383,"97.5th percentile"
45.5746381909548,7.86423065326633,0.999997982348558,"97.5th percentile"
45.6592371859296,7.86423065326633,0.999997671251031,"97.5th percentile"
45.7438361809045,7.86423065326633,0.999997940761367,"97.5th percentile"
45.8284351758794,7.86423065326633,0.999997734177165,"97.5th percentile"
45.9130341708543,7.86423065326633,0.999997645649288,"97.5th percentile"
45.9976331658291,7.86423065326633,0.999997593441095,"97.5th percentile"
46.082232160804,7.86423065326633,0.999997541865773,"97.5th percentile"
46.1668311557789,7.86423065326633,0.999997441383901,"97.5th percentile"
46.2514301507538,7.86423065326633,0.999997469081607,"97.5th percentile"
46.3360291457286,7.86423065326633,0.999997530053119,"97.5th percentile"
46.4206281407035,7.86423065326633,0.999997614880487,"97.5th percentile"
46.5052271356784,7.86423065326633,0.999997711829257,"97.5th percentile"
46.5898261306533,7.86423065326633,0.999997836611154,"97.5th percentile"
46.6744251256281,7.86423065326633,0.99999796340051,"97.5th percentile"
46.759024120603,7.86423065326633,0.999998129056321,"97.5th percentile"
46.8436231155779,7.86423065326633,0.999998532317195,"97.5th percentile"
46.9282221105528,7.86423065326633,0.999998453264382,"97.5th percentile"
47.0128211055276,7.86423065326633,0.999998587771947,"97.5th percentile"
47.0974201005025,7.86423065326633,0.999998902558618,"97.5th percentile"
47.1820190954774,7.86423065326633,0.999998900979384,"97.5th percentile"
47.2666180904523,7.86423065326633,0.999999025899488,"97.5th percentile"
47.3512170854271,7.86423065326633,0.999999148346017,"97.5th percentile"
47.435816080402,7.86423065326633,0.999999334629901,"97.5th percentile"
47.5204150753769,7.86423065326633,0.999999492681497,"97.5th percentile"
47.6050140703518,7.86423065326633,0.999999493338617,"97.5th percentile"
33.0539869346734,7.93225728643216,0.000835554509493886,"97.5th percentile"
33.1385859296482,7.93225728643216,0.00113517462184406,"97.5th percentile"
33.2231849246231,7.93225728643216,0.00166398703933212,"97.5th percentile"
33.307783919598,7.93225728643216,0.00306111576154982,"97.5th percentile"
33.3923829145729,7.93225728643216,0.00331776240471762,"97.5th percentile"
33.4769819095477,7.93225728643216,0.00553244020346687,"97.5th percentile"
33.5615809045226,7.93225728643216,0.00729254805182314,"97.5th percentile"
33.6461798994975,7.93225728643216,0.01224907301352,"97.5th percentile"
33.7307788944724,7.93225728643216,0.0156092245520464,"97.5th percentile"
33.8153778894472,7.93225728643216,0.0208083687506711,"97.5th percentile"
33.8999768844221,7.93225728643216,0.0292796028787729,"97.5th percentile"
33.984575879397,7.93225728643216,0.0562498283408991,"97.5th percentile"
34.0691748743719,7.93225728643216,0.0801089342157517,"97.5th percentile"
34.1537738693467,7.93225728643216,0.115522700633725,"97.5th percentile"
34.2383728643216,7.93225728643216,0.158817919988742,"97.5th percentile"
34.3229718592965,7.93225728643216,0.181135131102869,"97.5th percentile"
34.4075708542714,7.93225728643216,0.251514169773358,"97.5th percentile"
34.4921698492462,7.93225728643216,0.353310138671547,"97.5th percentile"
34.5767688442211,7.93225728643216,0.337713293595146,"97.5th percentile"
34.661367839196,7.93225728643216,0.2876579151568,"97.5th percentile"
34.7459668341709,7.93225728643216,0.289289237292675,"97.5th percentile"
34.8305658291457,7.93225728643216,0.288991594617595,"97.5th percentile"
34.9151648241206,7.93225728643216,0.280999545317036,"97.5th percentile"
34.9997638190955,7.93225728643216,0.297324075799409,"97.5th percentile"
35.0843628140704,7.93225728643216,0.301734024230245,"97.5th percentile"
35.1689618090452,7.93225728643216,0.302434016801057,"97.5th percentile"
35.2535608040201,7.93225728643216,0.306648903921017,"97.5th percentile"
35.338159798995,7.93225728643216,0.309044908612746,"97.5th percentile"
35.4227587939698,7.93225728643216,0.300053056535866,"97.5th percentile"
35.5073577889447,7.93225728643216,0.282379449056915,"97.5th percentile"
35.5919567839196,7.93225728643216,0.307427379753975,"97.5th percentile"
35.6765557788945,7.93225728643216,0.315081726122913,"97.5th percentile"
35.7611547738694,7.93225728643216,0.311721751905299,"97.5th percentile"
35.8457537688442,7.93225728643216,0.328865126505907,"97.5th percentile"
35.9303527638191,7.93225728643216,0.332390303205626,"97.5th percentile"
36.014951758794,7.93225728643216,0.299220807720248,"97.5th percentile"
36.0995507537688,7.93225728643216,0.273431263877407,"97.5th percentile"
36.1841497487437,7.93225728643216,0.295751553622793,"97.5th percentile"
36.2687487437186,7.93225728643216,0.340802900661291,"97.5th percentile"
36.3533477386935,7.93225728643216,0.348894333179856,"97.5th percentile"
36.4379467336683,7.93225728643216,0.300830152355674,"97.5th percentile"
36.5225457286432,7.93225728643216,0.305304985416161,"97.5th percentile"
36.6071447236181,7.93225728643216,0.31543960993119,"97.5th percentile"
36.691743718593,7.93225728643216,0.315672193094403,"97.5th percentile"
36.7763427135678,7.93225728643216,0.340042213177651,"97.5th percentile"
36.8609417085427,7.93225728643216,0.329221959514666,"97.5th percentile"
36.9455407035176,7.93225728643216,0.34732198704426,"97.5th percentile"
37.0301396984925,7.93225728643216,0.367468960135963,"97.5th percentile"
37.1147386934673,7.93225728643216,0.315739270624424,"97.5th percentile"
37.1993376884422,7.93225728643216,0.308671810005895,"97.5th percentile"
37.2839366834171,7.93225728643216,0.322498583105219,"97.5th percentile"
37.368535678392,7.93225728643216,0.312379127778148,"97.5th percentile"
37.4531346733668,7.93225728643216,0.3377763975255,"97.5th percentile"
37.5377336683417,7.93225728643216,0.338599955219347,"97.5th percentile"
37.6223326633166,7.93225728643216,0.391296776280294,"97.5th percentile"
37.7069316582915,7.93225728643216,0.344709843249957,"97.5th percentile"
37.7915306532663,7.93225728643216,0.315391221759095,"97.5th percentile"
37.8761296482412,7.93225728643216,0.275007354021732,"97.5th percentile"
37.9607286432161,7.93225728643216,0.266209652884603,"97.5th percentile"
38.045327638191,7.93225728643216,0.234253620480835,"97.5th percentile"
38.1299266331658,7.93225728643216,0.208318288946185,"97.5th percentile"
38.2145256281407,7.93225728643216,0.245843035017945,"97.5th percentile"
38.2991246231156,7.93225728643216,0.272195623842351,"97.5th percentile"
38.3837236180904,7.93225728643216,0.317933182793338,"97.5th percentile"
38.4683226130653,7.93225728643216,0.296031152472674,"97.5th percentile"
38.5529216080402,7.93225728643216,0.308364124841617,"97.5th percentile"
38.6375206030151,7.93225728643216,0.29873787650807,"97.5th percentile"
38.72211959799,7.93225728643216,0.328641668996821,"97.5th percentile"
38.8067185929648,7.93225728643216,0.569923261981611,"97.5th percentile"
38.8913175879397,7.93225728643216,0.375472980753807,"97.5th percentile"
38.9759165829146,7.93225728643216,0.317802998753036,"97.5th percentile"
39.0605155778894,7.93225728643216,0.302011621876969,"97.5th percentile"
39.1451145728643,7.93225728643216,0.277379057676623,"97.5th percentile"
39.2297135678392,7.93225728643216,0.340446970534143,"97.5th percentile"
39.3143125628141,7.93225728643216,0.382235870237612,"97.5th percentile"
39.3989115577889,7.93225728643216,0.378052348059379,"97.5th percentile"
39.4835105527638,7.93225728643216,0.287017726659978,"97.5th percentile"
39.5681095477387,7.93225728643216,0.181370233704281,"97.5th percentile"
39.6527085427136,7.93225728643216,0.269873972794572,"97.5th percentile"
39.7373075376884,7.93225728643216,0.267749986313497,"97.5th percentile"
39.8219065326633,7.93225728643216,0.287499079570495,"97.5th percentile"
39.9065055276382,7.93225728643216,0.296583640864468,"97.5th percentile"
39.9911045226131,7.93225728643216,0.302165886494144,"97.5th percentile"
40.0757035175879,7.93225728643216,0.291332875342368,"97.5th percentile"
40.1603025125628,7.93225728643216,0.300030349259251,"97.5th percentile"
40.2449015075377,7.93225728643216,0.314577833800456,"97.5th percentile"
40.3295005025126,7.93225728643216,0.306088661597712,"97.5th percentile"
40.4140994974874,7.93225728643216,0.300684717054327,"97.5th percentile"
40.4986984924623,7.93225728643216,0.294081009142946,"97.5th percentile"
40.5832974874372,7.93225728643216,0.304344969375455,"97.5th percentile"
40.6678964824121,7.93225728643216,0.384193047071512,"97.5th percentile"
40.7524954773869,7.93225728643216,0.483079230488988,"97.5th percentile"
40.8370944723618,7.93225728643216,0.574507439239133,"97.5th percentile"
40.9216934673367,7.93225728643216,0.647000125501699,"97.5th percentile"
41.0062924623116,7.93225728643216,0.705924292633247,"97.5th percentile"
41.0908914572864,7.93225728643216,0.814634288375321,"97.5th percentile"
41.1754904522613,7.93225728643216,0.848227362186163,"97.5th percentile"
41.2600894472362,7.93225728643216,0.873790782307593,"97.5th percentile"
41.344688442211,7.93225728643216,0.902950332943098,"97.5th percentile"
41.4292874371859,7.93225728643216,0.92875358574761,"97.5th percentile"
41.5138864321608,7.93225728643216,0.949080688831842,"97.5th percentile"
41.5984854271357,7.93225728643216,0.962870155984373,"97.5th percentile"
41.6830844221106,7.93225728643216,0.974938345934588,"97.5th percentile"
41.7676834170854,7.93225728643216,0.980666383059284,"97.5th percentile"
41.8522824120603,7.93225728643216,0.98618445678098,"97.5th percentile"
41.9368814070352,7.93225728643216,0.990210534517745,"97.5th percentile"
42.02148040201,7.93225728643216,0.993024379041426,"97.5th percentile"
42.1060793969849,7.93225728643216,0.995164763061544,"97.5th percentile"
42.1906783919598,7.93225728643216,0.996673915816885,"97.5th percentile"
42.2752773869347,7.93225728643216,0.997637679427533,"97.5th percentile"
42.3598763819095,7.93225728643216,0.998329522024342,"97.5th percentile"
42.4444753768844,7.93225728643216,0.998646649174021,"97.5th percentile"
42.5290743718593,7.93225728643216,0.999118899027396,"97.5th percentile"
42.6136733668342,7.93225728643216,0.999297904065183,"97.5th percentile"
42.698272361809,7.93225728643216,0.999428325714003,"97.5th percentile"
42.7828713567839,7.93225728643216,0.999505430729103,"97.5th percentile"
42.8674703517588,7.93225728643216,0.999625145397216,"97.5th percentile"
42.9520693467337,7.93225728643216,0.999718483682802,"97.5th percentile"
43.0366683417085,7.93225728643216,0.99977797309087,"97.5th percentile"
43.1212673366834,7.93225728643216,0.999840147050694,"97.5th percentile"
43.2058663316583,7.93225728643216,0.999866930490617,"97.5th percentile"
43.2904653266332,7.93225728643216,0.999924301229282,"97.5th percentile"
43.375064321608,7.93225728643216,0.999922786447489,"97.5th percentile"
43.4596633165829,7.93225728643216,0.999951256218569,"97.5th percentile"
43.5442623115578,7.93225728643216,0.999967664477963,"97.5th percentile"
43.6288613065327,7.93225728643216,0.999974659892087,"97.5th percentile"
43.7134603015075,7.93225728643216,0.999978909700293,"97.5th percentile"
43.7980592964824,7.93225728643216,0.999985854598818,"97.5th percentile"
43.8826582914573,7.93225728643216,0.999987872337457,"97.5th percentile"
43.9672572864322,7.93225728643216,0.999990022085911,"97.5th percentile"
44.051856281407,7.93225728643216,0.999991560084045,"97.5th percentile"
44.1364552763819,7.93225728643216,0.999994692718645,"97.5th percentile"
44.2210542713568,7.93225728643216,0.999995345569964,"97.5th percentile"
44.3056532663317,7.93225728643216,0.99999650348742,"97.5th percentile"
44.3902522613065,7.93225728643216,0.99999740565449,"97.5th percentile"
44.4748512562814,7.93225728643216,0.999997614049522,"97.5th percentile"
44.5594502512563,7.93225728643216,0.999997366006759,"97.5th percentile"
44.6440492462312,7.93225728643216,0.999997303379469,"97.5th percentile"
44.728648241206,7.93225728643216,0.999997469798084,"97.5th percentile"
44.8132472361809,7.93225728643216,0.999997244629107,"97.5th percentile"
44.8978462311558,7.93225728643216,0.999997651695666,"97.5th percentile"
44.9824452261307,7.93225728643216,0.999996922994759,"97.5th percentile"
45.0670442211055,7.93225728643216,0.999997523697608,"97.5th percentile"
45.1516432160804,7.93225728643216,0.999997668813844,"97.5th percentile"
45.2362422110553,7.93225728643216,0.999997798872325,"97.5th percentile"
45.3208412060302,7.93225728643216,0.999997717734788,"97.5th percentile"
45.405440201005,7.93225728643216,0.999997702601397,"97.5th percentile"
45.4900391959799,7.93225728643216,0.999997933915853,"97.5th percentile"
45.5746381909548,7.93225728643216,0.999997576026559,"97.5th percentile"
45.6592371859296,7.93225728643216,0.99999762710686,"97.5th percentile"
45.7438361809045,7.93225728643216,0.999997577163422,"97.5th percentile"
45.8284351758794,7.93225728643216,0.99999737130627,"97.5th percentile"
45.9130341708543,7.93225728643216,0.999997412874264,"97.5th percentile"
45.9976331658291,7.93225728643216,0.999997371973054,"97.5th percentile"
46.082232160804,7.93225728643216,0.999997377774835,"97.5th percentile"
46.1668311557789,7.93225728643216,0.999997229236244,"97.5th percentile"
46.2514301507538,7.93225728643216,0.999997259988274,"97.5th percentile"
46.3360291457286,7.93225728643216,0.999997370904017,"97.5th percentile"
46.4206281407035,7.93225728643216,0.999997448876943,"97.5th percentile"
46.5052271356784,7.93225728643216,0.999997529371673,"97.5th percentile"
46.5898261306533,7.93225728643216,0.99999767176313,"97.5th percentile"
46.6744251256281,7.93225728643216,0.999997821305807,"97.5th percentile"
46.759024120603,7.93225728643216,0.999997974457414,"97.5th percentile"
46.8436231155779,7.93225728643216,0.99999832369923,"97.5th percentile"
46.9282221105528,7.93225728643216,0.999998336812193,"97.5th percentile"
47.0128211055276,7.93225728643216,0.999998494488908,"97.5th percentile"
47.0974201005025,7.93225728643216,0.99999875456646,"97.5th percentile"
47.1820190954774,7.93225728643216,0.999998807605965,"97.5th percentile"
47.2666180904523,7.93225728643216,0.999999020083438,"97.5th percentile"
47.3512170854271,7.93225728643216,0.999999107972272,"97.5th percentile"
47.435816080402,7.93225728643216,0.999999327044905,"97.5th percentile"
47.5204150753769,7.93225728643216,0.999999377035833,"97.5th percentile"
47.6050140703518,7.93225728643216,0.99999952919649,"97.5th percentile"
47.6896130653266,7.93225728643216,0.999999569917182,"97.5th percentile"
33.1385859296482,8.00028391959799,0.00169103759076624,"97.5th percentile"
33.2231849246231,8.00028391959799,0.00276840167128735,"97.5th percentile"
33.307783919598,8.00028391959799,0.00405129989509822,"97.5th percentile"
33.3923829145729,8.00028391959799,0.00479276446595863,"97.5th percentile"
33.4769819095477,8.00028391959799,0.00675094149113494,"97.5th percentile"
33.5615809045226,8.00028391959799,0.00966819662190467,"97.5th percentile"
33.6461798994975,8.00028391959799,0.0160410831236116,"97.5th percentile"
33.7307788944724,8.00028391959799,0.0210995571397746,"97.5th percentile"
33.8153778894472,8.00028391959799,0.0287747246526697,"97.5th percentile"
33.8999768844221,8.00028391959799,0.043196759373187,"97.5th percentile"
33.984575879397,8.00028391959799,0.0581697318881063,"97.5th percentile"
34.0691748743719,8.00028391959799,0.0817982030390221,"97.5th percentile"
34.1537738693467,8.00028391959799,0.11430776774983,"97.5th percentile"
34.2383728643216,8.00028391959799,0.18161947956754,"97.5th percentile"
34.3229718592965,8.00028391959799,0.239408188535003,"97.5th percentile"
34.4075708542714,8.00028391959799,0.329491540666578,"97.5th percentile"
34.4921698492462,8.00028391959799,0.362708098975727,"97.5th percentile"
34.5767688442211,8.00028391959799,0.341863680077393,"97.5th percentile"
34.661367839196,8.00028391959799,0.27223801618563,"97.5th percentile"
34.7459668341709,8.00028391959799,0.284441197980592,"97.5th percentile"
34.8305658291457,8.00028391959799,0.28101737560759,"97.5th percentile"
34.9151648241206,8.00028391959799,0.276204625576059,"97.5th percentile"
34.9997638190955,8.00028391959799,0.293642512327646,"97.5th percentile"
35.0843628140704,8.00028391959799,0.301158007675623,"97.5th percentile"
35.1689618090452,8.00028391959799,0.303238742162928,"97.5th percentile"
35.2535608040201,8.00028391959799,0.307923709904933,"97.5th percentile"
35.338159798995,8.00028391959799,0.305631222849697,"97.5th percentile"
35.4227587939698,8.00028391959799,0.302181341137432,"97.5th percentile"
35.5073577889447,8.00028391959799,0.294753087060583,"97.5th percentile"
35.5919567839196,8.00028391959799,0.305085171303169,"97.5th percentile"
35.6765557788945,8.00028391959799,0.302812438105432,"97.5th percentile"
35.7611547738694,8.00028391959799,0.327742106913568,"97.5th percentile"
35.8457537688442,8.00028391959799,0.331719855579366,"97.5th percentile"
35.9303527638191,8.00028391959799,0.330503441217867,"97.5th percentile"
36.014951758794,8.00028391959799,0.305833056269095,"97.5th percentile"
36.0995507537688,8.00028391959799,0.311740407650161,"97.5th percentile"
36.1841497487437,8.00028391959799,0.312160109791511,"97.5th percentile"
36.2687487437186,8.00028391959799,0.314890492655063,"97.5th percentile"
36.3533477386935,8.00028391959799,0.311357594588701,"97.5th percentile"
36.4379467336683,8.00028391959799,0.290868291687101,"97.5th percentile"
36.5225457286432,8.00028391959799,0.327694868625753,"97.5th percentile"
36.6071447236181,8.00028391959799,0.322674286331955,"97.5th percentile"
36.691743718593,8.00028391959799,0.329797333467083,"97.5th percentile"
36.7763427135678,8.00028391959799,0.337100195870332,"97.5th percentile"
36.8609417085427,8.00028391959799,0.344842934120564,"97.5th percentile"
36.9455407035176,8.00028391959799,0.318904815702634,"97.5th percentile"
37.0301396984925,8.00028391959799,0.349225641702638,"97.5th percentile"
37.1147386934673,8.00028391959799,0.323292577302038,"97.5th percentile"
37.1993376884422,8.00028391959799,0.307708070667508,"97.5th percentile"
37.2839366834171,8.00028391959799,0.33621295114773,"97.5th percentile"
37.368535678392,8.00028391959799,0.347894311112931,"97.5th percentile"
37.4531346733668,8.00028391959799,0.273991349744992,"97.5th percentile"
37.5377336683417,8.00028391959799,0.294895548551904,"97.5th percentile"
37.6223326633166,8.00028391959799,0.394609362545461,"97.5th percentile"
37.7069316582915,8.00028391959799,0.349273740637672,"97.5th percentile"
37.7915306532663,8.00028391959799,0.318381016924382,"97.5th percentile"
37.8761296482412,8.00028391959799,0.287598363337587,"97.5th percentile"
37.9607286432161,8.00028391959799,0.292909033979376,"97.5th percentile"
38.045327638191,8.00028391959799,0.27603478809126,"97.5th percentile"
38.1299266331658,8.00028391959799,0.27715183489189,"97.5th percentile"
38.2145256281407,8.00028391959799,0.297088326642721,"97.5th percentile"
38.2991246231156,8.00028391959799,0.294605449989317,"97.5th percentile"
38.3837236180904,8.00028391959799,0.301494817683512,"97.5th percentile"
38.4683226130653,8.00028391959799,0.292905865837136,"97.5th percentile"
38.5529216080402,8.00028391959799,0.295775925123483,"97.5th percentile"
38.6375206030151,8.00028391959799,0.308716631528019,"97.5th percentile"
38.72211959799,8.00028391959799,0.291405464421998,"97.5th percentile"
38.8067185929648,8.00028391959799,0.577533950538359,"97.5th percentile"
38.8913175879397,8.00028391959799,0.574029606941553,"97.5th percentile"
38.9759165829146,8.00028391959799,0.317808396163487,"97.5th percentile"
39.0605155778894,8.00028391959799,0.301994808024671,"97.5th percentile"
39.1451145728643,8.00028391959799,0.28642475848639,"97.5th percentile"
39.2297135678392,8.00028391959799,0.288177703552271,"97.5th percentile"
39.3143125628141,8.00028391959799,0.295906195493807,"97.5th percentile"
39.3989115577889,8.00028391959799,0.273543202701016,"97.5th percentile"
39.4835105527638,8.00028391959799,0.281630920357332,"97.5th percentile"
39.5681095477387,8.00028391959799,0.213806016010131,"97.5th percentile"
39.6527085427136,8.00028391959799,0.232910633487806,"97.5th percentile"
39.7373075376884,8.00028391959799,0.264119541421131,"97.5th percentile"
39.8219065326633,8.00028391959799,0.281282708245069,"97.5th percentile"
39.9065055276382,8.00028391959799,0.289761406594982,"97.5th percentile"
39.9911045226131,8.00028391959799,0.292408347446481,"97.5th percentile"
40.0757035175879,8.00028391959799,0.284749741842851,"97.5th percentile"
40.1603025125628,8.00028391959799,0.292383498327058,"97.5th percentile"
40.2449015075377,8.00028391959799,0.31600440563795,"97.5th percentile"
40.3295005025126,8.00028391959799,0.312094583598392,"97.5th percentile"
40.4140994974874,8.00028391959799,0.328508047532394,"97.5th percentile"
40.4986984924623,8.00028391959799,0.316942925099724,"97.5th percentile"
40.5832974874372,8.00028391959799,0.318967067445685,"97.5th percentile"
40.6678964824121,8.00028391959799,0.388720675494239,"97.5th percentile"
40.7524954773869,8.00028391959799,0.47114106197494,"97.5th percentile"
40.8370944723618,8.00028391959799,0.572246102194003,"97.5th percentile"
40.9216934673367,8.00028391959799,0.66643367889777,"97.5th percentile"
41.0062924623116,8.00028391959799,0.722249676885542,"97.5th percentile"
41.0908914572864,8.00028391959799,0.779272748890393,"97.5th percentile"
41.1754904522613,8.00028391959799,0.853572189230392,"97.5th percentile"
41.2600894472362,8.00028391959799,0.878427673832042,"97.5th percentile"
41.344688442211,8.00028391959799,0.907689456274509,"97.5th percentile"
41.4292874371859,8.00028391959799,0.933929893405083,"97.5th percentile"
41.5138864321608,8.00028391959799,0.951145480807725,"97.5th percentile"
41.5984854271357,8.00028391959799,0.9648618669773,"97.5th percentile"
41.6830844221106,8.00028391959799,0.974628012865483,"97.5th percentile"
41.7676834170854,8.00028391959799,0.981772609075109,"97.5th percentile"
41.8522824120603,8.00028391959799,0.986957278710878,"97.5th percentile"
41.9368814070352,8.00028391959799,0.99076232111436,"97.5th percentile"
42.02148040201,8.00028391959799,0.99341205175068,"97.5th percentile"
42.1060793969849,8.00028391959799,0.995326965054289,"97.5th percentile"
42.1906783919598,8.00028391959799,0.996975851860136,"97.5th percentile"
42.2752773869347,8.00028391959799,0.997968928991696,"97.5th percentile"
42.3598763819095,8.00028391959799,0.99841481233143,"97.5th percentile"
42.4444753768844,8.00028391959799,0.998934132399941,"97.5th percentile"
42.5290743718593,8.00028391959799,0.999143157482628,"97.5th percentile"
42.6136733668342,8.00028391959799,0.999367150569486,"97.5th percentile"
42.698272361809,8.00028391959799,0.99952793174945,"97.5th percentile"
42.7828713567839,8.00028391959799,0.999656422531613,"97.5th percentile"
42.8674703517588,8.00028391959799,0.999716303633295,"97.5th percentile"
42.9520693467337,8.00028391959799,0.999792181972636,"97.5th percentile"
43.0366683417085,8.00028391959799,0.999820237611622,"97.5th percentile"
43.1212673366834,8.00028391959799,0.999856256150872,"97.5th percentile"
43.2058663316583,8.00028391959799,0.99988385840861,"97.5th percentile"
43.2904653266332,8.00028391959799,0.999922522297822,"97.5th percentile"
43.375064321608,8.00028391959799,0.999944245464134,"97.5th percentile"
43.4596633165829,8.00028391959799,0.999958135815607,"97.5th percentile"
43.5442623115578,8.00028391959799,0.999963530739143,"97.5th percentile"
43.6288613065327,8.00028391959799,0.999976552513588,"97.5th percentile"
43.7134603015075,8.00028391959799,0.999981797686487,"97.5th percentile"
43.7980592964824,8.00028391959799,0.999987730232023,"97.5th percentile"
43.8826582914573,8.00028391959799,0.999988315974549,"97.5th percentile"
43.9672572864322,8.00028391959799,0.999990805531398,"97.5th percentile"
44.051856281407,8.00028391959799,0.999992554836103,"97.5th percentile"
44.1364552763819,8.00028391959799,0.999995198564048,"97.5th percentile"
44.2210542713568,8.00028391959799,0.999995911908433,"97.5th percentile"
44.3056532663317,8.00028391959799,0.99999726035869,"97.5th percentile"
44.3902522613065,8.00028391959799,0.999997590025159,"97.5th percentile"
44.4748512562814,8.00028391959799,0.999997697311692,"97.5th percentile"
44.5594502512563,8.00028391959799,0.999997751859726,"97.5th percentile"
44.6440492462312,8.00028391959799,0.99999765272197,"97.5th percentile"
44.728648241206,8.00028391959799,0.999997673145012,"97.5th percentile"
44.8132472361809,8.00028391959799,0.999997676110922,"97.5th percentile"
44.8978462311558,8.00028391959799,0.999997102091947,"97.5th percentile"
44.9824452261307,8.00028391959799,0.999997758236702,"97.5th percentile"
45.0670442211055,8.00028391959799,0.999997412680966,"97.5th percentile"
45.1516432160804,8.00028391959799,0.999997839259802,"97.5th percentile"
45.2362422110553,8.00028391959799,0.999997480188714,"97.5th percentile"
45.3208412060302,8.00028391959799,0.999998002932976,"97.5th percentile"
45.405440201005,8.00028391959799,0.999998112198813,"97.5th percentile"
45.4900391959799,8.00028391959799,0.999998239125919,"97.5th percentile"
45.5746381909548,8.00028391959799,0.999997589074847,"97.5th percentile"
45.6592371859296,8.00028391959799,0.999997531547654,"97.5th percentile"
45.7438361809045,8.00028391959799,0.999997363878651,"97.5th percentile"
45.8284351758794,8.00028391959799,0.999997763035178,"97.5th percentile"
45.9130341708543,8.00028391959799,0.999997128334862,"97.5th percentile"
45.9976331658291,8.00028391959799,0.999997087123209,"97.5th percentile"
46.082232160804,8.00028391959799,0.999997052800028,"97.5th percentile"
46.1668311557789,8.00028391959799,0.999997014751996,"97.5th percentile"
46.2514301507538,8.00028391959799,0.999997175183188,"97.5th percentile"
46.3360291457286,8.00028391959799,0.999997571604015,"97.5th percentile"
46.4206281407035,8.00028391959799,0.999997456364266,"97.5th percentile"
46.5052271356784,8.00028391959799,0.999997530398729,"97.5th percentile"
46.5898261306533,8.00028391959799,0.999998012368938,"97.5th percentile"
46.6744251256281,8.00028391959799,0.999997934519603,"97.5th percentile"
46.759024120603,8.00028391959799,0.999997949888174,"97.5th percentile"
46.8436231155779,8.00028391959799,0.999998022293041,"97.5th percentile"
46.9282221105528,8.00028391959799,0.999998192788025,"97.5th percentile"
47.435816080402,8.00028391959799,0.999999245497769,"97.5th percentile"
47.5204150753769,8.00028391959799,0.999999315705249,"97.5th percentile"
47.6050140703518,8.00028391959799,0.999999414466524,"97.5th percentile"
47.6896130653266,8.00028391959799,0.999999547439223,"97.5th percentile"
47.7742120603015,8.00028391959799,0.999999611205792,"97.5th percentile"
33.1385859296482,8.06831055276382,0.0026148327461338,"97.5th percentile"
33.2231849246231,8.06831055276382,0.00401489494710276,"97.5th percentile"
33.307783919598,8.06831055276382,0.00646278705699536,"97.5th percentile"
33.3923829145729,8.06831055276382,0.00692767973431451,"97.5th percentile"
33.4769819095477,8.06831055276382,0.0094145467944756,"97.5th percentile"
33.5615809045226,8.06831055276382,0.0138659161642315,"97.5th percentile"
33.6461798994975,8.06831055276382,0.0214564867965175,"97.5th percentile"
33.7307788944724,8.06831055276382,0.0288100055290296,"97.5th percentile"
33.8153778894472,8.06831055276382,0.040278563085324,"97.5th percentile"
33.8999768844221,8.06831055276382,0.0571559055352583,"97.5th percentile"
33.984575879397,8.06831055276382,0.0812800808369913,"97.5th percentile"
34.0691748743719,8.06831055276382,0.131054954638284,"97.5th percentile"
34.1537738693467,8.06831055276382,0.195702577661943,"97.5th percentile"
34.2383728643216,8.06831055276382,0.26632963600188,"97.5th percentile"
34.3229718592965,8.06831055276382,0.327509399474141,"97.5th percentile"
34.4075708542714,8.06831055276382,0.347649255856084,"97.5th percentile"
34.4921698492462,8.06831055276382,0.368714951447415,"97.5th percentile"
34.5767688442211,8.06831055276382,0.296391681757009,"97.5th percentile"
34.661367839196,8.06831055276382,0.320218047204791,"97.5th percentile"
34.7459668341709,8.06831055276382,0.294649870486814,"97.5th percentile"
34.8305658291457,8.06831055276382,0.283355619413012,"97.5th percentile"
34.9151648241206,8.06831055276382,0.275931556465742,"97.5th percentile"
34.9997638190955,8.06831055276382,0.29240489474874,"97.5th percentile"
35.0843628140704,8.06831055276382,0.300386202319089,"97.5th percentile"
35.1689618090452,8.06831055276382,0.306257185352302,"97.5th percentile"
35.2535608040201,8.06831055276382,0.307102820227269,"97.5th percentile"
35.338159798995,8.06831055276382,0.305178746597135,"97.5th percentile"
35.4227587939698,8.06831055276382,0.293147529767593,"97.5th percentile"
35.5073577889447,8.06831055276382,0.294108681685444,"97.5th percentile"
35.5919567839196,8.06831055276382,0.309875883983538,"97.5th percentile"
35.6765557788945,8.06831055276382,0.301970196927286,"97.5th percentile"
35.7611547738694,8.06831055276382,0.327199098381289,"97.5th percentile"
35.8457537688442,8.06831055276382,0.331022158528208,"97.5th percentile"
35.9303527638191,8.06831055276382,0.329960330838988,"97.5th percentile"
36.014951758794,8.06831055276382,0.304513359445395,"97.5th percentile"
36.0995507537688,8.06831055276382,0.31984968505086,"97.5th percentile"
36.1841497487437,8.06831055276382,0.322570551723794,"97.5th percentile"
36.2687487437186,8.06831055276382,0.354981048024284,"97.5th percentile"
36.3533477386935,8.06831055276382,0.304888198263359,"97.5th percentile"
36.4379467336683,8.06831055276382,0.291477800087826,"97.5th percentile"
36.5225457286432,8.06831055276382,0.333009084296692,"97.5th percentile"
36.6071447236181,8.06831055276382,0.323380747415343,"97.5th percentile"
36.691743718593,8.06831055276382,0.354831230856748,"97.5th percentile"
36.7763427135678,8.06831055276382,0.324131135175044,"97.5th percentile"
36.8609417085427,8.06831055276382,0.345306845058842,"97.5th percentile"
36.9455407035176,8.06831055276382,0.332772013529827,"97.5th percentile"
37.0301396984925,8.06831055276382,0.339351887950045,"97.5th percentile"
37.1147386934673,8.06831055276382,0.333001598370328,"97.5th percentile"
37.1993376884422,8.06831055276382,0.315451823224585,"97.5th percentile"
37.2839366834171,8.06831055276382,0.351846472477584,"97.5th percentile"
37.368535678392,8.06831055276382,0.341608570868767,"97.5th percentile"
37.4531346733668,8.06831055276382,0.273510574427624,"97.5th percentile"
37.5377336683417,8.06831055276382,0.289577988581497,"97.5th percentile"
37.6223326633166,8.06831055276382,0.37406401714882,"97.5th percentile"
37.7069316582915,8.06831055276382,0.349340050858751,"97.5th percentile"
37.7915306532663,8.06831055276382,0.334508179108753,"97.5th percentile"
37.8761296482412,8.06831055276382,0.295201888192817,"97.5th percentile"
37.9607286432161,8.06831055276382,0.293833614957609,"97.5th percentile"
38.045327638191,8.06831055276382,0.277619513453848,"97.5th percentile"
38.1299266331658,8.06831055276382,0.286895029807637,"97.5th percentile"
38.2145256281407,8.06831055276382,0.330271635024316,"97.5th percentile"
38.2991246231156,8.06831055276382,0.291356062417668,"97.5th percentile"
38.3837236180904,8.06831055276382,0.299770989776491,"97.5th percentile"
38.4683226130653,8.06831055276382,0.319529744121904,"97.5th percentile"
38.5529216080402,8.06831055276382,0.322529596195539,"97.5th percentile"
38.6375206030151,8.06831055276382,0.313376038744281,"97.5th percentile"
38.72211959799,8.06831055276382,0.294656163870363,"97.5th percentile"
38.8067185929648,8.06831055276382,0.585121433737055,"97.5th percentile"
38.8913175879397,8.06831055276382,0.513953242780594,"97.5th percentile"
38.9759165829146,8.06831055276382,0.329602104915315,"97.5th percentile"
39.0605155778894,8.06831055276382,0.338591855804466,"97.5th percentile"
39.1451145728643,8.06831055276382,0.294742242413895,"97.5th percentile"
39.2297135678392,8.06831055276382,0.289340450621355,"97.5th percentile"
39.3143125628141,8.06831055276382,0.289516739227126,"97.5th percentile"
39.3989115577889,8.06831055276382,0.283342070379475,"97.5th percentile"
39.4835105527638,8.06831055276382,0.275402378236447,"97.5th percentile"
39.5681095477387,8.06831055276382,0.219862005997808,"97.5th percentile"
39.6527085427136,8.06831055276382,0.237162123793184,"97.5th percentile"
39.7373075376884,8.06831055276382,0.267390847181522,"97.5th percentile"
39.8219065326633,8.06831055276382,0.283967675440912,"97.5th percentile"
39.9065055276382,8.06831055276382,0.291482458193558,"97.5th percentile"
39.9911045226131,8.06831055276382,0.300811767048085,"97.5th percentile"
40.0757035175879,8.06831055276382,0.282783183893637,"97.5th percentile"
40.1603025125628,8.06831055276382,0.296608129355264,"97.5th percentile"
40.2449015075377,8.06831055276382,0.318021198941472,"97.5th percentile"
40.3295005025126,8.06831055276382,0.368900102206269,"97.5th percentile"
40.4140994974874,8.06831055276382,0.341866428427322,"97.5th percentile"
40.4986984924623,8.06831055276382,0.353414599556967,"97.5th percentile"
40.5832974874372,8.06831055276382,0.324122222279053,"97.5th percentile"
40.6678964824121,8.06831055276382,0.429922707225949,"97.5th percentile"
40.7524954773869,8.06831055276382,0.504248193321463,"97.5th percentile"
40.8370944723618,8.06831055276382,0.611303120501642,"97.5th percentile"
40.9216934673367,8.06831055276382,0.653447532106418,"97.5th percentile"
41.0062924623116,8.06831055276382,0.743886168811746,"97.5th percentile"
41.0908914572864,8.06831055276382,0.789369125979838,"97.5th percentile"
41.1754904522613,8.06831055276382,0.844391397800373,"97.5th percentile"
41.2600894472362,8.06831055276382,0.884165250006555,"97.5th percentile"
41.344688442211,8.06831055276382,0.913632624767415,"97.5th percentile"
41.4292874371859,8.06831055276382,0.938541025420119,"97.5th percentile"
41.5138864321608,8.06831055276382,0.953843143567366,"97.5th percentile"
41.5984854271357,8.06831055276382,0.96720138056752,"97.5th percentile"
41.6830844221106,8.06831055276382,0.982471242215998,"97.5th percentile"
41.7676834170854,8.06831055276382,0.982837229253327,"97.5th percentile"
41.8522824120603,8.06831055276382,0.987766283902798,"97.5th percentile"
41.9368814070352,8.06831055276382,0.991342525066097,"97.5th percentile"
42.02148040201,8.06831055276382,0.993796493815883,"97.5th percentile"
42.1060793969849,8.06831055276382,0.99559220433751,"97.5th percentile"
42.1906783919598,8.06831055276382,0.996870158413219,"97.5th percentile"
42.2752773869347,8.06831055276382,0.997767655810075,"97.5th percentile"
42.3598763819095,8.06831055276382,0.998511936152228,"97.5th percentile"
42.4444753768844,8.06831055276382,0.998970249126888,"97.5th percentile"
42.5290743718593,8.06831055276382,0.999235121552263,"97.5th percentile"
42.6136733668342,8.06831055276382,0.999455930572071,"97.5th percentile"
42.698272361809,8.06831055276382,0.999633465776409,"97.5th percentile"
42.7828713567839,8.06831055276382,0.999641219780525,"97.5th percentile"
42.8674703517588,8.06831055276382,0.999735086178109,"97.5th percentile"
42.9520693467337,8.06831055276382,0.999798860727906,"97.5th percentile"
43.0366683417085,8.06831055276382,0.99984413857602,"97.5th percentile"
43.1212673366834,8.06831055276382,0.999871348898738,"97.5th percentile"
43.2058663316583,8.06831055276382,0.999902733220979,"97.5th percentile"
43.2904653266332,8.06831055276382,0.999935713974253,"97.5th percentile"
43.375064321608,8.06831055276382,0.999956215886738,"97.5th percentile"
43.4596633165829,8.06831055276382,0.999964042883839,"97.5th percentile"
43.5442623115578,8.06831055276382,0.999971388112235,"97.5th percentile"
43.6288613065327,8.06831055276382,0.999981097601914,"97.5th percentile"
43.7134603015075,8.06831055276382,0.999984310916797,"97.5th percentile"
43.7980592964824,8.06831055276382,0.999985077938854,"97.5th percentile"
43.8826582914573,8.06831055276382,0.999988318952507,"97.5th percentile"
43.9672572864322,8.06831055276382,0.99999148885738,"97.5th percentile"
44.051856281407,8.06831055276382,0.999993447493844,"97.5th percentile"
44.1364552763819,8.06831055276382,0.999995176868876,"97.5th percentile"
44.2210542713568,8.06831055276382,0.999996581228037,"97.5th percentile"
44.3056532663317,8.06831055276382,0.999997217503276,"97.5th percentile"
44.3902522613065,8.06831055276382,0.999997951291506,"97.5th percentile"
44.4748512562814,8.06831055276382,0.999997843274676,"97.5th percentile"
44.5594502512563,8.06831055276382,0.999997725434801,"97.5th percentile"
44.6440492462312,8.06831055276382,0.999997584413196,"97.5th percentile"
44.728648241206,8.06831055276382,0.999997591514091,"97.5th percentile"
44.8132472361809,8.06831055276382,0.999997459124156,"97.5th percentile"
44.8978462311558,8.06831055276382,0.999997256285829,"97.5th percentile"
44.9824452261307,8.06831055276382,0.999997891914387,"97.5th percentile"
45.0670442211055,8.06831055276382,0.999997416939157,"97.5th percentile"
45.1516432160804,8.06831055276382,0.999997978784559,"97.5th percentile"
45.2362422110553,8.06831055276382,0.999998022392245,"97.5th percentile"
45.3208412060302,8.06831055276382,0.999998120286371,"97.5th percentile"
45.405440201005,8.06831055276382,0.999998224096943,"97.5th percentile"
45.4900391959799,8.06831055276382,0.99999769166987,"97.5th percentile"
45.5746381909548,8.06831055276382,0.999997734469194,"97.5th percentile"
45.6592371859296,8.06831055276382,0.999997932539545,"97.5th percentile"
45.7438361809045,8.06831055276382,0.999997195758275,"97.5th percentile"
45.8284351758794,8.06831055276382,0.999997487482989,"97.5th percentile"
45.9130341708543,8.06831055276382,0.999996916961737,"97.5th percentile"
45.9976331658291,8.06831055276382,0.999996826221019,"97.5th percentile"
46.082232160804,8.06831055276382,0.999996919140166,"97.5th percentile"
46.1668311557789,8.06831055276382,0.999997538305655,"97.5th percentile"
46.2514301507538,8.06831055276382,0.999997008977807,"97.5th percentile"
46.3360291457286,8.06831055276382,0.999997240167775,"97.5th percentile"
46.4206281407035,8.06831055276382,0.999997146106149,"97.5th percentile"
46.5052271356784,8.06831055276382,0.999997194600501,"97.5th percentile"
46.5898261306533,8.06831055276382,0.999997371968226,"97.5th percentile"
46.6744251256281,8.06831055276382,0.999997924292429,"97.5th percentile"
33.2231849246231,8.13633718592965,0.00472736957466472,"97.5th percentile"
33.307783919598,8.13633718592965,0.00874345651390852,"97.5th percentile"
33.3923829145729,8.13633718592965,0.00924301814821467,"97.5th percentile"
33.4769819095477,8.13633718592965,0.0147454206480982,"97.5th percentile"
33.5615809045226,8.13633718592965,0.019716970005035,"97.5th percentile"
33.6461798994975,8.13633718592965,0.0284591732070257,"97.5th percentile"
33.7307788944724,8.13633718592965,0.0406227468376817,"97.5th percentile"
33.8153778894472,8.13633718592965,0.0785503793826107,"97.5th percentile"
33.8999768844221,8.13633718592965,0.0842858787205548,"97.5th percentile"
33.984575879397,8.13633718592965,0.111131067752916,"97.5th percentile"
34.0691748743719,8.13633718592965,0.195407710700638,"97.5th percentile"
34.1537738693467,8.13633718592965,0.232719285106261,"97.5th percentile"
34.2383728643216,8.13633718592965,0.293577756899137,"97.5th percentile"
34.3229718592965,8.13633718592965,0.39444595177284,"97.5th percentile"
34.4075708542714,8.13633718592965,0.388451837474489,"97.5th percentile"
34.4921698492462,8.13633718592965,0.321007853089965,"97.5th percentile"
34.5767688442211,8.13633718592965,0.308874026573269,"97.5th percentile"
34.661367839196,8.13633718592965,0.282913288990327,"97.5th percentile"
34.7459668341709,8.13633718592965,0.276266199851127,"97.5th percentile"
34.8305658291457,8.13633718592965,0.265056021344103,"97.5th percentile"
34.9151648241206,8.13633718592965,0.299107765249998,"97.5th percentile"
34.9997638190955,8.13633718592965,0.286355250718181,"97.5th percentile"
35.0843628140704,8.13633718592965,0.33297424475373,"97.5th percentile"
35.1689618090452,8.13633718592965,0.295888711787211,"97.5th percentile"
35.2535608040201,8.13633718592965,0.317807015563346,"97.5th percentile"
35.338159798995,8.13633718592965,0.288953965608384,"97.5th percentile"
35.4227587939698,8.13633718592965,0.26840124570822,"97.5th percentile"
35.5073577889447,8.13633718592965,0.26063488594193,"97.5th percentile"
35.5919567839196,8.13633718592965,0.298272146059605,"97.5th percentile"
35.6765557788945,8.13633718592965,0.308727670420755,"97.5th percentile"
35.7611547738694,8.13633718592965,0.343562280650865,"97.5th percentile"
35.8457537688442,8.13633718592965,0.330152092240689,"97.5th percentile"
35.9303527638191,8.13633718592965,0.331801112753457,"97.5th percentile"
36.014951758794,8.13633718592965,0.326486398153497,"97.5th percentile"
36.0995507537688,8.13633718592965,0.31662337817976,"97.5th percentile"
36.1841497487437,8.13633718592965,0.335701938594735,"97.5th percentile"
36.2687487437186,8.13633718592965,0.322244499678389,"97.5th percentile"
36.3533477386935,8.13633718592965,0.318990485095283,"97.5th percentile"
36.4379467336683,8.13633718592965,0.284619838124491,"97.5th percentile"
36.5225457286432,8.13633718592965,0.293672946815906,"97.5th percentile"
36.6071447236181,8.13633718592965,0.324896554795782,"97.5th percentile"
36.691743718593,8.13633718592965,0.33504339165579,"97.5th percentile"
36.7763427135678,8.13633718592965,0.403248422158637,"97.5th percentile"
36.8609417085427,8.13633718592965,0.347273364392115,"97.5th percentile"
36.9455407035176,8.13633718592965,0.352410382551748,"97.5th percentile"
37.0301396984925,8.13633718592965,0.332402029168677,"97.5th percentile"
37.1147386934673,8.13633718592965,0.354128032366878,"97.5th percentile"
37.1993376884422,8.13633718592965,0.347625261164026,"97.5th percentile"
37.2839366834171,8.13633718592965,0.371883510596984,"97.5th percentile"
37.368535678392,8.13633718592965,0.357039385682781,"97.5th percentile"
37.4531346733668,8.13633718592965,0.269831995328118,"97.5th percentile"
37.5377336683417,8.13633718592965,0.326852467277959,"97.5th percentile"
37.6223326633166,8.13633718592965,0.387718125766354,"97.5th percentile"
37.7069316582915,8.13633718592965,0.365307560694039,"97.5th percentile"
37.7915306532663,8.13633718592965,0.376558225310913,"97.5th percentile"
37.8761296482412,8.13633718592965,0.333809899275146,"97.5th percentile"
37.9607286432161,8.13633718592965,0.327424912231742,"97.5th percentile"
38.045327638191,8.13633718592965,0.332916218486103,"97.5th percentile"
38.1299266331658,8.13633718592965,0.31006369845615,"97.5th percentile"
38.2145256281407,8.13633718592965,0.310163121758896,"97.5th percentile"
38.2991246231156,8.13633718592965,0.300104694833622,"97.5th percentile"
38.3837236180904,8.13633718592965,0.297870964298675,"97.5th percentile"
38.4683226130653,8.13633718592965,0.303944940072702,"97.5th percentile"
38.5529216080402,8.13633718592965,0.333657807273333,"97.5th percentile"
38.6375206030151,8.13633718592965,0.32514383425412,"97.5th percentile"
38.72211959799,8.13633718592965,0.317205628844113,"97.5th percentile"
38.8067185929648,8.13633718592965,0.331269935151252,"97.5th percentile"
38.8913175879397,8.13633718592965,0.318624479761278,"97.5th percentile"
38.9759165829146,8.13633718592965,0.312081419761553,"97.5th percentile"
39.0605155778894,8.13633718592965,0.345262734393978,"97.5th percentile"
39.1451145728643,8.13633718592965,0.312365597517558,"97.5th percentile"
39.2297135678392,8.13633718592965,0.307848803764088,"97.5th percentile"
39.3143125628141,8.13633718592965,0.292345752954684,"97.5th percentile"
39.3989115577889,8.13633718592965,0.287743344041643,"97.5th percentile"
39.4835105527638,8.13633718592965,0.285479323776164,"97.5th percentile"
39.5681095477387,8.13633718592965,0.261372287515306,"97.5th percentile"
39.6527085427136,8.13633718592965,0.296838655834998,"97.5th percentile"
39.7373075376884,8.13633718592965,0.291406373778433,"97.5th percentile"
39.8219065326633,8.13633718592965,0.288759392838214,"97.5th percentile"
39.9065055276382,8.13633718592965,0.299498855428684,"97.5th percentile"
39.9911045226131,8.13633718592965,0.283629830336035,"97.5th percentile"
40.0757035175879,8.13633718592965,0.280107623199138,"97.5th percentile"
40.1603025125628,8.13633718592965,0.283673623112865,"97.5th percentile"
40.2449015075377,8.13633718592965,0.319259719292717,"97.5th percentile"
40.3295005025126,8.13633718592965,0.351695181919621,"97.5th percentile"
40.4140994974874,8.13633718592965,0.346650440558369,"97.5th percentile"
40.4986984924623,8.13633718592965,0.323730944049722,"97.5th percentile"
40.5832974874372,8.13633718592965,0.401613531912318,"97.5th percentile"
40.6678964824121,8.13633718592965,0.423122521244127,"97.5th percentile"
40.7524954773869,8.13633718592965,0.561259149197805,"97.5th percentile"
40.8370944723618,8.13633718592965,0.612958391644806,"97.5th percentile"
40.9216934673367,8.13633718592965,0.676209412114854,"97.5th percentile"
41.0062924623116,8.13633718592965,0.73926689190683,"97.5th percentile"
41.0908914572864,8.13633718592965,0.809206348152728,"97.5th percentile"
41.1754904522613,8.13633718592965,0.848195212307206,"97.5th percentile"
41.2600894472362,8.13633718592965,0.888514907369578,"97.5th percentile"
41.344688442211,8.13633718592965,0.916957613164227,"97.5th percentile"
41.4292874371859,8.13633718592965,0.94857188836377,"97.5th percentile"
41.5138864321608,8.13633718592965,0.956941663181155,"97.5th percentile"
41.5984854271357,8.13633718592965,0.970965036387317,"97.5th percentile"
41.6830844221106,8.13633718592965,0.977543503836065,"97.5th percentile"
41.7676834170854,8.13633718592965,0.983822827790929,"97.5th percentile"
41.8522824120603,8.13633718592965,0.988410627824063,"97.5th percentile"
41.9368814070352,8.13633718592965,0.991754410078783,"97.5th percentile"
42.02148040201,8.13633718592965,0.994141442070645,"97.5th percentile"
42.1060793969849,8.13633718592965,0.99581771185162,"97.5th percentile"
42.1906783919598,8.13633718592965,0.997048042820333,"97.5th percentile"
42.2752773869347,8.13633718592965,0.997977137921667,"97.5th percentile"
42.3598763819095,8.13633718592965,0.998605455656087,"97.5th percentile"
42.4444753768844,8.13633718592965,0.998997835377292,"97.5th percentile"
42.5290743718593,8.13633718592965,0.999282229327796,"97.5th percentile"
42.6136733668342,8.13633718592965,0.99947738477148,"97.5th percentile"
42.698272361809,8.13633718592965,0.999660581395265,"97.5th percentile"
42.7828713567839,8.13633718592965,0.999735800349161,"97.5th percentile"
42.8674703517588,8.13633718592965,0.999773836877736,"97.5th percentile"
42.9520693467337,8.13633718592965,0.999816458945536,"97.5th percentile"
43.0366683417085,8.13633718592965,0.999855046403993,"97.5th percentile"
43.1212673366834,8.13633718592965,0.999891307174509,"97.5th percentile"
43.2058663316583,8.13633718592965,0.999928948249336,"97.5th percentile"
43.2904653266332,8.13633718592965,0.999950100034152,"97.5th percentile"
43.375064321608,8.13633718592965,0.999957514486298,"97.5th percentile"
43.4596633165829,8.13633718592965,0.999962580599822,"97.5th percentile"
43.5442623115578,8.13633718592965,0.999972106932553,"97.5th percentile"
43.6288613065327,8.13633718592965,0.999980056280708,"97.5th percentile"
43.7134603015075,8.13633718592965,0.999982337574993,"97.5th percentile"
43.7980592964824,8.13633718592965,0.999988810674958,"97.5th percentile"
43.8826582914573,8.13633718592965,0.999990393598037,"97.5th percentile"
43.9672572864322,8.13633718592965,0.999993177374003,"97.5th percentile"
44.051856281407,8.13633718592965,0.999994292751667,"97.5th percentile"
44.1364552763819,8.13633718592965,0.999995648286951,"97.5th percentile"
44.2210542713568,8.13633718592965,0.999997042506688,"97.5th percentile"
44.3056532663317,8.13633718592965,0.999998079181547,"97.5th percentile"
44.3902522613065,8.13633718592965,0.999998212246596,"97.5th percentile"
44.4748512562814,8.13633718592965,0.999998167373354,"97.5th percentile"
44.5594502512563,8.13633718592965,0.999998179574625,"97.5th percentile"
44.6440492462312,8.13633718592965,0.999998137006697,"97.5th percentile"
44.728648241206,8.13633718592965,0.999997850279012,"97.5th percentile"
44.8132472361809,8.13633718592965,0.999997448475198,"97.5th percentile"
44.8978462311558,8.13633718592965,0.999997881081926,"97.5th percentile"
44.9824452261307,8.13633718592965,0.999997809832167,"97.5th percentile"
45.0670442211055,8.13633718592965,0.999998054139589,"97.5th percentile"
45.1516432160804,8.13633718592965,0.99999810269956,"97.5th percentile"
45.2362422110553,8.13633718592965,0.999998159104944,"97.5th percentile"
45.3208412060302,8.13633718592965,0.999998238346182,"97.5th percentile"
45.405440201005,8.13633718592965,0.999998308669752,"97.5th percentile"
45.4900391959799,8.13633718592965,0.999998168604558,"97.5th percentile"
45.5746381909548,8.13633718592965,0.999997285741989,"97.5th percentile"
45.6592371859296,8.13633718592965,0.999997921859971,"97.5th percentile"
45.7438361809045,8.13633718592965,0.99999782005693,"97.5th percentile"
45.8284351758794,8.13633718592965,0.999997128086356,"97.5th percentile"
45.9130341708543,8.13633718592965,0.999997223289589,"97.5th percentile"
45.9976331658291,8.13633718592965,0.9999968381621,"97.5th percentile"
46.082232160804,8.13633718592965,0.999996768125164,"97.5th percentile"
46.1668311557789,8.13633718592965,0.999997414397524,"97.5th percentile"
46.2514301507538,8.13633718592965,0.999997337885078,"97.5th percentile"
46.3360291457286,8.13633718592965,0.999996865138656,"97.5th percentile"
46.4206281407035,8.13633718592965,0.999996993428238,"97.5th percentile"
46.5052271356784,8.13633718592965,0.999997092598386,"97.5th percentile"
33.2231849246231,8.20436381909548,0.00680009092267085,"97.5th percentile"
33.307783919598,8.20436381909548,0.00922152442958515,"97.5th percentile"
33.3923829145729,8.20436381909548,0.0138578537705406,"97.5th percentile"
33.4769819095477,8.20436381909548,0.0214287704221972,"97.5th percentile"
33.5615809045226,8.20436381909548,0.0289872703705117,"97.5th percentile"
33.6461798994975,8.20436381909548,0.0413689148499359,"97.5th percentile"
33.7307788944724,8.20436381909548,0.0735195512321897,"97.5th percentile"
33.8153778894472,8.20436381909548,0.107176648860943,"97.5th percentile"
33.8999768844221,8.20436381909548,0.14023823659397,"97.5th percentile"
33.984575879397,8.20436381909548,0.201112379859435,"97.5th percentile"
34.0691748743719,8.20436381909548,0.219390423232897,"97.5th percentile"
34.1537738693467,8.20436381909548,0.342475146532832,"97.5th percentile"
34.2383728643216,8.20436381909548,0.411091065991304,"97.5th percentile"
34.3229718592965,8.20436381909548,0.342646577548506,"97.5th percentile"
34.4075708542714,8.20436381909548,0.368042436014589,"97.5th percentile"
34.4921698492462,8.20436381909548,0.37077913281015,"97.5th percentile"
34.5767688442211,8.20436381909548,0.309952388945159,"97.5th percentile"
34.661367839196,8.20436381909548,0.299573490965207,"97.5th percentile"
34.7459668341709,8.20436381909548,0.289083273163526,"97.5th percentile"
34.8305658291457,8.20436381909548,0.292088155822874,"97.5th percentile"
34.9151648241206,8.20436381909548,0.32449384497062,"97.5th percentile"
34.9997638190955,8.20436381909548,0.316260589970759,"97.5th percentile"
35.0843628140704,8.20436381909548,0.304135460290551,"97.5th percentile"
35.1689618090452,8.20436381909548,0.297769078748321,"97.5th percentile"
35.2535608040201,8.20436381909548,0.290107931563306,"97.5th percentile"
35.338159798995,8.20436381909548,0.294295043752761,"97.5th percentile"
35.4227587939698,8.20436381909548,0.278509493298873,"97.5th percentile"
35.5073577889447,8.20436381909548,0.275520286981756,"97.5th percentile"
35.5919567839196,8.20436381909548,0.28435814157906,"97.5th percentile"
35.6765557788945,8.20436381909548,0.309283581272619,"97.5th percentile"
35.7611547738694,8.20436381909548,0.302862731834734,"97.5th percentile"
35.8457537688442,8.20436381909548,0.346969725235811,"97.5th percentile"
35.9303527638191,8.20436381909548,0.335264445522622,"97.5th percentile"
36.014951758794,8.20436381909548,0.334936738421331,"97.5th percentile"
36.0995507537688,8.20436381909548,0.332802206068476,"97.5th percentile"
36.1841497487437,8.20436381909548,0.334974789108693,"97.5th percentile"
36.2687487437186,8.20436381909548,0.321006745844241,"97.5th percentile"
36.3533477386935,8.20436381909548,0.305519923291016,"97.5th percentile"
36.4379467336683,8.20436381909548,0.305614705347919,"97.5th percentile"
36.5225457286432,8.20436381909548,0.338670926679714,"97.5th percentile"
36.6071447236181,8.20436381909548,0.351123158985779,"97.5th percentile"
36.691743718593,8.20436381909548,0.349022999402071,"97.5th percentile"
36.7763427135678,8.20436381909548,0.354083571811169,"97.5th percentile"
36.8609417085427,8.20436381909548,0.354215492905664,"97.5th percentile"
36.9455407035176,8.20436381909548,0.341617552535642,"97.5th percentile"
37.0301396984925,8.20436381909548,0.330394003410125,"97.5th percentile"
37.1147386934673,8.20436381909548,0.358391233031223,"97.5th percentile"
37.1993376884422,8.20436381909548,0.362391062891273,"97.5th percentile"
37.2839366834171,8.20436381909548,0.354516004916468,"97.5th percentile"
37.368535678392,8.20436381909548,0.360334241714054,"97.5th percentile"
37.4531346733668,8.20436381909548,0.362885811696852,"97.5th percentile"
37.5377336683417,8.20436381909548,0.357134097776724,"97.5th percentile"
37.6223326633166,8.20436381909548,0.401361193247921,"97.5th percentile"
37.7069316582915,8.20436381909548,0.354661397658948,"97.5th percentile"
37.7915306532663,8.20436381909548,0.358367540330585,"97.5th percentile"
37.8761296482412,8.20436381909548,0.390401636348599,"97.5th percentile"
37.9607286432161,8.20436381909548,0.383982289461508,"97.5th percentile"
38.045327638191,8.20436381909548,0.330572757045585,"97.5th percentile"
38.1299266331658,8.20436381909548,0.282787685154163,"97.5th percentile"
38.2145256281407,8.20436381909548,0.293805127536273,"97.5th percentile"
38.2991246231156,8.20436381909548,0.361885357563489,"97.5th percentile"
38.3837236180904,8.20436381909548,0.334331217556284,"97.5th percentile"
38.4683226130653,8.20436381909548,0.312449134276036,"97.5th percentile"
38.5529216080402,8.20436381909548,0.331421387109685,"97.5th percentile"
38.6375206030151,8.20436381909548,0.334156300168138,"97.5th percentile"
38.72211959799,8.20436381909548,0.349217325253014,"97.5th percentile"
38.8067185929648,8.20436381909548,0.31284382156032,"97.5th percentile"
38.8913175879397,8.20436381909548,0.321115500251392,"97.5th percentile"
38.9759165829146,8.20436381909548,0.3364351925776,"97.5th percentile"
39.0605155778894,8.20436381909548,0.339752467911441,"97.5th percentile"
39.1451145728643,8.20436381909548,0.328104978881208,"97.5th percentile"
39.2297135678392,8.20436381909548,0.324887734734847,"97.5th percentile"
39.3143125628141,8.20436381909548,0.296967186776045,"97.5th percentile"
39.3989115577889,8.20436381909548,0.306795006401829,"97.5th percentile"
39.4835105527638,8.20436381909548,0.279877520050495,"97.5th percentile"
39.5681095477387,8.20436381909548,0.257941188131352,"97.5th percentile"
39.6527085427136,8.20436381909548,0.284624451489112,"97.5th percentile"
39.7373075376884,8.20436381909548,0.301599142184927,"97.5th percentile"
39.8219065326633,8.20436381909548,0.308701944753499,"97.5th percentile"
39.9065055276382,8.20436381909548,0.312565212514917,"97.5th percentile"
39.9911045226131,8.20436381909548,0.315581662218367,"97.5th percentile"
40.0757035175879,8.20436381909548,0.297029644613737,"97.5th percentile"
40.1603025125628,8.20436381909548,0.300585109462301,"97.5th percentile"
40.2449015075377,8.20436381909548,0.343719999300932,"97.5th percentile"
40.3295005025126,8.20436381909548,0.365916139601007,"97.5th percentile"
40.4140994974874,8.20436381909548,0.329540767988401,"97.5th percentile"
40.4986984924623,8.20436381909548,0.331775188222928,"97.5th percentile"
40.5832974874372,8.20436381909548,0.429200194040152,"97.5th percentile"
40.6678964824121,8.20436381909548,0.485065276319729,"97.5th percentile"
40.7524954773869,8.20436381909548,0.525064992476097,"97.5th percentile"
40.8370944723618,8.20436381909548,0.602193893814334,"97.5th percentile"
40.9216934673367,8.20436381909548,0.684747061667912,"97.5th percentile"
41.0062924623116,8.20436381909548,0.751455534360877,"97.5th percentile"
41.0908914572864,8.20436381909548,0.805941023600604,"97.5th percentile"
41.1754904522613,8.20436381909548,0.856581621816421,"97.5th percentile"
41.2600894472362,8.20436381909548,0.894798606818831,"97.5th percentile"
41.344688442211,8.20436381909548,0.941459696360042,"97.5th percentile"
41.4292874371859,8.20436381909548,0.959082486887376,"97.5th percentile"
41.5138864321608,8.20436381909548,0.961278168248902,"97.5th percentile"
41.5984854271357,8.20436381909548,0.970285430719258,"97.5th percentile"
41.6830844221106,8.20436381909548,0.978793993212284,"97.5th percentile"
41.7676834170854,8.20436381909548,0.984632652051615,"97.5th percentile"
41.8522824120603,8.20436381909548,0.988990799863002,"97.5th percentile"
41.9368814070352,8.20436381909548,0.992204866556311,"97.5th percentile"
42.02148040201,8.20436381909548,0.994520875648965,"97.5th percentile"
42.1060793969849,8.20436381909548,0.996050799180704,"97.5th percentile"
42.1906783919598,8.20436381909548,0.997185330324399,"97.5th percentile"
42.2752773869347,8.20436381909548,0.997985976760154,"97.5th percentile"
42.3598763819095,8.20436381909548,0.998684419055148,"97.5th percentile"
42.4444753768844,8.20436381909548,0.999080748672619,"97.5th percentile"
42.5290743718593,8.20436381909548,0.999282280225942,"97.5th percentile"
42.6136733668342,8.20436381909548,0.999486486914279,"97.5th percentile"
42.698272361809,8.20436381909548,0.999639763056233,"97.5th percentile"
42.7828713567839,8.20436381909548,0.999761570399498,"97.5th percentile"
42.8674703517588,8.20436381909548,0.999796969180329,"97.5th percentile"
42.9520693467337,8.20436381909548,0.999852354682068,"97.5th percentile"
43.0366683417085,8.20436381909548,0.999876705246515,"97.5th percentile"
43.1212673366834,8.20436381909548,0.999902857730526,"97.5th percentile"
43.2058663316583,8.20436381909548,0.999936118115702,"97.5th percentile"
43.2904653266332,8.20436381909548,0.999945049141372,"97.5th percentile"
43.375064321608,8.20436381909548,0.999961117676695,"97.5th percentile"
43.4596633165829,8.20436381909548,0.999971462384356,"97.5th percentile"
43.5442623115578,8.20436381909548,0.999981122397621,"97.5th percentile"
43.6288613065327,8.20436381909548,0.999984843114666,"97.5th percentile"
43.7134603015075,8.20436381909548,0.99998528076642,"97.5th percentile"
43.7980592964824,8.20436381909548,0.999988614631426,"97.5th percentile"
43.8826582914573,8.20436381909548,0.99999130109576,"97.5th percentile"
43.9672572864322,8.20436381909548,0.999993238954131,"97.5th percentile"
44.051856281407,8.20436381909548,0.999995031004947,"97.5th percentile"
44.1364552763819,8.20436381909548,0.999997032226766,"97.5th percentile"
44.2210542713568,8.20436381909548,0.999997186912072,"97.5th percentile"
44.3056532663317,8.20436381909548,0.999997782165419,"97.5th percentile"
44.3902522613065,8.20436381909548,0.999998216297938,"97.5th percentile"
44.4748512562814,8.20436381909548,0.999998205933472,"97.5th percentile"
44.5594502512563,8.20436381909548,0.999997959141872,"97.5th percentile"
44.6440492462312,8.20436381909548,0.999998177812023,"97.5th percentile"
44.728648241206,8.20436381909548,0.99999763722814,"97.5th percentile"
44.8132472361809,8.20436381909548,0.999997635672124,"97.5th percentile"
44.8978462311558,8.20436381909548,0.999997428673677,"97.5th percentile"
44.9824452261307,8.20436381909548,0.999997412085185,"97.5th percentile"
45.0670442211055,8.20436381909548,0.999998181225553,"97.5th percentile"
45.1516432160804,8.20436381909548,0.999998222184088,"97.5th percentile"
45.2362422110553,8.20436381909548,0.999998281720918,"97.5th percentile"
45.3208412060302,8.20436381909548,0.999998348060295,"97.5th percentile"
45.405440201005,8.20436381909548,0.999998204097421,"97.5th percentile"
45.4900391959799,8.20436381909548,0.99999726952252,"97.5th percentile"
45.5746381909548,8.20436381909548,0.999997562339064,"97.5th percentile"
45.6592371859296,8.20436381909548,0.999997014454932,"97.5th percentile"
45.7438361809045,8.20436381909548,0.999997217451081,"97.5th percentile"
45.8284351758794,8.20436381909548,0.999997241888462,"97.5th percentile"
45.9130341708543,8.20436381909548,0.999996581468284,"97.5th percentile"
45.9976331658291,8.20436381909548,0.999996612179169,"97.5th percentile"
46.082232160804,8.20436381909548,0.999996427333737,"97.5th percentile"
46.1668311557789,8.20436381909548,0.999996510866779,"97.5th percentile"
46.2514301507538,8.20436381909548,0.999997352073045,"97.5th percentile"
46.3360291457286,8.20436381909548,0.99999676408637,"97.5th percentile"
33.307783919598,8.27239045226131,0.0129718579004597,"97.5th percentile"
33.3923829145729,8.27239045226131,0.0224620962732667,"97.5th percentile"
33.4769819095477,8.27239045226131,0.0284801487703617,"97.5th percentile"
33.5615809045226,8.27239045226131,0.0518045028898087,"97.5th percentile"
33.6461798994975,8.27239045226131,0.0698363011874489,"97.5th percentile"
33.7307788944724,8.27239045226131,0.0946580869878906,"97.5th percentile"
33.8153778894472,8.27239045226131,0.138586895830475,"97.5th percentile"
33.8999768844221,8.27239045226131,0.18816798182517,"97.5th percentile"
33.984575879397,8.27239045226131,0.238377511735776,"97.5th percentile"
34.0691748743719,8.27239045226131,0.31443281360574,"97.5th percentile"
34.1537738693467,8.27239045226131,0.424782485890232,"97.5th percentile"
34.2383728643216,8.27239045226131,0.438052569852484,"97.5th percentile"
34.3229718592965,8.27239045226131,0.423165483795786,"97.5th percentile"
34.4075708542714,8.27239045226131,0.386876499317937,"97.5th percentile"
34.4921698492462,8.27239045226131,0.35492171441152,"97.5th percentile"
34.5767688442211,8.27239045226131,0.340458114915387,"97.5th percentile"
34.661367839196,8.27239045226131,0.306174891579076,"97.5th percentile"
34.7459668341709,8.27239045226131,0.282582348193076,"97.5th percentile"
34.8305658291457,8.27239045226131,0.293793682806061,"97.5th percentile"
34.9151648241206,8.27239045226131,0.292520406548547,"97.5th percentile"
34.9997638190955,8.27239045226131,0.30226075668095,"97.5th percentile"
35.0843628140704,8.27239045226131,0.270117193022112,"97.5th percentile"
35.1689618090452,8.27239045226131,0.270172276942835,"97.5th percentile"
35.2535608040201,8.27239045226131,0.280702163272008,"97.5th percentile"
35.338159798995,8.27239045226131,0.291537966726091,"97.5th percentile"
35.4227587939698,8.27239045226131,0.286838030219093,"97.5th percentile"
35.5073577889447,8.27239045226131,0.275683053242946,"97.5th percentile"
35.5919567839196,8.27239045226131,0.279355774616848,"97.5th percentile"
35.6765557788945,8.27239045226131,0.291295357620594,"97.5th percentile"
35.7611547738694,8.27239045226131,0.307096603234488,"97.5th percentile"
35.8457537688442,8.27239045226131,0.307776135304441,"97.5th percentile"
35.9303527638191,8.27239045226131,0.31638127650086,"97.5th percentile"
36.014951758794,8.27239045226131,0.303628726009559,"97.5th percentile"
36.0995507537688,8.27239045226131,0.316883792242807,"97.5th percentile"
36.1841497487437,8.27239045226131,0.32576271076024,"97.5th percentile"
36.2687487437186,8.27239045226131,0.332581494248161,"97.5th percentile"
36.3533477386935,8.27239045226131,0.321347165762665,"97.5th percentile"
36.4379467336683,8.27239045226131,0.302819575546735,"97.5th percentile"
36.5225457286432,8.27239045226131,0.33194239519189,"97.5th percentile"
36.6071447236181,8.27239045226131,0.347914132790688,"97.5th percentile"
36.691743718593,8.27239045226131,0.34064370152872,"97.5th percentile"
36.7763427135678,8.27239045226131,0.355240431529172,"97.5th percentile"
36.8609417085427,8.27239045226131,0.365333375047766,"97.5th percentile"
36.9455407035176,8.27239045226131,0.340963732231364,"97.5th percentile"
37.0301396984925,8.27239045226131,0.358591637147763,"97.5th percentile"
37.1147386934673,8.27239045226131,0.356155846677141,"97.5th percentile"
37.1993376884422,8.27239045226131,0.370685166366215,"97.5th percentile"
37.2839366834171,8.27239045226131,0.362024495192376,"97.5th percentile"
37.368535678392,8.27239045226131,0.350480861375447,"97.5th percentile"
37.4531346733668,8.27239045226131,0.386944417316565,"97.5th percentile"
37.5377336683417,8.27239045226131,0.387364220302428,"97.5th percentile"
37.6223326633166,8.27239045226131,0.359082554135911,"97.5th percentile"
37.7069316582915,8.27239045226131,0.352803965421249,"97.5th percentile"
37.7915306532663,8.27239045226131,0.349617097956476,"97.5th percentile"
37.8761296482412,8.27239045226131,0.390810644712101,"97.5th percentile"
37.9607286432161,8.27239045226131,0.381992283867717,"97.5th percentile"
38.045327638191,8.27239045226131,0.387453115746536,"97.5th percentile"
38.1299266331658,8.27239045226131,0.381486374059299,"97.5th percentile"
38.2145256281407,8.27239045226131,0.354792470706627,"97.5th percentile"
38.2991246231156,8.27239045226131,0.344896303093566,"97.5th percentile"
38.3837236180904,8.27239045226131,0.37576546428672,"97.5th percentile"
38.4683226130653,8.27239045226131,0.337245121014531,"97.5th percentile"
38.5529216080402,8.27239045226131,0.328023509385084,"97.5th percentile"
38.6375206030151,8.27239045226131,0.341413014704597,"97.5th percentile"
38.72211959799,8.27239045226131,0.323655984723172,"97.5th percentile"
38.8067185929648,8.27239045226131,0.32112064122099,"97.5th percentile"
38.8913175879397,8.27239045226131,0.321469639450071,"97.5th percentile"
38.9759165829146,8.27239045226131,0.347060341530057,"97.5th percentile"
39.0605155778894,8.27239045226131,0.37271809745569,"97.5th percentile"
39.1451145728643,8.27239045226131,0.336708861060673,"97.5th percentile"
39.2297135678392,8.27239045226131,0.338795701915638,"97.5th percentile"
39.3143125628141,8.27239045226131,0.30179831684315,"97.5th percentile"
39.3989115577889,8.27239045226131,0.320621766879705,"97.5th percentile"
39.4835105527638,8.27239045226131,0.27999014207241,"97.5th percentile"
39.5681095477387,8.27239045226131,0.270655690356594,"97.5th percentile"
39.6527085427136,8.27239045226131,0.270287777763886,"97.5th percentile"
39.7373075376884,8.27239045226131,0.294200695387509,"97.5th percentile"
39.8219065326633,8.27239045226131,0.319202904716908,"97.5th percentile"
39.9065055276382,8.27239045226131,0.306894337468522,"97.5th percentile"
39.9911045226131,8.27239045226131,0.314069473634391,"97.5th percentile"
40.0757035175879,8.27239045226131,0.30708066022983,"97.5th percentile"
40.1603025125628,8.27239045226131,0.304094468103981,"97.5th percentile"
40.2449015075377,8.27239045226131,0.318409345151519,"97.5th percentile"
40.3295005025126,8.27239045226131,0.345745391998702,"97.5th percentile"
40.4140994974874,8.27239045226131,0.350322094487641,"97.5th percentile"
40.4986984924623,8.27239045226131,0.33936481233379,"97.5th percentile"
40.5832974874372,8.27239045226131,0.382693742929127,"97.5th percentile"
40.6678964824121,8.27239045226131,0.454446561695654,"97.5th percentile"
40.7524954773869,8.27239045226131,0.539527452328998,"97.5th percentile"
40.8370944723618,8.27239045226131,0.640776298305773,"97.5th percentile"
40.9216934673367,8.27239045226131,0.69497823006864,"97.5th percentile"
41.0062924623116,8.27239045226131,0.75665595832758,"97.5th percentile"
41.0908914572864,8.27239045226131,0.851104264548811,"97.5th percentile"
41.1754904522613,8.27239045226131,0.895003097553487,"97.5th percentile"
41.2600894472362,8.27239045226131,0.906180081192964,"97.5th percentile"
41.344688442211,8.27239045226131,0.93312908517198,"97.5th percentile"
41.4292874371859,8.27239045226131,0.946473181250643,"97.5th percentile"
41.5138864321608,8.27239045226131,0.96113392365829,"97.5th percentile"
41.5984854271357,8.27239045226131,0.971946407525599,"97.5th percentile"
41.6830844221106,8.27239045226131,0.979940234517399,"97.5th percentile"
41.7676834170854,8.27239045226131,0.985698065182905,"97.5th percentile"
41.8522824120603,8.27239045226131,0.990793034290233,"97.5th percentile"
41.9368814070352,8.27239045226131,0.992632398773456,"97.5th percentile"
42.02148040201,8.27239045226131,0.994949310526483,"97.5th percentile"
42.1060793969849,8.27239045226131,0.99627319855877,"97.5th percentile"
42.1906783919598,8.27239045226131,0.997341778041135,"97.5th percentile"
42.2752773869347,8.27239045226131,0.998103809770665,"97.5th percentile"
42.3598763819095,8.27239045226131,0.998652639650408,"97.5th percentile"
42.4444753768844,8.27239045226131,0.999060084941109,"97.5th percentile"
42.5290743718593,8.27239045226131,0.99932185112144,"97.5th percentile"
42.6136733668342,8.27239045226131,0.999515146390349,"97.5th percentile"
42.698272361809,8.27239045226131,0.999661870110799,"97.5th percentile"
42.7828713567839,8.27239045226131,0.999754028794489,"97.5th percentile"
42.8674703517588,8.27239045226131,0.999828218078439,"97.5th percentile"
42.9520693467337,8.27239045226131,0.999864163980388,"97.5th percentile"
43.0366683417085,8.27239045226131,0.999892506315549,"97.5th percentile"
43.1212673366834,8.27239045226131,0.999919793210512,"97.5th percentile"
43.2058663316583,8.27239045226131,0.999946079394934,"97.5th percentile"
43.2904653266332,8.27239045226131,0.999958868992675,"97.5th percentile"
43.375064321608,8.27239045226131,0.999964688285707,"97.5th percentile"
43.4596633165829,8.27239045226131,0.999975047843838,"97.5th percentile"
43.5442623115578,8.27239045226131,0.999983347881867,"97.5th percentile"
43.6288613065327,8.27239045226131,0.999983734467067,"97.5th percentile"
43.7134603015075,8.27239045226131,0.999988270891482,"97.5th percentile"
43.7980592964824,8.27239045226131,0.99999226794194,"97.5th percentile"
43.8826582914573,8.27239045226131,0.999993303076588,"97.5th percentile"
43.9672572864322,8.27239045226131,0.999995370537475,"97.5th percentile"
44.051856281407,8.27239045226131,0.999995833294277,"97.5th percentile"
44.1364552763819,8.27239045226131,0.999997036624421,"97.5th percentile"
44.2210542713568,8.27239045226131,0.999997299981698,"97.5th percentile"
44.3056532663317,8.27239045226131,0.999998099083648,"97.5th percentile"
44.3902522613065,8.27239045226131,0.99999832011142,"97.5th percentile"
44.4748512562814,8.27239045226131,0.999998191835539,"97.5th percentile"
44.5594502512563,8.27239045226131,0.999998120424926,"97.5th percentile"
44.6440492462312,8.27239045226131,0.999997879751298,"97.5th percentile"
44.728648241206,8.27239045226131,0.999998170100528,"97.5th percentile"
44.8132472361809,8.27239045226131,0.999997764177729,"97.5th percentile"
44.8978462311558,8.27239045226131,0.999997665941498,"97.5th percentile"
44.9824452261307,8.27239045226131,0.999997664051096,"97.5th percentile"
45.0670442211055,8.27239045226131,0.999998237237336,"97.5th percentile"
45.1516432160804,8.27239045226131,0.999997852209951,"97.5th percentile"
45.2362422110553,8.27239045226131,0.999997947637368,"97.5th percentile"
45.3208412060302,8.27239045226131,0.99999824959203,"97.5th percentile"
45.405440201005,8.27239045226131,0.999998107948957,"97.5th percentile"
45.4900391959799,8.27239045226131,0.999997954877823,"97.5th percentile"
45.5746381909548,8.27239045226131,0.999996924269739,"97.5th percentile"
45.6592371859296,8.27239045226131,0.999996741811312,"97.5th percentile"
45.7438361809045,8.27239045226131,0.999996818225765,"97.5th percentile"
45.8284351758794,8.27239045226131,0.999996583339849,"97.5th percentile"
45.9130341708543,8.27239045226131,0.9999973289004,"97.5th percentile"
45.9976331658291,8.27239045226131,0.99999701706921,"97.5th percentile"
46.082232160804,8.27239045226131,0.999996403288626,"97.5th percentile"
46.1668311557789,8.27239045226131,0.999996961187561,"97.5th percentile"
33.307783919598,8.34041708542714,0.0253481461193333,"97.5th percentile"
33.3923829145729,8.34041708542714,0.0356212621857784,"97.5th percentile"
33.4769819095477,8.34041708542714,0.0490502978642397,"97.5th percentile"
33.5615809045226,8.34041708542714,0.0677334885923225,"97.5th percentile"
33.6461798994975,8.34041708542714,0.0957364879772129,"97.5th percentile"
33.7307788944724,8.34041708542714,0.132742440156678,"97.5th percentile"
33.8153778894472,8.34041708542714,0.185064831209353,"97.5th percentile"
33.8999768844221,8.34041708542714,0.240178287562901,"97.5th percentile"
33.984575879397,8.34041708542714,0.289459928509369,"97.5th percentile"
34.0691748743719,8.34041708542714,0.355384798741531,"97.5th percentile"
34.1537738693467,8.34041708542714,0.473532116339387,"97.5th percentile"
34.2383728643216,8.34041708542714,0.458694818415137,"97.5th percentile"
34.3229718592965,8.34041708542714,0.430601367779521,"97.5th percentile"
34.4075708542714,8.34041708542714,0.355504056021157,"97.5th percentile"
34.4921698492462,8.34041708542714,0.377521314673165,"97.5th percentile"
34.5767688442211,8.34041708542714,0.307808136808311,"97.5th percentile"
34.661367839196,8.34041708542714,0.307452660295966,"97.5th percentile"
34.7459668341709,8.34041708542714,0.295351980322425,"97.5th percentile"
34.8305658291457,8.34041708542714,0.281086649261474,"97.5th percentile"
34.9151648241206,8.34041708542714,0.285809676173059,"97.5th percentile"
34.9997638190955,8.34041708542714,0.291312027952645,"97.5th percentile"
35.0843628140704,8.34041708542714,0.286962025078067,"97.5th percentile"
35.1689618090452,8.34041708542714,0.284256805336437,"97.5th percentile"
35.2535608040201,8.34041708542714,0.288240507081704,"97.5th percentile"
35.338159798995,8.34041708542714,0.306137657411711,"97.5th percentile"
35.4227587939698,8.34041708542714,0.295344272745791,"97.5th percentile"
35.5073577889447,8.34041708542714,0.282760858719892,"97.5th percentile"
35.5919567839196,8.34041708542714,0.280571659355691,"97.5th percentile"
35.6765557788945,8.34041708542714,0.296629235078859,"97.5th percentile"
35.7611547738694,8.34041708542714,0.302914441759132,"97.5th percentile"
35.8457537688442,8.34041708542714,0.314319361834646,"97.5th percentile"
35.9303527638191,8.34041708542714,0.30198451753436,"97.5th percentile"
36.014951758794,8.34041708542714,0.307372036697423,"97.5th percentile"
36.0995507537688,8.34041708542714,0.272357091480878,"97.5th percentile"
36.1841497487437,8.34041708542714,0.278971508314908,"97.5th percentile"
36.2687487437186,8.34041708542714,0.31096777190389,"97.5th percentile"
36.3533477386935,8.34041708542714,0.322312290261557,"97.5th percentile"
36.4379467336683,8.34041708542714,0.299020975410819,"97.5th percentile"
36.5225457286432,8.34041708542714,0.325417628980509,"97.5th percentile"
36.6071447236181,8.34041708542714,0.336561703583999,"97.5th percentile"
36.691743718593,8.34041708542714,0.340743304258629,"97.5th percentile"
36.7763427135678,8.34041708542714,0.343238792752205,"97.5th percentile"
36.8609417085427,8.34041708542714,0.361293936345229,"97.5th percentile"
36.9455407035176,8.34041708542714,0.342281727100863,"97.5th percentile"
37.0301396984925,8.34041708542714,0.361977905542199,"97.5th percentile"
37.1147386934673,8.34041708542714,0.415975933422493,"97.5th percentile"
37.1993376884422,8.34041708542714,0.354899078286055,"97.5th percentile"
37.2839366834171,8.34041708542714,0.379352584908937,"97.5th percentile"
37.368535678392,8.34041708542714,0.354234169924492,"97.5th percentile"
37.4531346733668,8.34041708542714,0.396368908646729,"97.5th percentile"
37.5377336683417,8.34041708542714,0.350066338638218,"97.5th percentile"
37.6223326633166,8.34041708542714,0.361091092515083,"97.5th percentile"
37.7069316582915,8.34041708542714,0.361181920442076,"97.5th percentile"
37.7915306532663,8.34041708542714,0.367919060989941,"97.5th percentile"
37.8761296482412,8.34041708542714,0.40791022287223,"97.5th percentile"
37.9607286432161,8.34041708542714,0.390194938312563,"97.5th percentile"
38.045327638191,8.34041708542714,0.382322704000391,"97.5th percentile"
38.1299266331658,8.34041708542714,0.378113306596206,"97.5th percentile"
38.2145256281407,8.34041708542714,0.357746371253265,"97.5th percentile"
38.2991246231156,8.34041708542714,0.344554315693836,"97.5th percentile"
38.3837236180904,8.34041708542714,0.378380938436104,"97.5th percentile"
38.4683226130653,8.34041708542714,0.351102318541777,"97.5th percentile"
38.5529216080402,8.34041708542714,0.342846232534017,"97.5th percentile"
38.6375206030151,8.34041708542714,0.347705938173464,"97.5th percentile"
38.72211959799,8.34041708542714,0.354681049255878,"97.5th percentile"
38.8067185929648,8.34041708542714,0.339627828585838,"97.5th percentile"
38.8913175879397,8.34041708542714,0.34151082676029,"97.5th percentile"
38.9759165829146,8.34041708542714,0.337749170117511,"97.5th percentile"
39.0605155778894,8.34041708542714,0.445186464090582,"97.5th percentile"
39.1451145728643,8.34041708542714,0.380824794469784,"97.5th percentile"
39.2297135678392,8.34041708542714,0.356669183030278,"97.5th percentile"
39.3143125628141,8.34041708542714,0.334539474858533,"97.5th percentile"
39.3989115577889,8.34041708542714,0.31324500843379,"97.5th percentile"
39.4835105527638,8.34041708542714,0.309661338004521,"97.5th percentile"
39.5681095477387,8.34041708542714,0.29150334611869,"97.5th percentile"
39.6527085427136,8.34041708542714,0.292053043835019,"97.5th percentile"
39.7373075376884,8.34041708542714,0.278068856479922,"97.5th percentile"
39.8219065326633,8.34041708542714,0.307598043543493,"97.5th percentile"
39.9065055276382,8.34041708542714,0.304472746239922,"97.5th percentile"
39.9911045226131,8.34041708542714,0.310100039935221,"97.5th percentile"
40.0757035175879,8.34041708542714,0.317864910297892,"97.5th percentile"
40.1603025125628,8.34041708542714,0.316333486342022,"97.5th percentile"
40.2449015075377,8.34041708542714,0.306825155677869,"97.5th percentile"
40.3295005025126,8.34041708542714,0.328901166323607,"97.5th percentile"
40.4140994974874,8.34041708542714,0.345007587084183,"97.5th percentile"
40.4986984924623,8.34041708542714,0.343326740682581,"97.5th percentile"
40.5832974874372,8.34041708542714,0.386244627307752,"97.5th percentile"
40.6678964824121,8.34041708542714,0.468598816695384,"97.5th percentile"
40.7524954773869,8.34041708542714,0.559134888558164,"97.5th percentile"
40.8370944723618,8.34041708542714,0.630803334733064,"97.5th percentile"
40.9216934673367,8.34041708542714,0.706496579844882,"97.5th percentile"
41.0062924623116,8.34041708542714,0.769317868121421,"97.5th percentile"
41.0908914572864,8.34041708542714,0.838124001017342,"97.5th percentile"
41.1754904522613,8.34041708542714,0.896135892327461,"97.5th percentile"
41.2600894472362,8.34041708542714,0.905477684440791,"97.5th percentile"
41.344688442211,8.34041708542714,0.932835276526746,"97.5th percentile"
41.4292874371859,8.34041708542714,0.948927231708817,"97.5th percentile"
41.5138864321608,8.34041708542714,0.963432924815019,"97.5th percentile"
41.5984854271357,8.34041708542714,0.97336750548722,"97.5th percentile"
41.6830844221106,8.34041708542714,0.981472404391072,"97.5th percentile"
41.7676834170854,8.34041708542714,0.98620906849881,"97.5th percentile"
41.8522824120603,8.34041708542714,0.99051626064282,"97.5th percentile"
41.9368814070352,8.34041708542714,0.993016952673556,"97.5th percentile"
42.02148040201,8.34041708542714,0.995125665536503,"97.5th percentile"
42.1060793969849,8.34041708542714,0.996485245961579,"97.5th percentile"
42.1906783919598,8.34041708542714,0.997542097580485,"97.5th percentile"
42.2752773869347,8.34041708542714,0.998213185058559,"97.5th percentile"
42.3598763819095,8.34041708542714,0.998741386107264,"97.5th percentile"
42.4444753768844,8.34041708542714,0.99909526139409,"97.5th percentile"
42.5290743718593,8.34041708542714,0.999354552170101,"97.5th percentile"
42.6136733668342,8.34041708542714,0.999573189783519,"97.5th percentile"
42.698272361809,8.34041708542714,0.999698071864005,"97.5th percentile"
42.7828713567839,8.34041708542714,0.999766914428314,"97.5th percentile"
42.8674703517588,8.34041708542714,0.999836262313512,"97.5th percentile"
42.9520693467337,8.34041708542714,0.999883018608483,"97.5th percentile"
43.0366683417085,8.34041708542714,0.999909202547571,"97.5th percentile"
43.1212673366834,8.34041708542714,0.99993994014293,"97.5th percentile"
43.2058663316583,8.34041708542714,0.99994715500992,"97.5th percentile"
43.2904653266332,8.34041708542714,0.99995893948973,"97.5th percentile"
43.375064321608,8.34041708542714,0.999968869240048,"97.5th percentile"
43.4596633165829,8.34041708542714,0.999980678499032,"97.5th percentile"
43.5442623115578,8.34041708542714,0.999984018617979,"97.5th percentile"
43.6288613065327,8.34041708542714,0.999986639998359,"97.5th percentile"
43.7134603015075,8.34041708542714,0.999988571756127,"97.5th percentile"
43.7980592964824,8.34041708542714,0.99999279573141,"97.5th percentile"
43.8826582914573,8.34041708542714,0.99999479943928,"97.5th percentile"
43.9672572864322,8.34041708542714,0.999995775973974,"97.5th percentile"
44.051856281407,8.34041708542714,0.999996254597739,"97.5th percentile"
44.1364552763819,8.34041708542714,0.999997170083872,"97.5th percentile"
44.2210542713568,8.34041708542714,0.99999784579941,"97.5th percentile"
44.3056532663317,8.34041708542714,0.99999829706899,"97.5th percentile"
44.3902522613065,8.34041708542714,0.999998608530839,"97.5th percentile"
44.4748512562814,8.34041708542714,0.999998511686127,"97.5th percentile"
44.5594502512563,8.34041708542714,0.99999839794967,"97.5th percentile"
44.6440492462312,8.34041708542714,0.999998053624746,"97.5th percentile"
44.728648241206,8.34041708542714,0.99999809049068,"97.5th percentile"
44.8132472361809,8.34041708542714,0.99999801568892,"97.5th percentile"
44.8978462311558,8.34041708542714,0.999998069495437,"97.5th percentile"
44.9824452261307,8.34041708542714,0.999998027913835,"97.5th percentile"
45.0670442211055,8.34041708542714,0.999997961490694,"97.5th percentile"
45.1516432160804,8.34041708542714,0.99999805154631,"97.5th percentile"
45.2362422110553,8.34041708542714,0.999998343620471,"97.5th percentile"
45.3208412060302,8.34041708542714,0.999997834471337,"97.5th percentile"
45.405440201005,8.34041708542714,0.999997508583549,"97.5th percentile"
45.4900391959799,8.34041708542714,0.999997655013123,"97.5th percentile"
45.5746381909548,8.34041708542714,0.999996743719077,"97.5th percentile"
45.6592371859296,8.34041708542714,0.999996768835223,"97.5th percentile"
45.7438361809045,8.34041708542714,0.999996769674424,"97.5th percentile"
45.8284351758794,8.34041708542714,0.99999655704651,"97.5th percentile"
45.9130341708543,8.34041708542714,0.999996351981115,"97.5th percentile"
45.9976331658291,8.34041708542714,0.999996934619558,"97.5th percentile"
33.8999768844221,8.40844371859296,0.290040332335762,"97.5th percentile"
33.984575879397,8.40844371859296,0.344784738488625,"97.5th percentile"
34.0691748743719,8.40844371859296,0.491641290899651,"97.5th percentile"
34.1537738693467,8.40844371859296,0.482490924464869,"97.5th percentile"
34.2383728643216,8.40844371859296,0.415465074139162,"97.5th percentile"
34.3229718592965,8.40844371859296,0.437989438308523,"97.5th percentile"
34.4075708542714,8.40844371859296,0.392446094380334,"97.5th percentile"
34.4921698492462,8.40844371859296,0.331610321537373,"97.5th percentile"
34.5767688442211,8.40844371859296,0.315752474964871,"97.5th percentile"
34.661367839196,8.40844371859296,0.314206758543095,"97.5th percentile"
34.7459668341709,8.40844371859296,0.303968855785218,"97.5th percentile"
34.8305658291457,8.40844371859296,0.307176945828882,"97.5th percentile"
34.9151648241206,8.40844371859296,0.304693645776636,"97.5th percentile"
34.9997638190955,8.40844371859296,0.296321067633324,"97.5th percentile"
35.0843628140704,8.40844371859296,0.336093026115101,"97.5th percentile"
35.1689618090452,8.40844371859296,0.299264044557254,"97.5th percentile"
35.2535608040201,8.40844371859296,0.290518690973622,"97.5th percentile"
35.338159798995,8.40844371859296,0.309015350731666,"97.5th percentile"
35.4227587939698,8.40844371859296,0.298292100324267,"97.5th percentile"
35.5073577889447,8.40844371859296,0.292272904701111,"97.5th percentile"
35.5919567839196,8.40844371859296,0.280703642701619,"97.5th percentile"
35.6765557788945,8.40844371859296,0.295265304406359,"97.5th percentile"
35.7611547738694,8.40844371859296,0.299089141789744,"97.5th percentile"
35.8457537688442,8.40844371859296,0.304738042064275,"97.5th percentile"
35.9303527638191,8.40844371859296,0.301951306733241,"97.5th percentile"
36.014951758794,8.40844371859296,0.306436621488827,"97.5th percentile"
36.0995507537688,8.40844371859296,0.27021653787022,"97.5th percentile"
36.1841497487437,8.40844371859296,0.292890765091516,"97.5th percentile"
36.2687487437186,8.40844371859296,0.3098543384566,"97.5th percentile"
36.3533477386935,8.40844371859296,0.313605148583742,"97.5th percentile"
36.4379467336683,8.40844371859296,0.297617707429473,"97.5th percentile"
36.5225457286432,8.40844371859296,0.31474575321115,"97.5th percentile"
36.6071447236181,8.40844371859296,0.336568149012137,"97.5th percentile"
36.691743718593,8.40844371859296,0.358753496093276,"97.5th percentile"
36.7763427135678,8.40844371859296,0.342871735229171,"97.5th percentile"
36.8609417085427,8.40844371859296,0.359461537537158,"97.5th percentile"
36.9455407035176,8.40844371859296,0.350290270718222,"97.5th percentile"
37.0301396984925,8.40844371859296,0.351967079210123,"97.5th percentile"
37.1147386934673,8.40844371859296,0.350830411767832,"97.5th percentile"
37.1993376884422,8.40844371859296,0.350435982031406,"97.5th percentile"
37.2839366834171,8.40844371859296,0.379914126623771,"97.5th percentile"
37.368535678392,8.40844371859296,0.355247722423847,"97.5th percentile"
37.4531346733668,8.40844371859296,0.389126324533978,"97.5th percentile"
37.5377336683417,8.40844371859296,0.350235653108065,"97.5th percentile"
37.6223326633166,8.40844371859296,0.349867699929101,"97.5th percentile"
37.7069316582915,8.40844371859296,0.361455217263896,"97.5th percentile"
37.7915306532663,8.40844371859296,0.365124925036903,"97.5th percentile"
37.8761296482412,8.40844371859296,0.381689873433998,"97.5th percentile"
37.9607286432161,8.40844371859296,0.40338696548774,"97.5th percentile"
38.045327638191,8.40844371859296,0.402004795900721,"97.5th percentile"
38.1299266331658,8.40844371859296,0.40813726687478,"97.5th percentile"
38.2145256281407,8.40844371859296,0.370483285230646,"97.5th percentile"
38.2991246231156,8.40844371859296,0.352074621610233,"97.5th percentile"
38.3837236180904,8.40844371859296,0.409985701092733,"97.5th percentile"
38.4683226130653,8.40844371859296,0.360560279864727,"97.5th percentile"
38.5529216080402,8.40844371859296,0.352174222743228,"97.5th percentile"
38.6375206030151,8.40844371859296,0.356434807391985,"97.5th percentile"
38.72211959799,8.40844371859296,0.362097321913985,"97.5th percentile"
38.8067185929648,8.40844371859296,0.347489389915371,"97.5th percentile"
38.8913175879397,8.40844371859296,0.34275328378313,"97.5th percentile"
38.9759165829146,8.40844371859296,0.345049660780389,"97.5th percentile"
39.0605155778894,8.40844371859296,0.489644588485908,"97.5th percentile"
39.1451145728643,8.40844371859296,0.388598798121063,"97.5th percentile"
39.2297135678392,8.40844371859296,0.355327238977051,"97.5th percentile"
39.3143125628141,8.40844371859296,0.340333514637816,"97.5th percentile"
39.3989115577889,8.40844371859296,0.32304617117572,"97.5th percentile"
39.4835105527638,8.40844371859296,0.36985140416685,"97.5th percentile"
39.5681095477387,8.40844371859296,0.298819654799292,"97.5th percentile"
39.6527085427136,8.40844371859296,0.286020815102968,"97.5th percentile"
39.7373075376884,8.40844371859296,0.275491280720111,"97.5th percentile"
39.8219065326633,8.40844371859296,0.313752307133571,"97.5th percentile"
39.9065055276382,8.40844371859296,0.317577800478356,"97.5th percentile"
39.9911045226131,8.40844371859296,0.329690890292056,"97.5th percentile"
40.0757035175879,8.40844371859296,0.333891234849865,"97.5th percentile"
40.1603025125628,8.40844371859296,0.327591597418306,"97.5th percentile"
40.2449015075377,8.40844371859296,0.316392715033029,"97.5th percentile"
40.3295005025126,8.40844371859296,0.332683303078806,"97.5th percentile"
40.4140994974874,8.40844371859296,0.340214666583882,"97.5th percentile"
40.4986984924623,8.40844371859296,0.345034522078342,"97.5th percentile"
40.5832974874372,8.40844371859296,0.394587057331702,"97.5th percentile"
40.6678964824121,8.40844371859296,0.477151474811702,"97.5th percentile"
40.7524954773869,8.40844371859296,0.561938406210551,"97.5th percentile"
40.8370944723618,8.40844371859296,0.647616955902734,"97.5th percentile"
40.9216934673367,8.40844371859296,0.721881471729701,"97.5th percentile"
41.0062924623116,8.40844371859296,0.786055725879907,"97.5th percentile"
41.0908914572864,8.40844371859296,0.8331656936,"97.5th percentile"
41.1754904522613,8.40844371859296,0.897543773143934,"97.5th percentile"
41.2600894472362,8.40844371859296,0.908950857419974,"97.5th percentile"
41.344688442211,8.40844371859296,0.93352248905295,"97.5th percentile"
41.4292874371859,8.40844371859296,0.953890346076772,"97.5th percentile"
41.5138864321608,8.40844371859296,0.966598764932873,"97.5th percentile"
41.5984854271357,8.40844371859296,0.974840866977005,"97.5th percentile"
41.6830844221106,8.40844371859296,0.982371555852105,"97.5th percentile"
41.7676834170854,8.40844371859296,0.986971799895506,"97.5th percentile"
41.8522824120603,8.40844371859296,0.990672717888969,"97.5th percentile"
41.9368814070352,8.40844371859296,0.994028329685366,"97.5th percentile"
42.02148040201,8.40844371859296,0.995625833432703,"97.5th percentile"
42.1060793969849,8.40844371859296,0.996681924584176,"97.5th percentile"
42.1906783919598,8.40844371859296,0.997688010660467,"97.5th percentile"
42.2752773869347,8.40844371859296,0.998314120272353,"97.5th percentile"
42.3598763819095,8.40844371859296,0.998847972085588,"97.5th percentile"
42.4444753768844,8.40844371859296,0.99916383925655,"97.5th percentile"
42.5290743718593,8.40844371859296,0.999390173560874,"97.5th percentile"
42.6136733668342,8.40844371859296,0.999565592916656,"97.5th percentile"
42.698272361809,8.40844371859296,0.999695144236241,"97.5th percentile"
42.7828713567839,8.40844371859296,0.999781019559828,"97.5th percentile"
42.8674703517588,8.40844371859296,0.999852864430213,"97.5th percentile"
42.9520693467337,8.40844371859296,0.999888773788375,"97.5th percentile"
43.0366683417085,8.40844371859296,0.999921682903112,"97.5th percentile"
43.1212673366834,8.40844371859296,0.99994365090537,"97.5th percentile"
43.2058663316583,8.40844371859296,0.99995362426895,"97.5th percentile"
43.2904653266332,8.40844371859296,0.99996401517727,"97.5th percentile"
43.375064321608,8.40844371859296,0.99997138667209,"97.5th percentile"
43.4596633165829,8.40844371859296,0.999983844170975,"97.5th percentile"
43.5442623115578,8.40844371859296,0.999984605668333,"97.5th percentile"
43.6288613065327,8.40844371859296,0.999987669219278,"97.5th percentile"
43.7134603015075,8.40844371859296,0.999990933666874,"97.5th percentile"
43.7980592964824,8.40844371859296,0.999992255013422,"97.5th percentile"
43.8826582914573,8.40844371859296,0.999994953985642,"97.5th percentile"
43.9672572864322,8.40844371859296,0.99999596311293,"97.5th percentile"
44.051856281407,8.40844371859296,0.999996673276706,"97.5th percentile"
44.1364552763819,8.40844371859296,0.999997770393324,"97.5th percentile"
44.2210542713568,8.40844371859296,0.999998481344486,"97.5th percentile"
44.3056532663317,8.40844371859296,0.999998670727579,"97.5th percentile"
44.3902522613065,8.40844371859296,0.999998652083571,"97.5th percentile"
44.4748512562814,8.40844371859296,0.999998820858359,"97.5th percentile"
44.5594502512563,8.40844371859296,0.999998369119064,"97.5th percentile"
44.6440492462312,8.40844371859296,0.999998355548266,"97.5th percentile"
44.728648241206,8.40844371859296,0.999998239719469,"97.5th percentile"
44.8132472361809,8.40844371859296,0.999998442043876,"97.5th percentile"
44.8978462311558,8.40844371859296,0.999998313811776,"97.5th percentile"
44.9824452261307,8.40844371859296,0.999998049062982,"97.5th percentile"
45.0670442211055,8.40844371859296,0.999998143533429,"97.5th percentile"
45.1516432160804,8.40844371859296,0.999998197429855,"97.5th percentile"
45.2362422110553,8.40844371859296,0.999998140080715,"97.5th percentile"
45.3208412060302,8.40844371859296,0.99999753717504,"97.5th percentile"
45.405440201005,8.40844371859296,0.99999734916071,"97.5th percentile"
45.4900391959799,8.40844371859296,0.999996905299749,"97.5th percentile"
45.5746381909548,8.40844371859296,0.99999670851618,"97.5th percentile"
45.6592371859296,8.40844371859296,0.99999712481042,"97.5th percentile"
45.7438361809045,8.40844371859296,0.999996695251337,"97.5th percentile"
33.8999768844221,8.47647035175879,0.361864872786913,"97.5th percentile"
33.984575879397,8.47647035175879,0.496031146328399,"97.5th percentile"
34.0691748743719,8.47647035175879,0.480201865603263,"97.5th percentile"
34.1537738693467,8.47647035175879,0.487265034166993,"97.5th percentile"
34.2383728643216,8.47647035175879,0.474305433098966,"97.5th percentile"
34.3229718592965,8.47647035175879,0.390917313702963,"97.5th percentile"
34.4075708542714,8.47647035175879,0.387478637188986,"97.5th percentile"
34.4921698492462,8.47647035175879,0.352809968038943,"97.5th percentile"
34.5767688442211,8.47647035175879,0.343938857101519,"97.5th percentile"
34.661367839196,8.47647035175879,0.316673647615198,"97.5th percentile"
34.7459668341709,8.47647035175879,0.303981285934192,"97.5th percentile"
34.8305658291457,8.47647035175879,0.27496707429969,"97.5th percentile"
34.9151648241206,8.47647035175879,0.3012644058007,"97.5th percentile"
34.9997638190955,8.47647035175879,0.310609626430813,"97.5th percentile"
35.0843628140704,8.47647035175879,0.340987079902426,"97.5th percentile"
35.1689618090452,8.47647035175879,0.322603268509522,"97.5th percentile"
35.2535608040201,8.47647035175879,0.33300178699775,"97.5th percentile"
35.338159798995,8.47647035175879,0.315232590452444,"97.5th percentile"
35.4227587939698,8.47647035175879,0.295919216548335,"97.5th percentile"
35.5073577889447,8.47647035175879,0.297493546108267,"97.5th percentile"
35.5919567839196,8.47647035175879,0.294899178676139,"97.5th percentile"
35.6765557788945,8.47647035175879,0.305894525825694,"97.5th percentile"
35.7611547738694,8.47647035175879,0.285976769959116,"97.5th percentile"
35.8457537688442,8.47647035175879,0.296946746566034,"97.5th percentile"
35.9303527638191,8.47647035175879,0.293848422110032,"97.5th percentile"
36.014951758794,8.47647035175879,0.281356025945507,"97.5th percentile"
36.0995507537688,8.47647035175879,0.276745447913527,"97.5th percentile"
36.1841497487437,8.47647035175879,0.285679075337409,"97.5th percentile"
36.2687487437186,8.47647035175879,0.299962508076524,"97.5th percentile"
36.3533477386935,8.47647035175879,0.298374943294569,"97.5th percentile"
36.4379467336683,8.47647035175879,0.334504860866261,"97.5th percentile"
36.5225457286432,8.47647035175879,0.32341112271861,"97.5th percentile"
36.6071447236181,8.47647035175879,0.351305454357351,"97.5th percentile"
36.691743718593,8.47647035175879,0.346619275840663,"97.5th percentile"
36.7763427135678,8.47647035175879,0.351484263497625,"97.5th percentile"
36.8609417085427,8.47647035175879,0.350083574613792,"97.5th percentile"
36.9455407035176,8.47647035175879,0.349566371020345,"97.5th percentile"
37.0301396984925,8.47647035175879,0.355724730101275,"97.5th percentile"
37.1147386934673,8.47647035175879,0.387278783201129,"97.5th percentile"
37.1993376884422,8.47647035175879,0.350802774691787,"97.5th percentile"
37.2839366834171,8.47647035175879,0.360069671988621,"97.5th percentile"
37.368535678392,8.47647035175879,0.375949629034154,"97.5th percentile"
37.4531346733668,8.47647035175879,0.387597159342899,"97.5th percentile"
37.5377336683417,8.47647035175879,0.36028910962445,"97.5th percentile"
37.6223326633166,8.47647035175879,0.340598315930035,"97.5th percentile"
37.7069316582915,8.47647035175879,0.360395562670526,"97.5th percentile"
37.7915306532663,8.47647035175879,0.377785543929201,"97.5th percentile"
37.8761296482412,8.47647035175879,0.377825468954765,"97.5th percentile"
37.9607286432161,8.47647035175879,0.379846307675461,"97.5th percentile"
38.045327638191,8.47647035175879,0.387269012679634,"97.5th percentile"
38.1299266331658,8.47647035175879,0.366193876573078,"97.5th percentile"
38.2145256281407,8.47647035175879,0.368806759364823,"97.5th percentile"
38.2991246231156,8.47647035175879,0.373229058217919,"97.5th percentile"
38.3837236180904,8.47647035175879,0.385594757834986,"97.5th percentile"
38.4683226130653,8.47647035175879,0.38299072567549,"97.5th percentile"
38.5529216080402,8.47647035175879,0.369447711883396,"97.5th percentile"
38.6375206030151,8.47647035175879,0.374460221969671,"97.5th percentile"
38.72211959799,8.47647035175879,0.380781008320927,"97.5th percentile"
38.8067185929648,8.47647035175879,0.386952374778998,"97.5th percentile"
38.8913175879397,8.47647035175879,0.378602244802755,"97.5th percentile"
38.9759165829146,8.47647035175879,0.366467715057038,"97.5th percentile"
39.0605155778894,8.47647035175879,0.36352977015352,"97.5th percentile"
39.1451145728643,8.47647035175879,0.395260372534393,"97.5th percentile"
39.2297135678392,8.47647035175879,0.363388936736614,"97.5th percentile"
39.3143125628141,8.47647035175879,0.363836385998575,"97.5th percentile"
39.3989115577889,8.47647035175879,0.365086921769307,"97.5th percentile"
39.4835105527638,8.47647035175879,0.348909928512396,"97.5th percentile"
39.5681095477387,8.47647035175879,0.340074809748989,"97.5th percentile"
39.6527085427136,8.47647035175879,0.320517899244768,"97.5th percentile"
39.7373075376884,8.47647035175879,0.31261052418603,"97.5th percentile"
39.8219065326633,8.47647035175879,0.316734139814984,"97.5th percentile"
39.9065055276382,8.47647035175879,0.309529886660037,"97.5th percentile"
39.9911045226131,8.47647035175879,0.311663293660199,"97.5th percentile"
40.0757035175879,8.47647035175879,0.331814527442569,"97.5th percentile"
40.1603025125628,8.47647035175879,0.334404115149229,"97.5th percentile"
40.2449015075377,8.47647035175879,0.31966638027027,"97.5th percentile"
40.3295005025126,8.47647035175879,0.322054841220818,"97.5th percentile"
40.4140994974874,8.47647035175879,0.337833702096771,"97.5th percentile"
40.4986984924623,8.47647035175879,0.3399946533573,"97.5th percentile"
40.5832974874372,8.47647035175879,0.396352020957659,"97.5th percentile"
40.6678964824121,8.47647035175879,0.49276218619891,"97.5th percentile"
40.7524954773869,8.47647035175879,0.572448240384768,"97.5th percentile"
40.8370944723618,8.47647035175879,0.650094333465816,"97.5th percentile"
40.9216934673367,8.47647035175879,0.72414893688074,"97.5th percentile"
41.0062924623116,8.47647035175879,0.785425341226277,"97.5th percentile"
41.0908914572864,8.47647035175879,0.840736302243869,"97.5th percentile"
41.1754904522613,8.47647035175879,0.880664540673806,"97.5th percentile"
41.2600894472362,8.47647035175879,0.913261111162119,"97.5th percentile"
41.344688442211,8.47647035175879,0.946327353884584,"97.5th percentile"
41.4292874371859,8.47647035175879,0.95518369254812,"97.5th percentile"
41.5138864321608,8.47647035175879,0.967077726443527,"97.5th percentile"
41.5984854271357,8.47647035175879,0.976207485068444,"97.5th percentile"
41.6830844221106,8.47647035175879,0.98673238832233,"97.5th percentile"
41.7676834170854,8.47647035175879,0.987689686481568,"97.5th percentile"
41.8522824120603,8.47647035175879,0.991172766407377,"97.5th percentile"
41.9368814070352,8.47647035175879,0.994106405116717,"97.5th percentile"
42.02148040201,8.47647035175879,0.99563108883441,"97.5th percentile"
42.1060793969849,8.47647035175879,0.99704325101844,"97.5th percentile"
42.1906783919598,8.47647035175879,0.997768271101782,"97.5th percentile"
42.2752773869347,8.47647035175879,0.998410893484029,"97.5th percentile"
42.3598763819095,8.47647035175879,0.998913033788595,"97.5th percentile"
42.4444753768844,8.47647035175879,0.999237719824105,"97.5th percentile"
42.5290743718593,8.47647035175879,0.999424828932871,"97.5th percentile"
42.6136733668342,8.47647035175879,0.999589706172495,"97.5th percentile"
42.698272361809,8.47647035175879,0.999727090904013,"97.5th percentile"
42.7828713567839,8.47647035175879,0.999792839828349,"97.5th percentile"
42.8674703517588,8.47647035175879,0.999852957340203,"97.5th percentile"
42.9520693467337,8.47647035175879,0.999898536868755,"97.5th percentile"
43.0366683417085,8.47647035175879,0.999932546042565,"97.5th percentile"
43.1212673366834,8.47647035175879,0.999947663755404,"97.5th percentile"
43.2058663316583,8.47647035175879,0.999959735649245,"97.5th percentile"
43.2904653266332,8.47647035175879,0.999968439058938,"97.5th percentile"
43.375064321608,8.47647035175879,0.999979762318015,"97.5th percentile"
43.4596633165829,8.47647035175879,0.99998548799123,"97.5th percentile"
43.5442623115578,8.47647035175879,0.999987631181389,"97.5th percentile"
43.6288613065327,8.47647035175879,0.999989209415022,"97.5th percentile"
43.7134603015075,8.47647035175879,0.999992060695107,"97.5th percentile"
43.7980592964824,8.47647035175879,0.999993402055253,"97.5th percentile"
43.8826582914573,8.47647035175879,0.999996243701102,"97.5th percentile"
43.9672572864322,8.47647035175879,0.999996796356195,"97.5th percentile"
44.051856281407,8.47647035175879,0.999997369260779,"97.5th percentile"
44.1364552763819,8.47647035175879,0.999998115173148,"97.5th percentile"
44.2210542713568,8.47647035175879,0.999998453124274,"97.5th percentile"
44.3056532663317,8.47647035175879,0.999998820895013,"97.5th percentile"
44.3902522613065,8.47647035175879,0.999998956630782,"97.5th percentile"
44.4748512562814,8.47647035175879,0.999998864677754,"97.5th percentile"
44.5594502512563,8.47647035175879,0.999998672471062,"97.5th percentile"
44.6440492462312,8.47647035175879,0.999998621221541,"97.5th percentile"
44.728648241206,8.47647035175879,0.999998629413007,"97.5th percentile"
44.8132472361809,8.47647035175879,0.999998275210769,"97.5th percentile"
44.8978462311558,8.47647035175879,0.999998149820206,"97.5th percentile"
44.9824452261307,8.47647035175879,0.999998563476201,"97.5th percentile"
45.0670442211055,8.47647035175879,0.999998426523472,"97.5th percentile"
45.1516432160804,8.47647035175879,0.999998031337704,"97.5th percentile"
45.2362422110553,8.47647035175879,0.999998050214931,"97.5th percentile"
45.3208412060302,8.47647035175879,0.99999791529446,"97.5th percentile"
45.405440201005,8.47647035175879,0.999997187487333,"97.5th percentile"
45.4900391959799,8.47647035175879,0.99999683695918,"97.5th percentile"
45.5746381909548,8.47647035175879,0.999997040006547,"97.5th percentile"
33.984575879397,8.54449698492462,0.547201201818884,"97.5th percentile"
34.0691748743719,8.54449698492462,0.525697964150064,"97.5th percentile"
34.1537738693467,8.54449698492462,0.453770235669433,"97.5th percentile"
34.2383728643216,8.54449698492462,0.484708075821172,"97.5th percentile"
34.3229718592965,8.54449698492462,0.432918702279872,"97.5th percentile"
34.4075708542714,8.54449698492462,0.406193594148324,"97.5th percentile"
34.4921698492462,8.54449698492462,0.373640162708703,"97.5th percentile"
34.5767688442211,8.54449698492462,0.346394135736537,"97.5th percentile"
34.661367839196,8.54449698492462,0.331385877916891,"97.5th percentile"
34.7459668341709,8.54449698492462,0.281185584326204,"97.5th percentile"
34.8305658291457,8.54449698492462,0.25466274205405,"97.5th percentile"
34.9151648241206,8.54449698492462,0.257270744592533,"97.5th percentile"
34.9997638190955,8.54449698492462,0.305015851061911,"97.5th percentile"
35.0843628140704,8.54449698492462,0.311873193269176,"97.5th percentile"
35.1689618090452,8.54449698492462,0.30324871741885,"97.5th percentile"
35.2535608040201,8.54449698492462,0.334838900656743,"97.5th percentile"
35.338159798995,8.54449698492462,0.28514724176263,"97.5th percentile"
35.4227587939698,8.54449698492462,0.267925115075034,"97.5th percentile"
35.5073577889447,8.54449698492462,0.279884471256858,"97.5th percentile"
35.5919567839196,8.54449698492462,0.280944915415109,"97.5th percentile"
35.6765557788945,8.54449698492462,0.284876550884309,"97.5th percentile"
35.7611547738694,8.54449698492462,0.304289904372737,"97.5th percentile"
35.8457537688442,8.54449698492462,0.311106587484199,"97.5th percentile"
35.9303527638191,8.54449698492462,0.287875128854388,"97.5th percentile"
36.014951758794,8.54449698492462,0.285522006010772,"97.5th percentile"
36.0995507537688,8.54449698492462,0.270572864140867,"97.5th percentile"
36.1841497487437,8.54449698492462,0.30016933053396,"97.5th percentile"
36.2687487437186,8.54449698492462,0.297644810816048,"97.5th percentile"
36.3533477386935,8.54449698492462,0.312111425432943,"97.5th percentile"
36.4379467336683,8.54449698492462,0.34212067663437,"97.5th percentile"
36.5225457286432,8.54449698492462,0.324311107961978,"97.5th percentile"
36.6071447236181,8.54449698492462,0.335787285585193,"97.5th percentile"
36.691743718593,8.54449698492462,0.384161237271985,"97.5th percentile"
36.7763427135678,8.54449698492462,0.3593845263165,"97.5th percentile"
36.8609417085427,8.54449698492462,0.365700241137896,"97.5th percentile"
36.9455407035176,8.54449698492462,0.345998136751214,"97.5th percentile"
37.0301396984925,8.54449698492462,0.348741693716213,"97.5th percentile"
37.1147386934673,8.54449698492462,0.373234654943075,"97.5th percentile"
37.1993376884422,8.54449698492462,0.33888517375012,"97.5th percentile"
37.2839366834171,8.54449698492462,0.353292206458824,"97.5th percentile"
37.368535678392,8.54449698492462,0.388224124111597,"97.5th percentile"
37.4531346733668,8.54449698492462,0.386722303743553,"97.5th percentile"
37.5377336683417,8.54449698492462,0.391310072421934,"97.5th percentile"
37.6223326633166,8.54449698492462,0.333073412512588,"97.5th percentile"
37.7069316582915,8.54449698492462,0.337721547983018,"97.5th percentile"
37.7915306532663,8.54449698492462,0.354893080856762,"97.5th percentile"
37.8761296482412,8.54449698492462,0.370122865423773,"97.5th percentile"
37.9607286432161,8.54449698492462,0.371704893427562,"97.5th percentile"
38.045327638191,8.54449698492462,0.370671914194117,"97.5th percentile"
38.1299266331658,8.54449698492462,0.408307967295861,"97.5th percentile"
38.2145256281407,8.54449698492462,0.384564931220199,"97.5th percentile"
38.2991246231156,8.54449698492462,0.389361089642775,"97.5th percentile"
38.3837236180904,8.54449698492462,0.393430671375745,"97.5th percentile"
38.4683226130653,8.54449698492462,0.408853910268914,"97.5th percentile"
38.5529216080402,8.54449698492462,0.391568500159167,"97.5th percentile"
38.6375206030151,8.54449698492462,0.385385053133602,"97.5th percentile"
38.72211959799,8.54449698492462,0.41596125892356,"97.5th percentile"
38.8067185929648,8.54449698492462,0.378821612392683,"97.5th percentile"
38.8913175879397,8.54449698492462,0.388852578382353,"97.5th percentile"
38.9759165829146,8.54449698492462,0.372037678878768,"97.5th percentile"
39.0605155778894,8.54449698492462,0.4073923659962,"97.5th percentile"
39.1451145728643,8.54449698492462,0.393366994914988,"97.5th percentile"
39.2297135678392,8.54449698492462,0.351894622873529,"97.5th percentile"
39.3143125628141,8.54449698492462,0.390670414508103,"97.5th percentile"
39.3989115577889,8.54449698492462,0.362919390249576,"97.5th percentile"
39.4835105527638,8.54449698492462,0.363504497395381,"97.5th percentile"
39.5681095477387,8.54449698492462,0.357048408340706,"97.5th percentile"
39.6527085427136,8.54449698492462,0.384661509464157,"97.5th percentile"
39.7373075376884,8.54449698492462,0.346491109226602,"97.5th percentile"
39.8219065326633,8.54449698492462,0.34636116091805,"97.5th percentile"
39.9065055276382,8.54449698492462,0.356470958850407,"97.5th percentile"
39.9911045226131,8.54449698492462,0.3426319574896,"97.5th percentile"
40.0757035175879,8.54449698492462,0.317189204688262,"97.5th percentile"
40.1603025125628,8.54449698492462,0.327473135934828,"97.5th percentile"
40.2449015075377,8.54449698492462,0.350837255598366,"97.5th percentile"
40.3295005025126,8.54449698492462,0.31710290927287,"97.5th percentile"
40.4140994974874,8.54449698492462,0.332574087935315,"97.5th percentile"
40.4986984924623,8.54449698492462,0.339263346828173,"97.5th percentile"
40.5832974874372,8.54449698492462,0.406414117008343,"97.5th percentile"
40.6678964824121,8.54449698492462,0.50736055734053,"97.5th percentile"
40.7524954773869,8.54449698492462,0.580362389765895,"97.5th percentile"
40.8370944723618,8.54449698492462,0.65468431300521,"97.5th percentile"
40.9216934673367,8.54449698492462,0.733820165022599,"97.5th percentile"
41.0062924623116,8.54449698492462,0.79175057021854,"97.5th percentile"
41.0908914572864,8.54449698492462,0.843361353721992,"97.5th percentile"
41.1754904522613,8.54449698492462,0.899455177082723,"97.5th percentile"
41.2600894472362,8.54449698492462,0.917121537065114,"97.5th percentile"
41.344688442211,8.54449698492462,0.945207544101961,"97.5th percentile"
41.4292874371859,8.54449698492462,0.956914628651099,"97.5th percentile"
41.5138864321608,8.54449698492462,0.972723975439021,"97.5th percentile"
41.5984854271357,8.54449698492462,0.979503915560134,"97.5th percentile"
41.6830844221106,8.54449698492462,0.983985498085658,"97.5th percentile"
41.7676834170854,8.54449698492462,0.988337531226787,"97.5th percentile"
41.8522824120603,8.54449698492462,0.991911465252847,"97.5th percentile"
41.9368814070352,8.54449698492462,0.994083727258406,"97.5th percentile"
42.02148040201,8.54449698492462,0.99578023581426,"97.5th percentile"
42.1060793969849,8.54449698492462,0.997067513395951,"97.5th percentile"
42.1906783919598,8.54449698492462,0.997970461264756,"97.5th percentile"
42.2752773869347,8.54449698492462,0.998499617835154,"97.5th percentile"
42.3598763819095,8.54449698492462,0.998961161453506,"97.5th percentile"
42.4444753768844,8.54449698492462,0.999321432290668,"97.5th percentile"
42.5290743718593,8.54449698492462,0.999462364813285,"97.5th percentile"
42.6136733668342,8.54449698492462,0.999633435676253,"97.5th percentile"
42.698272361809,8.54449698492462,0.999726343304126,"97.5th percentile"
42.7828713567839,8.54449698492462,0.999807952922096,"97.5th percentile"
42.8674703517588,8.54449698492462,0.999864130932344,"97.5th percentile"
42.9520693467337,8.54449698492462,0.999902227168624,"97.5th percentile"
43.0366683417085,8.54449698492462,0.999945182551031,"97.5th percentile"
43.1212673366834,8.54449698492462,0.999949815487075,"97.5th percentile"
43.2058663316583,8.54449698492462,0.999966749252596,"97.5th percentile"
43.2904653266332,8.54449698492462,0.999973351287351,"97.5th percentile"
43.375064321608,8.54449698492462,0.999979738375453,"97.5th percentile"
43.4596633165829,8.54449698492462,0.999984811166093,"97.5th percentile"
43.5442623115578,8.54449698492462,0.999990351254434,"97.5th percentile"
43.6288613065327,8.54449698492462,0.999990612014025,"97.5th percentile"
43.7134603015075,8.54449698492462,0.999992422080709,"97.5th percentile"
43.7980592964824,8.54449698492462,0.999995007534849,"97.5th percentile"
43.8826582914573,8.54449698492462,0.99999579511048,"97.5th percentile"
43.9672572864322,8.54449698492462,0.99999748359245,"97.5th percentile"
44.051856281407,8.54449698492462,0.999997812094054,"97.5th percentile"
44.1364552763819,8.54449698492462,0.999998445863156,"97.5th percentile"
44.2210542713568,8.54449698492462,0.999998826261597,"97.5th percentile"
44.3056532663317,8.54449698492462,0.999999105925293,"97.5th percentile"
44.3902522613065,8.54449698492462,0.99999900798045,"97.5th percentile"
44.4748512562814,8.54449698492462,0.999998980053695,"97.5th percentile"
44.5594502512563,8.54449698492462,0.999998884993499,"97.5th percentile"
44.6440492462312,8.54449698492462,0.999998804550224,"97.5th percentile"
44.728648241206,8.54449698492462,0.999998667469097,"97.5th percentile"
44.8132472361809,8.54449698492462,0.999998498902637,"97.5th percentile"
44.8978462311558,8.54449698492462,0.999998547622873,"97.5th percentile"
44.9824452261307,8.54449698492462,0.999998442583478,"97.5th percentile"
45.0670442211055,8.54449698492462,0.999998479336058,"97.5th percentile"
45.1516432160804,8.54449698492462,0.999997988919635,"97.5th percentile"
45.2362422110553,8.54449698492462,0.999998071569018,"97.5th percentile"
45.3208412060302,8.54449698492462,0.999997441852774,"97.5th percentile"
45.405440201005,8.54449698492462,0.999997656953872,"97.5th percentile"
33.984575879397,8.61252361809045,0.542860800180763,"97.5th percentile"
34.0691748743719,8.61252361809045,0.538290386829354,"97.5th percentile"
34.1537738693467,8.61252361809045,0.518850181094682,"97.5th percentile"
34.2383728643216,8.61252361809045,0.451381116087652,"97.5th percentile"
34.3229718592965,8.61252361809045,0.449009300263558,"97.5th percentile"
34.4075708542714,8.61252361809045,0.419119555045586,"97.5th percentile"
34.4921698492462,8.61252361809045,0.38333450705534,"97.5th percentile"
34.5767688442211,8.61252361809045,0.36914908486853,"97.5th percentile"
34.661367839196,8.61252361809045,0.338129675321097,"97.5th percentile"
34.7459668341709,8.61252361809045,0.287209717149571,"97.5th percentile"
34.8305658291457,8.61252361809045,0.274554002102298,"97.5th percentile"
34.9151648241206,8.61252361809045,0.258586086823576,"97.5th percentile"
34.9997638190955,8.61252361809045,0.254589624549106,"97.5th percentile"
35.0843628140704,8.61252361809045,0.314717262362401,"97.5th percentile"
35.1689618090452,8.61252361809045,0.279236983360853,"97.5th percentile"
35.2535608040201,8.61252361809045,0.267657086993012,"97.5th percentile"
35.338159798995,8.61252361809045,0.268113142054485,"97.5th percentile"
35.4227587939698,8.61252361809045,0.26341603298014,"97.5th percentile"
35.5073577889447,8.61252361809045,0.267223868617752,"97.5th percentile"
35.5919567839196,8.61252361809045,0.288737468040341,"97.5th percentile"
35.6765557788945,8.61252361809045,0.281739800608628,"97.5th percentile"
35.7611547738694,8.61252361809045,0.298053257698585,"97.5th percentile"
35.8457537688442,8.61252361809045,0.299488846531691,"97.5th percentile"
35.9303527638191,8.61252361809045,0.295282214396726,"97.5th percentile"
36.014951758794,8.61252361809045,0.298593150625873,"97.5th percentile"
36.0995507537688,8.61252361809045,0.272104141900951,"97.5th percentile"
36.1841497487437,8.61252361809045,0.307616914695157,"97.5th percentile"
36.2687487437186,8.61252361809045,0.304247455069455,"97.5th percentile"
36.3533477386935,8.61252361809045,0.326968508239845,"97.5th percentile"
36.4379467336683,8.61252361809045,0.332717817943338,"97.5th percentile"
36.5225457286432,8.61252361809045,0.313148555496905,"97.5th percentile"
36.6071447236181,8.61252361809045,0.363856394735434,"97.5th percentile"
36.691743718593,8.61252361809045,0.371286751285304,"97.5th percentile"
36.7763427135678,8.61252361809045,0.367201602713233,"97.5th percentile"
36.8609417085427,8.61252361809045,0.386265636309804,"97.5th percentile"
36.9455407035176,8.61252361809045,0.361459283577993,"97.5th percentile"
37.0301396984925,8.61252361809045,0.347967917357913,"97.5th percentile"
37.1147386934673,8.61252361809045,0.336251488367915,"97.5th percentile"
37.1993376884422,8.61252361809045,0.338394623784755,"97.5th percentile"
37.2839366834171,8.61252361809045,0.332817124195683,"97.5th percentile"
37.368535678392,8.61252361809045,0.381174374115728,"97.5th percentile"
37.4531346733668,8.61252361809045,0.389596000926939,"97.5th percentile"
37.5377336683417,8.61252361809045,0.410946558575161,"97.5th percentile"
37.6223326633166,8.61252361809045,0.37408851965779,"97.5th percentile"
37.7069316582915,8.61252361809045,0.358847316697204,"97.5th percentile"
37.7915306532663,8.61252361809045,0.340898022588428,"97.5th percentile"
37.8761296482412,8.61252361809045,0.360547748353731,"97.5th percentile"
37.9607286432161,8.61252361809045,0.370738304207808,"97.5th percentile"
38.045327638191,8.61252361809045,0.370560317538724,"97.5th percentile"
38.1299266331658,8.61252361809045,0.389139729926358,"97.5th percentile"
38.2145256281407,8.61252361809045,0.39525367896167,"97.5th percentile"
38.2991246231156,8.61252361809045,0.406167025238142,"97.5th percentile"
38.3837236180904,8.61252361809045,0.390438820414555,"97.5th percentile"
38.4683226130653,8.61252361809045,0.395146620299648,"97.5th percentile"
38.5529216080402,8.61252361809045,0.398343716813117,"97.5th percentile"
38.6375206030151,8.61252361809045,0.391651003281721,"97.5th percentile"
38.72211959799,8.61252361809045,0.412214213743331,"97.5th percentile"
38.8067185929648,8.61252361809045,0.404364964899192,"97.5th percentile"
38.8913175879397,8.61252361809045,0.378149576280024,"97.5th percentile"
38.9759165829146,8.61252361809045,0.378844259629913,"97.5th percentile"
39.0605155778894,8.61252361809045,0.371897184647192,"97.5th percentile"
39.1451145728643,8.61252361809045,0.357078515954342,"97.5th percentile"
39.2297135678392,8.61252361809045,0.368846907835579,"97.5th percentile"
39.3143125628141,8.61252361809045,0.379940806709472,"97.5th percentile"
39.3989115577889,8.61252361809045,0.368150443831485,"97.5th percentile"
39.4835105527638,8.61252361809045,0.368518240819419,"97.5th percentile"
39.5681095477387,8.61252361809045,0.377274091918393,"97.5th percentile"
39.6527085427136,8.61252361809045,0.381465570562929,"97.5th percentile"
39.7373075376884,8.61252361809045,0.367010681286893,"97.5th percentile"
39.8219065326633,8.61252361809045,0.395105231868694,"97.5th percentile"
39.9065055276382,8.61252361809045,0.366900841001214,"97.5th percentile"
39.9911045226131,8.61252361809045,0.372781129573845,"97.5th percentile"
40.0757035175879,8.61252361809045,0.345720354644159,"97.5th percentile"
40.1603025125628,8.61252361809045,0.337329580398228,"97.5th percentile"
40.2449015075377,8.61252361809045,0.374120245063702,"97.5th percentile"
40.3295005025126,8.61252361809045,0.350599842291214,"97.5th percentile"
40.4140994974874,8.61252361809045,0.337975020381071,"97.5th percentile"
40.4986984924623,8.61252361809045,0.34555947459858,"97.5th percentile"
40.5832974874372,8.61252361809045,0.403796397059017,"97.5th percentile"
40.6678964824121,8.61252361809045,0.50256239023132,"97.5th percentile"
40.7524954773869,8.61252361809045,0.591246721059734,"97.5th percentile"
40.8370944723618,8.61252361809045,0.668727164519512,"97.5th percentile"
40.9216934673367,8.61252361809045,0.742220495615151,"97.5th percentile"
41.0062924623116,8.61252361809045,0.790968159777021,"97.5th percentile"
41.0908914572864,8.61252361809045,0.856004687824273,"97.5th percentile"
41.1754904522613,8.61252361809045,0.905654197902384,"97.5th percentile"
41.2600894472362,8.61252361809045,0.919343331102134,"97.5th percentile"
41.344688442211,8.61252361809045,0.943471336561442,"97.5th percentile"
41.4292874371859,8.61252361809045,0.96180694927244,"97.5th percentile"
41.5138864321608,8.61252361809045,0.970911934915262,"97.5th percentile"
41.5984854271357,8.61252361809045,0.979412532921525,"97.5th percentile"
41.6830844221106,8.61252361809045,0.984725681615278,"97.5th percentile"
41.7676834170854,8.61252361809045,0.988667380058457,"97.5th percentile"
41.8522824120603,8.61252361809045,0.99232625641766,"97.5th percentile"
41.9368814070352,8.61252361809045,0.994348435153623,"97.5th percentile"
42.02148040201,8.61252361809045,0.996011322184242,"97.5th percentile"
42.1060793969849,8.61252361809045,0.997116511181019,"97.5th percentile"
42.1906783919598,8.61252361809045,0.998007086786104,"97.5th percentile"
42.2752773869347,8.61252361809045,0.998577743649407,"97.5th percentile"
42.3598763819095,8.61252361809045,0.999156961535304,"97.5th percentile"
42.4444753768844,8.61252361809045,0.999333759872899,"97.5th percentile"
42.5290743718593,8.61252361809045,0.999490641136534,"97.5th percentile"
42.6136733668342,8.61252361809045,0.999637472124115,"97.5th percentile"
42.698272361809,8.61252361809045,0.999752962914348,"97.5th percentile"
42.7828713567839,8.61252361809045,0.999822957224903,"97.5th percentile"
42.8674703517588,8.61252361809045,0.999868726789218,"97.5th percentile"
42.9520693467337,8.61252361809045,0.999910134923013,"97.5th percentile"
43.0366683417085,8.61252361809045,0.999937547892686,"97.5th percentile"
43.1212673366834,8.61252361809045,0.999952481059588,"97.5th percentile"
43.2058663316583,8.61252361809045,0.999966577250006,"97.5th percentile"
43.2904653266332,8.61252361809045,0.999980311543049,"97.5th percentile"
43.375064321608,8.61252361809045,0.999984293156882,"97.5th percentile"
43.4596633165829,8.61252361809045,0.999988975764489,"97.5th percentile"
43.5442623115578,8.61252361809045,0.999991887424362,"97.5th percentile"
43.6288613065327,8.61252361809045,0.999991955403294,"97.5th percentile"
43.7134603015075,8.61252361809045,0.999995021217571,"97.5th percentile"
43.7980592964824,8.61252361809045,0.999996158406868,"97.5th percentile"
43.8826582914573,8.61252361809045,0.999996521791727,"97.5th percentile"
43.9672572864322,8.61252361809045,0.999997817503342,"97.5th percentile"
44.051856281407,8.61252361809045,0.999998276395969,"97.5th percentile"
44.1364552763819,8.61252361809045,0.999998671061558,"97.5th percentile"
44.2210542713568,8.61252361809045,0.999998953449498,"97.5th percentile"
44.3056532663317,8.61252361809045,0.999999062046358,"97.5th percentile"
44.3902522613065,8.61252361809045,0.999999094182142,"97.5th percentile"
44.4748512562814,8.61252361809045,0.999999050242701,"97.5th percentile"
44.5594502512563,8.61252361809045,0.999998996422128,"97.5th percentile"
44.6440492462312,8.61252361809045,0.99999880484638,"97.5th percentile"
44.728648241206,8.61252361809045,0.999998695316809,"97.5th percentile"
44.8132472361809,8.61252361809045,0.999998847244194,"97.5th percentile"
44.8978462311558,8.61252361809045,0.999998522472207,"97.5th percentile"
44.9824452261307,8.61252361809045,0.999998505570406,"97.5th percentile"
45.0670442211055,8.61252361809045,0.999998269964727,"97.5th percentile"
45.1516432160804,8.61252361809045,0.999998143561597,"97.5th percentile"
45.2362422110553,8.61252361809045,0.999998070344479,"97.5th percentile"
33.984575879397,8.68055025125628,0.518329905587751,"97.5th percentile"
34.0691748743719,8.68055025125628,0.548793770758472,"97.5th percentile"
34.1537738693467,8.68055025125628,0.52536129658512,"97.5th percentile"
34.2383728643216,8.68055025125628,0.46051541524846,"97.5th percentile"
34.3229718592965,8.68055025125628,0.457049413520844,"97.5th percentile"
34.4075708542714,8.68055025125628,0.427803978382404,"97.5th percentile"
34.4921698492462,8.68055025125628,0.393171481606118,"97.5th percentile"
34.5767688442211,8.68055025125628,0.374048071199901,"97.5th percentile"
34.661367839196,8.68055025125628,0.346638906579265,"97.5th percentile"
34.7459668341709,8.68055025125628,0.322949451215035,"97.5th percentile"
34.8305658291457,8.68055025125628,0.283748466480035,"97.5th percentile"
34.9151648241206,8.68055025125628,0.263158912263946,"97.5th percentile"
34.9997638190955,8.68055025125628,0.247944523890594,"97.5th percentile"
35.0843628140704,8.68055025125628,0.292095474919467,"97.5th percentile"
35.1689618090452,8.68055025125628,0.266161803149555,"97.5th percentile"
35.2535608040201,8.68055025125628,0.266297700000806,"97.5th percentile"
35.338159798995,8.68055025125628,0.275863571955424,"97.5th percentile"
35.4227587939698,8.68055025125628,0.275877841598338,"97.5th percentile"
35.5073577889447,8.68055025125628,0.296043194059114,"97.5th percentile"
35.5919567839196,8.68055025125628,0.306561528195825,"97.5th percentile"
35.6765557788945,8.68055025125628,0.309907155139103,"97.5th percentile"
35.7611547738694,8.68055025125628,0.321461294751153,"97.5th percentile"
35.8457537688442,8.68055025125628,0.334127356313904,"97.5th percentile"
35.9303527638191,8.68055025125628,0.307069342356276,"97.5th percentile"
36.014951758794,8.68055025125628,0.291709602906855,"97.5th percentile"
36.0995507537688,8.68055025125628,0.325036186288225,"97.5th percentile"
36.1841497487437,8.68055025125628,0.326142084684144,"97.5th percentile"
36.2687487437186,8.68055025125628,0.292939547629852,"97.5th percentile"
36.3533477386935,8.68055025125628,0.326921174124326,"97.5th percentile"
36.4379467336683,8.68055025125628,0.323080217729894,"97.5th percentile"
36.5225457286432,8.68055025125628,0.286557367326999,"97.5th percentile"
36.6071447236181,8.68055025125628,0.289843788386705,"97.5th percentile"
36.691743718593,8.68055025125628,0.314367404645473,"97.5th percentile"
36.7763427135678,8.68055025125628,0.316960317475782,"97.5th percentile"
36.8609417085427,8.68055025125628,0.361174262060183,"97.5th percentile"
36.9455407035176,8.68055025125628,0.334518246673348,"97.5th percentile"
37.0301396984925,8.68055025125628,0.324864637583112,"97.5th percentile"
37.1147386934673,8.68055025125628,0.326582902528423,"97.5th percentile"
37.1993376884422,8.68055025125628,0.329063145042855,"97.5th percentile"
37.2839366834171,8.68055025125628,0.298465777629106,"97.5th percentile"
37.368535678392,8.68055025125628,0.369224995312348,"97.5th percentile"
37.4531346733668,8.68055025125628,0.392050422568332,"97.5th percentile"
37.5377336683417,8.68055025125628,0.387595444171596,"97.5th percentile"
37.6223326633166,8.68055025125628,0.367502200913682,"97.5th percentile"
37.7069316582915,8.68055025125628,0.374790104390966,"97.5th percentile"
37.7915306532663,8.68055025125628,0.357653589616948,"97.5th percentile"
37.8761296482412,8.68055025125628,0.362182792632437,"97.5th percentile"
37.9607286432161,8.68055025125628,0.375402992509759,"97.5th percentile"
38.045327638191,8.68055025125628,0.3874276505763,"97.5th percentile"
38.1299266331658,8.68055025125628,0.384002108299653,"97.5th percentile"
38.2145256281407,8.68055025125628,0.393408218776071,"97.5th percentile"
38.2991246231156,8.68055025125628,0.410875126177544,"97.5th percentile"
38.3837236180904,8.68055025125628,0.407214094284092,"97.5th percentile"
38.4683226130653,8.68055025125628,0.40866636669143,"97.5th percentile"
38.5529216080402,8.68055025125628,0.411244802902259,"97.5th percentile"
38.6375206030151,8.68055025125628,0.395342080215401,"97.5th percentile"
38.72211959799,8.68055025125628,0.403019314529166,"97.5th percentile"
38.8067185929648,8.68055025125628,0.405783030768909,"97.5th percentile"
38.8913175879397,8.68055025125628,0.391498392096123,"97.5th percentile"
38.9759165829146,8.68055025125628,0.369845047402333,"97.5th percentile"
39.0605155778894,8.68055025125628,0.359497602351152,"97.5th percentile"
39.1451145728643,8.68055025125628,0.38561337225116,"97.5th percentile"
39.2297135678392,8.68055025125628,0.370742261253558,"97.5th percentile"
39.3143125628141,8.68055025125628,0.387091242524704,"97.5th percentile"
39.3989115577889,8.68055025125628,0.38137847683445,"97.5th percentile"
39.4835105527638,8.68055025125628,0.393588415255156,"97.5th percentile"
39.5681095477387,8.68055025125628,0.382579352690729,"97.5th percentile"
39.6527085427136,8.68055025125628,0.38411545300334,"97.5th percentile"
39.7373075376884,8.68055025125628,0.376825854222904,"97.5th percentile"
39.8219065326633,8.68055025125628,0.378145645997734,"97.5th percentile"
39.9065055276382,8.68055025125628,0.375192452702698,"97.5th percentile"
39.9911045226131,8.68055025125628,0.370890921291884,"97.5th percentile"
40.0757035175879,8.68055025125628,0.371788733586386,"97.5th percentile"
40.1603025125628,8.68055025125628,0.371401070149818,"97.5th percentile"
40.2449015075377,8.68055025125628,0.36015963734809,"97.5th percentile"
40.3295005025126,8.68055025125628,0.366293473676056,"97.5th percentile"
40.4140994974874,8.68055025125628,0.335320196820498,"97.5th percentile"
40.4986984924623,8.68055025125628,0.3298751766026,"97.5th percentile"
40.5832974874372,8.68055025125628,0.40459688986622,"97.5th percentile"
40.6678964824121,8.68055025125628,0.51035770583535,"97.5th percentile"
40.7524954773869,8.68055025125628,0.592449965999022,"97.5th percentile"
40.8370944723618,8.68055025125628,0.666794215123873,"97.5th percentile"
40.9216934673367,8.68055025125628,0.738191587649815,"97.5th percentile"
41.0062924623116,8.68055025125628,0.799955169786212,"97.5th percentile"
41.0908914572864,8.68055025125628,0.854039227130663,"97.5th percentile"
41.1754904522613,8.68055025125628,0.895882818964979,"97.5th percentile"
41.2600894472362,8.68055025125628,0.922689905079146,"97.5th percentile"
41.344688442211,8.68055025125628,0.944731034250136,"97.5th percentile"
41.4292874371859,8.68055025125628,0.966702097265573,"97.5th percentile"
41.5138864321608,8.68055025125628,0.974942329361138,"97.5th percentile"
41.5984854271357,8.68055025125628,0.982781071718433,"97.5th percentile"
41.6830844221106,8.68055025125628,0.985919978569697,"97.5th percentile"
41.7676834170854,8.68055025125628,0.989052477814564,"97.5th percentile"
41.8522824120603,8.68055025125628,0.9927424526288,"97.5th percentile"
41.9368814070352,8.68055025125628,0.99463452694262,"97.5th percentile"
42.02148040201,8.68055025125628,0.996190294685099,"97.5th percentile"
42.1060793969849,8.68055025125628,0.99735634801935,"97.5th percentile"
42.1906783919598,8.68055025125628,0.998058855662579,"97.5th percentile"
42.2752773869347,8.68055025125628,0.998654270697321,"97.5th percentile"
42.3598763819095,8.68055025125628,0.999097198614797,"97.5th percentile"
42.4444753768844,8.68055025125628,0.999420454001308,"97.5th percentile"
42.5290743718593,8.68055025125628,0.999514035044607,"97.5th percentile"
42.6136733668342,8.68055025125628,0.999666249949579,"97.5th percentile"
42.698272361809,8.68055025125628,0.999759947868373,"97.5th percentile"
42.7828713567839,8.68055025125628,0.999830527478715,"97.5th percentile"
42.8674703517588,8.68055025125628,0.999877127400277,"97.5th percentile"
42.9520693467337,8.68055025125628,0.999921095152164,"97.5th percentile"
43.0366683417085,8.68055025125628,0.9999391425671,"97.5th percentile"
43.1212673366834,8.68055025125628,0.999954557330974,"97.5th percentile"
43.2058663316583,8.68055025125628,0.999970332347641,"97.5th percentile"
43.2904653266332,8.68055025125628,0.99998162218682,"97.5th percentile"
43.375064321608,8.68055025125628,0.999987755734931,"97.5th percentile"
43.4596633165829,8.68055025125628,0.999990547965005,"97.5th percentile"
43.5442623115578,8.68055025125628,0.999990862589982,"97.5th percentile"
43.6288613065327,8.68055025125628,0.999993941749387,"97.5th percentile"
43.7134603015075,8.68055025125628,0.999995330461035,"97.5th percentile"
43.7980592964824,8.68055025125628,0.999995783125334,"97.5th percentile"
43.8826582914573,8.68055025125628,0.999997505777425,"97.5th percentile"
43.9672572864322,8.68055025125628,0.999997941738157,"97.5th percentile"
44.051856281407,8.68055025125628,0.999998536468145,"97.5th percentile"
44.1364552763819,8.68055025125628,0.999998854289037,"97.5th percentile"
44.2210542713568,8.68055025125628,0.999999123184894,"97.5th percentile"
44.3056532663317,8.68055025125628,0.999999256047167,"97.5th percentile"
44.3902522613065,8.68055025125628,0.999999209966418,"97.5th percentile"
44.4748512562814,8.68055025125628,0.999999117937496,"97.5th percentile"
44.5594502512563,8.68055025125628,0.999998905635821,"97.5th percentile"
44.6440492462312,8.68055025125628,0.999998990181624,"97.5th percentile"
44.728648241206,8.68055025125628,0.999998963515635,"97.5th percentile"
44.8132472361809,8.68055025125628,0.999998949817056,"97.5th percentile"
44.8978462311558,8.68055025125628,0.999998717367779,"97.5th percentile"
44.9824452261307,8.68055025125628,0.999998365385479,"97.5th percentile"
33.984575879397,8.74857688442211,0.578295570826174,"97.5th percentile"
34.0691748743719,8.74857688442211,0.558147502945926,"97.5th percentile"
34.1537738693467,8.74857688442211,0.496967283410116,"97.5th percentile"
34.2383728643216,8.74857688442211,0.470831647037462,"97.5th percentile"
34.3229718592965,8.74857688442211,0.45347877342748,"97.5th percentile"
34.4075708542714,8.74857688442211,0.431124626444867,"97.5th percentile"
34.4921698492462,8.74857688442211,0.404810035892461,"97.5th percentile"
34.5767688442211,8.74857688442211,0.382016316380911,"97.5th percentile"
34.661367839196,8.74857688442211,0.349102020601401,"97.5th percentile"
34.7459668341709,8.74857688442211,0.314207288251584,"97.5th percentile"
34.8305658291457,8.74857688442211,0.302986651005226,"97.5th percentile"
34.9151648241206,8.74857688442211,0.279553399237475,"97.5th percentile"
34.9997638190955,8.74857688442211,0.269336136306278,"97.5th percentile"
35.0843628140704,8.74857688442211,0.270107190186735,"97.5th percentile"
35.1689618090452,8.74857688442211,0.277528812665511,"97.5th percentile"
35.2535608040201,8.74857688442211,0.279175223922456,"97.5th percentile"
35.338159798995,8.74857688442211,0.289098073814472,"97.5th percentile"
35.4227587939698,8.74857688442211,0.28965007197344,"97.5th percentile"
35.5073577889447,8.74857688442211,0.298985361721816,"97.5th percentile"
35.5919567839196,8.74857688442211,0.299721569776044,"97.5th percentile"
35.6765557788945,8.74857688442211,0.302320010054396,"97.5th percentile"
35.7611547738694,8.74857688442211,0.317323253092045,"97.5th percentile"
35.8457537688442,8.74857688442211,0.317925452012802,"97.5th percentile"
35.9303527638191,8.74857688442211,0.295099040847649,"97.5th percentile"
36.014951758794,8.74857688442211,0.313651420543135,"97.5th percentile"
36.0995507537688,8.74857688442211,0.315177916917379,"97.5th percentile"
36.1841497487437,8.74857688442211,0.325619013857698,"97.5th percentile"
36.2687487437186,8.74857688442211,0.308972951820434,"97.5th percentile"
36.3533477386935,8.74857688442211,0.340627583164993,"97.5th percentile"
36.4379467336683,8.74857688442211,0.326343676961384,"97.5th percentile"
36.5225457286432,8.74857688442211,0.290457117143126,"97.5th percentile"
36.6071447236181,8.74857688442211,0.289749082374965,"97.5th percentile"
36.691743718593,8.74857688442211,0.328908933753409,"97.5th percentile"
36.7763427135678,8.74857688442211,0.325167770857553,"97.5th percentile"
36.8609417085427,8.74857688442211,0.338721228636088,"97.5th percentile"
36.9455407035176,8.74857688442211,0.334438131594991,"97.5th percentile"
37.0301396984925,8.74857688442211,0.322595935843955,"97.5th percentile"
37.1147386934673,8.74857688442211,0.327601027848061,"97.5th percentile"
37.1993376884422,8.74857688442211,0.310474912754606,"97.5th percentile"
37.2839366834171,8.74857688442211,0.300533308980979,"97.5th percentile"
37.368535678392,8.74857688442211,0.369670236442308,"97.5th percentile"
37.4531346733668,8.74857688442211,0.396160654826839,"97.5th percentile"
37.5377336683417,8.74857688442211,0.416922511603596,"97.5th percentile"
37.6223326633166,8.74857688442211,0.377734804693726,"97.5th percentile"
37.7069316582915,8.74857688442211,0.411650970996357,"97.5th percentile"
37.7915306532663,8.74857688442211,0.383263790971526,"97.5th percentile"
37.8761296482412,8.74857688442211,0.376825849671281,"97.5th percentile"
37.9607286432161,8.74857688442211,0.389801272541833,"97.5th percentile"
38.045327638191,8.74857688442211,0.393705485191775,"97.5th percentile"
38.1299266331658,8.74857688442211,0.377562649603998,"97.5th percentile"
38.2145256281407,8.74857688442211,0.390548821275895,"97.5th percentile"
38.2991246231156,8.74857688442211,0.415158191106447,"97.5th percentile"
38.3837236180904,8.74857688442211,0.411954974617916,"97.5th percentile"
38.4683226130653,8.74857688442211,0.4180549002302,"97.5th percentile"
38.5529216080402,8.74857688442211,0.418483676740287,"97.5th percentile"
38.6375206030151,8.74857688442211,0.408051346926377,"97.5th percentile"
38.72211959799,8.74857688442211,0.418397071104401,"97.5th percentile"
38.8067185929648,8.74857688442211,0.423252317832263,"97.5th percentile"
38.8913175879397,8.74857688442211,0.396609474684141,"97.5th percentile"
38.9759165829146,8.74857688442211,0.446456647514699,"97.5th percentile"
39.0605155778894,8.74857688442211,0.369718495724044,"97.5th percentile"
39.1451145728643,8.74857688442211,0.384138199910487,"97.5th percentile"
39.2297135678392,8.74857688442211,0.379289694464607,"97.5th percentile"
39.3143125628141,8.74857688442211,0.393108852924052,"97.5th percentile"
39.3989115577889,8.74857688442211,0.402611202768166,"97.5th percentile"
39.4835105527638,8.74857688442211,0.393317468264802,"97.5th percentile"
39.5681095477387,8.74857688442211,0.397814748408893,"97.5th percentile"
39.6527085427136,8.74857688442211,0.39189660647009,"97.5th percentile"
39.7373075376884,8.74857688442211,0.402328939841187,"97.5th percentile"
39.8219065326633,8.74857688442211,0.427081739537791,"97.5th percentile"
39.9065055276382,8.74857688442211,0.391986179625418,"97.5th percentile"
39.9911045226131,8.74857688442211,0.413030259717149,"97.5th percentile"
40.0757035175879,8.74857688442211,0.38537781641912,"97.5th percentile"
40.1603025125628,8.74857688442211,0.387961892764201,"97.5th percentile"
40.2449015075377,8.74857688442211,0.37521579357583,"97.5th percentile"
40.3295005025126,8.74857688442211,0.361747573283885,"97.5th percentile"
40.4140994974874,8.74857688442211,0.356754398349139,"97.5th percentile"
40.4986984924623,8.74857688442211,0.339499412509448,"97.5th percentile"
40.5832974874372,8.74857688442211,0.416397135235588,"97.5th percentile"
40.6678964824121,8.74857688442211,0.524835467193977,"97.5th percentile"
40.7524954773869,8.74857688442211,0.604723572626799,"97.5th percentile"
40.8370944723618,8.74857688442211,0.67887034647781,"97.5th percentile"
40.9216934673367,8.74857688442211,0.748069166899603,"97.5th percentile"
41.0062924623116,8.74857688442211,0.810620322378926,"97.5th percentile"
41.0908914572864,8.74857688442211,0.860041220257775,"97.5th percentile"
41.1754904522613,8.74857688442211,0.901984281123443,"97.5th percentile"
41.2600894472362,8.74857688442211,0.928006204073821,"97.5th percentile"
41.344688442211,8.74857688442211,0.950644609719868,"97.5th percentile"
41.4292874371859,8.74857688442211,0.964075453831195,"97.5th percentile"
41.5138864321608,8.74857688442211,0.974291840574847,"97.5th percentile"
41.5984854271357,8.74857688442211,0.981696295097132,"97.5th percentile"
41.6830844221106,8.74857688442211,0.98628967733493,"97.5th percentile"
41.7676834170854,8.74857688442211,0.989667140254174,"97.5th percentile"
41.8522824120603,8.74857688442211,0.992806247250834,"97.5th percentile"
41.9368814070352,8.74857688442211,0.994944635838563,"97.5th percentile"
42.02148040201,8.74857688442211,0.996369948898514,"97.5th percentile"
42.1060793969849,8.74857688442211,0.997822849555515,"97.5th percentile"
42.1906783919598,8.74857688442211,0.998302099214608,"97.5th percentile"
42.2752773869347,8.74857688442211,0.998731428529742,"97.5th percentile"
42.3598763819095,8.74857688442211,0.999107808204334,"97.5th percentile"
42.4444753768844,8.74857688442211,0.999465489045438,"97.5th percentile"
42.5290743718593,8.74857688442211,0.999543100992786,"97.5th percentile"
42.6136733668342,8.74857688442211,0.99967409999374,"97.5th percentile"
42.698272361809,8.74857688442211,0.999785894550465,"97.5th percentile"
42.7828713567839,8.74857688442211,0.999837602000883,"97.5th percentile"
42.8674703517588,8.74857688442211,0.999886349842251,"97.5th percentile"
42.9520693467337,8.74857688442211,0.999927480460681,"97.5th percentile"
43.0366683417085,8.74857688442211,0.999944210453451,"97.5th percentile"
43.1212673366834,8.74857688442211,0.999966972785946,"97.5th percentile"
43.2058663316583,8.74857688442211,0.999973690952092,"97.5th percentile"
43.2904653266332,8.74857688442211,0.99998339962822,"97.5th percentile"
43.375064321608,8.74857688442211,0.999988778367664,"97.5th percentile"
43.4596633165829,8.74857688442211,0.999991488269157,"97.5th percentile"
43.5442623115578,8.74857688442211,0.999994338939607,"97.5th percentile"
43.6288613065327,8.74857688442211,0.999995700513166,"97.5th percentile"
43.7134603015075,8.74857688442211,0.999996622786723,"97.5th percentile"
43.7980592964824,8.74857688442211,0.999997092457383,"97.5th percentile"
43.8826582914573,8.74857688442211,0.999997432953167,"97.5th percentile"
43.9672572864322,8.74857688442211,0.999998339885483,"97.5th percentile"
44.051856281407,8.74857688442211,0.999998621246524,"97.5th percentile"
44.1364552763819,8.74857688442211,0.999998997125378,"97.5th percentile"
44.2210542713568,8.74857688442211,0.999999235193944,"97.5th percentile"
44.3056532663317,8.74857688442211,0.999999347568496,"97.5th percentile"
44.3902522613065,8.74857688442211,0.99999924267619,"97.5th percentile"
44.4748512562814,8.74857688442211,0.99999915044254,"97.5th percentile"
44.5594502512563,8.74857688442211,0.999999114217387,"97.5th percentile"
44.6440492462312,8.74857688442211,0.999999120193433,"97.5th percentile"
44.728648241206,8.74857688442211,0.999999000925412,"97.5th percentile"
44.8132472361809,8.74857688442211,0.999998840716409,"97.5th percentile"
33.984575879397,8.81660351758794,0.557142463847283,"97.5th percentile"
34.0691748743719,8.81660351758794,0.569899320897968,"97.5th percentile"
34.1537738693467,8.81660351758794,0.507798326534329,"97.5th percentile"
34.2383728643216,8.81660351758794,0.486602004549155,"97.5th percentile"
34.3229718592965,8.81660351758794,0.468317973970548,"97.5th percentile"
34.4075708542714,8.81660351758794,0.430418863441546,"97.5th percentile"
34.4921698492462,8.81660351758794,0.419152666404146,"97.5th percentile"
34.5767688442211,8.81660351758794,0.393615470946568,"97.5th percentile"
34.661367839196,8.81660351758794,0.359798267646269,"97.5th percentile"
34.7459668341709,8.81660351758794,0.332491497232417,"97.5th percentile"
34.8305658291457,8.81660351758794,0.313825180163928,"97.5th percentile"
34.9151648241206,8.81660351758794,0.28586427606014,"97.5th percentile"
34.9997638190955,8.81660351758794,0.267979803114392,"97.5th percentile"
35.0843628140704,8.81660351758794,0.261396020888145,"97.5th percentile"
35.1689618090452,8.81660351758794,0.263567753026121,"97.5th percentile"
35.2535608040201,8.81660351758794,0.228152916576625,"97.5th percentile"
35.338159798995,8.81660351758794,0.221227478127006,"97.5th percentile"
35.4227587939698,8.81660351758794,0.323746016445336,"97.5th percentile"
35.5073577889447,8.81660351758794,0.299049777915645,"97.5th percentile"
35.5919567839196,8.81660351758794,0.293974803272763,"97.5th percentile"
35.6765557788945,8.81660351758794,0.319046008777284,"97.5th percentile"
35.7611547738694,8.81660351758794,0.307267424427022,"97.5th percentile"
35.8457537688442,8.81660351758794,0.322410544051983,"97.5th percentile"
35.9303527638191,8.81660351758794,0.302193839723364,"97.5th percentile"
36.014951758794,8.81660351758794,0.321007787589819,"97.5th percentile"
36.0995507537688,8.81660351758794,0.319768896813994,"97.5th percentile"
36.1841497487437,8.81660351758794,0.303969693658542,"97.5th percentile"
36.2687487437186,8.81660351758794,0.324092383497749,"97.5th percentile"
36.3533477386935,8.81660351758794,0.337991974351673,"97.5th percentile"
36.4379467336683,8.81660351758794,0.313356535617044,"97.5th percentile"
36.5225457286432,8.81660351758794,0.2812461759162,"97.5th percentile"
36.6071447236181,8.81660351758794,0.285631668239344,"97.5th percentile"
36.691743718593,8.81660351758794,0.313288351723347,"97.5th percentile"
36.7763427135678,8.81660351758794,0.318778040432063,"97.5th percentile"
36.8609417085427,8.81660351758794,0.322973326227983,"97.5th percentile"
36.9455407035176,8.81660351758794,0.321023815902511,"97.5th percentile"
37.0301396984925,8.81660351758794,0.30638650839821,"97.5th percentile"
37.1147386934673,8.81660351758794,0.34225303504179,"97.5th percentile"
37.1993376884422,8.81660351758794,0.330401020230681,"97.5th percentile"
37.2839366834171,8.81660351758794,0.286568380741374,"97.5th percentile"
37.368535678392,8.81660351758794,0.321779616573232,"97.5th percentile"
37.4531346733668,8.81660351758794,0.424914866676532,"97.5th percentile"
37.5377336683417,8.81660351758794,0.386105639629269,"97.5th percentile"
37.6223326633166,8.81660351758794,0.361218688919452,"97.5th percentile"
37.7069316582915,8.81660351758794,0.363381586183163,"97.5th percentile"
37.7915306532663,8.81660351758794,0.355042314956416,"97.5th percentile"
37.8761296482412,8.81660351758794,0.432822884852513,"97.5th percentile"
37.9607286432161,8.81660351758794,0.375284188862967,"97.5th percentile"
38.045327638191,8.81660351758794,0.400748820174096,"97.5th percentile"
38.1299266331658,8.81660351758794,0.376035230807166,"97.5th percentile"
38.2145256281407,8.81660351758794,0.388324303352149,"97.5th percentile"
38.2991246231156,8.81660351758794,0.410545625354165,"97.5th percentile"
38.3837236180904,8.81660351758794,0.420813760572658,"97.5th percentile"
38.4683226130653,8.81660351758794,0.454366507791516,"97.5th percentile"
38.5529216080402,8.81660351758794,0.421114268650381,"97.5th percentile"
38.6375206030151,8.81660351758794,0.412990498979499,"97.5th percentile"
38.72211959799,8.81660351758794,0.41770620420805,"97.5th percentile"
38.8067185929648,8.81660351758794,0.41395042642338,"97.5th percentile"
38.8913175879397,8.81660351758794,0.432866018243189,"97.5th percentile"
38.9759165829146,8.81660351758794,0.374987930406749,"97.5th percentile"
39.0605155778894,8.81660351758794,0.383731757150371,"97.5th percentile"
39.1451145728643,8.81660351758794,0.3929929999215,"97.5th percentile"
39.2297135678392,8.81660351758794,0.391228344274726,"97.5th percentile"
39.3143125628141,8.81660351758794,0.390043289779127,"97.5th percentile"
39.3989115577889,8.81660351758794,0.395859038667473,"97.5th percentile"
39.4835105527638,8.81660351758794,0.443457456313058,"97.5th percentile"
39.5681095477387,8.81660351758794,0.444187000517857,"97.5th percentile"
39.6527085427136,8.81660351758794,0.473670909921394,"97.5th percentile"
39.7373075376884,8.81660351758794,0.445502788941165,"97.5th percentile"
39.8219065326633,8.81660351758794,0.377985885014432,"97.5th percentile"
39.9065055276382,8.81660351758794,0.357429228926055,"97.5th percentile"
39.9911045226131,8.81660351758794,0.377816425191448,"97.5th percentile"
40.0757035175879,8.81660351758794,0.394856448921818,"97.5th percentile"
40.1603025125628,8.81660351758794,0.408674435583986,"97.5th percentile"
40.2449015075377,8.81660351758794,0.386551514694242,"97.5th percentile"
40.3295005025126,8.81660351758794,0.373610276178449,"97.5th percentile"
40.4140994974874,8.81660351758794,0.3531512019258,"97.5th percentile"
40.4986984924623,8.81660351758794,0.34201088990413,"97.5th percentile"
40.5832974874372,8.81660351758794,0.403767210347241,"97.5th percentile"
40.6678964824121,8.81660351758794,0.521347486981369,"97.5th percentile"
40.7524954773869,8.81660351758794,0.596050902355086,"97.5th percentile"
40.8370944723618,8.81660351758794,0.680907283961436,"97.5th percentile"
40.9216934673367,8.81660351758794,0.745846537504109,"97.5th percentile"
41.0062924623116,8.81660351758794,0.80507782735944,"97.5th percentile"
41.0908914572864,8.81660351758794,0.868126951751065,"97.5th percentile"
41.1754904522613,8.81660351758794,0.906528097080352,"97.5th percentile"
41.2600894472362,8.81660351758794,0.929606194602713,"97.5th percentile"
41.344688442211,8.81660351758794,0.953092221360703,"97.5th percentile"
41.4292874371859,8.81660351758794,0.967321620871541,"97.5th percentile"
41.5138864321608,8.81660351758794,0.973799190760525,"97.5th percentile"
41.5984854271357,8.81660351758794,0.981665832376717,"97.5th percentile"
41.6830844221106,8.81660351758794,0.986772774364542,"97.5th percentile"
41.7676834170854,8.81660351758794,0.990051198147707,"97.5th percentile"
41.8522824120603,8.81660351758794,0.992831992318178,"97.5th percentile"
41.9368814070352,8.81660351758794,0.995158516141623,"97.5th percentile"
42.02148040201,8.81660351758794,0.996641272215753,"97.5th percentile"
42.1060793969849,8.81660351758794,0.997898478271197,"97.5th percentile"
42.1906783919598,8.81660351758794,0.998381954200085,"97.5th percentile"
42.2752773869347,8.81660351758794,0.99880669692022,"97.5th percentile"
42.3598763819095,8.81660351758794,0.999141712347052,"97.5th percentile"
42.4444753768844,8.81660351758794,0.999547968710168,"97.5th percentile"
42.5290743718593,8.81660351758794,0.999568984354042,"97.5th percentile"
42.6136733668342,8.81660351758794,0.999692904403051,"97.5th percentile"
42.698272361809,8.81660351758794,0.999805206563232,"97.5th percentile"
42.7828713567839,8.81660351758794,0.999850825356834,"97.5th percentile"
42.8674703517588,8.81660351758794,0.999900931751615,"97.5th percentile"
42.9520693467337,8.81660351758794,0.99992128811117,"97.5th percentile"
43.0366683417085,8.81660351758794,0.999942926462137,"97.5th percentile"
43.1212673366834,8.81660351758794,0.99996260811698,"97.5th percentile"
43.2058663316583,8.81660351758794,0.999977939468216,"97.5th percentile"
43.2904653266332,8.81660351758794,0.999984777126122,"97.5th percentile"
43.375064321608,8.81660351758794,0.999989648703517,"97.5th percentile"
43.4596633165829,8.81660351758794,0.999990994739288,"97.5th percentile"
43.5442623115578,8.81660351758794,0.999993648084571,"97.5th percentile"
43.6288613065327,8.81660351758794,0.999995970713072,"97.5th percentile"
43.7134603015075,8.81660351758794,0.999997118804938,"97.5th percentile"
43.7980592964824,8.81660351758794,0.999997637360975,"97.5th percentile"
43.8826582914573,8.81660351758794,0.999998170456654,"97.5th percentile"
43.9672572864322,8.81660351758794,0.999998401260074,"97.5th percentile"
44.051856281407,8.81660351758794,0.999998880981318,"97.5th percentile"
44.1364552763819,8.81660351758794,0.999999174074349,"97.5th percentile"
44.2210542713568,8.81660351758794,0.999999339570525,"97.5th percentile"
44.3056532663317,8.81660351758794,0.999999396759113,"97.5th percentile"
44.3902522613065,8.81660351758794,0.999999309992435,"97.5th percentile"
44.4748512562814,8.81660351758794,0.999999199290243,"97.5th percentile"
44.5594502512563,8.81660351758794,0.999999162635059,"97.5th percentile"
44.6440492462312,8.81660351758794,0.999999096862977,"97.5th percentile"
33.984575879397,8.88463015075377,0.577887454014721,"97.5th percentile"
34.0691748743719,8.88463015075377,0.522842988906119,"97.5th percentile"
34.1537738693467,8.88463015075377,0.502319985365561,"97.5th percentile"
34.2383728643216,8.88463015075377,0.521575247334137,"97.5th percentile"
34.3229718592965,8.88463015075377,0.46019839154634,"97.5th percentile"
34.4075708542714,8.88463015075377,0.4454672729082,"97.5th percentile"
34.4921698492462,8.88463015075377,0.421306326673269,"97.5th percentile"
34.5767688442211,8.88463015075377,0.440567181609321,"97.5th percentile"
34.661367839196,8.88463015075377,0.374098861824016,"97.5th percentile"
34.7459668341709,8.88463015075377,0.338957990297881,"97.5th percentile"
34.8305658291457,8.88463015075377,0.324161442084877,"97.5th percentile"
34.9151648241206,8.88463015075377,0.313142573817978,"97.5th percentile"
34.9997638190955,8.88463015075377,0.277400762970957,"97.5th percentile"
35.0843628140704,8.88463015075377,0.267795291491181,"97.5th percentile"
35.1689618090452,8.88463015075377,0.246694459412181,"97.5th percentile"
35.2535608040201,8.88463015075377,0.207681627755033,"97.5th percentile"
35.338159798995,8.88463015075377,0.193837963742163,"97.5th percentile"
35.4227587939698,8.88463015075377,0.281994533267219,"97.5th percentile"
35.5073577889447,8.88463015075377,0.304347472660094,"97.5th percentile"
35.5919567839196,8.88463015075377,0.306054393475573,"97.5th percentile"
35.6765557788945,8.88463015075377,0.305062556777368,"97.5th percentile"
35.7611547738694,8.88463015075377,0.29507772615804,"97.5th percentile"
35.8457537688442,8.88463015075377,0.311206802866002,"97.5th percentile"
35.9303527638191,8.88463015075377,0.334580184842485,"97.5th percentile"
36.014951758794,8.88463015075377,0.31930543842489,"97.5th percentile"
36.0995507537688,8.88463015075377,0.309185081983224,"97.5th percentile"
36.1841497487437,8.88463015075377,0.29648631945582,"97.5th percentile"
36.2687487437186,8.88463015075377,0.330771942264288,"97.5th percentile"
36.3533477386935,8.88463015075377,0.309182578307441,"97.5th percentile"
36.4379467336683,8.88463015075377,0.30654743405872,"97.5th percentile"
36.5225457286432,8.88463015075377,0.294633979676099,"97.5th percentile"
36.6071447236181,8.88463015075377,0.312691869778085,"97.5th percentile"
36.691743718593,8.88463015075377,0.324622143215785,"97.5th percentile"
36.7763427135678,8.88463015075377,0.322557536578531,"97.5th percentile"
36.8609417085427,8.88463015075377,0.308059198856172,"97.5th percentile"
36.9455407035176,8.88463015075377,0.289042627497444,"97.5th percentile"
37.0301396984925,8.88463015075377,0.315434337338053,"97.5th percentile"
37.1147386934673,8.88463015075377,0.327539524872502,"97.5th percentile"
37.1993376884422,8.88463015075377,0.346251759933784,"97.5th percentile"
37.2839366834171,8.88463015075377,0.326588403542781,"97.5th percentile"
37.368535678392,8.88463015075377,0.308325794080918,"97.5th percentile"
37.4531346733668,8.88463015075377,0.348095628983961,"97.5th percentile"
37.5377336683417,8.88463015075377,0.345636509759998,"97.5th percentile"
37.6223326633166,8.88463015075377,0.352695010284129,"97.5th percentile"
37.7069316582915,8.88463015075377,0.352765752570213,"97.5th percentile"
37.7915306532663,8.88463015075377,0.332508676647865,"97.5th percentile"
37.8761296482412,8.88463015075377,0.338556273436993,"97.5th percentile"
37.9607286432161,8.88463015075377,0.360838296075938,"97.5th percentile"
38.045327638191,8.88463015075377,0.379790893581997,"97.5th percentile"
38.1299266331658,8.88463015075377,0.386588961721163,"97.5th percentile"
38.2145256281407,8.88463015075377,0.398506287768568,"97.5th percentile"
38.2991246231156,8.88463015075377,0.421891264276262,"97.5th percentile"
38.3837236180904,8.88463015075377,0.418406538738543,"97.5th percentile"
38.4683226130653,8.88463015075377,0.439211334077665,"97.5th percentile"
38.5529216080402,8.88463015075377,0.412155930218215,"97.5th percentile"
38.6375206030151,8.88463015075377,0.404593851602506,"97.5th percentile"
38.72211959799,8.88463015075377,0.414164861442051,"97.5th percentile"
38.8067185929648,8.88463015075377,0.420304867149694,"97.5th percentile"
38.8913175879397,8.88463015075377,0.408811192721396,"97.5th percentile"
38.9759165829146,8.88463015075377,0.421599922437446,"97.5th percentile"
39.0605155778894,8.88463015075377,0.404021644895661,"97.5th percentile"
39.1451145728643,8.88463015075377,0.400319565304141,"97.5th percentile"
39.2297135678392,8.88463015075377,0.40558816216497,"97.5th percentile"
39.3143125628141,8.88463015075377,0.41122566058544,"97.5th percentile"
39.3989115577889,8.88463015075377,0.401027017329626,"97.5th percentile"
39.4835105527638,8.88463015075377,0.426060395725172,"97.5th percentile"
39.5681095477387,8.88463015075377,0.460252811591811,"97.5th percentile"
39.6527085427136,8.88463015075377,0.479913579962259,"97.5th percentile"
39.7373075376884,8.88463015075377,0.429721263196777,"97.5th percentile"
39.8219065326633,8.88463015075377,0.394200562956012,"97.5th percentile"
39.9065055276382,8.88463015075377,0.609931538302756,"97.5th percentile"
39.9911045226131,8.88463015075377,0.450951184723905,"97.5th percentile"
40.0757035175879,8.88463015075377,0.510977409057171,"97.5th percentile"
40.1603025125628,8.88463015075377,0.433707244301907,"97.5th percentile"
40.2449015075377,8.88463015075377,0.41952327958989,"97.5th percentile"
40.3295005025126,8.88463015075377,0.393185342111752,"97.5th percentile"
40.4140994974874,8.88463015075377,0.363567944741997,"97.5th percentile"
40.4986984924623,8.88463015075377,0.340994717556851,"97.5th percentile"
40.5832974874372,8.88463015075377,0.424425444494606,"97.5th percentile"
40.6678964824121,8.88463015075377,0.508233887767201,"97.5th percentile"
40.7524954773869,8.88463015075377,0.602244497733081,"97.5th percentile"
40.8370944723618,8.88463015075377,0.683088393925546,"97.5th percentile"
40.9216934673367,8.88463015075377,0.749091015752007,"97.5th percentile"
41.0062924623116,8.88463015075377,0.81800193151809,"97.5th percentile"
41.0908914572864,8.88463015075377,0.870639901512006,"97.5th percentile"
41.1754904522613,8.88463015075377,0.904561792127799,"97.5th percentile"
41.2600894472362,8.88463015075377,0.932235616562322,"97.5th percentile"
41.344688442211,8.88463015075377,0.949398671751045,"97.5th percentile"
41.4292874371859,8.88463015075377,0.966247869061888,"97.5th percentile"
41.5138864321608,8.88463015075377,0.973851341993779,"97.5th percentile"
41.5984854271357,8.88463015075377,0.979407253338362,"97.5th percentile"
41.6830844221106,8.88463015075377,0.985955237537557,"97.5th percentile"
41.7676834170854,8.88463015075377,0.990321440882824,"97.5th percentile"
41.8522824120603,8.88463015075377,0.992956055506247,"97.5th percentile"
41.9368814070352,8.88463015075377,0.995199751581528,"97.5th percentile"
42.02148040201,8.88463015075377,0.996841466917954,"97.5th percentile"
42.1060793969849,8.88463015075377,0.997936832606645,"97.5th percentile"
42.1906783919598,8.88463015075377,0.998726371419408,"97.5th percentile"
42.2752773869347,8.88463015075377,0.998860685513811,"97.5th percentile"
42.3598763819095,8.88463015075377,0.999202180026888,"97.5th percentile"
42.4444753768844,8.88463015075377,0.999428664220267,"97.5th percentile"
42.5290743718593,8.88463015075377,0.999597888643559,"97.5th percentile"
42.6136733668342,8.88463015075377,0.99970808741293,"97.5th percentile"
42.698272361809,8.88463015075377,0.999791652604718,"97.5th percentile"
42.7828713567839,8.88463015075377,0.999851855984069,"97.5th percentile"
42.8674703517588,8.88463015075377,0.999902382836875,"97.5th percentile"
42.9520693467337,8.88463015075377,0.999928274607693,"97.5th percentile"
43.0366683417085,8.88463015075377,0.999953675980418,"97.5th percentile"
43.1212673366834,8.88463015075377,0.99996928045848,"97.5th percentile"
43.2058663316583,8.88463015075377,0.999978432696702,"97.5th percentile"
43.2904653266332,8.88463015075377,0.999984750260971,"97.5th percentile"
43.375064321608,8.88463015075377,0.999990238941384,"97.5th percentile"
43.4596633165829,8.88463015075377,0.999993155442198,"97.5th percentile"
43.5442623115578,8.88463015075377,0.999994747225353,"97.5th percentile"
43.6288613065327,8.88463015075377,0.999996561170572,"97.5th percentile"
43.7134603015075,8.88463015075377,0.999997514464918,"97.5th percentile"
43.7980592964824,8.88463015075377,0.999998098834089,"97.5th percentile"
43.8826582914573,8.88463015075377,0.999998419176209,"97.5th percentile"
43.9672572864322,8.88463015075377,0.999998715444643,"97.5th percentile"
44.051856281407,8.88463015075377,0.999999081867969,"97.5th percentile"
44.1364552763819,8.88463015075377,0.99999924550815,"97.5th percentile"
44.2210542713568,8.88463015075377,0.999999418613334,"97.5th percentile"
44.3056532663317,8.88463015075377,0.999999467267009,"97.5th percentile"
44.3902522613065,8.88463015075377,0.999999385398311,"97.5th percentile"
44.4748512562814,8.88463015075377,0.999999309615263,"97.5th percentile"
33.984575879397,8.9526567839196,0.607174637471746,"97.5th percentile"
34.0691748743719,8.9526567839196,0.529173342389074,"97.5th percentile"
34.1537738693467,8.9526567839196,0.508929365645565,"97.5th percentile"
34.2383728643216,8.9526567839196,0.490540482742544,"97.5th percentile"
34.3229718592965,8.9526567839196,0.470272906208916,"97.5th percentile"
34.4075708542714,8.9526567839196,0.450109209673552,"97.5th percentile"
34.4921698492462,8.9526567839196,0.42633814201415,"97.5th percentile"
34.5767688442211,8.9526567839196,0.389878972261886,"97.5th percentile"
34.661367839196,8.9526567839196,0.355257803552992,"97.5th percentile"
34.7459668341709,8.9526567839196,0.372423317662416,"97.5th percentile"
34.8305658291457,8.9526567839196,0.308434939278217,"97.5th percentile"
34.9151648241206,8.9526567839196,0.314159395169297,"97.5th percentile"
34.9997638190955,8.9526567839196,0.279218929456893,"97.5th percentile"
35.0843628140704,8.9526567839196,0.265052127902732,"97.5th percentile"
35.1689618090452,8.9526567839196,0.256760998041255,"97.5th percentile"
35.2535608040201,8.9526567839196,0.215427114673309,"97.5th percentile"
35.338159798995,8.9526567839196,0.249572628699036,"97.5th percentile"
35.4227587939698,8.9526567839196,0.2674518618946,"97.5th percentile"
35.5073577889447,8.9526567839196,0.274432593453893,"97.5th percentile"
35.5919567839196,8.9526567839196,0.284019382544372,"97.5th percentile"
35.6765557788945,8.9526567839196,0.297721152796282,"97.5th percentile"
35.7611547738694,8.9526567839196,0.280658864262182,"97.5th percentile"
35.8457537688442,8.9526567839196,0.304581680481115,"97.5th percentile"
35.9303527638191,8.9526567839196,0.341713377972774,"97.5th percentile"
36.014951758794,8.9526567839196,0.367131710259799,"97.5th percentile"
36.0995507537688,8.9526567839196,0.289074907029649,"97.5th percentile"
36.1841497487437,8.9526567839196,0.301638537425675,"97.5th percentile"
36.2687487437186,8.9526567839196,0.302636719906907,"97.5th percentile"
36.3533477386935,8.9526567839196,0.302648592404139,"97.5th percentile"
36.4379467336683,8.9526567839196,0.296486603830276,"97.5th percentile"
36.5225457286432,8.9526567839196,0.283124618488947,"97.5th percentile"
36.6071447236181,8.9526567839196,0.293000176030841,"97.5th percentile"
36.691743718593,8.9526567839196,0.314330313291592,"97.5th percentile"
36.7763427135678,8.9526567839196,0.330685221322103,"97.5th percentile"
36.8609417085427,8.9526567839196,0.302271583804064,"97.5th percentile"
36.9455407035176,8.9526567839196,0.293982690656397,"97.5th percentile"
37.0301396984925,8.9526567839196,0.339867245032518,"97.5th percentile"
37.1147386934673,8.9526567839196,0.323855822372294,"97.5th percentile"
37.1993376884422,8.9526567839196,0.329491010796571,"97.5th percentile"
37.2839366834171,8.9526567839196,0.328949552087975,"97.5th percentile"
37.368535678392,8.9526567839196,0.313556737931735,"97.5th percentile"
37.4531346733668,8.9526567839196,0.310825282602873,"97.5th percentile"
37.5377336683417,8.9526567839196,0.325189294587339,"97.5th percentile"
37.6223326633166,8.9526567839196,0.324920318044767,"97.5th percentile"
37.7069316582915,8.9526567839196,0.314722677411694,"97.5th percentile"
37.7915306532663,8.9526567839196,0.333364690684172,"97.5th percentile"
37.8761296482412,8.9526567839196,0.33008545291506,"97.5th percentile"
37.9607286432161,8.9526567839196,0.36156875003137,"97.5th percentile"
38.045327638191,8.9526567839196,0.379358318032106,"97.5th percentile"
38.1299266331658,8.9526567839196,0.385522343816035,"97.5th percentile"
38.2145256281407,8.9526567839196,0.39843055918478,"97.5th percentile"
38.2991246231156,8.9526567839196,0.409542770290082,"97.5th percentile"
38.3837236180904,8.9526567839196,0.419630681679117,"97.5th percentile"
38.4683226130653,8.9526567839196,0.419818277963733,"97.5th percentile"
38.5529216080402,8.9526567839196,0.46234176176921,"97.5th percentile"
38.6375206030151,8.9526567839196,0.431072951979205,"97.5th percentile"
38.72211959799,8.9526567839196,0.444192453875093,"97.5th percentile"
38.8067185929648,8.9526567839196,0.314639076735517,"97.5th percentile"
38.8913175879397,8.9526567839196,0.350128493031587,"97.5th percentile"
38.9759165829146,8.9526567839196,0.418432983523542,"97.5th percentile"
39.0605155778894,8.9526567839196,0.414452367195895,"97.5th percentile"
39.1451145728643,8.9526567839196,0.410923299032738,"97.5th percentile"
39.2297135678392,8.9526567839196,0.413658723662943,"97.5th percentile"
39.3143125628141,8.9526567839196,0.420110898150128,"97.5th percentile"
39.3989115577889,8.9526567839196,0.415846200521409,"97.5th percentile"
39.4835105527638,8.9526567839196,0.408885468846641,"97.5th percentile"
39.5681095477387,8.9526567839196,0.425814539442279,"97.5th percentile"
39.6527085427136,8.9526567839196,0.446909524385754,"97.5th percentile"
39.7373075376884,8.9526567839196,0.45198715565271,"97.5th percentile"
39.8219065326633,8.9526567839196,0.467844668060993,"97.5th percentile"
39.9065055276382,8.9526567839196,0.43191289687969,"97.5th percentile"
39.9911045226131,8.9526567839196,0.443808552759319,"97.5th percentile"
40.0757035175879,8.9526567839196,0.520713614710018,"97.5th percentile"
40.1603025125628,8.9526567839196,0.434917528391827,"97.5th percentile"
40.2449015075377,8.9526567839196,0.417806455666928,"97.5th percentile"
40.3295005025126,8.9526567839196,0.417394357763382,"97.5th percentile"
40.4140994974874,8.9526567839196,0.388242602882899,"97.5th percentile"
40.4986984924623,8.9526567839196,0.373874455347718,"97.5th percentile"
40.5832974874372,8.9526567839196,0.429981333592163,"97.5th percentile"
40.6678964824121,8.9526567839196,0.531220014024865,"97.5th percentile"
40.7524954773869,8.9526567839196,0.623346334842968,"97.5th percentile"
40.8370944723618,8.9526567839196,0.681256556537592,"97.5th percentile"
40.9216934673367,8.9526567839196,0.760483334600485,"97.5th percentile"
41.0062924623116,8.9526567839196,0.821277910565276,"97.5th percentile"
41.0908914572864,8.9526567839196,0.87058667138234,"97.5th percentile"
41.1754904522613,8.9526567839196,0.902658536935258,"97.5th percentile"
41.2600894472362,8.9526567839196,0.932388726920639,"97.5th percentile"
41.344688442211,8.9526567839196,0.951314839879021,"97.5th percentile"
41.4292874371859,8.9526567839196,0.966038597656032,"97.5th percentile"
41.5138864321608,8.9526567839196,0.972097254829479,"97.5th percentile"
41.5984854271357,8.9526567839196,0.97898011416393,"97.5th percentile"
41.6830844221106,8.9526567839196,0.985921730988191,"97.5th percentile"
41.7676834170854,8.9526567839196,0.990422834144976,"97.5th percentile"
41.8522824120603,8.9526567839196,0.993322420685373,"97.5th percentile"
41.9368814070352,8.9526567839196,0.99540477989928,"97.5th percentile"
42.02148040201,8.9526567839196,0.997092648947714,"97.5th percentile"
42.1060793969849,8.9526567839196,0.998122255288474,"97.5th percentile"
42.1906783919598,8.9526567839196,0.998569888125367,"97.5th percentile"
42.2752773869347,8.9526567839196,0.998913025046904,"97.5th percentile"
42.3598763819095,8.9526567839196,0.999228673681675,"97.5th percentile"
42.4444753768844,8.9526567839196,0.999460710876697,"97.5th percentile"
42.5290743718593,8.9526567839196,0.999623891020085,"97.5th percentile"
42.6136733668342,8.9526567839196,0.999723661529432,"97.5th percentile"
42.698272361809,8.9526567839196,0.999800449107052,"97.5th percentile"
42.7828713567839,8.9526567839196,0.999882271603629,"97.5th percentile"
42.8674703517588,8.9526567839196,0.999901093446809,"97.5th percentile"
42.9520693467337,8.9526567839196,0.999933989249079,"97.5th percentile"
43.0366683417085,8.9526567839196,0.999957257682842,"97.5th percentile"
43.1212673366834,8.9526567839196,0.999971218698698,"97.5th percentile"
43.2058663316583,8.9526567839196,0.999979439324074,"97.5th percentile"
43.2904653266332,8.9526567839196,0.999986089541464,"97.5th percentile"
43.375064321608,8.9526567839196,0.999990643910254,"97.5th percentile"
43.4596633165829,8.9526567839196,0.999993513612285,"97.5th percentile"
43.5442623115578,8.9526567839196,0.999995449581478,"97.5th percentile"
43.6288613065327,8.9526567839196,0.999996736356089,"97.5th percentile"
43.7134603015075,8.9526567839196,0.999997657662912,"97.5th percentile"
43.7980592964824,8.9526567839196,0.99999834803266,"97.5th percentile"
43.8826582914573,8.9526567839196,0.999998696037983,"97.5th percentile"
43.9672572864322,8.9526567839196,0.999998991903975,"97.5th percentile"
44.051856281407,8.9526567839196,0.999999185718179,"97.5th percentile"
44.1364552763819,8.9526567839196,0.99999936707789,"97.5th percentile"
44.2210542713568,8.9526567839196,0.999999488059125,"97.5th percentile"
44.3056532663317,8.9526567839196,0.999999484824339,"97.5th percentile"
33.984575879397,9.02068341708543,0.599433376795248,"97.5th percentile"
34.0691748743719,9.02068341708543,0.536694799948406,"97.5th percentile"
34.1537738693467,9.02068341708543,0.5198195381919,"97.5th percentile"
34.2383728643216,9.02068341708543,0.498814971158262,"97.5th percentile"
34.3229718592965,9.02068341708543,0.479468694026973,"97.5th percentile"
34.4075708542714,9.02068341708543,0.471036249426862,"97.5th percentile"
34.4921698492462,9.02068341708543,0.48452996474545,"97.5th percentile"
34.5767688442211,9.02068341708543,0.391381105381205,"97.5th percentile"
34.661367839196,9.02068341708543,0.378531183951985,"97.5th percentile"
34.7459668341709,9.02068341708543,0.353376192694745,"97.5th percentile"
34.8305658291457,9.02068341708543,0.322438354819505,"97.5th percentile"
34.9151648241206,9.02068341708543,0.332334849437651,"97.5th percentile"
34.9997638190955,9.02068341708543,0.296307066641779,"97.5th percentile"
35.0843628140704,9.02068341708543,0.285163562403263,"97.5th percentile"
35.1689618090452,9.02068341708543,0.260770201400371,"97.5th percentile"
35.2535608040201,9.02068341708543,0.245702852469281,"97.5th percentile"
35.338159798995,9.02068341708543,0.279364558913704,"97.5th percentile"
35.4227587939698,9.02068341708543,0.254579185906338,"97.5th percentile"
35.5073577889447,9.02068341708543,0.281035236090713,"97.5th percentile"
35.5919567839196,9.02068341708543,0.267017486259809,"97.5th percentile"
35.6765557788945,9.02068341708543,0.290469629330961,"97.5th percentile"
35.7611547738694,9.02068341708543,0.29013419605143,"97.5th percentile"
35.8457537688442,9.02068341708543,0.303485227360936,"97.5th percentile"
35.9303527638191,9.02068341708543,0.346623444233841,"97.5th percentile"
36.014951758794,9.02068341708543,0.330030932251028,"97.5th percentile"
36.0995507537688,9.02068341708543,0.307329682040774,"97.5th percentile"
36.1841497487437,9.02068341708543,0.301013367492589,"97.5th percentile"
36.2687487437186,9.02068341708543,0.300725340465757,"97.5th percentile"
36.3533477386935,9.02068341708543,0.308048327114283,"97.5th percentile"
36.4379467336683,9.02068341708543,0.275973224373766,"97.5th percentile"
36.5225457286432,9.02068341708543,0.260520917493026,"97.5th percentile"
36.6071447236181,9.02068341708543,0.262759735207354,"97.5th percentile"
36.691743718593,9.02068341708543,0.255888650501424,"97.5th percentile"
36.7763427135678,9.02068341708543,0.246990773562944,"97.5th percentile"
36.8609417085427,9.02068341708543,0.229625027158784,"97.5th percentile"
36.9455407035176,9.02068341708543,0.299055095035352,"97.5th percentile"
37.0301396984925,9.02068341708543,0.317909162513398,"97.5th percentile"
37.1147386934673,9.02068341708543,0.305221475156364,"97.5th percentile"
37.1993376884422,9.02068341708543,0.284979890574163,"97.5th percentile"
37.2839366834171,9.02068341708543,0.301640459530803,"97.5th percentile"
37.368535678392,9.02068341708543,0.307464952702425,"97.5th percentile"
37.4531346733668,9.02068341708543,0.317276605914038,"97.5th percentile"
37.5377336683417,9.02068341708543,0.344955860474727,"97.5th percentile"
37.6223326633166,9.02068341708543,0.349621729190997,"97.5th percentile"
37.7069316582915,9.02068341708543,0.344982892024149,"97.5th percentile"
37.7915306532663,9.02068341708543,0.365604092282719,"97.5th percentile"
37.8761296482412,9.02068341708543,0.356236660088955,"97.5th percentile"
37.9607286432161,9.02068341708543,0.366746156587626,"97.5th percentile"
38.045327638191,9.02068341708543,0.375501972089416,"97.5th percentile"
38.1299266331658,9.02068341708543,0.380643442030463,"97.5th percentile"
38.2145256281407,9.02068341708543,0.396406000456109,"97.5th percentile"
38.2991246231156,9.02068341708543,0.409242109275877,"97.5th percentile"
38.3837236180904,9.02068341708543,0.413338066666226,"97.5th percentile"
38.4683226130653,9.02068341708543,0.402888115461937,"97.5th percentile"
38.5529216080402,9.02068341708543,0.42366835697447,"97.5th percentile"
38.6375206030151,9.02068341708543,0.449741884133649,"97.5th percentile"
38.72211959799,9.02068341708543,0.543019116418544,"97.5th percentile"
38.8067185929648,9.02068341708543,0.470936708246364,"97.5th percentile"
38.8913175879397,9.02068341708543,0.454084886872584,"97.5th percentile"
38.9759165829146,9.02068341708543,0.414824647725146,"97.5th percentile"
39.0605155778894,9.02068341708543,0.426804335187755,"97.5th percentile"
39.1451145728643,9.02068341708543,0.423644412418292,"97.5th percentile"
39.2297135678392,9.02068341708543,0.427267861806282,"97.5th percentile"
39.3143125628141,9.02068341708543,0.428308045563369,"97.5th percentile"
39.3989115577889,9.02068341708543,0.436705741725204,"97.5th percentile"
39.4835105527638,9.02068341708543,0.463422953878625,"97.5th percentile"
39.5681095477387,9.02068341708543,0.431713570742187,"97.5th percentile"
39.6527085427136,9.02068341708543,0.451831456766087,"97.5th percentile"
39.7373075376884,9.02068341708543,0.511065947997703,"97.5th percentile"
39.8219065326633,9.02068341708543,0.487615596289208,"97.5th percentile"
39.9065055276382,9.02068341708543,0.405091594698441,"97.5th percentile"
39.9911045226131,9.02068341708543,0.433692473995234,"97.5th percentile"
40.0757035175879,9.02068341708543,0.49832619547882,"97.5th percentile"
40.1603025125628,9.02068341708543,0.464027998407806,"97.5th percentile"
40.2449015075377,9.02068341708543,0.451101771049528,"97.5th percentile"
40.3295005025126,9.02068341708543,0.432143616345977,"97.5th percentile"
40.4140994974874,9.02068341708543,0.412435266870024,"97.5th percentile"
40.4986984924623,9.02068341708543,0.439447982845536,"97.5th percentile"
40.5832974874372,9.02068341708543,0.486407424045904,"97.5th percentile"
40.6678964824121,9.02068341708543,0.540086194818301,"97.5th percentile"
40.7524954773869,9.02068341708543,0.618946551507471,"97.5th percentile"
40.8370944723618,9.02068341708543,0.687079371585132,"97.5th percentile"
40.9216934673367,9.02068341708543,0.75006693342529,"97.5th percentile"
41.0062924623116,9.02068341708543,0.823658617150565,"97.5th percentile"
41.0908914572864,9.02068341708543,0.870314601038328,"97.5th percentile"
41.1754904522613,9.02068341708543,0.89809932513385,"97.5th percentile"
41.2600894472362,9.02068341708543,0.931598114456695,"97.5th percentile"
41.344688442211,9.02068341708543,0.952525743534174,"97.5th percentile"
41.4292874371859,9.02068341708543,0.968063134041497,"97.5th percentile"
41.5138864321608,9.02068341708543,0.974497909183639,"97.5th percentile"
41.5984854271357,9.02068341708543,0.979360274615065,"97.5th percentile"
41.6830844221106,9.02068341708543,0.98628279430583,"97.5th percentile"
41.7676834170854,9.02068341708543,0.99054907449768,"97.5th percentile"
41.8522824120603,9.02068341708543,0.993571767587742,"97.5th percentile"
41.9368814070352,9.02068341708543,0.995648989283682,"97.5th percentile"
42.02148040201,9.02068341708543,0.997216260414758,"97.5th percentile"
42.1060793969849,9.02068341708543,0.998009386475021,"97.5th percentile"
42.1906783919598,9.02068341708543,0.998593137716033,"97.5th percentile"
42.2752773869347,9.02068341708543,0.998986835365129,"97.5th percentile"
42.3598763819095,9.02068341708543,0.999264531130223,"97.5th percentile"
42.4444753768844,9.02068341708543,0.999496572497458,"97.5th percentile"
42.5290743718593,9.02068341708543,0.999636268505318,"97.5th percentile"
42.6136733668342,9.02068341708543,0.999723807473895,"97.5th percentile"
42.698272361809,9.02068341708543,0.9997345964665,"97.5th percentile"
42.7828713567839,9.02068341708543,0.999833712517589,"97.5th percentile"
42.8674703517588,9.02068341708543,0.999898047193008,"97.5th percentile"
42.9520693467337,9.02068341708543,0.999940766865105,"97.5th percentile"
43.0366683417085,9.02068341708543,0.999959258818394,"97.5th percentile"
43.1212673366834,9.02068341708543,0.999973580523606,"97.5th percentile"
43.2058663316583,9.02068341708543,0.999981287630504,"97.5th percentile"
43.2904653266332,9.02068341708543,0.999986585078604,"97.5th percentile"
43.375064321608,9.02068341708543,0.99999002944865,"97.5th percentile"
43.4596633165829,9.02068341708543,0.999993411969767,"97.5th percentile"
43.5442623115578,9.02068341708543,0.999995653525248,"97.5th percentile"
43.6288613065327,9.02068341708543,0.999996886739588,"97.5th percentile"
43.7134603015075,9.02068341708543,0.999997781954948,"97.5th percentile"
43.7980592964824,9.02068341708543,0.999998263455214,"97.5th percentile"
43.8826582914573,9.02068341708543,0.999998878009805,"97.5th percentile"
43.9672572864322,9.02068341708543,0.999999070231456,"97.5th percentile"
44.051856281407,9.02068341708543,0.999999303871842,"97.5th percentile"
33.984575879397,9.08871005025126,0.598005702631442,"97.5th percentile"
34.0691748743719,9.08871005025126,0.552351178316952,"97.5th percentile"
34.1537738693467,9.08871005025126,0.530514905878535,"97.5th percentile"
34.2383728643216,9.08871005025126,0.51271275960349,"97.5th percentile"
34.3229718592965,9.08871005025126,0.480796447304986,"97.5th percentile"
34.4075708542714,9.08871005025126,0.468813633409567,"97.5th percentile"
34.4921698492462,9.08871005025126,0.439746090316859,"97.5th percentile"
34.5767688442211,9.08871005025126,0.398719606266133,"97.5th percentile"
34.661367839196,9.08871005025126,0.393806672429174,"97.5th percentile"
34.7459668341709,9.08871005025126,0.359920894628692,"97.5th percentile"
34.8305658291457,9.08871005025126,0.356591954892771,"97.5th percentile"
34.9151648241206,9.08871005025126,0.349406999378196,"97.5th percentile"
34.9997638190955,9.08871005025126,0.348310694420556,"97.5th percentile"
35.0843628140704,9.08871005025126,0.29956494151682,"97.5th percentile"
35.1689618090452,9.08871005025126,0.26965967898045,"97.5th percentile"
35.2535608040201,9.08871005025126,0.25934207926728,"97.5th percentile"
35.338159798995,9.08871005025126,0.255588947744904,"97.5th percentile"
35.4227587939698,9.08871005025126,0.260548204289853,"97.5th percentile"
35.5073577889447,9.08871005025126,0.271972227950622,"97.5th percentile"
35.5919567839196,9.08871005025126,0.270306464422221,"97.5th percentile"
35.6765557788945,9.08871005025126,0.27230912309873,"97.5th percentile"
35.7611547738694,9.08871005025126,0.290528653932529,"97.5th percentile"
35.8457537688442,9.08871005025126,0.282723961702653,"97.5th percentile"
35.9303527638191,9.08871005025126,0.321541416033195,"97.5th percentile"
36.014951758794,9.08871005025126,0.329960000102301,"97.5th percentile"
36.0995507537688,9.08871005025126,0.333703777428706,"97.5th percentile"
36.1841497487437,9.08871005025126,0.337456444031072,"97.5th percentile"
36.2687487437186,9.08871005025126,0.317782945577405,"97.5th percentile"
36.3533477386935,9.08871005025126,0.311564539338816,"97.5th percentile"
36.4379467336683,9.08871005025126,0.30693200756599,"97.5th percentile"
36.5225457286432,9.08871005025126,0.300527007578526,"97.5th percentile"
36.6071447236181,9.08871005025126,0.28507309426491,"97.5th percentile"
36.691743718593,9.08871005025126,0.279292258266584,"97.5th percentile"
36.7763427135678,9.08871005025126,0.221091631468616,"97.5th percentile"
36.8609417085427,9.08871005025126,0.221680613465938,"97.5th percentile"
36.9455407035176,9.08871005025126,0.295607824515652,"97.5th percentile"
37.0301396984925,9.08871005025126,0.315637031853131,"97.5th percentile"
37.1147386934673,9.08871005025126,0.283634636891247,"97.5th percentile"
37.1993376884422,9.08871005025126,0.279920757894604,"97.5th percentile"
37.2839366834171,9.08871005025126,0.310941716920261,"97.5th percentile"
37.368535678392,9.08871005025126,0.325936429193837,"97.5th percentile"
37.4531346733668,9.08871005025126,0.317372193842604,"97.5th percentile"
37.5377336683417,9.08871005025126,0.309578258896929,"97.5th percentile"
37.6223326633166,9.08871005025126,0.327325479679462,"97.5th percentile"
37.7069316582915,9.08871005025126,0.388438578568881,"97.5th percentile"
37.7915306532663,9.08871005025126,0.376838846076129,"97.5th percentile"
37.8761296482412,9.08871005025126,0.396307372251292,"97.5th percentile"
37.9607286432161,9.08871005025126,0.363513711655023,"97.5th percentile"
38.045327638191,9.08871005025126,0.373649237122449,"97.5th percentile"
38.1299266331658,9.08871005025126,0.385622425873058,"97.5th percentile"
38.2145256281407,9.08871005025126,0.400550583287001,"97.5th percentile"
38.2991246231156,9.08871005025126,0.41148900400563,"97.5th percentile"
38.3837236180904,9.08871005025126,0.425847548430888,"97.5th percentile"
38.4683226130653,9.08871005025126,0.44015379435361,"97.5th percentile"
38.5529216080402,9.08871005025126,0.428040699581763,"97.5th percentile"
38.6375206030151,9.08871005025126,0.446861488957066,"97.5th percentile"
38.72211959799,9.08871005025126,0.434631657357245,"97.5th percentile"
38.8067185929648,9.08871005025126,0.420758590477081,"97.5th percentile"
38.8913175879397,9.08871005025126,0.410437901770284,"97.5th percentile"
38.9759165829146,9.08871005025126,0.407958488166471,"97.5th percentile"
39.0605155778894,9.08871005025126,0.413751098115162,"97.5th percentile"
39.1451145728643,9.08871005025126,0.435001582338305,"97.5th percentile"
39.2297135678392,9.08871005025126,0.434073733258809,"97.5th percentile"
39.3143125628141,9.08871005025126,0.45439654542856,"97.5th percentile"
39.3989115577889,9.08871005025126,0.447472275769154,"97.5th percentile"
39.4835105527638,9.08871005025126,0.449017540102642,"97.5th percentile"
39.5681095477387,9.08871005025126,0.442982128219761,"97.5th percentile"
39.6527085427136,9.08871005025126,0.464848237633473,"97.5th percentile"
39.7373075376884,9.08871005025126,0.498321261722123,"97.5th percentile"
39.8219065326633,9.08871005025126,0.43474094050725,"97.5th percentile"
39.9065055276382,9.08871005025126,0.406890103592419,"97.5th percentile"
39.9911045226131,9.08871005025126,0.40901876750143,"97.5th percentile"
40.0757035175879,9.08871005025126,0.458842705666551,"97.5th percentile"
40.1603025125628,9.08871005025126,0.411737692666501,"97.5th percentile"
40.2449015075377,9.08871005025126,0.498923418090244,"97.5th percentile"
40.3295005025126,9.08871005025126,0.428047887507547,"97.5th percentile"
40.4140994974874,9.08871005025126,0.426726878232641,"97.5th percentile"
40.4986984924623,9.08871005025126,0.445304259010941,"97.5th percentile"
40.5832974874372,9.08871005025126,0.51185616791007,"97.5th percentile"
40.6678964824121,9.08871005025126,0.585187212308821,"97.5th percentile"
40.7524954773869,9.08871005025126,0.648351980394423,"97.5th percentile"
40.8370944723618,9.08871005025126,0.709054820505257,"97.5th percentile"
40.9216934673367,9.08871005025126,0.761227113430173,"97.5th percentile"
41.0062924623116,9.08871005025126,0.80646752162239,"97.5th percentile"
41.0908914572864,9.08871005025126,0.86346971110471,"97.5th percentile"
41.1754904522613,9.08871005025126,0.906704475960122,"97.5th percentile"
41.2600894472362,9.08871005025126,0.934810831476145,"97.5th percentile"
41.344688442211,9.08871005025126,0.954383214251857,"97.5th percentile"
41.4292874371859,9.08871005025126,0.966587763925008,"97.5th percentile"
41.5138864321608,9.08871005025126,0.973969455733131,"97.5th percentile"
41.5984854271357,9.08871005025126,0.980541120994792,"97.5th percentile"
41.6830844221106,9.08871005025126,0.986581521014495,"97.5th percentile"
41.7676834170854,9.08871005025126,0.990767269685742,"97.5th percentile"
41.8522824120603,9.08871005025126,0.993495240816449,"97.5th percentile"
41.9368814070352,9.08871005025126,0.995928673381542,"97.5th percentile"
42.02148040201,9.08871005025126,0.997262310244441,"97.5th percentile"
42.1060793969849,9.08871005025126,0.997963370612791,"97.5th percentile"
42.1906783919598,9.08871005025126,0.99857967305546,"97.5th percentile"
42.2752773869347,9.08871005025126,0.99900927209164,"97.5th percentile"
42.3598763819095,9.08871005025126,0.999334227622814,"97.5th percentile"
42.4444753768844,9.08871005025126,0.999506707988441,"97.5th percentile"
42.5290743718593,9.08871005025126,0.999628096600814,"97.5th percentile"
42.6136733668342,9.08871005025126,0.999789474519736,"97.5th percentile"
42.698272361809,9.08871005025126,0.999718011171451,"97.5th percentile"
42.7828713567839,9.08871005025126,0.999765097309633,"97.5th percentile"
42.8674703517588,9.08871005025126,0.999856655410785,"97.5th percentile"
42.9520693467337,9.08871005025126,0.999941752102145,"97.5th percentile"
43.0366683417085,9.08871005025126,0.999963751693847,"97.5th percentile"
43.1212673366834,9.08871005025126,0.999972456538236,"97.5th percentile"
43.2058663316583,9.08871005025126,0.999980741759458,"97.5th percentile"
43.2904653266332,9.08871005025126,0.999987548652264,"97.5th percentile"
43.375064321608,9.08871005025126,0.999991051273644,"97.5th percentile"
43.4596633165829,9.08871005025126,0.999993802188527,"97.5th percentile"
43.5442623115578,9.08871005025126,0.999995680767688,"97.5th percentile"
43.6288613065327,9.08871005025126,0.999997014822611,"97.5th percentile"
43.7134603015075,9.08871005025126,0.999997891483045,"97.5th percentile"
43.7980592964824,9.08871005025126,0.99999798148026,"97.5th percentile"
43.8826582914573,9.08871005025126,0.999998849142802,"97.5th percentile"
33.984575879397,9.15673668341709,0.613956826203947,"97.5th percentile"
34.0691748743719,9.15673668341709,0.610562173603067,"97.5th percentile"
34.1537738693467,9.15673668341709,0.550947005992238,"97.5th percentile"
34.2383728643216,9.15673668341709,0.518367110517312,"97.5th percentile"
34.3229718592965,9.15673668341709,0.499510917251056,"97.5th percentile"
34.4075708542714,9.15673668341709,0.471026734751354,"97.5th percentile"
34.4921698492462,9.15673668341709,0.450963726123464,"97.5th percentile"
34.5767688442211,9.15673668341709,0.399595187260792,"97.5th percentile"
34.661367839196,9.15673668341709,0.428913999123038,"97.5th percentile"
34.7459668341709,9.15673668341709,0.457465301356891,"97.5th percentile"
34.8305658291457,9.15673668341709,0.351549117748684,"97.5th percentile"
34.9151648241206,9.15673668341709,0.354339970926455,"97.5th percentile"
34.9997638190955,9.15673668341709,0.329852759396714,"97.5th percentile"
35.0843628140704,9.15673668341709,0.315950767270154,"97.5th percentile"
35.1689618090452,9.15673668341709,0.283589265641371,"97.5th percentile"
35.2535608040201,9.15673668341709,0.256200263557494,"97.5th percentile"
35.338159798995,9.15673668341709,0.254105114142938,"97.5th percentile"
35.4227587939698,9.15673668341709,0.254401462750416,"97.5th percentile"
35.5073577889447,9.15673668341709,0.278839957010935,"97.5th percentile"
35.5919567839196,9.15673668341709,0.269458120055662,"97.5th percentile"
35.6765557788945,9.15673668341709,0.280322896013436,"97.5th percentile"
35.7611547738694,9.15673668341709,0.278327799530344,"97.5th percentile"
35.8457537688442,9.15673668341709,0.290418649482547,"97.5th percentile"
35.9303527638191,9.15673668341709,0.318267131769119,"97.5th percentile"
36.014951758794,9.15673668341709,0.337589606096943,"97.5th percentile"
36.0995507537688,9.15673668341709,0.327589765844677,"97.5th percentile"
36.1841497487437,9.15673668341709,0.338178921745619,"97.5th percentile"
36.2687487437186,9.15673668341709,0.314540974764067,"97.5th percentile"
36.3533477386935,9.15673668341709,0.33794024298994,"97.5th percentile"
36.4379467336683,9.15673668341709,0.304294317846515,"97.5th percentile"
36.5225457286432,9.15673668341709,0.281035086038823,"97.5th percentile"
36.6071447236181,9.15673668341709,0.293592186573092,"97.5th percentile"
36.691743718593,9.15673668341709,0.293410236225088,"97.5th percentile"
36.7763427135678,9.15673668341709,0.229855288521756,"97.5th percentile"
36.8609417085427,9.15673668341709,0.22345694667939,"97.5th percentile"
36.9455407035176,9.15673668341709,0.292027352566753,"97.5th percentile"
37.0301396984925,9.15673668341709,0.287118859334763,"97.5th percentile"
37.1147386934673,9.15673668341709,0.279980873407819,"97.5th percentile"
37.1993376884422,9.15673668341709,0.283563679351152,"97.5th percentile"
37.2839366834171,9.15673668341709,0.310505645180303,"97.5th percentile"
37.368535678392,9.15673668341709,0.309451809032152,"97.5th percentile"
37.4531346733668,9.15673668341709,0.318758159496151,"97.5th percentile"
37.5377336683417,9.15673668341709,0.309857103981815,"97.5th percentile"
37.6223326633166,9.15673668341709,0.325143277960366,"97.5th percentile"
37.7069316582915,9.15673668341709,0.379012071118284,"97.5th percentile"
37.7915306532663,9.15673668341709,0.377553386984266,"97.5th percentile"
37.8761296482412,9.15673668341709,0.390681111285468,"97.5th percentile"
37.9607286432161,9.15673668341709,0.371320061722453,"97.5th percentile"
38.045327638191,9.15673668341709,0.368774707866512,"97.5th percentile"
38.1299266331658,9.15673668341709,0.38259450301829,"97.5th percentile"
38.2145256281407,9.15673668341709,0.455805827762053,"97.5th percentile"
38.2991246231156,9.15673668341709,0.421454196715911,"97.5th percentile"
38.3837236180904,9.15673668341709,0.416230006364992,"97.5th percentile"
38.4683226130653,9.15673668341709,0.424356432164871,"97.5th percentile"
38.5529216080402,9.15673668341709,0.429541820873568,"97.5th percentile"
38.6375206030151,9.15673668341709,0.449262678478704,"97.5th percentile"
38.72211959799,9.15673668341709,0.425791631591914,"97.5th percentile"
38.8067185929648,9.15673668341709,0.424271859007858,"97.5th percentile"
38.8913175879397,9.15673668341709,0.427738276571588,"97.5th percentile"
38.9759165829146,9.15673668341709,0.417221974996634,"97.5th percentile"
39.0605155778894,9.15673668341709,0.426874182975611,"97.5th percentile"
39.1451145728643,9.15673668341709,0.433758192372939,"97.5th percentile"
39.2297135678392,9.15673668341709,0.455562895320446,"97.5th percentile"
39.3143125628141,9.15673668341709,0.487035625210086,"97.5th percentile"
39.3989115577889,9.15673668341709,0.456273504894935,"97.5th percentile"
39.4835105527638,9.15673668341709,0.466851054882815,"97.5th percentile"
39.5681095477387,9.15673668341709,0.449856330583852,"97.5th percentile"
39.6527085427136,9.15673668341709,0.465340780464937,"97.5th percentile"
39.7373075376884,9.15673668341709,0.454264200699709,"97.5th percentile"
39.8219065326633,9.15673668341709,0.43850699456417,"97.5th percentile"
39.9065055276382,9.15673668341709,0.423513543630387,"97.5th percentile"
39.9911045226131,9.15673668341709,0.397073627684121,"97.5th percentile"
40.0757035175879,9.15673668341709,0.409748224919629,"97.5th percentile"
40.1603025125628,9.15673668341709,0.496206172163543,"97.5th percentile"
40.2449015075377,9.15673668341709,0.513446327554995,"97.5th percentile"
40.3295005025126,9.15673668341709,0.526282066807988,"97.5th percentile"
40.4140994974874,9.15673668341709,0.462358168199823,"97.5th percentile"
40.4986984924623,9.15673668341709,0.455803662709163,"97.5th percentile"
40.5832974874372,9.15673668341709,0.527784125897567,"97.5th percentile"
40.6678964824121,9.15673668341709,0.599478084461671,"97.5th percentile"
40.7524954773869,9.15673668341709,0.671437603081538,"97.5th percentile"
40.8370944723618,9.15673668341709,0.721897849663964,"97.5th percentile"
40.9216934673367,9.15673668341709,0.773108591331014,"97.5th percentile"
41.0062924623116,9.15673668341709,0.814937310178891,"97.5th percentile"
41.0908914572864,9.15673668341709,0.868680450896046,"97.5th percentile"
41.1754904522613,9.15673668341709,0.910699191999206,"97.5th percentile"
41.2600894472362,9.15673668341709,0.93769984558005,"97.5th percentile"
41.344688442211,9.15673668341709,0.957070788352985,"97.5th percentile"
41.4292874371859,9.15673668341709,0.968203515087873,"97.5th percentile"
41.5138864321608,9.15673668341709,0.97628133577095,"97.5th percentile"
41.5984854271357,9.15673668341709,0.981965685898872,"97.5th percentile"
41.6830844221106,9.15673668341709,0.987645465373678,"97.5th percentile"
41.7676834170854,9.15673668341709,0.991565651978872,"97.5th percentile"
41.8522824120603,9.15673668341709,0.993829344961322,"97.5th percentile"
41.9368814070352,9.15673668341709,0.996223176260551,"97.5th percentile"
42.02148040201,9.15673668341709,0.9973946159339,"97.5th percentile"
42.1060793969849,9.15673668341709,0.998054787845106,"97.5th percentile"
42.1906783919598,9.15673668341709,0.998633029903691,"97.5th percentile"
42.2752773869347,9.15673668341709,0.999071174781834,"97.5th percentile"
42.3598763819095,9.15673668341709,0.999334643317754,"97.5th percentile"
42.4444753768844,9.15673668341709,0.999535009434322,"97.5th percentile"
42.5290743718593,9.15673668341709,0.999669295118434,"97.5th percentile"
42.6136733668342,9.15673668341709,0.999776373881171,"97.5th percentile"
42.698272361809,9.15673668341709,0.999713018607391,"97.5th percentile"
42.7828713567839,9.15673668341709,0.999831451952785,"97.5th percentile"
42.8674703517588,9.15673668341709,0.999858164733809,"97.5th percentile"
42.9520693467337,9.15673668341709,0.999946769998096,"97.5th percentile"
43.0366683417085,9.15673668341709,0.999959951598347,"97.5th percentile"
43.1212673366834,9.15673668341709,0.999972967605997,"97.5th percentile"
43.2058663316583,9.15673668341709,0.99998172206778,"97.5th percentile"
43.2904653266332,9.15673668341709,0.999986116154176,"97.5th percentile"
43.375064321608,9.15673668341709,0.999990961102719,"97.5th percentile"
43.4596633165829,9.15673668341709,0.999994191425388,"97.5th percentile"
43.5442623115578,9.15673668341709,0.99999590262111,"97.5th percentile"
43.6288613065327,9.15673668341709,0.999997009234419,"97.5th percentile"
43.7134603015075,9.15673668341709,0.999997956427418,"97.5th percentile"
33.984575879397,9.22476331658291,0.615565291509176,"97.5th percentile"
34.0691748743719,9.22476331658291,0.617104321361302,"97.5th percentile"
34.1537738693467,9.22476331658291,0.574518761131739,"97.5th percentile"
34.2383728643216,9.22476331658291,0.538523025235401,"97.5th percentile"
34.3229718592965,9.22476331658291,0.508222052982957,"97.5th percentile"
34.4075708542714,9.22476331658291,0.483815449643734,"97.5th percentile"
34.4921698492462,9.22476331658291,0.482088150642818,"97.5th percentile"
34.5767688442211,9.22476331658291,0.410547228829401,"97.5th percentile"
34.661367839196,9.22476331658291,0.395593675530871,"97.5th percentile"
34.7459668341709,9.22476331658291,0.438195157989514,"97.5th percentile"
34.8305658291457,9.22476331658291,0.451862295224755,"97.5th percentile"
34.9151648241206,9.22476331658291,0.401073363709058,"97.5th percentile"
34.9997638190955,9.22476331658291,0.336831296533796,"97.5th percentile"
35.0843628140704,9.22476331658291,0.316250788880636,"97.5th percentile"
35.1689618090452,9.22476331658291,0.321764010328281,"97.5th percentile"
35.2535608040201,9.22476331658291,0.275383742079354,"97.5th percentile"
35.338159798995,9.22476331658291,0.25278767432007,"97.5th percentile"
35.4227587939698,9.22476331658291,0.258459354535416,"97.5th percentile"
35.5073577889447,9.22476331658291,0.270601280921319,"97.5th percentile"
35.5919567839196,9.22476331658291,0.278906621595416,"97.5th percentile"
35.6765557788945,9.22476331658291,0.292677679803578,"97.5th percentile"
35.7611547738694,9.22476331658291,0.282023631517038,"97.5th percentile"
35.8457537688442,9.22476331658291,0.293654699724263,"97.5th percentile"
35.9303527638191,9.22476331658291,0.309973127845513,"97.5th percentile"
36.014951758794,9.22476331658291,0.34037425214929,"97.5th percentile"
36.0995507537688,9.22476331658291,0.332248959938986,"97.5th percentile"
36.1841497487437,9.22476331658291,0.317316425439717,"97.5th percentile"
36.2687487437186,9.22476331658291,0.321841938914994,"97.5th percentile"
36.3533477386935,9.22476331658291,0.336195080353124,"97.5th percentile"
36.4379467336683,9.22476331658291,0.310717691231113,"97.5th percentile"
36.5225457286432,9.22476331658291,0.308235583783723,"97.5th percentile"
36.6071447236181,9.22476331658291,0.322594120017994,"97.5th percentile"
36.691743718593,9.22476331658291,0.311223023406604,"97.5th percentile"
36.7763427135678,9.22476331658291,0.24308476139613,"97.5th percentile"
36.8609417085427,9.22476331658291,0.263427520736118,"97.5th percentile"
36.9455407035176,9.22476331658291,0.304607030275906,"97.5th percentile"
37.0301396984925,9.22476331658291,0.303818075510513,"97.5th percentile"
37.1147386934673,9.22476331658291,0.286224021565396,"97.5th percentile"
37.1993376884422,9.22476331658291,0.295080566157152,"97.5th percentile"
37.2839366834171,9.22476331658291,0.289943122037343,"97.5th percentile"
37.368535678392,9.22476331658291,0.31048014028678,"97.5th percentile"
37.4531346733668,9.22476331658291,0.339682362921431,"97.5th percentile"
37.5377336683417,9.22476331658291,0.349340546060424,"97.5th percentile"
37.6223326633166,9.22476331658291,0.368191043423944,"97.5th percentile"
37.7069316582915,9.22476331658291,0.395829274826804,"97.5th percentile"
37.7915306532663,9.22476331658291,0.381441923454508,"97.5th percentile"
37.8761296482412,9.22476331658291,0.414529427098276,"97.5th percentile"
37.9607286432161,9.22476331658291,0.387504123908181,"97.5th percentile"
38.045327638191,9.22476331658291,0.364974234477714,"97.5th percentile"
38.1299266331658,9.22476331658291,0.349843182164194,"97.5th percentile"
38.2145256281407,9.22476331658291,0.388366804822891,"97.5th percentile"
38.2991246231156,9.22476331658291,0.40497774627967,"97.5th percentile"
38.3837236180904,9.22476331658291,0.421186365192479,"97.5th percentile"
38.4683226130653,9.22476331658291,0.423550809799146,"97.5th percentile"
38.5529216080402,9.22476331658291,0.444711708968928,"97.5th percentile"
38.6375206030151,9.22476331658291,0.471463863203206,"97.5th percentile"
38.72211959799,9.22476331658291,0.457745056258697,"97.5th percentile"
38.8067185929648,9.22476331658291,0.435854600755629,"97.5th percentile"
38.8913175879397,9.22476331658291,0.463556425111656,"97.5th percentile"
38.9759165829146,9.22476331658291,0.464945985347053,"97.5th percentile"
39.0605155778894,9.22476331658291,0.454320639824803,"97.5th percentile"
39.1451145728643,9.22476331658291,0.42400086397788,"97.5th percentile"
39.2297135678392,9.22476331658291,0.435041326595134,"97.5th percentile"
39.3143125628141,9.22476331658291,0.478227981982,"97.5th percentile"
39.3989115577889,9.22476331658291,0.46475504210275,"97.5th percentile"
39.4835105527638,9.22476331658291,0.485193676223854,"97.5th percentile"
39.5681095477387,9.22476331658291,0.436494118266278,"97.5th percentile"
39.6527085427136,9.22476331658291,0.465922477906703,"97.5th percentile"
39.7373075376884,9.22476331658291,0.4700490661491,"97.5th percentile"
39.8219065326633,9.22476331658291,0.461327625219812,"97.5th percentile"
39.9065055276382,9.22476331658291,0.475810380236517,"97.5th percentile"
39.9911045226131,9.22476331658291,0.444359469840826,"97.5th percentile"
40.0757035175879,9.22476331658291,0.417905114857279,"97.5th percentile"
40.1603025125628,9.22476331658291,0.486090291771755,"97.5th percentile"
40.2449015075377,9.22476331658291,0.527557204197979,"97.5th percentile"
40.3295005025126,9.22476331658291,0.532006550162823,"97.5th percentile"
40.4140994974874,9.22476331658291,0.467058036116864,"97.5th percentile"
40.4986984924623,9.22476331658291,0.495911420252061,"97.5th percentile"
40.5832974874372,9.22476331658291,0.562561569474658,"97.5th percentile"
40.6678964824121,9.22476331658291,0.62747501854623,"97.5th percentile"
40.7524954773869,9.22476331658291,0.703562808242001,"97.5th percentile"
40.8370944723618,9.22476331658291,0.769808974730866,"97.5th percentile"
40.9216934673367,9.22476331658291,0.796397416091008,"97.5th percentile"
41.0062924623116,9.22476331658291,0.832911457835873,"97.5th percentile"
41.0908914572864,9.22476331658291,0.861607653439426,"97.5th percentile"
41.1754904522613,9.22476331658291,0.912603295126426,"97.5th percentile"
41.2600894472362,9.22476331658291,0.941392460122377,"97.5th percentile"
41.344688442211,9.22476331658291,0.953464065079069,"97.5th percentile"
41.4292874371859,9.22476331658291,0.965290830951642,"97.5th percentile"
41.5138864321608,9.22476331658291,0.975224386263416,"97.5th percentile"
41.5984854271357,9.22476331658291,0.983192500363847,"97.5th percentile"
41.6830844221106,9.22476331658291,0.987586304602499,"97.5th percentile"
41.7676834170854,9.22476331658291,0.991739707823966,"97.5th percentile"
41.8522824120603,9.22476331658291,0.994626510405971,"97.5th percentile"
41.9368814070352,9.22476331658291,0.996332306934101,"97.5th percentile"
42.02148040201,9.22476331658291,0.997379845879645,"97.5th percentile"
42.1060793969849,9.22476331658291,0.998073323845673,"97.5th percentile"
42.1906783919598,9.22476331658291,0.998652272417153,"97.5th percentile"
42.2752773869347,9.22476331658291,0.99909054102796,"97.5th percentile"
42.3598763819095,9.22476331658291,0.999340519681985,"97.5th percentile"
42.4444753768844,9.22476331658291,0.999517492746458,"97.5th percentile"
42.5290743718593,9.22476331658291,0.999640263965083,"97.5th percentile"
42.6136733668342,9.22476331658291,0.999774776360574,"97.5th percentile"
42.698272361809,9.22476331658291,0.999828521472167,"97.5th percentile"
42.7828713567839,9.22476331658291,0.999843745307203,"97.5th percentile"
42.8674703517588,9.22476331658291,0.999911668749424,"97.5th percentile"
42.9520693467337,9.22476331658291,0.999955222764138,"97.5th percentile"
43.0366683417085,9.22476331658291,0.999965775571186,"97.5th percentile"
43.1212673366834,9.22476331658291,0.99997429922298,"97.5th percentile"
43.2058663316583,9.22476331658291,0.999983881220789,"97.5th percentile"
43.2904653266332,9.22476331658291,0.999988810203133,"97.5th percentile"
43.375064321608,9.22476331658291,0.99999149445674,"97.5th percentile"
43.4596633165829,9.22476331658291,0.999994392579918,"97.5th percentile"
43.5442623115578,9.22476331658291,0.999996049079878,"97.5th percentile"
43.6288613065327,9.22476331658291,0.999997220920624,"97.5th percentile"
33.984575879397,9.29278994974874,0.628166337889739,"97.5th percentile"
34.0691748743719,9.29278994974874,0.596836199055347,"97.5th percentile"
34.1537738693467,9.29278994974874,0.561967327636782,"97.5th percentile"
34.2383728643216,9.29278994974874,0.540231296007844,"97.5th percentile"
34.3229718592965,9.29278994974874,0.513386320754063,"97.5th percentile"
34.4075708542714,9.29278994974874,0.499748114838193,"97.5th percentile"
34.4921698492462,9.29278994974874,0.469349681742098,"97.5th percentile"
34.5767688442211,9.29278994974874,0.418066600705172,"97.5th percentile"
34.661367839196,9.29278994974874,0.41014301331305,"97.5th percentile"
34.7459668341709,9.29278994974874,0.438112195884641,"97.5th percentile"
34.8305658291457,9.29278994974874,0.418821156676076,"97.5th percentile"
34.9151648241206,9.29278994974874,0.434911365130436,"97.5th percentile"
34.9997638190955,9.29278994974874,0.348894933298169,"97.5th percentile"
35.0843628140704,9.29278994974874,0.336696343909518,"97.5th percentile"
35.1689618090452,9.29278994974874,0.299527631416049,"97.5th percentile"
35.2535608040201,9.29278994974874,0.278464716876512,"97.5th percentile"
35.338159798995,9.29278994974874,0.27754618996131,"97.5th percentile"
35.4227587939698,9.29278994974874,0.289664827886021,"97.5th percentile"
35.5073577889447,9.29278994974874,0.276623358500738,"97.5th percentile"
35.5919567839196,9.29278994974874,0.274475280636417,"97.5th percentile"
35.6765557788945,9.29278994974874,0.280971097310889,"97.5th percentile"
35.7611547738694,9.29278994974874,0.296954966080931,"97.5th percentile"
35.8457537688442,9.29278994974874,0.312096391309564,"97.5th percentile"
35.9303527638191,9.29278994974874,0.344949120846281,"97.5th percentile"
36.014951758794,9.29278994974874,0.336940643473304,"97.5th percentile"
36.0995507537688,9.29278994974874,0.348522847851597,"97.5th percentile"
36.1841497487437,9.29278994974874,0.306774785948377,"97.5th percentile"
36.2687487437186,9.29278994974874,0.299756712388197,"97.5th percentile"
36.3533477386935,9.29278994974874,0.32296212409843,"97.5th percentile"
36.4379467336683,9.29278994974874,0.316039344153765,"97.5th percentile"
36.5225457286432,9.29278994974874,0.338271112500092,"97.5th percentile"
36.6071447236181,9.29278994974874,0.307206133252744,"97.5th percentile"
36.691743718593,9.29278994974874,0.315873913446321,"97.5th percentile"
36.7763427135678,9.29278994974874,0.310722315078108,"97.5th percentile"
36.8609417085427,9.29278994974874,0.331314014131873,"97.5th percentile"
36.9455407035176,9.29278994974874,0.322767288753514,"97.5th percentile"
37.0301396984925,9.29278994974874,0.298501155934192,"97.5th percentile"
37.1147386934673,9.29278994974874,0.329844080137407,"97.5th percentile"
37.1993376884422,9.29278994974874,0.360588919366154,"97.5th percentile"
37.2839366834171,9.29278994974874,0.331705591552353,"97.5th percentile"
37.368535678392,9.29278994974874,0.321305684179358,"97.5th percentile"
37.4531346733668,9.29278994974874,0.377771198012694,"97.5th percentile"
37.5377336683417,9.29278994974874,0.39380988801021,"97.5th percentile"
37.6223326633166,9.29278994974874,0.396145512942976,"97.5th percentile"
37.7069316582915,9.29278994974874,0.409634818695604,"97.5th percentile"
37.7915306532663,9.29278994974874,0.389345529351854,"97.5th percentile"
37.8761296482412,9.29278994974874,0.403118811810304,"97.5th percentile"
37.9607286432161,9.29278994974874,0.378728557082072,"97.5th percentile"
38.045327638191,9.29278994974874,0.35950978926711,"97.5th percentile"
38.1299266331658,9.29278994974874,0.370962169237526,"97.5th percentile"
38.2145256281407,9.29278994974874,0.407392777622681,"97.5th percentile"
38.2991246231156,9.29278994974874,0.395492935706681,"97.5th percentile"
38.3837236180904,9.29278994974874,0.411412464221623,"97.5th percentile"
38.4683226130653,9.29278994974874,0.428603921686981,"97.5th percentile"
38.5529216080402,9.29278994974874,0.478216533382231,"97.5th percentile"
38.6375206030151,9.29278994974874,0.465142074323649,"97.5th percentile"
38.72211959799,9.29278994974874,0.462257478369429,"97.5th percentile"
38.8067185929648,9.29278994974874,0.437040538395865,"97.5th percentile"
38.8913175879397,9.29278994974874,0.498618137189889,"97.5th percentile"
38.9759165829146,9.29278994974874,0.448825384157603,"97.5th percentile"
39.0605155778894,9.29278994974874,0.454054315071718,"97.5th percentile"
39.1451145728643,9.29278994974874,0.430280296018657,"97.5th percentile"
39.2297135678392,9.29278994974874,0.429538580322722,"97.5th percentile"
39.3143125628141,9.29278994974874,0.467453280660212,"97.5th percentile"
39.3989115577889,9.29278994974874,0.474254717160249,"97.5th percentile"
39.4835105527638,9.29278994974874,0.504963387266758,"97.5th percentile"
39.5681095477387,9.29278994974874,0.430152526020236,"97.5th percentile"
39.6527085427136,9.29278994974874,0.447600822401692,"97.5th percentile"
39.7373075376884,9.29278994974874,0.468649233123368,"97.5th percentile"
39.8219065326633,9.29278994974874,0.470909418347707,"97.5th percentile"
39.9065055276382,9.29278994974874,0.477638770253721,"97.5th percentile"
39.9911045226131,9.29278994974874,0.44475510045252,"97.5th percentile"
40.0757035175879,9.29278994974874,0.404383846570658,"97.5th percentile"
40.1603025125628,9.29278994974874,0.447156324265229,"97.5th percentile"
40.2449015075377,9.29278994974874,0.505370822776399,"97.5th percentile"
40.3295005025126,9.29278994974874,0.537972406623155,"97.5th percentile"
40.4140994974874,9.29278994974874,0.534959339307677,"97.5th percentile"
40.4986984924623,9.29278994974874,0.511239750387801,"97.5th percentile"
40.5832974874372,9.29278994974874,0.581074267994717,"97.5th percentile"
40.6678964824121,9.29278994974874,0.649185510875373,"97.5th percentile"
40.7524954773869,9.29278994974874,0.743006228337235,"97.5th percentile"
40.8370944723618,9.29278994974874,0.791266187332048,"97.5th percentile"
40.9216934673367,9.29278994974874,0.83970951158905,"97.5th percentile"
41.0062924623116,9.29278994974874,0.850677520352348,"97.5th percentile"
41.0908914572864,9.29278994974874,0.875933394743988,"97.5th percentile"
41.1754904522613,9.29278994974874,0.911141116435553,"97.5th percentile"
41.2600894472362,9.29278994974874,0.933915912229774,"97.5th percentile"
41.344688442211,9.29278994974874,0.950080903379829,"97.5th percentile"
41.4292874371859,9.29278994974874,0.965100131260835,"97.5th percentile"
41.5138864321608,9.29278994974874,0.975181522137542,"97.5th percentile"
41.5984854271357,9.29278994974874,0.983087412569749,"97.5th percentile"
41.6830844221106,9.29278994974874,0.986464959055064,"97.5th percentile"
41.7676834170854,9.29278994974874,0.99075426627629,"97.5th percentile"
41.8522824120603,9.29278994974874,0.994423488099825,"97.5th percentile"
41.9368814070352,9.29278994974874,0.996445385876953,"97.5th percentile"
42.02148040201,9.29278994974874,0.997202920784849,"97.5th percentile"
42.1060793969849,9.29278994974874,0.997975595117664,"97.5th percentile"
42.1906783919598,9.29278994974874,0.998682956034774,"97.5th percentile"
42.2752773869347,9.29278994974874,0.999139285038729,"97.5th percentile"
42.3598763819095,9.29278994974874,0.999322103668844,"97.5th percentile"
42.4444753768844,9.29278994974874,0.999509012159395,"97.5th percentile"
42.5290743718593,9.29278994974874,0.999663746194271,"97.5th percentile"
42.6136733668342,9.29278994974874,0.999790917786035,"97.5th percentile"
42.698272361809,9.29278994974874,0.999870550093687,"97.5th percentile"
42.7828713567839,9.29278994974874,0.999903020854663,"97.5th percentile"
42.8674703517588,9.29278994974874,0.99992560077531,"97.5th percentile"
42.9520693467337,9.29278994974874,0.999948555102683,"97.5th percentile"
43.0366683417085,9.29278994974874,0.99996396053097,"97.5th percentile"
43.1212673366834,9.29278994974874,0.99997339486046,"97.5th percentile"
43.2058663316583,9.29278994974874,0.999984811357209,"97.5th percentile"
43.2904653266332,9.29278994974874,0.999989457850773,"97.5th percentile"
43.375064321608,9.29278994974874,0.999991341184305,"97.5th percentile"
43.4596633165829,9.29278994974874,0.999994623373262,"97.5th percentile"
43.5442623115578,9.29278994974874,0.999996235208894,"97.5th percentile"
33.984575879397,9.36081658291457,0.627040098268192,"97.5th percentile"
34.0691748743719,9.36081658291457,0.606532846033468,"97.5th percentile"
34.1537738693467,9.36081658291457,0.567454724838474,"97.5th percentile"
34.2383728643216,9.36081658291457,0.546757610087486,"97.5th percentile"
34.3229718592965,9.36081658291457,0.529729702487941,"97.5th percentile"
34.4075708542714,9.36081658291457,0.512575341840667,"97.5th percentile"
34.4921698492462,9.36081658291457,0.455339518533108,"97.5th percentile"
34.5767688442211,9.36081658291457,0.424205949899526,"97.5th percentile"
34.661367839196,9.36081658291457,0.403182522576122,"97.5th percentile"
34.7459668341709,9.36081658291457,0.385863067325144,"97.5th percentile"
34.8305658291457,9.36081658291457,0.387047680310833,"97.5th percentile"
34.9151648241206,9.36081658291457,0.375941949692874,"97.5th percentile"
34.9997638190955,9.36081658291457,0.366826733754329,"97.5th percentile"
35.0843628140704,9.36081658291457,0.306602068434498,"97.5th percentile"
35.1689618090452,9.36081658291457,0.303405615973345,"97.5th percentile"
35.2535608040201,9.36081658291457,0.276902346491765,"97.5th percentile"
35.338159798995,9.36081658291457,0.267971510137164,"97.5th percentile"
35.4227587939698,9.36081658291457,0.271318920085103,"97.5th percentile"
35.5073577889447,9.36081658291457,0.278116078622516,"97.5th percentile"
35.5919567839196,9.36081658291457,0.286659140667553,"97.5th percentile"
35.6765557788945,9.36081658291457,0.285090659828305,"97.5th percentile"
35.7611547738694,9.36081658291457,0.329775441714304,"97.5th percentile"
35.8457537688442,9.36081658291457,0.326194936398,"97.5th percentile"
35.9303527638191,9.36081658291457,0.333804709172839,"97.5th percentile"
36.014951758794,9.36081658291457,0.330799326500859,"97.5th percentile"
36.0995507537688,9.36081658291457,0.37546290045905,"97.5th percentile"
36.1841497487437,9.36081658291457,0.34135081481365,"97.5th percentile"
36.2687487437186,9.36081658291457,0.324832571468274,"97.5th percentile"
36.3533477386935,9.36081658291457,0.327103314956273,"97.5th percentile"
36.4379467336683,9.36081658291457,0.330176150599111,"97.5th percentile"
36.5225457286432,9.36081658291457,0.287054216564291,"97.5th percentile"
36.6071447236181,9.36081658291457,0.305043661989019,"97.5th percentile"
36.691743718593,9.36081658291457,0.30075007967362,"97.5th percentile"
36.7763427135678,9.36081658291457,0.338082270277242,"97.5th percentile"
36.8609417085427,9.36081658291457,0.356118881897219,"97.5th percentile"
36.9455407035176,9.36081658291457,0.368490241147152,"97.5th percentile"
37.0301396984925,9.36081658291457,0.341924124386507,"97.5th percentile"
37.1147386934673,9.36081658291457,0.361944238610933,"97.5th percentile"
37.1993376884422,9.36081658291457,0.360334989351808,"97.5th percentile"
37.2839366834171,9.36081658291457,0.353552350249133,"97.5th percentile"
37.368535678392,9.36081658291457,0.348204410967561,"97.5th percentile"
37.4531346733668,9.36081658291457,0.353843501270413,"97.5th percentile"
37.5377336683417,9.36081658291457,0.378851632787887,"97.5th percentile"
37.6223326633166,9.36081658291457,0.403737559489277,"97.5th percentile"
37.7069316582915,9.36081658291457,0.406452132858871,"97.5th percentile"
37.7915306532663,9.36081658291457,0.391500768646576,"97.5th percentile"
37.8761296482412,9.36081658291457,0.372745790890764,"97.5th percentile"
37.9607286432161,9.36081658291457,0.374235351174038,"97.5th percentile"
38.045327638191,9.36081658291457,0.361067647022539,"97.5th percentile"
38.1299266331658,9.36081658291457,0.417601218756563,"97.5th percentile"
38.2145256281407,9.36081658291457,0.401939263661749,"97.5th percentile"
38.2991246231156,9.36081658291457,0.384017464447927,"97.5th percentile"
38.3837236180904,9.36081658291457,0.425173774086008,"97.5th percentile"
38.4683226130653,9.36081658291457,0.437976008072847,"97.5th percentile"
38.5529216080402,9.36081658291457,0.449757443051784,"97.5th percentile"
38.6375206030151,9.36081658291457,0.47412435073596,"97.5th percentile"
38.72211959799,9.36081658291457,0.464170381667961,"97.5th percentile"
38.8067185929648,9.36081658291457,0.441117916642999,"97.5th percentile"
38.8913175879397,9.36081658291457,0.457236613385903,"97.5th percentile"
38.9759165829146,9.36081658291457,0.462772047763991,"97.5th percentile"
39.0605155778894,9.36081658291457,0.43958135984814,"97.5th percentile"
39.1451145728643,9.36081658291457,0.464788481589562,"97.5th percentile"
39.2297135678392,9.36081658291457,0.454433661800003,"97.5th percentile"
39.3143125628141,9.36081658291457,0.444984523089374,"97.5th percentile"
39.3989115577889,9.36081658291457,0.46085595995764,"97.5th percentile"
39.4835105527638,9.36081658291457,0.455105020237897,"97.5th percentile"
39.5681095477387,9.36081658291457,0.445590694515106,"97.5th percentile"
39.6527085427136,9.36081658291457,0.441328451204351,"97.5th percentile"
39.7373075376884,9.36081658291457,0.46526871011899,"97.5th percentile"
39.8219065326633,9.36081658291457,0.487095851621156,"97.5th percentile"
39.9065055276382,9.36081658291457,0.503038672930975,"97.5th percentile"
39.9911045226131,9.36081658291457,0.476405017616718,"97.5th percentile"
40.0757035175879,9.36081658291457,0.431890338026001,"97.5th percentile"
40.1603025125628,9.36081658291457,0.437809100730157,"97.5th percentile"
40.2449015075377,9.36081658291457,0.54321500488528,"97.5th percentile"
40.3295005025126,9.36081658291457,0.544620344172956,"97.5th percentile"
40.4140994974874,9.36081658291457,0.545371994239371,"97.5th percentile"
40.4986984924623,9.36081658291457,0.544902036507657,"97.5th percentile"
40.5832974874372,9.36081658291457,0.616117728875774,"97.5th percentile"
40.6678964824121,9.36081658291457,0.673867870447469,"97.5th percentile"
40.7524954773869,9.36081658291457,0.740371831229256,"97.5th percentile"
40.8370944723618,9.36081658291457,0.800314410001852,"97.5th percentile"
40.9216934673367,9.36081658291457,0.848133404491405,"97.5th percentile"
41.0062924623116,9.36081658291457,0.875413890473973,"97.5th percentile"
41.0908914572864,9.36081658291457,0.900483704218977,"97.5th percentile"
41.1754904522613,9.36081658291457,0.922757224680379,"97.5th percentile"
41.2600894472362,9.36081658291457,0.93129239719811,"97.5th percentile"
41.344688442211,9.36081658291457,0.950638735362604,"97.5th percentile"
41.4292874371859,9.36081658291457,0.962646394564429,"97.5th percentile"
41.5138864321608,9.36081658291457,0.972424624904836,"97.5th percentile"
41.5984854271357,9.36081658291457,0.980770455335363,"97.5th percentile"
41.6830844221106,9.36081658291457,0.984593436070513,"97.5th percentile"
41.7676834170854,9.36081658291457,0.987040990981456,"97.5th percentile"
41.8522824120603,9.36081658291457,0.99052777992115,"97.5th percentile"
41.9368814070352,9.36081658291457,0.995982313667919,"97.5th percentile"
42.02148040201,9.36081658291457,0.997145723153329,"97.5th percentile"
42.1060793969849,9.36081658291457,0.99815975882435,"97.5th percentile"
42.1906783919598,9.36081658291457,0.998820417407927,"97.5th percentile"
42.2752773869347,9.36081658291457,0.998948869847473,"97.5th percentile"
42.3598763819095,9.36081658291457,0.999290741579191,"97.5th percentile"
42.4444753768844,9.36081658291457,0.999551252044886,"97.5th percentile"
42.5290743718593,9.36081658291457,0.999691237596617,"97.5th percentile"
42.6136733668342,9.36081658291457,0.999791038447682,"97.5th percentile"
42.698272361809,9.36081658291457,0.999857172238676,"97.5th percentile"
42.7828713567839,9.36081658291457,0.999896044385487,"97.5th percentile"
42.8674703517588,9.36081658291457,0.999939737522246,"97.5th percentile"
42.9520693467337,9.36081658291457,0.999954490650927,"97.5th percentile"
43.0366683417085,9.36081658291457,0.999962086761215,"97.5th percentile"
43.1212673366834,9.36081658291457,0.999973665105755,"97.5th percentile"
43.2058663316583,9.36081658291457,0.999984478013209,"97.5th percentile"
43.2904653266332,9.36081658291457,0.999989717295361,"97.5th percentile"
43.375064321608,9.36081658291457,0.999993014717593,"97.5th percentile"
43.4596633165829,9.36081658291457,0.999994653890041,"97.5th percentile"
33.984575879397,9.4288432160804,0.61852937472277,"97.5th percentile"
34.0691748743719,9.4288432160804,0.59766134041384,"97.5th percentile"
34.1537738693467,9.4288432160804,0.578905508493441,"97.5th percentile"
34.2383728643216,9.4288432160804,0.559914264721047,"97.5th percentile"
34.3229718592965,9.4288432160804,0.590639157380632,"97.5th percentile"
34.4075708542714,9.4288432160804,0.505372989310167,"97.5th percentile"
34.4921698492462,9.4288432160804,0.469042011649127,"97.5th percentile"
34.5767688442211,9.4288432160804,0.443909542057734,"97.5th percentile"
34.661367839196,9.4288432160804,0.427666493406822,"97.5th percentile"
34.7459668341709,9.4288432160804,0.407962058751071,"97.5th percentile"
34.8305658291457,9.4288432160804,0.412336676032039,"97.5th percentile"
34.9151648241206,9.4288432160804,0.420789754550454,"97.5th percentile"
34.9997638190955,9.4288432160804,0.352563195818653,"97.5th percentile"
35.0843628140704,9.4288432160804,0.328674452489443,"97.5th percentile"
35.1689618090452,9.4288432160804,0.305898703058195,"97.5th percentile"
35.2535608040201,9.4288432160804,0.300512840104413,"97.5th percentile"
35.338159798995,9.4288432160804,0.25976785470899,"97.5th percentile"
35.4227587939698,9.4288432160804,0.25868903917109,"97.5th percentile"
35.5073577889447,9.4288432160804,0.271923291105527,"97.5th percentile"
35.5919567839196,9.4288432160804,0.279905308002195,"97.5th percentile"
35.6765557788945,9.4288432160804,0.311566845695685,"97.5th percentile"
35.7611547738694,9.4288432160804,0.329716864193984,"97.5th percentile"
35.8457537688442,9.4288432160804,0.322188347970345,"97.5th percentile"
35.9303527638191,9.4288432160804,0.319750508663346,"97.5th percentile"
36.014951758794,9.4288432160804,0.348257236814084,"97.5th percentile"
36.0995507537688,9.4288432160804,0.352870596024016,"97.5th percentile"
36.1841497487437,9.4288432160804,0.360092090742479,"97.5th percentile"
36.2687487437186,9.4288432160804,0.37137798012458,"97.5th percentile"
36.3533477386935,9.4288432160804,0.389769982715572,"97.5th percentile"
36.4379467336683,9.4288432160804,0.344877909277486,"97.5th percentile"
36.5225457286432,9.4288432160804,0.292142432606422,"97.5th percentile"
36.6071447236181,9.4288432160804,0.28932933647747,"97.5th percentile"
36.691743718593,9.4288432160804,0.316514725415663,"97.5th percentile"
36.7763427135678,9.4288432160804,0.331258000939955,"97.5th percentile"
36.8609417085427,9.4288432160804,0.366349588849809,"97.5th percentile"
36.9455407035176,9.4288432160804,0.361062746833947,"97.5th percentile"
37.0301396984925,9.4288432160804,0.363232444796649,"97.5th percentile"
37.1147386934673,9.4288432160804,0.362563438352738,"97.5th percentile"
37.1993376884422,9.4288432160804,0.526021506575496,"97.5th percentile"
37.2839366834171,9.4288432160804,0.349874816013413,"97.5th percentile"
37.368535678392,9.4288432160804,0.343668814470695,"97.5th percentile"
37.4531346733668,9.4288432160804,0.333501824630131,"97.5th percentile"
37.5377336683417,9.4288432160804,0.374668126584051,"97.5th percentile"
37.6223326633166,9.4288432160804,0.407402563450993,"97.5th percentile"
37.7069316582915,9.4288432160804,0.399696924993485,"97.5th percentile"
37.7915306532663,9.4288432160804,0.408917281228125,"97.5th percentile"
37.8761296482412,9.4288432160804,0.397789849683225,"97.5th percentile"
37.9607286432161,9.4288432160804,0.41928162192306,"97.5th percentile"
38.045327638191,9.4288432160804,0.402032646528448,"97.5th percentile"
38.1299266331658,9.4288432160804,0.44263758573369,"97.5th percentile"
38.2145256281407,9.4288432160804,0.407259611803044,"97.5th percentile"
38.2991246231156,9.4288432160804,0.392109813463,"97.5th percentile"
38.3837236180904,9.4288432160804,0.410723632604161,"97.5th percentile"
38.4683226130653,9.4288432160804,0.473565741823808,"97.5th percentile"
38.5529216080402,9.4288432160804,0.449087921938548,"97.5th percentile"
38.6375206030151,9.4288432160804,0.468612767162435,"97.5th percentile"
38.72211959799,9.4288432160804,0.527089685457325,"97.5th percentile"
38.8067185929648,9.4288432160804,0.458677595485814,"97.5th percentile"
38.8913175879397,9.4288432160804,0.444077927698946,"97.5th percentile"
38.9759165829146,9.4288432160804,0.460452803838341,"97.5th percentile"
39.0605155778894,9.4288432160804,0.43026470890085,"97.5th percentile"
39.1451145728643,9.4288432160804,0.447858898052213,"97.5th percentile"
39.2297135678392,9.4288432160804,0.458207692088675,"97.5th percentile"
39.3143125628141,9.4288432160804,0.458213799084799,"97.5th percentile"
39.3989115577889,9.4288432160804,0.445886847641593,"97.5th percentile"
39.4835105527638,9.4288432160804,0.452851564219022,"97.5th percentile"
39.5681095477387,9.4288432160804,0.453970962110083,"97.5th percentile"
39.6527085427136,9.4288432160804,0.467162103605825,"97.5th percentile"
39.7373075376884,9.4288432160804,0.47414784311475,"97.5th percentile"
39.8219065326633,9.4288432160804,0.476577449935253,"97.5th percentile"
39.9065055276382,9.4288432160804,0.484692219119449,"97.5th percentile"
39.9911045226131,9.4288432160804,0.519798213357428,"97.5th percentile"
40.0757035175879,9.4288432160804,0.456433358158264,"97.5th percentile"
40.1603025125628,9.4288432160804,0.454516777525771,"97.5th percentile"
40.2449015075377,9.4288432160804,0.46443938956677,"97.5th percentile"
40.3295005025126,9.4288432160804,0.47042011016665,"97.5th percentile"
40.4140994974874,9.4288432160804,0.546452631251964,"97.5th percentile"
40.4986984924623,9.4288432160804,0.619622228535462,"97.5th percentile"
40.5832974874372,9.4288432160804,0.678100435920524,"97.5th percentile"
40.6678964824121,9.4288432160804,0.685239096134313,"97.5th percentile"
40.7524954773869,9.4288432160804,0.757635544372485,"97.5th percentile"
40.8370944723618,9.4288432160804,0.809134526282108,"97.5th percentile"
40.9216934673367,9.4288432160804,0.858124843801963,"97.5th percentile"
41.0062924623116,9.4288432160804,0.894518792023623,"97.5th percentile"
41.0908914572864,9.4288432160804,0.922215826495111,"97.5th percentile"
41.1754904522613,9.4288432160804,0.93566007860685,"97.5th percentile"
41.2600894472362,9.4288432160804,0.946353266064722,"97.5th percentile"
41.344688442211,9.4288432160804,0.961413699887323,"97.5th percentile"
41.4292874371859,9.4288432160804,0.973160596398297,"97.5th percentile"
41.5138864321608,9.4288432160804,0.978234941005266,"97.5th percentile"
41.5984854271357,9.4288432160804,0.983385414180874,"97.5th percentile"
41.6830844221106,9.4288432160804,0.988535703904225,"97.5th percentile"
41.7676834170854,9.4288432160804,0.989455368291468,"97.5th percentile"
41.8522824120603,9.4288432160804,0.992409463596414,"97.5th percentile"
41.9368814070352,9.4288432160804,0.996350649678508,"97.5th percentile"
42.02148040201,9.4288432160804,0.997362547294073,"97.5th percentile"
42.1060793969849,9.4288432160804,0.998599092100909,"97.5th percentile"
42.1906783919598,9.4288432160804,0.998777334447586,"97.5th percentile"
42.2752773869347,9.4288432160804,0.998736003860222,"97.5th percentile"
42.3598763819095,9.4288432160804,0.999277758369904,"97.5th percentile"
42.4444753768844,9.4288432160804,0.999560679320235,"97.5th percentile"
42.5290743718593,9.4288432160804,0.99971585227033,"97.5th percentile"
42.6136733668342,9.4288432160804,0.999800641811057,"97.5th percentile"
42.698272361809,9.4288432160804,0.99989428728838,"97.5th percentile"
42.7828713567839,9.4288432160804,0.999906681798579,"97.5th percentile"
42.8674703517588,9.4288432160804,0.999930127373023,"97.5th percentile"
42.9520693467337,9.4288432160804,0.999948441627637,"97.5th percentile"
43.0366683417085,9.4288432160804,0.999966408183158,"97.5th percentile"
43.1212673366834,9.4288432160804,0.999977652448496,"97.5th percentile"
43.2058663316583,9.4288432160804,0.999986692781402,"97.5th percentile"
43.2904653266332,9.4288432160804,0.999990561248235,"97.5th percentile"
43.375064321608,9.4288432160804,0.999993158059795,"97.5th percentile"
33.984575879397,9.49686984924623,0.631045339897836,"97.5th percentile"
34.0691748743719,9.49686984924623,0.608779588103538,"97.5th percentile"
34.1537738693467,9.49686984924623,0.581878355402925,"97.5th percentile"
34.2383728643216,9.49686984924623,0.587874896050449,"97.5th percentile"
34.3229718592965,9.49686984924623,0.538995615760726,"97.5th percentile"
34.4075708542714,9.49686984924623,0.514336512388906,"97.5th percentile"
34.4921698492462,9.49686984924623,0.486188570135145,"97.5th percentile"
34.5767688442211,9.49686984924623,0.451752060525156,"97.5th percentile"
34.661367839196,9.49686984924623,0.424392897042522,"97.5th percentile"
34.7459668341709,9.49686984924623,0.415660363640252,"97.5th percentile"
34.8305658291457,9.49686984924623,0.403982277002157,"97.5th percentile"
34.9151648241206,9.49686984924623,0.407596654238147,"97.5th percentile"
34.9997638190955,9.49686984924623,0.401555075624776,"97.5th percentile"
35.0843628140704,9.49686984924623,0.347037983945809,"97.5th percentile"
35.1689618090452,9.49686984924623,0.308042747416984,"97.5th percentile"
35.2535608040201,9.49686984924623,0.301208579890975,"97.5th percentile"
35.338159798995,9.49686984924623,0.276415160767024,"97.5th percentile"
35.4227587939698,9.49686984924623,0.2722073669795,"97.5th percentile"
35.5073577889447,9.49686984924623,0.278067240856622,"97.5th percentile"
35.5919567839196,9.49686984924623,0.289337802948229,"97.5th percentile"
35.6765557788945,9.49686984924623,0.296211416516596,"97.5th percentile"
35.7611547738694,9.49686984924623,0.316480633689538,"97.5th percentile"
35.8457537688442,9.49686984924623,0.35236192805629,"97.5th percentile"
35.9303527638191,9.49686984924623,0.328652895676443,"97.5th percentile"
36.014951758794,9.49686984924623,0.324728386756584,"97.5th percentile"
36.0995507537688,9.49686984924623,0.348447936568223,"97.5th percentile"
36.1841497487437,9.49686984924623,0.361257087349146,"97.5th percentile"
36.2687487437186,9.49686984924623,0.327980833607819,"97.5th percentile"
36.3533477386935,9.49686984924623,0.34268734149105,"97.5th percentile"
36.4379467336683,9.49686984924623,0.318187134284251,"97.5th percentile"
36.5225457286432,9.49686984924623,0.288393062695703,"97.5th percentile"
36.6071447236181,9.49686984924623,0.286285018404097,"97.5th percentile"
36.691743718593,9.49686984924623,0.32550747037027,"97.5th percentile"
36.7763427135678,9.49686984924623,0.345320462078747,"97.5th percentile"
36.8609417085427,9.49686984924623,0.363802651891935,"97.5th percentile"
36.9455407035176,9.49686984924623,0.362688172360421,"97.5th percentile"
37.0301396984925,9.49686984924623,0.342510746274389,"97.5th percentile"
37.1147386934673,9.49686984924623,0.357802780580764,"97.5th percentile"
37.1993376884422,9.49686984924623,0.592743885217285,"97.5th percentile"
37.2839366834171,9.49686984924623,0.35358969482185,"97.5th percentile"
37.368535678392,9.49686984924623,0.345725594038905,"97.5th percentile"
37.4531346733668,9.49686984924623,0.335307476584132,"97.5th percentile"
37.5377336683417,9.49686984924623,0.373989041281955,"97.5th percentile"
37.6223326633166,9.49686984924623,0.419259005986804,"97.5th percentile"
37.7069316582915,9.49686984924623,0.403152616691794,"97.5th percentile"
37.7915306532663,9.49686984924623,0.412278288588576,"97.5th percentile"
37.8761296482412,9.49686984924623,0.406598246459449,"97.5th percentile"
37.9607286432161,9.49686984924623,0.378058495487738,"97.5th percentile"
38.045327638191,9.49686984924623,0.402410776485441,"97.5th percentile"
38.1299266331658,9.49686984924623,0.438271386605417,"97.5th percentile"
38.2145256281407,9.49686984924623,0.405918786449462,"97.5th percentile"
38.2991246231156,9.49686984924623,0.375023827446235,"97.5th percentile"
38.3837236180904,9.49686984924623,0.408527060239634,"97.5th percentile"
38.4683226130653,9.49686984924623,0.473905345678814,"97.5th percentile"
38.5529216080402,9.49686984924623,0.466881558444747,"97.5th percentile"
38.6375206030151,9.49686984924623,0.461162388457502,"97.5th percentile"
38.72211959799,9.49686984924623,0.5182707983786,"97.5th percentile"
38.8067185929648,9.49686984924623,0.456970403489917,"97.5th percentile"
38.8913175879397,9.49686984924623,0.453095337795318,"97.5th percentile"
38.9759165829146,9.49686984924623,0.459180184520869,"97.5th percentile"
39.0605155778894,9.49686984924623,0.444887286954821,"97.5th percentile"
39.1451145728643,9.49686984924623,0.461829390734474,"97.5th percentile"
39.2297135678392,9.49686984924623,0.467593393321395,"97.5th percentile"
39.3143125628141,9.49686984924623,0.467909212190606,"97.5th percentile"
39.3989115577889,9.49686984924623,0.460241592770305,"97.5th percentile"
39.4835105527638,9.49686984924623,0.44984149384317,"97.5th percentile"
39.5681095477387,9.49686984924623,0.466723444527026,"97.5th percentile"
39.6527085427136,9.49686984924623,0.480153108957279,"97.5th percentile"
39.7373075376884,9.49686984924623,0.482069780206808,"97.5th percentile"
39.8219065326633,9.49686984924623,0.476009216102657,"97.5th percentile"
39.9065055276382,9.49686984924623,0.477720695052532,"97.5th percentile"
39.9911045226131,9.49686984924623,0.481713450707096,"97.5th percentile"
40.0757035175879,9.49686984924623,0.50269018326851,"97.5th percentile"
40.1603025125628,9.49686984924623,0.450305343950294,"97.5th percentile"
40.2449015075377,9.49686984924623,0.483602729302772,"97.5th percentile"
40.3295005025126,9.49686984924623,0.515836366511258,"97.5th percentile"
40.4140994974874,9.49686984924623,0.53586431533827,"97.5th percentile"
40.4986984924623,9.49686984924623,0.625455998461932,"97.5th percentile"
40.5832974874372,9.49686984924623,0.687785555613826,"97.5th percentile"
40.6678964824121,9.49686984924623,0.726382631849183,"97.5th percentile"
40.7524954773869,9.49686984924623,0.790486622720627,"97.5th percentile"
40.8370944723618,9.49686984924623,0.818956329658087,"97.5th percentile"
40.9216934673367,9.49686984924623,0.866130332545505,"97.5th percentile"
41.0062924623116,9.49686984924623,0.915913381315213,"97.5th percentile"
41.0908914572864,9.49686984924623,0.926811161084761,"97.5th percentile"
41.1754904522613,9.49686984924623,0.94504807958563,"97.5th percentile"
41.2600894472362,9.49686984924623,0.959255324609341,"97.5th percentile"
41.344688442211,9.49686984924623,0.963618615421642,"97.5th percentile"
41.4292874371859,9.49686984924623,0.974545783410453,"97.5th percentile"
41.5138864321608,9.49686984924623,0.979513358977635,"97.5th percentile"
41.5984854271357,9.49686984924623,0.984331075958836,"97.5th percentile"
41.6830844221106,9.49686984924623,0.989033059492266,"97.5th percentile"
41.7676834170854,9.49686984924623,0.989921120294538,"97.5th percentile"
41.8522824120603,9.49686984924623,0.993173985732768,"97.5th percentile"
41.9368814070352,9.49686984924623,0.996563449247184,"97.5th percentile"
42.02148040201,9.49686984924623,0.997536447079161,"97.5th percentile"
42.1060793969849,9.49686984924623,0.998673745122535,"97.5th percentile"
42.1906783919598,9.49686984924623,0.998853504722916,"97.5th percentile"
42.2752773869347,9.49686984924623,0.998843373290764,"97.5th percentile"
42.3598763819095,9.49686984924623,0.999317523168449,"97.5th percentile"
42.4444753768844,9.49686984924623,0.999588166867806,"97.5th percentile"
42.5290743718593,9.49686984924623,0.999732463900934,"97.5th percentile"
42.6136733668342,9.49686984924623,0.999815388062909,"97.5th percentile"
42.698272361809,9.49686984924623,0.999879235020223,"97.5th percentile"
42.7828713567839,9.49686984924623,0.999912758407917,"97.5th percentile"
42.8674703517588,9.49686984924623,0.999932846448946,"97.5th percentile"
42.9520693467337,9.49686984924623,0.99995258131643,"97.5th percentile"
43.0366683417085,9.49686984924623,0.999966166733227,"97.5th percentile"
43.1212673366834,9.49686984924623,0.999977620489342,"97.5th percentile"
43.2058663316583,9.49686984924623,0.999987596685899,"97.5th percentile"
43.2904653266332,9.49686984924623,0.999990944721821,"97.5th percentile"
33.984575879397,9.56489648241206,0.6310072513228,"97.5th percentile"
34.0691748743719,9.56489648241206,0.613728771706739,"97.5th percentile"
34.1537738693467,9.56489648241206,0.612009767314886,"97.5th percentile"
34.2383728643216,9.56489648241206,0.574539152224127,"97.5th percentile"
34.3229718592965,9.56489648241206,0.594020271381949,"97.5th percentile"
34.4075708542714,9.56489648241206,0.58349465118992,"97.5th percentile"
34.4921698492462,9.56489648241206,0.512812036507943,"97.5th percentile"
34.5767688442211,9.56489648241206,0.466621067625265,"97.5th percentile"
34.661367839196,9.56489648241206,0.459226851582487,"97.5th percentile"
34.7459668341709,9.56489648241206,0.482312388558116,"97.5th percentile"
34.8305658291457,9.56489648241206,0.447361689784702,"97.5th percentile"
34.9151648241206,9.56489648241206,0.399289063808811,"97.5th percentile"
34.9997638190955,9.56489648241206,0.384993598541279,"97.5th percentile"
35.0843628140704,9.56489648241206,0.344436263161061,"97.5th percentile"
35.1689618090452,9.56489648241206,0.323602597456265,"97.5th percentile"
35.2535608040201,9.56489648241206,0.324900529384273,"97.5th percentile"
35.338159798995,9.56489648241206,0.29861782256745,"97.5th percentile"
35.4227587939698,9.56489648241206,0.277405003678422,"97.5th percentile"
35.5073577889447,9.56489648241206,0.26787976611351,"97.5th percentile"
35.5919567839196,9.56489648241206,0.280793543643311,"97.5th percentile"
35.6765557788945,9.56489648241206,0.320473245298813,"97.5th percentile"
35.7611547738694,9.56489648241206,0.328842086825935,"97.5th percentile"
35.8457537688442,9.56489648241206,0.353320840926994,"97.5th percentile"
35.9303527638191,9.56489648241206,0.351498539871002,"97.5th percentile"
36.014951758794,9.56489648241206,0.351962187356654,"97.5th percentile"
36.0995507537688,9.56489648241206,0.330049616940273,"97.5th percentile"
36.1841497487437,9.56489648241206,0.384426612854073,"97.5th percentile"
36.2687487437186,9.56489648241206,0.370320618890089,"97.5th percentile"
36.3533477386935,9.56489648241206,0.37694299486772,"97.5th percentile"
36.4379467336683,9.56489648241206,0.303550679884791,"97.5th percentile"
36.5225457286432,9.56489648241206,0.299710914408752,"97.5th percentile"
36.6071447236181,9.56489648241206,0.299473445383755,"97.5th percentile"
36.691743718593,9.56489648241206,0.320244097103216,"97.5th percentile"
36.7763427135678,9.56489648241206,0.33913338530154,"97.5th percentile"
36.8609417085427,9.56489648241206,0.368926599034178,"97.5th percentile"
36.9455407035176,9.56489648241206,0.349097294848462,"97.5th percentile"
37.0301396984925,9.56489648241206,0.34692592303029,"97.5th percentile"
37.1147386934673,9.56489648241206,0.371499855864998,"97.5th percentile"
37.1993376884422,9.56489648241206,0.386287751575873,"97.5th percentile"
37.2839366834171,9.56489648241206,0.574639926246343,"97.5th percentile"
37.368535678392,9.56489648241206,0.345047054999248,"97.5th percentile"
37.4531346733668,9.56489648241206,0.348263356575829,"97.5th percentile"
37.5377336683417,9.56489648241206,0.36506528817885,"97.5th percentile"
37.6223326633166,9.56489648241206,0.417198487503997,"97.5th percentile"
37.7069316582915,9.56489648241206,0.380868543044087,"97.5th percentile"
37.7915306532663,9.56489648241206,0.360860617661111,"97.5th percentile"
37.8761296482412,9.56489648241206,0.374780264151951,"97.5th percentile"
37.9607286432161,9.56489648241206,0.369376329815499,"97.5th percentile"
38.045327638191,9.56489648241206,0.384086955266962,"97.5th percentile"
38.1299266331658,9.56489648241206,0.436007993733031,"97.5th percentile"
38.2145256281407,9.56489648241206,0.41351122341777,"97.5th percentile"
38.2991246231156,9.56489648241206,0.428562838262417,"97.5th percentile"
38.3837236180904,9.56489648241206,0.463439008675817,"97.5th percentile"
38.4683226130653,9.56489648241206,0.47871671814198,"97.5th percentile"
38.5529216080402,9.56489648241206,0.478261172262844,"97.5th percentile"
38.6375206030151,9.56489648241206,0.473563843309796,"97.5th percentile"
38.72211959799,9.56489648241206,0.465267873472799,"97.5th percentile"
38.8067185929648,9.56489648241206,0.437881686523766,"97.5th percentile"
38.8913175879397,9.56489648241206,0.442543277423934,"97.5th percentile"
38.9759165829146,9.56489648241206,0.470825155157563,"97.5th percentile"
39.0605155778894,9.56489648241206,0.46635840605079,"97.5th percentile"
39.1451145728643,9.56489648241206,0.467526803921492,"97.5th percentile"
39.2297135678392,9.56489648241206,0.466921623196386,"97.5th percentile"
39.3143125628141,9.56489648241206,0.46582230609771,"97.5th percentile"
39.3989115577889,9.56489648241206,0.461097640854853,"97.5th percentile"
39.4835105527638,9.56489648241206,0.447022592126333,"97.5th percentile"
39.5681095477387,9.56489648241206,0.458218500272901,"97.5th percentile"
39.6527085427136,9.56489648241206,0.503389325581075,"97.5th percentile"
39.7373075376884,9.56489648241206,0.473504106997003,"97.5th percentile"
39.8219065326633,9.56489648241206,0.465783089155713,"97.5th percentile"
39.9065055276382,9.56489648241206,0.492973042930834,"97.5th percentile"
39.9911045226131,9.56489648241206,0.475677352335618,"97.5th percentile"
40.0757035175879,9.56489648241206,0.508947070156589,"97.5th percentile"
40.1603025125628,9.56489648241206,0.480235623739756,"97.5th percentile"
40.2449015075377,9.56489648241206,0.474935088887359,"97.5th percentile"
40.3295005025126,9.56489648241206,0.470478213295984,"97.5th percentile"
40.4140994974874,9.56489648241206,0.546347846911306,"97.5th percentile"
40.4986984924623,9.56489648241206,0.626765109317272,"97.5th percentile"
40.5832974874372,9.56489648241206,0.676273849210104,"97.5th percentile"
40.6678964824121,9.56489648241206,0.730971168595774,"97.5th percentile"
40.7524954773869,9.56489648241206,0.824156011853994,"97.5th percentile"
40.8370944723618,9.56489648241206,0.831048769261086,"97.5th percentile"
40.9216934673367,9.56489648241206,0.875611665104555,"97.5th percentile"
41.0062924623116,9.56489648241206,0.931017228090841,"97.5th percentile"
41.0908914572864,9.56489648241206,0.949387738985512,"97.5th percentile"
41.1754904522613,9.56489648241206,0.95571339737424,"97.5th percentile"
41.2600894472362,9.56489648241206,0.969400657860756,"97.5th percentile"
41.344688442211,9.56489648241206,0.979222999380485,"97.5th percentile"
41.4292874371859,9.56489648241206,0.985628362425975,"97.5th percentile"
41.5138864321608,9.56489648241206,0.987063573444845,"97.5th percentile"
41.5984854271357,9.56489648241206,0.990622212540479,"97.5th percentile"
41.6830844221106,9.56489648241206,0.993529249658525,"97.5th percentile"
41.7676834170854,9.56489648241206,0.994736117176847,"97.5th percentile"
41.8522824120603,9.56489648241206,0.996712492643445,"97.5th percentile"
41.9368814070352,9.56489648241206,0.99715159402757,"97.5th percentile"
42.02148040201,9.56489648241206,0.997976395720744,"97.5th percentile"
42.1060793969849,9.56489648241206,0.998648333539239,"97.5th percentile"
42.1906783919598,9.56489648241206,0.999111638849693,"97.5th percentile"
42.2752773869347,9.56489648241206,0.999082548109626,"97.5th percentile"
42.3598763819095,9.56489648241206,0.999342998140819,"97.5th percentile"
42.4444753768844,9.56489648241206,0.999635666526136,"97.5th percentile"
42.5290743718593,9.56489648241206,0.99974470235095,"97.5th percentile"
42.6136733668342,9.56489648241206,0.999827712030895,"97.5th percentile"
42.698272361809,9.56489648241206,0.999877253103237,"97.5th percentile"
42.7828713567839,9.56489648241206,0.999908529196422,"97.5th percentile"
42.8674703517588,9.56489648241206,0.999936175150085,"97.5th percentile"
42.9520693467337,9.56489648241206,0.999953124498746,"97.5th percentile"
43.0366683417085,9.56489648241206,0.999969923667678,"97.5th percentile"
43.1212673366834,9.56489648241206,0.99998017370404,"97.5th percentile"
43.2058663316583,9.56489648241206,0.9999885914334,"97.5th percentile"
33.984575879397,9.63292311557789,0.644218943879733,"97.5th percentile"
34.0691748743719,9.63292311557789,0.635254278544293,"97.5th percentile"
34.1537738693467,9.63292311557789,0.601596333747164,"97.5th percentile"
34.2383728643216,9.63292311557789,0.590273807750397,"97.5th percentile"
34.3229718592965,9.63292311557789,0.57605336269189,"97.5th percentile"
34.4075708542714,9.63292311557789,0.572105546505358,"97.5th percentile"
34.4921698492462,9.63292311557789,0.532185082906084,"97.5th percentile"
34.5767688442211,9.63292311557789,0.485334023795503,"97.5th percentile"
34.661367839196,9.63292311557789,0.539970750508616,"97.5th percentile"
34.7459668341709,9.63292311557789,0.465124371666075,"97.5th percentile"
34.8305658291457,9.63292311557789,0.457986595158325,"97.5th percentile"
34.9151648241206,9.63292311557789,0.419215026457616,"97.5th percentile"
34.9997638190955,9.63292311557789,0.38125743684811,"97.5th percentile"
35.0843628140704,9.63292311557789,0.361107607937078,"97.5th percentile"
35.1689618090452,9.63292311557789,0.337244395033079,"97.5th percentile"
35.2535608040201,9.63292311557789,0.311002425001493,"97.5th percentile"
35.338159798995,9.63292311557789,0.300461981217751,"97.5th percentile"
35.4227587939698,9.63292311557789,0.271987468327394,"97.5th percentile"
35.5073577889447,9.63292311557789,0.2874350563406,"97.5th percentile"
35.5919567839196,9.63292311557789,0.300586402535013,"97.5th percentile"
35.6765557788945,9.63292311557789,0.313803090965635,"97.5th percentile"
35.7611547738694,9.63292311557789,0.349181035916564,"97.5th percentile"
35.8457537688442,9.63292311557789,0.324053555533452,"97.5th percentile"
35.9303527638191,9.63292311557789,0.334329134690832,"97.5th percentile"
36.014951758794,9.63292311557789,0.337736989797145,"97.5th percentile"
36.0995507537688,9.63292311557789,0.336526143195315,"97.5th percentile"
36.1841497487437,9.63292311557789,0.346212721482294,"97.5th percentile"
36.2687487437186,9.63292311557789,0.332668210056249,"97.5th percentile"
36.3533477386935,9.63292311557789,0.364656573921246,"97.5th percentile"
36.4379467336683,9.63292311557789,0.359447011587174,"97.5th percentile"
36.5225457286432,9.63292311557789,0.332795061520371,"97.5th percentile"
36.6071447236181,9.63292311557789,0.300665518800189,"97.5th percentile"
36.691743718593,9.63292311557789,0.320660801433696,"97.5th percentile"
36.7763427135678,9.63292311557789,0.340387342473608,"97.5th percentile"
36.8609417085427,9.63292311557789,0.365002133944644,"97.5th percentile"
36.9455407035176,9.63292311557789,0.34284820976106,"97.5th percentile"
37.0301396984925,9.63292311557789,0.37690434884225,"97.5th percentile"
37.1147386934673,9.63292311557789,0.369945529861661,"97.5th percentile"
37.1993376884422,9.63292311557789,0.367966274388185,"97.5th percentile"
37.2839366834171,9.63292311557789,0.346820999138218,"97.5th percentile"
37.368535678392,9.63292311557789,0.344843082055615,"97.5th percentile"
37.4531346733668,9.63292311557789,0.38650321600761,"97.5th percentile"
37.5377336683417,9.63292311557789,0.361361081954512,"97.5th percentile"
37.6223326633166,9.63292311557789,0.405401273211179,"97.5th percentile"
37.7069316582915,9.63292311557789,0.368646262905779,"97.5th percentile"
37.7915306532663,9.63292311557789,0.325707926884917,"97.5th percentile"
37.8761296482412,9.63292311557789,0.363547480090604,"97.5th percentile"
37.9607286432161,9.63292311557789,0.341277126213698,"97.5th percentile"
38.045327638191,9.63292311557789,0.386250565536237,"97.5th percentile"
38.1299266331658,9.63292311557789,0.445027052958049,"97.5th percentile"
38.2145256281407,9.63292311557789,0.439034537525952,"97.5th percentile"
38.2991246231156,9.63292311557789,0.4270048125826,"97.5th percentile"
38.3837236180904,9.63292311557789,0.458315360369999,"97.5th percentile"
38.4683226130653,9.63292311557789,0.483721883048306,"97.5th percentile"
38.5529216080402,9.63292311557789,0.4583861497421,"97.5th percentile"
38.6375206030151,9.63292311557789,0.437772420943019,"97.5th percentile"
38.72211959799,9.63292311557789,0.442886345633063,"97.5th percentile"
38.8067185929648,9.63292311557789,0.445120718390571,"97.5th percentile"
38.8913175879397,9.63292311557789,0.452200375327181,"97.5th percentile"
38.9759165829146,9.63292311557789,0.449541258966585,"97.5th percentile"
39.0605155778894,9.63292311557789,0.466176678488525,"97.5th percentile"
39.1451145728643,9.63292311557789,0.50924611982858,"97.5th percentile"
39.2297135678392,9.63292311557789,0.484567239645122,"97.5th percentile"
39.3143125628141,9.63292311557789,0.458912717585314,"97.5th percentile"
39.3989115577889,9.63292311557789,0.490382088999955,"97.5th percentile"
39.4835105527638,9.63292311557789,0.479616650749573,"97.5th percentile"
39.5681095477387,9.63292311557789,0.472756201949539,"97.5th percentile"
39.6527085427136,9.63292311557789,0.489946739995147,"97.5th percentile"
39.7373075376884,9.63292311557789,0.495279251909726,"97.5th percentile"
39.8219065326633,9.63292311557789,0.477675411587779,"97.5th percentile"
39.9065055276382,9.63292311557789,0.4888697352695,"97.5th percentile"
39.9911045226131,9.63292311557789,0.498954126577361,"97.5th percentile"
40.0757035175879,9.63292311557789,0.56669367880239,"97.5th percentile"
40.1603025125628,9.63292311557789,0.566887388345717,"97.5th percentile"
40.2449015075377,9.63292311557789,0.462331474263013,"97.5th percentile"
40.3295005025126,9.63292311557789,0.522855240100152,"97.5th percentile"
40.4140994974874,9.63292311557789,0.503785714741461,"97.5th percentile"
40.4986984924623,9.63292311557789,0.647360698969889,"97.5th percentile"
40.5832974874372,9.63292311557789,0.723143582015803,"97.5th percentile"
40.6678964824121,9.63292311557789,0.784316604755582,"97.5th percentile"
40.7524954773869,9.63292311557789,0.839386325159358,"97.5th percentile"
40.8370944723618,9.63292311557789,0.875356530820287,"97.5th percentile"
40.9216934673367,9.63292311557789,0.912147940651403,"97.5th percentile"
41.0062924623116,9.63292311557789,0.934702553655779,"97.5th percentile"
41.0908914572864,9.63292311557789,0.953651761784172,"97.5th percentile"
41.1754904522613,9.63292311557789,0.963839927484033,"97.5th percentile"
41.2600894472362,9.63292311557789,0.975063213691905,"97.5th percentile"
41.344688442211,9.63292311557789,0.981989019323642,"97.5th percentile"
41.4292874371859,9.63292311557789,0.987427729541071,"97.5th percentile"
41.5138864321608,9.63292311557789,0.990193859202483,"97.5th percentile"
41.5984854271357,9.63292311557789,0.993408675233758,"97.5th percentile"
41.6830844221106,9.63292311557789,0.994986610920799,"97.5th percentile"
41.7676834170854,9.63292311557789,0.995580077921605,"97.5th percentile"
41.8522824120603,9.63292311557789,0.996579117211241,"97.5th percentile"
41.9368814070352,9.63292311557789,0.997601148652529,"97.5th percentile"
42.02148040201,9.63292311557789,0.998213278733808,"97.5th percentile"
42.1060793969849,9.63292311557789,0.998855365911961,"97.5th percentile"
42.1906783919598,9.63292311557789,0.999160246719282,"97.5th percentile"
42.2752773869347,9.63292311557789,0.999277346593273,"97.5th percentile"
42.3598763819095,9.63292311557789,0.999484292258705,"97.5th percentile"
42.4444753768844,9.63292311557789,0.999675535334285,"97.5th percentile"
42.5290743718593,9.63292311557789,0.999769118149586,"97.5th percentile"
42.6136733668342,9.63292311557789,0.999837022735447,"97.5th percentile"
42.698272361809,9.63292311557789,0.999883333389406,"97.5th percentile"
42.7828713567839,9.63292311557789,0.999914225842533,"97.5th percentile"
42.8674703517588,9.63292311557789,0.999938333971068,"97.5th percentile"
42.9520693467337,9.63292311557789,0.999957893902558,"97.5th percentile"
43.0366683417085,9.63292311557789,0.999968534425965,"97.5th percentile"
43.1212673366834,9.63292311557789,0.99997907149193,"97.5th percentile"
43.2058663316583,9.63292311557789,0.999986854825333,"97.5th percentile"
34.0691748743719,9.70094974874372,0.643355577033524,"97.5th percentile"
34.1537738693467,9.70094974874372,0.632358301704944,"97.5th percentile"
34.2383728643216,9.70094974874372,0.606633301086707,"97.5th percentile"
34.3229718592965,9.70094974874372,0.57756405811145,"97.5th percentile"
34.4075708542714,9.70094974874372,0.560867571242712,"97.5th percentile"
34.4921698492462,9.70094974874372,0.574590139839259,"97.5th percentile"
34.5767688442211,9.70094974874372,0.55629157389008,"97.5th percentile"
34.661367839196,9.70094974874372,0.500065635970983,"97.5th percentile"
34.7459668341709,9.70094974874372,0.443976315554124,"97.5th percentile"
34.8305658291457,9.70094974874372,0.435516932610683,"97.5th percentile"
34.9151648241206,9.70094974874372,0.43288107257185,"97.5th percentile"
34.9997638190955,9.70094974874372,0.388699911492344,"97.5th percentile"
35.0843628140704,9.70094974874372,0.356267618915819,"97.5th percentile"
35.1689618090452,9.70094974874372,0.3412719570668,"97.5th percentile"
35.2535608040201,9.70094974874372,0.335723891058837,"97.5th percentile"
35.338159798995,9.70094974874372,0.319131466306487,"97.5th percentile"
35.4227587939698,9.70094974874372,0.31802716978084,"97.5th percentile"
35.5073577889447,9.70094974874372,0.314658029555821,"97.5th percentile"
35.5919567839196,9.70094974874372,0.315279284557073,"97.5th percentile"
35.6765557788945,9.70094974874372,0.321875394826791,"97.5th percentile"
35.7611547738694,9.70094974874372,0.324331140711269,"97.5th percentile"
35.8457537688442,9.70094974874372,0.326952463418732,"97.5th percentile"
35.9303527638191,9.70094974874372,0.343476534177509,"97.5th percentile"
36.014951758794,9.70094974874372,0.330326419259516,"97.5th percentile"
36.0995507537688,9.70094974874372,0.357020732245043,"97.5th percentile"
36.1841497487437,9.70094974874372,0.355561985793659,"97.5th percentile"
36.2687487437186,9.70094974874372,0.307923083149834,"97.5th percentile"
36.3533477386935,9.70094974874372,0.332572044528119,"97.5th percentile"
36.4379467336683,9.70094974874372,0.31236740895777,"97.5th percentile"
36.5225457286432,9.70094974874372,0.339521097758536,"97.5th percentile"
36.6071447236181,9.70094974874372,0.350614673996031,"97.5th percentile"
36.691743718593,9.70094974874372,0.337133427482258,"97.5th percentile"
36.7763427135678,9.70094974874372,0.338830914426735,"97.5th percentile"
36.8609417085427,9.70094974874372,0.36284353538456,"97.5th percentile"
36.9455407035176,9.70094974874372,0.354339915902988,"97.5th percentile"
37.0301396984925,9.70094974874372,0.347609000783609,"97.5th percentile"
37.1147386934673,9.70094974874372,0.360525002520767,"97.5th percentile"
37.1993376884422,9.70094974874372,0.568553896085652,"97.5th percentile"
37.2839366834171,9.70094974874372,0.34493946931904,"97.5th percentile"
37.368535678392,9.70094974874372,0.383402124087858,"97.5th percentile"
37.4531346733668,9.70094974874372,0.406507728671071,"97.5th percentile"
37.5377336683417,9.70094974874372,0.356042193393933,"97.5th percentile"
37.6223326633166,9.70094974874372,0.407523870974268,"97.5th percentile"
37.7069316582915,9.70094974874372,0.341777936416548,"97.5th percentile"
37.7915306532663,9.70094974874372,0.387115467002562,"97.5th percentile"
37.8761296482412,9.70094974874372,0.41388486216279,"97.5th percentile"
37.9607286432161,9.70094974874372,0.38751765862596,"97.5th percentile"
38.045327638191,9.70094974874372,0.411095176962246,"97.5th percentile"
38.1299266331658,9.70094974874372,0.44114780007995,"97.5th percentile"
38.2145256281407,9.70094974874372,0.442216073398445,"97.5th percentile"
38.2991246231156,9.70094974874372,0.447999531267094,"97.5th percentile"
38.3837236180904,9.70094974874372,0.427049546433474,"97.5th percentile"
38.4683226130653,9.70094974874372,0.455605282517829,"97.5th percentile"
38.5529216080402,9.70094974874372,0.430772488031103,"97.5th percentile"
38.6375206030151,9.70094974874372,0.436256231922161,"97.5th percentile"
38.72211959799,9.70094974874372,0.439424115430525,"97.5th percentile"
38.8067185929648,9.70094974874372,0.450637353218799,"97.5th percentile"
38.8913175879397,9.70094974874372,0.493863321095093,"97.5th percentile"
38.9759165829146,9.70094974874372,0.47517913440362,"97.5th percentile"
39.0605155778894,9.70094974874372,0.483597092557095,"97.5th percentile"
39.1451145728643,9.70094974874372,0.517201011910423,"97.5th percentile"
39.2297135678392,9.70094974874372,0.510949940305783,"97.5th percentile"
39.3143125628141,9.70094974874372,0.479210719220276,"97.5th percentile"
39.3989115577889,9.70094974874372,0.497455360348152,"97.5th percentile"
39.4835105527638,9.70094974874372,0.505601508676613,"97.5th percentile"
39.5681095477387,9.70094974874372,0.484282531243207,"97.5th percentile"
39.6527085427136,9.70094974874372,0.489492747848774,"97.5th percentile"
39.7373075376884,9.70094974874372,0.521120841108316,"97.5th percentile"
39.8219065326633,9.70094974874372,0.503501301858395,"97.5th percentile"
39.9065055276382,9.70094974874372,0.501258264293875,"97.5th percentile"
39.9911045226131,9.70094974874372,0.498802817542915,"97.5th percentile"
40.0757035175879,9.70094974874372,0.525007616519773,"97.5th percentile"
40.1603025125628,9.70094974874372,0.587692865906395,"97.5th percentile"
40.2449015075377,9.70094974874372,0.503944892779812,"97.5th percentile"
40.3295005025126,9.70094974874372,0.508241348968022,"97.5th percentile"
40.4140994974874,9.70094974874372,0.572203823982316,"97.5th percentile"
40.4986984924623,9.70094974874372,0.657954768178124,"97.5th percentile"
40.5832974874372,9.70094974874372,0.736040518640268,"97.5th percentile"
40.6678964824121,9.70094974874372,0.786434551250822,"97.5th percentile"
40.7524954773869,9.70094974874372,0.846683101358587,"97.5th percentile"
40.8370944723618,9.70094974874372,0.863939581976576,"97.5th percentile"
40.9216934673367,9.70094974874372,0.89079276637963,"97.5th percentile"
41.0062924623116,9.70094974874372,0.932490309448183,"97.5th percentile"
41.0908914572864,9.70094974874372,0.956380855027231,"97.5th percentile"
41.1754904522613,9.70094974874372,0.966288280867649,"97.5th percentile"
41.2600894472362,9.70094974874372,0.976504570944662,"97.5th percentile"
41.344688442211,9.70094974874372,0.983271829588101,"97.5th percentile"
41.4292874371859,9.70094974874372,0.987603823589414,"97.5th percentile"
41.5138864321608,9.70094974874372,0.991399145328236,"97.5th percentile"
41.5984854271357,9.70094974874372,0.993520789796995,"97.5th percentile"
41.6830844221106,9.70094974874372,0.994686000108043,"97.5th percentile"
41.7676834170854,9.70094974874372,0.996440383323875,"97.5th percentile"
41.8522824120603,9.70094974874372,0.99693576336776,"97.5th percentile"
41.9368814070352,9.70094974874372,0.998336662525931,"97.5th percentile"
42.02148040201,9.70094974874372,0.99859189511635,"97.5th percentile"
42.1060793969849,9.70094974874372,0.998995235683752,"97.5th percentile"
42.1906783919598,9.70094974874372,0.999339172840137,"97.5th percentile"
42.2752773869347,9.70094974874372,0.999507023933174,"97.5th percentile"
42.3598763819095,9.70094974874372,0.999604917733249,"97.5th percentile"
42.4444753768844,9.70094974874372,0.999712361537104,"97.5th percentile"
42.5290743718593,9.70094974874372,0.99979398950267,"97.5th percentile"
42.6136733668342,9.70094974874372,0.999851109319424,"97.5th percentile"
42.698272361809,9.70094974874372,0.999890386377,"97.5th percentile"
42.7828713567839,9.70094974874372,0.999918091517527,"97.5th percentile"
42.8674703517588,9.70094974874372,0.999942795052304,"97.5th percentile"
42.9520693467337,9.70094974874372,0.999959189881175,"97.5th percentile"
43.0366683417085,9.70094974874372,0.999972058611363,"97.5th percentile"
43.1212673366834,9.70094974874372,0.999982421452594,"97.5th percentile"
34.0691748743719,9.76897638190955,0.643212296039029,"97.5th percentile"
34.1537738693467,9.76897638190955,0.611600305660603,"97.5th percentile"
34.2383728643216,9.76897638190955,0.610013544561466,"97.5th percentile"
34.3229718592965,9.76897638190955,0.592427130245818,"97.5th percentile"
34.4075708542714,9.76897638190955,0.572850783337686,"97.5th percentile"
34.4921698492462,9.76897638190955,0.553161864034427,"97.5th percentile"
34.5767688442211,9.76897638190955,0.576852203914836,"97.5th percentile"
34.661367839196,9.76897638190955,0.525216145974393,"97.5th percentile"
34.7459668341709,9.76897638190955,0.486372831398191,"97.5th percentile"
34.8305658291457,9.76897638190955,0.462053387832229,"97.5th percentile"
34.9151648241206,9.76897638190955,0.420600670249304,"97.5th percentile"
34.9997638190955,9.76897638190955,0.412393615262761,"97.5th percentile"
35.0843628140704,9.76897638190955,0.374224636929989,"97.5th percentile"
35.1689618090452,9.76897638190955,0.35903794972248,"97.5th percentile"
35.2535608040201,9.76897638190955,0.355099381587877,"97.5th percentile"
35.338159798995,9.76897638190955,0.346318427884125,"97.5th percentile"
35.4227587939698,9.76897638190955,0.393414851757609,"97.5th percentile"
35.5073577889447,9.76897638190955,0.350966029294776,"97.5th percentile"
35.5919567839196,9.76897638190955,0.356021351726695,"97.5th percentile"
35.6765557788945,9.76897638190955,0.307597911815428,"97.5th percentile"
35.7611547738694,9.76897638190955,0.309989472564948,"97.5th percentile"
35.8457537688442,9.76897638190955,0.321088789472473,"97.5th percentile"
35.9303527638191,9.76897638190955,0.320069325967828,"97.5th percentile"
36.014951758794,9.76897638190955,0.32456397117432,"97.5th percentile"
36.0995507537688,9.76897638190955,0.328515717662379,"97.5th percentile"
36.1841497487437,9.76897638190955,0.314997340975694,"97.5th percentile"
36.2687487437186,9.76897638190955,0.293248704260016,"97.5th percentile"
36.3533477386935,9.76897638190955,0.312974511196341,"97.5th percentile"
36.4379467336683,9.76897638190955,0.311164122370966,"97.5th percentile"
36.5225457286432,9.76897638190955,0.316426092742459,"97.5th percentile"
36.6071447236181,9.76897638190955,0.333082893706931,"97.5th percentile"
36.691743718593,9.76897638190955,0.344064707093637,"97.5th percentile"
36.7763427135678,9.76897638190955,0.334804955568944,"97.5th percentile"
36.8609417085427,9.76897638190955,0.352848005744078,"97.5th percentile"
36.9455407035176,9.76897638190955,0.364281297057418,"97.5th percentile"
37.0301396984925,9.76897638190955,0.321654058958468,"97.5th percentile"
37.1147386934673,9.76897638190955,0.338907953738233,"97.5th percentile"
37.1993376884422,9.76897638190955,0.371796344427216,"97.5th percentile"
37.2839366834171,9.76897638190955,0.393288281158988,"97.5th percentile"
37.368535678392,9.76897638190955,0.380264580175724,"97.5th percentile"
37.4531346733668,9.76897638190955,0.386451042114024,"97.5th percentile"
37.5377336683417,9.76897638190955,0.357857382974955,"97.5th percentile"
37.6223326633166,9.76897638190955,0.400626818621866,"97.5th percentile"
37.7069316582915,9.76897638190955,0.407411286724527,"97.5th percentile"
37.7915306532663,9.76897638190955,0.419011410281771,"97.5th percentile"
37.8761296482412,9.76897638190955,0.42401371537469,"97.5th percentile"
37.9607286432161,9.76897638190955,0.429462921367435,"97.5th percentile"
38.045327638191,9.76897638190955,0.450329716183763,"97.5th percentile"
38.1299266331658,9.76897638190955,0.449104368194687,"97.5th percentile"
38.2145256281407,9.76897638190955,0.437629013649301,"97.5th percentile"
38.2991246231156,9.76897638190955,0.394605940451488,"97.5th percentile"
38.3837236180904,9.76897638190955,0.408935410668358,"97.5th percentile"
38.4683226130653,9.76897638190955,0.403191576945284,"97.5th percentile"
38.5529216080402,9.76897638190955,0.42116247068946,"97.5th percentile"
38.6375206030151,9.76897638190955,0.43763665015842,"97.5th percentile"
38.72211959799,9.76897638190955,0.439760023445515,"97.5th percentile"
38.8067185929648,9.76897638190955,0.48378227490201,"97.5th percentile"
38.8913175879397,9.76897638190955,0.500522982343276,"97.5th percentile"
38.9759165829146,9.76897638190955,0.508764090819468,"97.5th percentile"
39.0605155778894,9.76897638190955,0.520068969687919,"97.5th percentile"
39.1451145728643,9.76897638190955,0.526394437691412,"97.5th percentile"
39.2297135678392,9.76897638190955,0.520350363428508,"97.5th percentile"
39.3143125628141,9.76897638190955,0.51868637974313,"97.5th percentile"
39.3989115577889,9.76897638190955,0.524030470850555,"97.5th percentile"
39.4835105527638,9.76897638190955,0.551987592931925,"97.5th percentile"
39.5681095477387,9.76897638190955,0.51804418752691,"97.5th percentile"
39.6527085427136,9.76897638190955,0.512674479936739,"97.5th percentile"
39.7373075376884,9.76897638190955,0.543802931210803,"97.5th percentile"
39.8219065326633,9.76897638190955,0.503161586131135,"97.5th percentile"
39.9065055276382,9.76897638190955,0.508895212684601,"97.5th percentile"
39.9911045226131,9.76897638190955,0.506782253281281,"97.5th percentile"
40.0757035175879,9.76897638190955,0.506099409366615,"97.5th percentile"
40.1603025125628,9.76897638190955,0.578408303889291,"97.5th percentile"
40.2449015075377,9.76897638190955,0.57453747567084,"97.5th percentile"
40.3295005025126,9.76897638190955,0.52742350788851,"97.5th percentile"
40.4140994974874,9.76897638190955,0.550998711375094,"97.5th percentile"
40.4986984924623,9.76897638190955,0.655624452080044,"97.5th percentile"
40.5832974874372,9.76897638190955,0.708841910014357,"97.5th percentile"
40.6678964824121,9.76897638190955,0.797708983109831,"97.5th percentile"
40.7524954773869,9.76897638190955,0.854289393923986,"97.5th percentile"
40.8370944723618,9.76897638190955,0.891421336575451,"97.5th percentile"
40.9216934673367,9.76897638190955,0.903960977292127,"97.5th percentile"
41.0062924623116,9.76897638190955,0.939099379738017,"97.5th percentile"
41.0908914572864,9.76897638190955,0.955981677230648,"97.5th percentile"
41.1754904522613,9.76897638190955,0.970135106735,"97.5th percentile"
41.2600894472362,9.76897638190955,0.978001711798982,"97.5th percentile"
41.344688442211,9.76897638190955,0.984600683839708,"97.5th percentile"
41.4292874371859,9.76897638190955,0.988406340562874,"97.5th percentile"
41.5138864321608,9.76897638190955,0.990498907692913,"97.5th percentile"
41.5984854271357,9.76897638190955,0.993147100591504,"97.5th percentile"
41.6830844221106,9.76897638190955,0.995130273987332,"97.5th percentile"
41.7676834170854,9.76897638190955,0.996715905077259,"97.5th percentile"
41.8522824120603,9.76897638190955,0.997497153215411,"97.5th percentile"
41.9368814070352,9.76897638190955,0.998470971334192,"97.5th percentile"
42.02148040201,9.76897638190955,0.998944547097559,"97.5th percentile"
42.1060793969849,9.76897638190955,0.999214324394256,"97.5th percentile"
42.1906783919598,9.76897638190955,0.999409305024409,"97.5th percentile"
42.2752773869347,9.76897638190955,0.999610537754903,"97.5th percentile"
42.3598763819095,9.76897638190955,0.9996917650534,"97.5th percentile"
42.4444753768844,9.76897638190955,0.999744440090058,"97.5th percentile"
42.5290743718593,9.76897638190955,0.999809833794386,"97.5th percentile"
42.6136733668342,9.76897638190955,0.999865072680656,"97.5th percentile"
42.698272361809,9.76897638190955,0.999906027135899,"97.5th percentile"
42.7828713567839,9.76897638190955,0.999927207214364,"97.5th percentile"
42.8674703517588,9.76897638190955,0.999947325312819,"97.5th percentile"
42.9520693467337,9.76897638190955,0.999962316177116,"97.5th percentile"
43.0366683417085,9.76897638190955,0.999972002377968,"97.5th percentile"
43.1212673366834,9.76897638190955,0.999978611720542,"97.5th percentile"
34.0691748743719,9.83700301507538,0.653217038597364,"97.5th percentile"
34.1537738693467,9.83700301507538,0.636527716124018,"97.5th percentile"
34.2383728643216,9.83700301507538,0.636997495434845,"97.5th percentile"
34.3229718592965,9.83700301507538,0.604425949474472,"97.5th percentile"
34.4075708542714,9.83700301507538,0.638853121907068,"97.5th percentile"
34.4921698492462,9.83700301507538,0.562825457523223,"97.5th percentile"
34.5767688442211,9.83700301507538,0.588535176523729,"97.5th percentile"
34.661367839196,9.83700301507538,0.513196372749666,"97.5th percentile"
34.7459668341709,9.83700301507538,0.498985268116406,"97.5th percentile"
34.8305658291457,9.83700301507538,0.513591371314295,"97.5th percentile"
34.9151648241206,9.83700301507538,0.46286865335936,"97.5th percentile"
34.9997638190955,9.83700301507538,0.423540118909948,"97.5th percentile"
35.0843628140704,9.83700301507538,0.384384782778287,"97.5th percentile"
35.1689618090452,9.83700301507538,0.370325518654459,"97.5th percentile"
35.2535608040201,9.83700301507538,0.358360937323428,"97.5th percentile"
35.338159798995,9.83700301507538,0.357342849542632,"97.5th percentile"
35.4227587939698,9.83700301507538,0.371460457422782,"97.5th percentile"
35.5073577889447,9.83700301507538,0.348048350740965,"97.5th percentile"
35.5919567839196,9.83700301507538,0.338933854293927,"97.5th percentile"
35.6765557788945,9.83700301507538,0.302840801459789,"97.5th percentile"
35.7611547738694,9.83700301507538,0.318490674603594,"97.5th percentile"
35.8457537688442,9.83700301507538,0.327311926491312,"97.5th percentile"
35.9303527638191,9.83700301507538,0.321872212972637,"97.5th percentile"
36.014951758794,9.83700301507538,0.335720647526595,"97.5th percentile"
36.0995507537688,9.83700301507538,0.324370948052849,"97.5th percentile"
36.1841497487437,9.83700301507538,0.298323211696398,"97.5th percentile"
36.2687487437186,9.83700301507538,0.30254430757013,"97.5th percentile"
36.3533477386935,9.83700301507538,0.30825980026542,"97.5th percentile"
36.4379467336683,9.83700301507538,0.298626888453296,"97.5th percentile"
36.5225457286432,9.83700301507538,0.294361304875926,"97.5th percentile"
36.6071447236181,9.83700301507538,0.286848934657775,"97.5th percentile"
36.691743718593,9.83700301507538,0.301969028153892,"97.5th percentile"
36.7763427135678,9.83700301507538,0.335605145877951,"97.5th percentile"
36.8609417085427,9.83700301507538,0.343692180395558,"97.5th percentile"
36.9455407035176,9.83700301507538,0.370141028474545,"97.5th percentile"
37.0301396984925,9.83700301507538,0.316529087822839,"97.5th percentile"
37.1147386934673,9.83700301507538,0.332704032074828,"97.5th percentile"
37.1993376884422,9.83700301507538,0.381425926435285,"97.5th percentile"
37.2839366834171,9.83700301507538,0.405386931467624,"97.5th percentile"
37.368535678392,9.83700301507538,0.384124550516219,"97.5th percentile"
37.4531346733668,9.83700301507538,0.402244498008803,"97.5th percentile"
37.5377336683417,9.83700301507538,0.421297074165041,"97.5th percentile"
37.6223326633166,9.83700301507538,0.411541041673919,"97.5th percentile"
37.7069316582915,9.83700301507538,0.422973778709405,"97.5th percentile"
37.7915306532663,9.83700301507538,0.434254340380274,"97.5th percentile"
37.8761296482412,9.83700301507538,0.429073953756843,"97.5th percentile"
37.9607286432161,9.83700301507538,0.454220566796359,"97.5th percentile"
38.045327638191,9.83700301507538,0.477018478895626,"97.5th percentile"
38.1299266331658,9.83700301507538,0.449088835572838,"97.5th percentile"
38.2145256281407,9.83700301507538,0.410403403966466,"97.5th percentile"
38.2991246231156,9.83700301507538,0.396899650356146,"97.5th percentile"
38.3837236180904,9.83700301507538,0.398594210556631,"97.5th percentile"
38.4683226130653,9.83700301507538,0.42148165554916,"97.5th percentile"
38.5529216080402,9.83700301507538,0.415607841660994,"97.5th percentile"
38.6375206030151,9.83700301507538,0.440158188573629,"97.5th percentile"
38.72211959799,9.83700301507538,0.508805576200687,"97.5th percentile"
38.8067185929648,9.83700301507538,0.501452281543468,"97.5th percentile"
38.8913175879397,9.83700301507538,0.523474605117379,"97.5th percentile"
38.9759165829146,9.83700301507538,0.529538464819905,"97.5th percentile"
39.0605155778894,9.83700301507538,0.603712874296907,"97.5th percentile"
39.1451145728643,9.83700301507538,0.547172458722858,"97.5th percentile"
39.2297135678392,9.83700301507538,0.52586135659296,"97.5th percentile"
39.3143125628141,9.83700301507538,0.557870682297211,"97.5th percentile"
39.3989115577889,9.83700301507538,0.5362516278483,"97.5th percentile"
39.4835105527638,9.83700301507538,0.53774032173158,"97.5th percentile"
39.5681095477387,9.83700301507538,0.517794701175875,"97.5th percentile"
39.6527085427136,9.83700301507538,0.530270636645804,"97.5th percentile"
39.7373075376884,9.83700301507538,0.517499768072517,"97.5th percentile"
39.8219065326633,9.83700301507538,0.505940815107882,"97.5th percentile"
39.9065055276382,9.83700301507538,0.51439793855199,"97.5th percentile"
39.9911045226131,9.83700301507538,0.538908559396648,"97.5th percentile"
40.0757035175879,9.83700301507538,0.49945653626345,"97.5th percentile"
40.1603025125628,9.83700301507538,0.546289007564945,"97.5th percentile"
40.2449015075377,9.83700301507538,0.545453339858626,"97.5th percentile"
40.3295005025126,9.83700301507538,0.525851034632906,"97.5th percentile"
40.4140994974874,9.83700301507538,0.560786409972199,"97.5th percentile"
40.4986984924623,9.83700301507538,0.612260785279942,"97.5th percentile"
40.5832974874372,9.83700301507538,0.694851020241164,"97.5th percentile"
40.6678964824121,9.83700301507538,0.769530367896114,"97.5th percentile"
40.7524954773869,9.83700301507538,0.860982416901806,"97.5th percentile"
40.8370944723618,9.83700301507538,0.884205355140154,"97.5th percentile"
40.9216934673367,9.83700301507538,0.90551373080646,"97.5th percentile"
41.0062924623116,9.83700301507538,0.937760555709942,"97.5th percentile"
41.0908914572864,9.83700301507538,0.955656480023255,"97.5th percentile"
41.1754904522613,9.83700301507538,0.970890508263138,"97.5th percentile"
41.2600894472362,9.83700301507538,0.978255475986332,"97.5th percentile"
41.344688442211,9.83700301507538,0.984927689522728,"97.5th percentile"
41.4292874371859,9.83700301507538,0.989523967348473,"97.5th percentile"
41.5138864321608,9.83700301507538,0.992429939927495,"97.5th percentile"
41.5984854271357,9.83700301507538,0.994583248772046,"97.5th percentile"
41.6830844221106,9.83700301507538,0.99614310495474,"97.5th percentile"
41.7676834170854,9.83700301507538,0.997173231934245,"97.5th percentile"
41.8522824120603,9.83700301507538,0.998044858769109,"97.5th percentile"
41.9368814070352,9.83700301507538,0.998584648356421,"97.5th percentile"
42.02148040201,9.83700301507538,0.999003210354193,"97.5th percentile"
42.1060793969849,9.83700301507538,0.999211129095855,"97.5th percentile"
42.1906783919598,9.83700301507538,0.999470036950422,"97.5th percentile"
42.2752773869347,9.83700301507538,0.999612474169916,"97.5th percentile"
42.3598763819095,9.83700301507538,0.999713337832043,"97.5th percentile"
42.4444753768844,9.83700301507538,0.999747299505099,"97.5th percentile"
42.5290743718593,9.83700301507538,0.999828197020385,"97.5th percentile"
42.6136733668342,9.83700301507538,0.999878759755364,"97.5th percentile"
42.698272361809,9.83700301507538,0.999911416835253,"97.5th percentile"
42.7828713567839,9.83700301507538,0.99993317759828,"97.5th percentile"
42.8674703517588,9.83700301507538,0.999950582420696,"97.5th percentile"
42.9520693467337,9.83700301507538,0.99995867942088,"97.5th percentile"
43.0366683417085,9.83700301507538,0.999965120534865,"97.5th percentile"
34.0691748743719,9.9050296482412,0.689662920527261,"97.5th percentile"
34.1537738693467,9.9050296482412,0.683884299184542,"97.5th percentile"
34.2383728643216,9.9050296482412,0.666978814693793,"97.5th percentile"
34.3229718592965,9.9050296482412,0.622709716176525,"97.5th percentile"
34.4075708542714,9.9050296482412,0.581009138268126,"97.5th percentile"
34.4921698492462,9.9050296482412,0.572893665756265,"97.5th percentile"
34.5767688442211,9.9050296482412,0.589932789329884,"97.5th percentile"
34.661367839196,9.9050296482412,0.544532674422347,"97.5th percentile"
34.7459668341709,9.9050296482412,0.528768095398872,"97.5th percentile"
34.8305658291457,9.9050296482412,0.503092292423726,"97.5th percentile"
34.9151648241206,9.9050296482412,0.459316583726446,"97.5th percentile"
34.9997638190955,9.9050296482412,0.43768058402307,"97.5th percentile"
35.0843628140704,9.9050296482412,0.400809782110309,"97.5th percentile"
35.1689618090452,9.9050296482412,0.383851907424556,"97.5th percentile"
35.2535608040201,9.9050296482412,0.378978767943259,"97.5th percentile"
35.338159798995,9.9050296482412,0.399958060173887,"97.5th percentile"
35.4227587939698,9.9050296482412,0.370871828090699,"97.5th percentile"
35.5073577889447,9.9050296482412,0.351059111225604,"97.5th percentile"
35.5919567839196,9.9050296482412,0.321266338332549,"97.5th percentile"
35.6765557788945,9.9050296482412,0.316152561910705,"97.5th percentile"
35.7611547738694,9.9050296482412,0.309622952806732,"97.5th percentile"
35.8457537688442,9.9050296482412,0.313625887204463,"97.5th percentile"
35.9303527638191,9.9050296482412,0.316605120168236,"97.5th percentile"
36.014951758794,9.9050296482412,0.343582347226912,"97.5th percentile"
36.0995507537688,9.9050296482412,0.332212124133731,"97.5th percentile"
36.1841497487437,9.9050296482412,0.274694392913777,"97.5th percentile"
36.2687487437186,9.9050296482412,0.29737501748314,"97.5th percentile"
36.3533477386935,9.9050296482412,0.317987034782276,"97.5th percentile"
36.4379467336683,9.9050296482412,0.308740652487874,"97.5th percentile"
36.5225457286432,9.9050296482412,0.308423456568021,"97.5th percentile"
36.6071447236181,9.9050296482412,0.285497145001835,"97.5th percentile"
36.691743718593,9.9050296482412,0.302607996589579,"97.5th percentile"
36.7763427135678,9.9050296482412,0.338425251828124,"97.5th percentile"
36.8609417085427,9.9050296482412,0.350842114582204,"97.5th percentile"
36.9455407035176,9.9050296482412,0.348996483263734,"97.5th percentile"
37.0301396984925,9.9050296482412,0.306337253836786,"97.5th percentile"
37.1147386934673,9.9050296482412,0.324707885121657,"97.5th percentile"
37.1993376884422,9.9050296482412,0.363510348610989,"97.5th percentile"
37.2839366834171,9.9050296482412,0.416639563814558,"97.5th percentile"
37.368535678392,9.9050296482412,0.390010168439108,"97.5th percentile"
37.4531346733668,9.9050296482412,0.408201674885944,"97.5th percentile"
37.5377336683417,9.9050296482412,0.402911936077603,"97.5th percentile"
37.6223326633166,9.9050296482412,0.45358643585454,"97.5th percentile"
37.7069316582915,9.9050296482412,0.424903856517846,"97.5th percentile"
37.7915306532663,9.9050296482412,0.428703447229544,"97.5th percentile"
37.8761296482412,9.9050296482412,0.430228181874578,"97.5th percentile"
37.9607286432161,9.9050296482412,0.434752098964843,"97.5th percentile"
38.045327638191,9.9050296482412,0.447911427985302,"97.5th percentile"
38.1299266331658,9.9050296482412,0.438973952375082,"97.5th percentile"
38.2145256281407,9.9050296482412,0.402123616670523,"97.5th percentile"
38.2991246231156,9.9050296482412,0.39827022905862,"97.5th percentile"
38.3837236180904,9.9050296482412,0.40193420185428,"97.5th percentile"
38.4683226130653,9.9050296482412,0.420161293388342,"97.5th percentile"
38.5529216080402,9.9050296482412,0.417270588984821,"97.5th percentile"
38.6375206030151,9.9050296482412,0.445455919759152,"97.5th percentile"
38.72211959799,9.9050296482412,0.490303778869724,"97.5th percentile"
38.8067185929648,9.9050296482412,0.540740324941371,"97.5th percentile"
38.8913175879397,9.9050296482412,0.530264595445064,"97.5th percentile"
38.9759165829146,9.9050296482412,0.52500868708455,"97.5th percentile"
39.0605155778894,9.9050296482412,0.556885391413026,"97.5th percentile"
39.1451145728643,9.9050296482412,0.556009537407823,"97.5th percentile"
39.2297135678392,9.9050296482412,0.541511987194986,"97.5th percentile"
39.3143125628141,9.9050296482412,0.567226692023762,"97.5th percentile"
39.3989115577889,9.9050296482412,0.547418193163506,"97.5th percentile"
39.4835105527638,9.9050296482412,0.533413869322539,"97.5th percentile"
39.5681095477387,9.9050296482412,0.526535299551437,"97.5th percentile"
39.6527085427136,9.9050296482412,0.522556402678592,"97.5th percentile"
39.7373075376884,9.9050296482412,0.507626610791086,"97.5th percentile"
39.8219065326633,9.9050296482412,0.50237589492205,"97.5th percentile"
39.9065055276382,9.9050296482412,0.51313607346757,"97.5th percentile"
39.9911045226131,9.9050296482412,0.512175565668471,"97.5th percentile"
40.0757035175879,9.9050296482412,0.505369559623676,"97.5th percentile"
40.1603025125628,9.9050296482412,0.525482494607753,"97.5th percentile"
40.2449015075377,9.9050296482412,0.582339239909171,"97.5th percentile"
40.3295005025126,9.9050296482412,0.538279466170235,"97.5th percentile"
40.4140994974874,9.9050296482412,0.567997624971952,"97.5th percentile"
40.4986984924623,9.9050296482412,0.657761318663064,"97.5th percentile"
40.5832974874372,9.9050296482412,0.702223376805247,"97.5th percentile"
40.6678964824121,9.9050296482412,0.823792618364062,"97.5th percentile"
40.7524954773869,9.9050296482412,0.851184528755355,"97.5th percentile"
40.8370944723618,9.9050296482412,0.874701106687645,"97.5th percentile"
40.9216934673367,9.9050296482412,0.921363095885465,"97.5th percentile"
41.0062924623116,9.9050296482412,0.94067036653798,"97.5th percentile"
41.0908914572864,9.9050296482412,0.96207482397134,"97.5th percentile"
41.1754904522613,9.9050296482412,0.972984635871001,"97.5th percentile"
41.2600894472362,9.9050296482412,0.980137257908948,"97.5th percentile"
41.344688442211,9.9050296482412,0.984955694813574,"97.5th percentile"
41.4292874371859,9.9050296482412,0.989163763559365,"97.5th percentile"
41.5138864321608,9.9050296482412,0.992738323624158,"97.5th percentile"
41.5984854271357,9.9050296482412,0.994814955972803,"97.5th percentile"
41.6830844221106,9.9050296482412,0.996392283960373,"97.5th percentile"
41.7676834170854,9.9050296482412,0.997417330381429,"97.5th percentile"
41.8522824120603,9.9050296482412,0.998106731487739,"97.5th percentile"
41.9368814070352,9.9050296482412,0.998646800787787,"97.5th percentile"
42.02148040201,9.9050296482412,0.999056975259024,"97.5th percentile"
42.1060793969849,9.9050296482412,0.999320092601888,"97.5th percentile"
42.1906783919598,9.9050296482412,0.999504501998814,"97.5th percentile"
42.2752773869347,9.9050296482412,0.999647678131194,"97.5th percentile"
42.3598763819095,9.9050296482412,0.999723569847264,"97.5th percentile"
42.4444753768844,9.9050296482412,0.999777423591986,"97.5th percentile"
42.5290743718593,9.9050296482412,0.999830747770997,"97.5th percentile"
42.6136733668342,9.9050296482412,0.999885314702715,"97.5th percentile"
42.698272361809,9.9050296482412,0.999916033002944,"97.5th percentile"
42.7828713567839,9.9050296482412,0.999926755627875,"97.5th percentile"
42.8674703517588,9.9050296482412,0.999938151018711,"97.5th percentile"
42.9520693467337,9.9050296482412,0.999958390945189,"97.5th percentile"
34.1537738693467,9.97305628140703,0.668826694029816,"97.5th percentile"
34.2383728643216,9.97305628140703,0.670464213334248,"97.5th percentile"
34.3229718592965,9.97305628140703,0.62211353430463,"97.5th percentile"
34.4075708542714,9.97305628140703,0.594805984707994,"97.5th percentile"
34.4921698492462,9.97305628140703,0.579902317432428,"97.5th percentile"
34.5767688442211,9.97305628140703,0.579736868032289,"97.5th percentile"
34.661367839196,9.97305628140703,0.568068655970703,"97.5th percentile"
34.7459668341709,9.97305628140703,0.548294753087994,"97.5th percentile"
34.8305658291457,9.97305628140703,0.505554316248637,"97.5th percentile"
34.9151648241206,9.97305628140703,0.468472293923243,"97.5th percentile"
34.9997638190955,9.97305628140703,0.443564769113517,"97.5th percentile"
35.0843628140704,9.97305628140703,0.44941268046834,"97.5th percentile"
35.1689618090452,9.97305628140703,0.426263516767508,"97.5th percentile"
35.2535608040201,9.97305628140703,0.420603324079785,"97.5th percentile"
35.338159798995,9.97305628140703,0.397867785768086,"97.5th percentile"
35.4227587939698,9.97305628140703,0.375137031231606,"97.5th percentile"
35.5073577889447,9.97305628140703,0.351692945050029,"97.5th percentile"
35.5919567839196,9.97305628140703,0.341261253995034,"97.5th percentile"
35.6765557788945,9.97305628140703,0.324612364849793,"97.5th percentile"
35.7611547738694,9.97305628140703,0.311452556014464,"97.5th percentile"
35.8457537688442,9.97305628140703,0.316527401790039,"97.5th percentile"
35.9303527638191,9.97305628140703,0.330816949258468,"97.5th percentile"
36.014951758794,9.97305628140703,0.363127510768035,"97.5th percentile"
36.0995507537688,9.97305628140703,0.31136032510439,"97.5th percentile"
36.1841497487437,9.97305628140703,0.290449214750214,"97.5th percentile"
36.2687487437186,9.97305628140703,0.319562346500595,"97.5th percentile"
36.3533477386935,9.97305628140703,0.310602630824797,"97.5th percentile"
36.4379467336683,9.97305628140703,0.309056267728511,"97.5th percentile"
36.5225457286432,9.97305628140703,0.290563733615103,"97.5th percentile"
36.6071447236181,9.97305628140703,0.304775256209572,"97.5th percentile"
36.691743718593,9.97305628140703,0.304792668465461,"97.5th percentile"
36.7763427135678,9.97305628140703,0.303225872407465,"97.5th percentile"
36.8609417085427,9.97305628140703,0.297605233499087,"97.5th percentile"
36.9455407035176,9.97305628140703,0.332642108978346,"97.5th percentile"
37.0301396984925,9.97305628140703,0.299755906751452,"97.5th percentile"
37.1147386934673,9.97305628140703,0.323941354792532,"97.5th percentile"
37.1993376884422,9.97305628140703,0.371339498017583,"97.5th percentile"
37.2839366834171,9.97305628140703,0.4124883377095,"97.5th percentile"
37.368535678392,9.97305628140703,0.419321677341081,"97.5th percentile"
37.4531346733668,9.97305628140703,0.436476075747445,"97.5th percentile"
37.5377336683417,9.97305628140703,0.419602013785638,"97.5th percentile"
37.6223326633166,9.97305628140703,0.401296593819968,"97.5th percentile"
37.7069316582915,9.97305628140703,0.409006017892513,"97.5th percentile"
37.7915306532663,9.97305628140703,0.410222384814669,"97.5th percentile"
37.8761296482412,9.97305628140703,0.431093593861089,"97.5th percentile"
37.9607286432161,9.97305628140703,0.466221434834746,"97.5th percentile"
38.045327638191,9.97305628140703,0.462173948902023,"97.5th percentile"
38.1299266331658,9.97305628140703,0.441489764559683,"97.5th percentile"
38.2145256281407,9.97305628140703,0.409354211594352,"97.5th percentile"
38.2991246231156,9.97305628140703,0.391510887861739,"97.5th percentile"
38.3837236180904,9.97305628140703,0.420683329346662,"97.5th percentile"
38.4683226130653,9.97305628140703,0.429685205726786,"97.5th percentile"
38.5529216080402,9.97305628140703,0.42917527746719,"97.5th percentile"
38.6375206030151,9.97305628140703,0.461841852538875,"97.5th percentile"
38.72211959799,9.97305628140703,0.498546048494267,"97.5th percentile"
38.8067185929648,9.97305628140703,0.524947725964028,"97.5th percentile"
38.8913175879397,9.97305628140703,0.532807580437959,"97.5th percentile"
38.9759165829146,9.97305628140703,0.528005034601984,"97.5th percentile"
39.0605155778894,9.97305628140703,0.556641291190232,"97.5th percentile"
39.1451145728643,9.97305628140703,0.55731904491012,"97.5th percentile"
39.2297135678392,9.97305628140703,0.529260871874676,"97.5th percentile"
39.3143125628141,9.97305628140703,0.585121881251968,"97.5th percentile"
39.3989115577889,9.97305628140703,0.561311875294554,"97.5th percentile"
39.4835105527638,9.97305628140703,0.548583730205655,"97.5th percentile"
39.5681095477387,9.97305628140703,0.533122133416521,"97.5th percentile"
39.6527085427136,9.97305628140703,0.518923724662058,"97.5th percentile"
39.7373075376884,9.97305628140703,0.533316324966368,"97.5th percentile"
39.8219065326633,9.97305628140703,0.51925833243652,"97.5th percentile"
39.9065055276382,9.97305628140703,0.505029576658155,"97.5th percentile"
39.9911045226131,9.97305628140703,0.530115623085437,"97.5th percentile"
40.0757035175879,9.97305628140703,0.51599876799565,"97.5th percentile"
40.1603025125628,9.97305628140703,0.529416283473772,"97.5th percentile"
40.2449015075377,9.97305628140703,0.568811333735351,"97.5th percentile"
40.3295005025126,9.97305628140703,0.5925811234925,"97.5th percentile"
40.4140994974874,9.97305628140703,0.572467638051315,"97.5th percentile"
40.4986984924623,9.97305628140703,0.649908522716545,"97.5th percentile"
40.5832974874372,9.97305628140703,0.745336219057307,"97.5th percentile"
40.6678964824121,9.97305628140703,0.812550978223421,"97.5th percentile"
40.7524954773869,9.97305628140703,0.839387249249404,"97.5th percentile"
40.8370944723618,9.97305628140703,0.901017383403308,"97.5th percentile"
40.9216934673367,9.97305628140703,0.928980611901237,"97.5th percentile"
41.0062924623116,9.97305628140703,0.939691866795793,"97.5th percentile"
41.0908914572864,9.97305628140703,0.964439244816462,"97.5th percentile"
41.1754904522613,9.97305628140703,0.97182884223553,"97.5th percentile"
41.2600894472362,9.97305628140703,0.980094609108256,"97.5th percentile"
41.344688442211,9.97305628140703,0.984526764115643,"97.5th percentile"
41.4292874371859,9.97305628140703,0.990310890022193,"97.5th percentile"
41.5138864321608,9.97305628140703,0.993037497081866,"97.5th percentile"
41.5984854271357,9.97305628140703,0.995155486648441,"97.5th percentile"
41.6830844221106,9.97305628140703,0.996159841631047,"97.5th percentile"
41.7676834170854,9.97305628140703,0.997547607458799,"97.5th percentile"
41.8522824120603,9.97305628140703,0.998196743938458,"97.5th percentile"
41.9368814070352,9.97305628140703,0.998699298331384,"97.5th percentile"
42.02148040201,9.97305628140703,0.99911301361654,"97.5th percentile"
42.1060793969849,9.97305628140703,0.999360229008243,"97.5th percentile"
42.1906783919598,9.97305628140703,0.999543318089637,"97.5th percentile"
42.2752773869347,9.97305628140703,0.999632651829541,"97.5th percentile"
42.3598763819095,9.97305628140703,0.999748477616689,"97.5th percentile"
42.4444753768844,9.97305628140703,0.999836427262085,"97.5th percentile"
42.5290743718593,9.97305628140703,0.999873805006204,"97.5th percentile"
42.6136733668342,9.97305628140703,0.999904520261485,"97.5th percentile"
42.698272361809,9.97305628140703,0.999910111021178,"97.5th percentile"
42.7828713567839,9.97305628140703,0.999929652839949,"97.5th percentile"
42.8674703517588,9.97305628140703,0.999937313170802,"97.5th percentile"
42.9520693467337,9.97305628140703,0.999935448183065,"97.5th percentile"
34.1537738693467,10.0410829145729,0.678909420148526,"97.5th percentile"
34.2383728643216,10.0410829145729,0.6483148515379,"97.5th percentile"
34.3229718592965,10.0410829145729,0.643883119328627,"97.5th percentile"
34.4075708542714,10.0410829145729,0.651806836064802,"97.5th percentile"
34.4921698492462,10.0410829145729,0.592326182057062,"97.5th percentile"
34.5767688442211,10.0410829145729,0.5653371911245,"97.5th percentile"
34.661367839196,10.0410829145729,0.506434390830236,"97.5th percentile"
34.7459668341709,10.0410829145729,0.542991206114014,"97.5th percentile"
34.8305658291457,10.0410829145729,0.503299371459636,"97.5th percentile"
34.9151648241206,10.0410829145729,0.480438977100711,"97.5th percentile"
34.9997638190955,10.0410829145729,0.474047526596596,"97.5th percentile"
35.0843628140704,10.0410829145729,0.45845082949845,"97.5th percentile"
35.1689618090452,10.0410829145729,0.459024973102428,"97.5th percentile"
35.2535608040201,10.0410829145729,0.449784505221988,"97.5th percentile"
35.338159798995,10.0410829145729,0.399716737608946,"97.5th percentile"
35.4227587939698,10.0410829145729,0.371878819232356,"97.5th percentile"
35.5073577889447,10.0410829145729,0.367413889148039,"97.5th percentile"
35.5919567839196,10.0410829145729,0.355453494450271,"97.5th percentile"
35.6765557788945,10.0410829145729,0.329809081785361,"97.5th percentile"
35.7611547738694,10.0410829145729,0.3178979049605,"97.5th percentile"
35.8457537688442,10.0410829145729,0.319583633382909,"97.5th percentile"
35.9303527638191,10.0410829145729,0.323343533848017,"97.5th percentile"
36.014951758794,10.0410829145729,0.331257058174486,"97.5th percentile"
36.0995507537688,10.0410829145729,0.343596853059059,"97.5th percentile"
36.1841497487437,10.0410829145729,0.310485772013275,"97.5th percentile"
36.2687487437186,10.0410829145729,0.32626808465292,"97.5th percentile"
36.3533477386935,10.0410829145729,0.322434137581067,"97.5th percentile"
36.4379467336683,10.0410829145729,0.3120574139551,"97.5th percentile"
36.5225457286432,10.0410829145729,0.326285919224963,"97.5th percentile"
36.6071447236181,10.0410829145729,0.339808271464293,"97.5th percentile"
36.691743718593,10.0410829145729,0.310600684419317,"97.5th percentile"
36.7763427135678,10.0410829145729,0.325837015619206,"97.5th percentile"
36.8609417085427,10.0410829145729,0.311033803337836,"97.5th percentile"
36.9455407035176,10.0410829145729,0.324602833977923,"97.5th percentile"
37.0301396984925,10.0410829145729,0.319589924312223,"97.5th percentile"
37.1147386934673,10.0410829145729,0.360104238320606,"97.5th percentile"
37.1993376884422,10.0410829145729,0.394977473253503,"97.5th percentile"
37.2839366834171,10.0410829145729,0.410672640748114,"97.5th percentile"
37.368535678392,10.0410829145729,0.418036785398055,"97.5th percentile"
37.4531346733668,10.0410829145729,0.418440420562924,"97.5th percentile"
37.5377336683417,10.0410829145729,0.434286640266708,"97.5th percentile"
37.6223326633166,10.0410829145729,0.392883059391708,"97.5th percentile"
37.7069316582915,10.0410829145729,0.358255181471926,"97.5th percentile"
37.7915306532663,10.0410829145729,0.413184028677735,"97.5th percentile"
37.8761296482412,10.0410829145729,0.417075500803558,"97.5th percentile"
37.9607286432161,10.0410829145729,0.461776885556369,"97.5th percentile"
38.045327638191,10.0410829145729,0.439837217523162,"97.5th percentile"
38.1299266331658,10.0410829145729,0.472886851011691,"97.5th percentile"
38.2145256281407,10.0410829145729,0.420900791524885,"97.5th percentile"
38.2991246231156,10.0410829145729,0.422493531207499,"97.5th percentile"
38.3837236180904,10.0410829145729,0.452639652871322,"97.5th percentile"
38.4683226130653,10.0410829145729,0.455780566738691,"97.5th percentile"
38.5529216080402,10.0410829145729,0.479849919801038,"97.5th percentile"
38.6375206030151,10.0410829145729,0.491860999569765,"97.5th percentile"
38.72211959799,10.0410829145729,0.508632440732694,"97.5th percentile"
38.8067185929648,10.0410829145729,0.507488366585807,"97.5th percentile"
38.8913175879397,10.0410829145729,0.507003362478416,"97.5th percentile"
38.9759165829146,10.0410829145729,0.517734473801952,"97.5th percentile"
39.0605155778894,10.0410829145729,0.527083202218653,"97.5th percentile"
39.1451145728643,10.0410829145729,0.556455701445402,"97.5th percentile"
39.2297135678392,10.0410829145729,0.588282548201068,"97.5th percentile"
39.3143125628141,10.0410829145729,0.581055688651783,"97.5th percentile"
39.3989115577889,10.0410829145729,0.575035776465851,"97.5th percentile"
39.4835105527638,10.0410829145729,0.569518929471236,"97.5th percentile"
39.5681095477387,10.0410829145729,0.570680783831697,"97.5th percentile"
39.6527085427136,10.0410829145729,0.545451838272872,"97.5th percentile"
39.7373075376884,10.0410829145729,0.540055473334603,"97.5th percentile"
39.8219065326633,10.0410829145729,0.523574203121651,"97.5th percentile"
39.9065055276382,10.0410829145729,0.511442583575647,"97.5th percentile"
39.9911045226131,10.0410829145729,0.514011566685941,"97.5th percentile"
40.0757035175879,10.0410829145729,0.549072455089107,"97.5th percentile"
40.1603025125628,10.0410829145729,0.541109896602887,"97.5th percentile"
40.2449015075377,10.0410829145729,0.538062105302512,"97.5th percentile"
40.3295005025126,10.0410829145729,0.568360973393628,"97.5th percentile"
40.4140994974874,10.0410829145729,0.536174980826946,"97.5th percentile"
40.4986984924623,10.0410829145729,0.55666707851523,"97.5th percentile"
40.5832974874372,10.0410829145729,0.711353545198783,"97.5th percentile"
40.6678964824121,10.0410829145729,0.79247864929415,"97.5th percentile"
40.7524954773869,10.0410829145729,0.851262448668633,"97.5th percentile"
40.8370944723618,10.0410829145729,0.881380901329852,"97.5th percentile"
40.9216934673367,10.0410829145729,0.922578358689118,"97.5th percentile"
41.0062924623116,10.0410829145729,0.939787488423931,"97.5th percentile"
41.0908914572864,10.0410829145729,0.962386462595077,"97.5th percentile"
41.1754904522613,10.0410829145729,0.975797195137317,"97.5th percentile"
41.2600894472362,10.0410829145729,0.982517547597957,"97.5th percentile"
41.344688442211,10.0410829145729,0.982599653330729,"97.5th percentile"
41.4292874371859,10.0410829145729,0.98934003116487,"97.5th percentile"
41.5138864321608,10.0410829145729,0.993195901550786,"97.5th percentile"
41.5984854271357,10.0410829145729,0.995448648824251,"97.5th percentile"
41.6830844221106,10.0410829145729,0.996759000156363,"97.5th percentile"
41.7676834170854,10.0410829145729,0.997321467619628,"97.5th percentile"
41.8522824120603,10.0410829145729,0.998363448546119,"97.5th percentile"
41.9368814070352,10.0410829145729,0.998679527159836,"97.5th percentile"
42.02148040201,10.0410829145729,0.999158160403192,"97.5th percentile"
42.1060793969849,10.0410829145729,0.999381762182123,"97.5th percentile"
42.1906783919598,10.0410829145729,0.999540853614808,"97.5th percentile"
42.2752773869347,10.0410829145729,0.999689878346701,"97.5th percentile"
42.3598763819095,10.0410829145729,0.999777781124702,"97.5th percentile"
42.4444753768844,10.0410829145729,0.999836550294674,"97.5th percentile"
42.5290743718593,10.0410829145729,0.999847631963939,"97.5th percentile"
42.6136733668342,10.0410829145729,0.999873992437291,"97.5th percentile"
42.698272361809,10.0410829145729,0.999894362337199,"97.5th percentile"
42.7828713567839,10.0410829145729,0.99988339953868,"97.5th percentile"
42.8674703517588,10.0410829145729,0.999899466873996,"97.5th percentile"
34.1537738693467,10.1091095477387,0.704040392354377,"97.5th percentile"
34.2383728643216,10.1091095477387,0.675107916331592,"97.5th percentile"
34.3229718592965,10.1091095477387,0.663335470566433,"97.5th percentile"
34.4075708542714,10.1091095477387,0.621293411041318,"97.5th percentile"
34.4921698492462,10.1091095477387,0.606102604514629,"97.5th percentile"
34.5767688442211,10.1091095477387,0.540738127427219,"97.5th percentile"
34.661367839196,10.1091095477387,0.565047187369475,"97.5th percentile"
34.7459668341709,10.1091095477387,0.541506920165801,"97.5th percentile"
34.8305658291457,10.1091095477387,0.544786415498756,"97.5th percentile"
34.9151648241206,10.1091095477387,0.553819663639037,"97.5th percentile"
34.9997638190955,10.1091095477387,0.481721209405334,"97.5th percentile"
35.0843628140704,10.1091095477387,0.463485798731766,"97.5th percentile"
35.1689618090452,10.1091095477387,0.457763832075323,"97.5th percentile"
35.2535608040201,10.1091095477387,0.423495028247567,"97.5th percentile"
35.338159798995,10.1091095477387,0.403794547502312,"97.5th percentile"
35.4227587939698,10.1091095477387,0.43203338823608,"97.5th percentile"
35.5073577889447,10.1091095477387,0.370066286906598,"97.5th percentile"
35.5919567839196,10.1091095477387,0.340846194461388,"97.5th percentile"
35.6765557788945,10.1091095477387,0.345249759926922,"97.5th percentile"
35.7611547738694,10.1091095477387,0.326174057677577,"97.5th percentile"
35.8457537688442,10.1091095477387,0.315678554255403,"97.5th percentile"
35.9303527638191,10.1091095477387,0.309050319560882,"97.5th percentile"
36.014951758794,10.1091095477387,0.327049812352551,"97.5th percentile"
36.0995507537688,10.1091095477387,0.345985219105899,"97.5th percentile"
36.1841497487437,10.1091095477387,0.334811063451898,"97.5th percentile"
36.2687487437186,10.1091095477387,0.336364755425734,"97.5th percentile"
36.3533477386935,10.1091095477387,0.329793872569908,"97.5th percentile"
36.4379467336683,10.1091095477387,0.314181674291315,"97.5th percentile"
36.5225457286432,10.1091095477387,0.331083350136542,"97.5th percentile"
36.6071447236181,10.1091095477387,0.338053907366087,"97.5th percentile"
36.691743718593,10.1091095477387,0.334909577141024,"97.5th percentile"
36.7763427135678,10.1091095477387,0.350695653365508,"97.5th percentile"
36.8609417085427,10.1091095477387,0.342169633497737,"97.5th percentile"
36.9455407035176,10.1091095477387,0.320938884012713,"97.5th percentile"
37.0301396984925,10.1091095477387,0.357105351956619,"97.5th percentile"
37.1147386934673,10.1091095477387,0.3751098027702,"97.5th percentile"
37.1993376884422,10.1091095477387,0.42078844255002,"97.5th percentile"
37.2839366834171,10.1091095477387,0.405479833435758,"97.5th percentile"
37.368535678392,10.1091095477387,0.396885036408486,"97.5th percentile"
37.4531346733668,10.1091095477387,0.396366442045295,"97.5th percentile"
37.5377336683417,10.1091095477387,0.410059054802681,"97.5th percentile"
37.6223326633166,10.1091095477387,0.399080445547401,"97.5th percentile"
37.7069316582915,10.1091095477387,0.354239363186635,"97.5th percentile"
37.7915306532663,10.1091095477387,0.362672811603792,"97.5th percentile"
37.8761296482412,10.1091095477387,0.390798159086404,"97.5th percentile"
37.9607286432161,10.1091095477387,0.414077761034913,"97.5th percentile"
38.045327638191,10.1091095477387,0.421095673532096,"97.5th percentile"
38.1299266331658,10.1091095477387,0.422388539900193,"97.5th percentile"
38.2145256281407,10.1091095477387,0.444102974848291,"97.5th percentile"
38.2991246231156,10.1091095477387,0.463186121063371,"97.5th percentile"
38.3837236180904,10.1091095477387,0.467273809787525,"97.5th percentile"
38.4683226130653,10.1091095477387,0.430439469010232,"97.5th percentile"
38.5529216080402,10.1091095477387,0.443939728199956,"97.5th percentile"
38.6375206030151,10.1091095477387,0.461823511992157,"97.5th percentile"
38.72211959799,10.1091095477387,0.451228298804945,"97.5th percentile"
38.8067185929648,10.1091095477387,0.486046731370513,"97.5th percentile"
38.8913175879397,10.1091095477387,0.528341131482857,"97.5th percentile"
38.9759165829146,10.1091095477387,0.523001822396662,"97.5th percentile"
39.0605155778894,10.1091095477387,0.544074082017343,"97.5th percentile"
39.1451145728643,10.1091095477387,0.559956996517477,"97.5th percentile"
39.2297135678392,10.1091095477387,0.555278011922955,"97.5th percentile"
39.3143125628141,10.1091095477387,0.584719920192498,"97.5th percentile"
39.3989115577889,10.1091095477387,0.56238321994393,"97.5th percentile"
39.4835105527638,10.1091095477387,0.570209510324997,"97.5th percentile"
39.5681095477387,10.1091095477387,0.600239226702044,"97.5th percentile"
39.6527085427136,10.1091095477387,0.561317309328339,"97.5th percentile"
39.7373075376884,10.1091095477387,0.545542467908619,"97.5th percentile"
39.8219065326633,10.1091095477387,0.523290633534089,"97.5th percentile"
39.9065055276382,10.1091095477387,0.546664548459361,"97.5th percentile"
39.9911045226131,10.1091095477387,0.502382910805144,"97.5th percentile"
40.0757035175879,10.1091095477387,0.533987377830907,"97.5th percentile"
40.1603025125628,10.1091095477387,0.575028390064971,"97.5th percentile"
40.2449015075377,10.1091095477387,0.55397196233829,"97.5th percentile"
40.3295005025126,10.1091095477387,0.584266727101026,"97.5th percentile"
40.4140994974874,10.1091095477387,0.558757873727724,"97.5th percentile"
40.4986984924623,10.1091095477387,0.597065335770098,"97.5th percentile"
40.5832974874372,10.1091095477387,0.692253524249862,"97.5th percentile"
40.6678964824121,10.1091095477387,0.796155675690317,"97.5th percentile"
40.7524954773869,10.1091095477387,0.876178735544202,"97.5th percentile"
40.8370944723618,10.1091095477387,0.901445720389056,"97.5th percentile"
40.9216934673367,10.1091095477387,0.932885430071438,"97.5th percentile"
41.0062924623116,10.1091095477387,0.955246650944398,"97.5th percentile"
41.0908914572864,10.1091095477387,0.965432055185229,"97.5th percentile"
41.1754904522613,10.1091095477387,0.977446180964295,"97.5th percentile"
41.2600894472362,10.1091095477387,0.983338596937894,"97.5th percentile"
41.344688442211,10.1091095477387,0.988406769920575,"97.5th percentile"
41.4292874371859,10.1091095477387,0.989433232556633,"97.5th percentile"
41.5138864321608,10.1091095477387,0.993934084412261,"97.5th percentile"
41.5984854271357,10.1091095477387,0.99569526683233,"97.5th percentile"
41.6830844221106,10.1091095477387,0.996961988046865,"97.5th percentile"
41.7676834170854,10.1091095477387,0.997704319664427,"97.5th percentile"
41.8522824120603,10.1091095477387,0.998132176363398,"97.5th percentile"
41.9368814070352,10.1091095477387,0.99867901904769,"97.5th percentile"
42.02148040201,10.1091095477387,0.999181986963102,"97.5th percentile"
42.1060793969849,10.1091095477387,0.999298781332517,"97.5th percentile"
42.1906783919598,10.1091095477387,0.999597798589936,"97.5th percentile"
42.2752773869347,10.1091095477387,0.999717239556316,"97.5th percentile"
42.3598763819095,10.1091095477387,0.999758590027006,"97.5th percentile"
42.4444753768844,10.1091095477387,0.999790944149201,"97.5th percentile"
42.5290743718593,10.1091095477387,0.999819946521027,"97.5th percentile"
42.6136733668342,10.1091095477387,0.99983400587479,"97.5th percentile"
42.698272361809,10.1091095477387,0.999820790752028,"97.5th percentile"
42.7828713567839,10.1091095477387,0.999844931997112,"97.5th percentile"
42.8674703517588,10.1091095477387,0.999869322324145,"97.5th percentile"
34.1537738693467,10.1771361809045,0.698023710030516,"97.5th percentile"
34.2383728643216,10.1771361809045,0.660278582444846,"97.5th percentile"
34.3229718592965,10.1771361809045,0.639043802517722,"97.5th percentile"
34.4075708542714,10.1771361809045,0.639758976536397,"97.5th percentile"
34.4921698492462,10.1771361809045,0.618873558755579,"97.5th percentile"
34.5767688442211,10.1771361809045,0.642731282797117,"97.5th percentile"
34.661367839196,10.1771361809045,0.566534363130703,"97.5th percentile"
34.7459668341709,10.1771361809045,0.552962586932187,"97.5th percentile"
34.8305658291457,10.1771361809045,0.524722552355983,"97.5th percentile"
34.9151648241206,10.1771361809045,0.556289641163498,"97.5th percentile"
34.9997638190955,10.1771361809045,0.492827978633287,"97.5th percentile"
35.0843628140704,10.1771361809045,0.502553721387322,"97.5th percentile"
35.1689618090452,10.1771361809045,0.460556507357396,"97.5th percentile"
35.2535608040201,10.1771361809045,0.440767528277843,"97.5th percentile"
35.338159798995,10.1771361809045,0.425408052746921,"97.5th percentile"
35.4227587939698,10.1771361809045,0.393833337170694,"97.5th percentile"
35.5073577889447,10.1771361809045,0.371885773040405,"97.5th percentile"
35.5919567839196,10.1771361809045,0.353884036063674,"97.5th percentile"
35.6765557788945,10.1771361809045,0.349901557718882,"97.5th percentile"
35.7611547738694,10.1771361809045,0.324246735620322,"97.5th percentile"
35.8457537688442,10.1771361809045,0.308965247409278,"97.5th percentile"
35.9303527638191,10.1771361809045,0.321638853045854,"97.5th percentile"
36.014951758794,10.1771361809045,0.321017710850574,"97.5th percentile"
36.0995507537688,10.1771361809045,0.321023706695777,"97.5th percentile"
36.1841497487437,10.1771361809045,0.330279448864028,"97.5th percentile"
36.2687487437186,10.1771361809045,0.351752778638396,"97.5th percentile"
36.3533477386935,10.1771361809045,0.335078153399273,"97.5th percentile"
36.4379467336683,10.1771361809045,0.329635153971554,"97.5th percentile"
36.5225457286432,10.1771361809045,0.336053469543023,"97.5th percentile"
36.6071447236181,10.1771361809045,0.32952456826123,"97.5th percentile"
36.691743718593,10.1771361809045,0.333770208857572,"97.5th percentile"
36.7763427135678,10.1771361809045,0.345999054571624,"97.5th percentile"
36.8609417085427,10.1771361809045,0.368758875942462,"97.5th percentile"
36.9455407035176,10.1771361809045,0.355159563460397,"97.5th percentile"
37.0301396984925,10.1771361809045,0.372883592951935,"97.5th percentile"
37.1147386934673,10.1771361809045,0.374109210773581,"97.5th percentile"
37.1993376884422,10.1771361809045,0.407345348748222,"97.5th percentile"
37.2839366834171,10.1771361809045,0.375587404750661,"97.5th percentile"
37.368535678392,10.1771361809045,0.35269994891423,"97.5th percentile"
37.4531346733668,10.1771361809045,0.368447648437197,"97.5th percentile"
37.5377336683417,10.1771361809045,0.371771306481059,"97.5th percentile"
37.6223326633166,10.1771361809045,0.388250890593351,"97.5th percentile"
37.7069316582915,10.1771361809045,0.363599061885838,"97.5th percentile"
37.7915306532663,10.1771361809045,0.361695452964977,"97.5th percentile"
37.8761296482412,10.1771361809045,0.361514656624012,"97.5th percentile"
37.9607286432161,10.1771361809045,0.36758634974154,"97.5th percentile"
38.045327638191,10.1771361809045,0.390087428185023,"97.5th percentile"
38.1299266331658,10.1771361809045,0.398501262967674,"97.5th percentile"
38.2145256281407,10.1771361809045,0.431635972685887,"97.5th percentile"
38.2991246231156,10.1771361809045,0.473820736201655,"97.5th percentile"
38.3837236180904,10.1771361809045,0.476839099498496,"97.5th percentile"
38.4683226130653,10.1771361809045,0.473752616567114,"97.5th percentile"
38.5529216080402,10.1771361809045,0.441407698670069,"97.5th percentile"
38.6375206030151,10.1771361809045,0.434276753695809,"97.5th percentile"
38.72211959799,10.1771361809045,0.442588129234638,"97.5th percentile"
38.8067185929648,10.1771361809045,0.484449973138113,"97.5th percentile"
38.8913175879397,10.1771361809045,0.506426609727363,"97.5th percentile"
38.9759165829146,10.1771361809045,0.538359876397486,"97.5th percentile"
39.0605155778894,10.1771361809045,0.538547985913964,"97.5th percentile"
39.1451145728643,10.1771361809045,0.565573519254003,"97.5th percentile"
39.2297135678392,10.1771361809045,0.569916719988848,"97.5th percentile"
39.3143125628141,10.1771361809045,0.586730628757995,"97.5th percentile"
39.3989115577889,10.1771361809045,0.592493351869768,"97.5th percentile"
39.4835105527638,10.1771361809045,0.60711975630544,"97.5th percentile"
39.5681095477387,10.1771361809045,0.573794415791323,"97.5th percentile"
39.6527085427136,10.1771361809045,0.584435381038191,"97.5th percentile"
39.7373075376884,10.1771361809045,0.552419233975498,"97.5th percentile"
39.8219065326633,10.1771361809045,0.539959417654339,"97.5th percentile"
39.9065055276382,10.1771361809045,0.540841788506372,"97.5th percentile"
39.9911045226131,10.1771361809045,0.480815414012056,"97.5th percentile"
40.0757035175879,10.1771361809045,0.508356369297668,"97.5th percentile"
40.1603025125628,10.1771361809045,0.53283179160137,"97.5th percentile"
40.2449015075377,10.1771361809045,0.557507679044087,"97.5th percentile"
40.3295005025126,10.1771361809045,0.651356264667539,"97.5th percentile"
40.4140994974874,10.1771361809045,0.636746401600247,"97.5th percentile"
40.4986984924623,10.1771361809045,0.816251590193256,"97.5th percentile"
40.5832974874372,10.1771361809045,0.726168066864064,"97.5th percentile"
40.6678964824121,10.1771361809045,0.833789474534105,"97.5th percentile"
40.7524954773869,10.1771361809045,0.88657849916847,"97.5th percentile"
40.8370944723618,10.1771361809045,0.91802983911192,"97.5th percentile"
40.9216934673367,10.1771361809045,0.93933426773747,"97.5th percentile"
41.0062924623116,10.1771361809045,0.954931151185347,"97.5th percentile"
41.0908914572864,10.1771361809045,0.970064377999503,"97.5th percentile"
41.1754904522613,10.1771361809045,0.978124262683426,"97.5th percentile"
41.2600894472362,10.1771361809045,0.98446250305581,"97.5th percentile"
41.344688442211,10.1771361809045,0.988577005966146,"97.5th percentile"
41.4292874371859,10.1771361809045,0.991955606131522,"97.5th percentile"
41.5138864321608,10.1771361809045,0.994315013567163,"97.5th percentile"
41.5984854271357,10.1771361809045,0.995958427780019,"97.5th percentile"
41.6830844221106,10.1771361809045,0.996786273436047,"97.5th percentile"
41.7676834170854,10.1771361809045,0.997861386767628,"97.5th percentile"
41.8522824120603,10.1771361809045,0.998137087751709,"97.5th percentile"
41.9368814070352,10.1771361809045,0.998574680051195,"97.5th percentile"
42.02148040201,10.1771361809045,0.999032033308207,"97.5th percentile"
42.1060793969849,10.1771361809045,0.9992710112063,"97.5th percentile"
42.1906783919598,10.1771361809045,0.999561877988443,"97.5th percentile"
42.2752773869347,10.1771361809045,0.999626092824559,"97.5th percentile"
42.3598763819095,10.1771361809045,0.999669024569559,"97.5th percentile"
42.4444753768844,10.1771361809045,0.999728867791997,"97.5th percentile"
42.5290743718593,10.1771361809045,0.999764235327758,"97.5th percentile"
42.6136733668342,10.1771361809045,0.999797398988392,"97.5th percentile"
42.698272361809,10.1771361809045,0.999814675809092,"97.5th percentile"
42.7828713567839,10.1771361809045,0.999829111815267,"97.5th percentile"
34.1537738693467,10.2451628140704,0.729840756322554,"97.5th percentile"
34.2383728643216,10.2451628140704,0.668372322712857,"97.5th percentile"
34.3229718592965,10.2451628140704,0.672851350481091,"97.5th percentile"
34.4075708542714,10.2451628140704,0.643843094724138,"97.5th percentile"
34.4921698492462,10.2451628140704,0.622443054734407,"97.5th percentile"
34.5767688442211,10.2451628140704,0.607931093454426,"97.5th percentile"
34.661367839196,10.2451628140704,0.587288101165107,"97.5th percentile"
34.7459668341709,10.2451628140704,0.582017742470096,"97.5th percentile"
34.8305658291457,10.2451628140704,0.550898914532128,"97.5th percentile"
34.9151648241206,10.2451628140704,0.555694235695754,"97.5th percentile"
34.9997638190955,10.2451628140704,0.502355340521836,"97.5th percentile"
35.0843628140704,10.2451628140704,0.48836841120553,"97.5th percentile"
35.1689618090452,10.2451628140704,0.453675790085819,"97.5th percentile"
35.2535608040201,10.2451628140704,0.447798202001304,"97.5th percentile"
35.338159798995,10.2451628140704,0.416190241787853,"97.5th percentile"
35.4227587939698,10.2451628140704,0.395047432603547,"97.5th percentile"
35.5073577889447,10.2451628140704,0.37518506781718,"97.5th percentile"
35.5919567839196,10.2451628140704,0.35624852211273,"97.5th percentile"
35.6765557788945,10.2451628140704,0.361598116576117,"97.5th percentile"
35.7611547738694,10.2451628140704,0.33468617216971,"97.5th percentile"
35.8457537688442,10.2451628140704,0.316420597923384,"97.5th percentile"
35.9303527638191,10.2451628140704,0.32081008612599,"97.5th percentile"
36.014951758794,10.2451628140704,0.327823414794365,"97.5th percentile"
36.0995507537688,10.2451628140704,0.304588226205447,"97.5th percentile"
36.1841497487437,10.2451628140704,0.318336114789574,"97.5th percentile"
36.2687487437186,10.2451628140704,0.343937926417451,"97.5th percentile"
36.3533477386935,10.2451628140704,0.34562727225401,"97.5th percentile"
36.4379467336683,10.2451628140704,0.342775649219199,"97.5th percentile"
36.5225457286432,10.2451628140704,0.353253033284597,"97.5th percentile"
36.6071447236181,10.2451628140704,0.334504957223954,"97.5th percentile"
36.691743718593,10.2451628140704,0.352747160195035,"97.5th percentile"
36.7763427135678,10.2451628140704,0.354855193400363,"97.5th percentile"
36.8609417085427,10.2451628140704,0.376649494077837,"97.5th percentile"
36.9455407035176,10.2451628140704,0.360572836524407,"97.5th percentile"
37.0301396984925,10.2451628140704,0.403787670822177,"97.5th percentile"
37.1147386934673,10.2451628140704,0.404737772760765,"97.5th percentile"
37.1993376884422,10.2451628140704,0.435502126567253,"97.5th percentile"
37.2839366834171,10.2451628140704,0.369771413113163,"97.5th percentile"
37.368535678392,10.2451628140704,0.354155307616001,"97.5th percentile"
37.4531346733668,10.2451628140704,0.352250256994887,"97.5th percentile"
37.5377336683417,10.2451628140704,0.354047987816247,"97.5th percentile"
37.6223326633166,10.2451628140704,0.366372878636097,"97.5th percentile"
37.7069316582915,10.2451628140704,0.394914249279993,"97.5th percentile"
37.7915306532663,10.2451628140704,0.362840196131924,"97.5th percentile"
37.8761296482412,10.2451628140704,0.362945579968422,"97.5th percentile"
37.9607286432161,10.2451628140704,0.368203246548131,"97.5th percentile"
38.045327638191,10.2451628140704,0.378477607837708,"97.5th percentile"
38.1299266331658,10.2451628140704,0.401411354728898,"97.5th percentile"
38.2145256281407,10.2451628140704,0.434100988666033,"97.5th percentile"
38.2991246231156,10.2451628140704,0.459877011308431,"97.5th percentile"
38.3837236180904,10.2451628140704,0.479070176423686,"97.5th percentile"
38.4683226130653,10.2451628140704,0.488223088592436,"97.5th percentile"
38.5529216080402,10.2451628140704,0.455988922203128,"97.5th percentile"
38.6375206030151,10.2451628140704,0.433658895766698,"97.5th percentile"
38.72211959799,10.2451628140704,0.438542069881007,"97.5th percentile"
38.8067185929648,10.2451628140704,0.466216524579341,"97.5th percentile"
38.8913175879397,10.2451628140704,0.507163798847041,"97.5th percentile"
38.9759165829146,10.2451628140704,0.56279743452343,"97.5th percentile"
39.0605155778894,10.2451628140704,0.525980767257135,"97.5th percentile"
39.1451145728643,10.2451628140704,0.521992565427224,"97.5th percentile"
39.2297135678392,10.2451628140704,0.57877284314812,"97.5th percentile"
39.3143125628141,10.2451628140704,0.60446560203578,"97.5th percentile"
39.3989115577889,10.2451628140704,0.576670967761699,"97.5th percentile"
39.4835105527638,10.2451628140704,0.600531903678379,"97.5th percentile"
39.5681095477387,10.2451628140704,0.620583814953461,"97.5th percentile"
39.6527085427136,10.2451628140704,0.592925022152077,"97.5th percentile"
39.7373075376884,10.2451628140704,0.563891854589641,"97.5th percentile"
39.8219065326633,10.2451628140704,0.548398246532022,"97.5th percentile"
39.9065055276382,10.2451628140704,0.544796546827398,"97.5th percentile"
39.9911045226131,10.2451628140704,0.495078967723322,"97.5th percentile"
40.0757035175879,10.2451628140704,0.530957790600902,"97.5th percentile"
40.1603025125628,10.2451628140704,0.543753700966171,"97.5th percentile"
40.2449015075377,10.2451628140704,0.569570606907342,"97.5th percentile"
40.3295005025126,10.2451628140704,0.569923372157459,"97.5th percentile"
40.4140994974874,10.2451628140704,0.610439649178909,"97.5th percentile"
40.4986984924623,10.2451628140704,0.822583283284683,"97.5th percentile"
40.5832974874372,10.2451628140704,0.762157687751176,"97.5th percentile"
40.6678964824121,10.2451628140704,0.844511998446197,"97.5th percentile"
40.7524954773869,10.2451628140704,0.894273138060125,"97.5th percentile"
40.8370944723618,10.2451628140704,0.918819610053737,"97.5th percentile"
40.9216934673367,10.2451628140704,0.927161028689418,"97.5th percentile"
41.0062924623116,10.2451628140704,0.960103440116567,"97.5th percentile"
41.0908914572864,10.2451628140704,0.971022288729332,"97.5th percentile"
41.1754904522613,10.2451628140704,0.979306767223471,"97.5th percentile"
41.2600894472362,10.2451628140704,0.982370934746888,"97.5th percentile"
41.344688442211,10.2451628140704,0.988413021804744,"97.5th percentile"
41.4292874371859,10.2451628140704,0.992394260740087,"97.5th percentile"
41.5138864321608,10.2451628140704,0.994665197614324,"97.5th percentile"
41.5984854271357,10.2451628140704,0.996177778150873,"97.5th percentile"
41.6830844221106,10.2451628140704,0.997258395983771,"97.5th percentile"
41.7676834170854,10.2451628140704,0.997330519224898,"97.5th percentile"
41.8522824120603,10.2451628140704,0.998449927207195,"97.5th percentile"
41.9368814070352,10.2451628140704,0.999011561165671,"97.5th percentile"
42.02148040201,10.2451628140704,0.999191243820614,"97.5th percentile"
42.1060793969849,10.2451628140704,0.999100510786602,"97.5th percentile"
42.1906783919598,10.2451628140704,0.999435720147433,"97.5th percentile"
42.2752773869347,10.2451628140704,0.999525655137021,"97.5th percentile"
42.3598763819095,10.2451628140704,0.999568600587924,"97.5th percentile"
42.4444753768844,10.2451628140704,0.999647331842252,"97.5th percentile"
42.5290743718593,10.2451628140704,0.999632473018601,"97.5th percentile"
42.6136733668342,10.2451628140704,0.999710983687174,"97.5th percentile"
42.698272361809,10.2451628140704,0.99975478884818,"97.5th percentile"
34.2383728643216,10.3131894472362,0.672884737569303,"97.5th percentile"
34.3229718592965,10.3131894472362,0.673224647434863,"97.5th percentile"
34.4075708542714,10.3131894472362,0.650284577782862,"97.5th percentile"
34.4921698492462,10.3131894472362,0.612684731816094,"97.5th percentile"
34.5767688442211,10.3131894472362,0.610366456075944,"97.5th percentile"
34.661367839196,10.3131894472362,0.634642251925244,"97.5th percentile"
34.7459668341709,10.3131894472362,0.576392691175951,"97.5th percentile"
34.8305658291457,10.3131894472362,0.552343773066159,"97.5th percentile"
34.9151648241206,10.3131894472362,0.539678282603761,"97.5th percentile"
34.9997638190955,10.3131894472362,0.506143480961433,"97.5th percentile"
35.0843628140704,10.3131894472362,0.502781049799978,"97.5th percentile"
35.1689618090452,10.3131894472362,0.477459181266994,"97.5th percentile"
35.2535608040201,10.3131894472362,0.442652043942193,"97.5th percentile"
35.338159798995,10.3131894472362,0.429408709679761,"97.5th percentile"
35.4227587939698,10.3131894472362,0.42206580615221,"97.5th percentile"
35.5073577889447,10.3131894472362,0.385276880957937,"97.5th percentile"
35.5919567839196,10.3131894472362,0.369122712004235,"97.5th percentile"
35.6765557788945,10.3131894472362,0.361461445589989,"97.5th percentile"
35.7611547738694,10.3131894472362,0.347370957481105,"97.5th percentile"
35.8457537688442,10.3131894472362,0.330504339675708,"97.5th percentile"
35.9303527638191,10.3131894472362,0.323361758071565,"97.5th percentile"
36.014951758794,10.3131894472362,0.308842823986323,"97.5th percentile"
36.0995507537688,10.3131894472362,0.312168139469307,"97.5th percentile"
36.1841497487437,10.3131894472362,0.313055098357153,"97.5th percentile"
36.2687487437186,10.3131894472362,0.337093480838294,"97.5th percentile"
36.3533477386935,10.3131894472362,0.348735028534658,"97.5th percentile"
36.4379467336683,10.3131894472362,0.352263360372756,"97.5th percentile"
36.5225457286432,10.3131894472362,0.359908538838584,"97.5th percentile"
36.6071447236181,10.3131894472362,0.370183953405784,"97.5th percentile"
36.691743718593,10.3131894472362,0.373304322471368,"97.5th percentile"
36.7763427135678,10.3131894472362,0.364951748694787,"97.5th percentile"
36.8609417085427,10.3131894472362,0.389217109301451,"97.5th percentile"
36.9455407035176,10.3131894472362,0.420466932054128,"97.5th percentile"
37.0301396984925,10.3131894472362,0.379269229559109,"97.5th percentile"
37.1147386934673,10.3131894472362,0.408105757292075,"97.5th percentile"
37.1993376884422,10.3131894472362,0.382427211148101,"97.5th percentile"
37.2839366834171,10.3131894472362,0.349790435472593,"97.5th percentile"
37.368535678392,10.3131894472362,0.335546524435532,"97.5th percentile"
37.4531346733668,10.3131894472362,0.32881651145783,"97.5th percentile"
37.5377336683417,10.3131894472362,0.343497234469069,"97.5th percentile"
37.6223326633166,10.3131894472362,0.354022598207322,"97.5th percentile"
37.7069316582915,10.3131894472362,0.353958419684116,"97.5th percentile"
37.7915306532663,10.3131894472362,0.362009807002769,"97.5th percentile"
37.8761296482412,10.3131894472362,0.359046321343595,"97.5th percentile"
37.9607286432161,10.3131894472362,0.367729598503856,"97.5th percentile"
38.045327638191,10.3131894472362,0.379731102366708,"97.5th percentile"
38.1299266331658,10.3131894472362,0.38572830929332,"97.5th percentile"
38.2145256281407,10.3131894472362,0.411960538546255,"97.5th percentile"
38.2991246231156,10.3131894472362,0.456753192520851,"97.5th percentile"
38.3837236180904,10.3131894472362,0.480332332082258,"97.5th percentile"
38.4683226130653,10.3131894472362,0.521796235458096,"97.5th percentile"
38.5529216080402,10.3131894472362,0.43886934153496,"97.5th percentile"
38.6375206030151,10.3131894472362,0.444839672065484,"97.5th percentile"
38.72211959799,10.3131894472362,0.466027773928534,"97.5th percentile"
38.8067185929648,10.3131894472362,0.474175538136639,"97.5th percentile"
38.8913175879397,10.3131894472362,0.528029556696179,"97.5th percentile"
38.9759165829146,10.3131894472362,0.539588620426275,"97.5th percentile"
39.0605155778894,10.3131894472362,0.582679466637743,"97.5th percentile"
39.1451145728643,10.3131894472362,0.53808174915687,"97.5th percentile"
39.2297135678392,10.3131894472362,0.539185227059485,"97.5th percentile"
39.3143125628141,10.3131894472362,0.590486429532876,"97.5th percentile"
39.3989115577889,10.3131894472362,0.589703482764496,"97.5th percentile"
39.4835105527638,10.3131894472362,0.590239741794932,"97.5th percentile"
39.5681095477387,10.3131894472362,0.582248799530102,"97.5th percentile"
39.6527085427136,10.3131894472362,0.599012798343579,"97.5th percentile"
39.7373075376884,10.3131894472362,0.59407966392938,"97.5th percentile"
39.8219065326633,10.3131894472362,0.569990806457594,"97.5th percentile"
39.9065055276382,10.3131894472362,0.536123558057074,"97.5th percentile"
39.9911045226131,10.3131894472362,0.526006968099581,"97.5th percentile"
40.0757035175879,10.3131894472362,0.52786237023321,"97.5th percentile"
40.1603025125628,10.3131894472362,0.557124148714102,"97.5th percentile"
40.2449015075377,10.3131894472362,0.581794909769799,"97.5th percentile"
40.3295005025126,10.3131894472362,0.710229274747208,"97.5th percentile"
40.4140994974874,10.3131894472362,0.676280280532279,"97.5th percentile"
40.4986984924623,10.3131894472362,0.676018096979247,"97.5th percentile"
40.5832974874372,10.3131894472362,0.749028519241219,"97.5th percentile"
40.6678964824121,10.3131894472362,0.849793065316834,"97.5th percentile"
40.7524954773869,10.3131894472362,0.898356149563876,"97.5th percentile"
40.8370944723618,10.3131894472362,0.921349082964694,"97.5th percentile"
40.9216934673367,10.3131894472362,0.92866699433295,"97.5th percentile"
41.0062924623116,10.3131894472362,0.962701291658551,"97.5th percentile"
41.0908914572864,10.3131894472362,0.968754189181886,"97.5th percentile"
41.1754904522613,10.3131894472362,0.980555824691545,"97.5th percentile"
41.2600894472362,10.3131894472362,0.985027217897984,"97.5th percentile"
41.344688442211,10.3131894472362,0.990197377195965,"97.5th percentile"
41.4292874371859,10.3131894472362,0.993127592475805,"97.5th percentile"
41.5138864321608,10.3131894472362,0.995011493522502,"97.5th percentile"
41.5984854271357,10.3131894472362,0.996420068511787,"97.5th percentile"
41.6830844221106,10.3131894472362,0.996962783880076,"97.5th percentile"
41.7676834170854,10.3131894472362,0.997461362041557,"97.5th percentile"
41.8522824120603,10.3131894472362,0.998652568644271,"97.5th percentile"
41.9368814070352,10.3131894472362,0.998831876817195,"97.5th percentile"
42.02148040201,10.3131894472362,0.998997700963658,"97.5th percentile"
42.1060793969849,10.3131894472362,0.999115026468648,"97.5th percentile"
42.1906783919598,10.3131894472362,0.99927063139687,"97.5th percentile"
42.2752773869347,10.3131894472362,0.999374908537653,"97.5th percentile"
42.3598763819095,10.3131894472362,0.999466602862713,"97.5th percentile"
42.4444753768844,10.3131894472362,0.99954491582494,"97.5th percentile"
42.5290743718593,10.3131894472362,0.999573218659933,"97.5th percentile"
42.6136733668342,10.3131894472362,0.999626839272461,"97.5th percentile"
42.698272361809,10.3131894472362,0.999700714087518,"97.5th percentile"
34.2383728643216,10.381216080402,0.69181449487597,"97.5th percentile"
34.3229718592965,10.381216080402,0.701570753696863,"97.5th percentile"
34.4075708542714,10.381216080402,0.663541260071495,"97.5th percentile"
34.4921698492462,10.381216080402,0.627934145584593,"97.5th percentile"
34.5767688442211,10.381216080402,0.625609879095006,"97.5th percentile"
34.661367839196,10.381216080402,0.614637493276977,"97.5th percentile"
34.7459668341709,10.381216080402,0.586626878528319,"97.5th percentile"
34.8305658291457,10.381216080402,0.560657500448404,"97.5th percentile"
34.9151648241206,10.381216080402,0.546923695373317,"97.5th percentile"
34.9997638190955,10.381216080402,0.529914314534569,"97.5th percentile"
35.0843628140704,10.381216080402,0.511724302277621,"97.5th percentile"
35.1689618090452,10.381216080402,0.492009273802947,"97.5th percentile"
35.2535608040201,10.381216080402,0.455246445857585,"97.5th percentile"
35.338159798995,10.381216080402,0.450868236813155,"97.5th percentile"
35.4227587939698,10.381216080402,0.430451018809338,"97.5th percentile"
35.5073577889447,10.381216080402,0.398328696323113,"97.5th percentile"
35.5919567839196,10.381216080402,0.38480235705944,"97.5th percentile"
35.6765557788945,10.381216080402,0.380083227630481,"97.5th percentile"
35.7611547738694,10.381216080402,0.349105850937333,"97.5th percentile"
35.8457537688442,10.381216080402,0.336280153218782,"97.5th percentile"
35.9303527638191,10.381216080402,0.306831510469318,"97.5th percentile"
36.014951758794,10.381216080402,0.304305593180746,"97.5th percentile"
36.0995507537688,10.381216080402,0.290036089325146,"97.5th percentile"
36.1841497487437,10.381216080402,0.307224459102202,"97.5th percentile"
36.2687487437186,10.381216080402,0.340476260445584,"97.5th percentile"
36.3533477386935,10.381216080402,0.348198299769236,"97.5th percentile"
36.4379467336683,10.381216080402,0.338569029416512,"97.5th percentile"
36.5225457286432,10.381216080402,0.362314316930143,"97.5th percentile"
36.6071447236181,10.381216080402,0.362967504976419,"97.5th percentile"
36.691743718593,10.381216080402,0.400199916642973,"97.5th percentile"
36.7763427135678,10.381216080402,0.379869902501153,"97.5th percentile"
36.8609417085427,10.381216080402,0.386821581045287,"97.5th percentile"
36.9455407035176,10.381216080402,0.385382033689587,"97.5th percentile"
37.0301396984925,10.381216080402,0.351420709376629,"97.5th percentile"
37.1147386934673,10.381216080402,0.380875170066901,"97.5th percentile"
37.1993376884422,10.381216080402,0.361521559005301,"97.5th percentile"
37.2839366834171,10.381216080402,0.361781167968123,"97.5th percentile"
37.368535678392,10.381216080402,0.339777768104307,"97.5th percentile"
37.4531346733668,10.381216080402,0.338719962765973,"97.5th percentile"
37.5377336683417,10.381216080402,0.331999203164664,"97.5th percentile"
37.6223326633166,10.381216080402,0.345324031173923,"97.5th percentile"
37.7069316582915,10.381216080402,0.342037954017705,"97.5th percentile"
37.7915306532663,10.381216080402,0.36434551702655,"97.5th percentile"
37.8761296482412,10.381216080402,0.379769615940009,"97.5th percentile"
37.9607286432161,10.381216080402,0.366917532143687,"97.5th percentile"
38.045327638191,10.381216080402,0.394605514675202,"97.5th percentile"
38.1299266331658,10.381216080402,0.387722746713914,"97.5th percentile"
38.2145256281407,10.381216080402,0.402099554914728,"97.5th percentile"
38.2991246231156,10.381216080402,0.432321191489478,"97.5th percentile"
38.3837236180904,10.381216080402,0.495928896951395,"97.5th percentile"
38.4683226130653,10.381216080402,0.496949333854262,"97.5th percentile"
38.5529216080402,10.381216080402,0.49724177944887,"97.5th percentile"
38.6375206030151,10.381216080402,0.47467059551741,"97.5th percentile"
38.72211959799,10.381216080402,0.490122333592685,"97.5th percentile"
38.8067185929648,10.381216080402,0.502813596582603,"97.5th percentile"
38.8913175879397,10.381216080402,0.506746573827699,"97.5th percentile"
38.9759165829146,10.381216080402,0.551649906616928,"97.5th percentile"
39.0605155778894,10.381216080402,0.539569178158708,"97.5th percentile"
39.1451145728643,10.381216080402,0.537543092949371,"97.5th percentile"
39.2297135678392,10.381216080402,0.535288359992877,"97.5th percentile"
39.3143125628141,10.381216080402,0.534109084541397,"97.5th percentile"
39.3989115577889,10.381216080402,0.566679923176058,"97.5th percentile"
39.4835105527638,10.381216080402,0.601619194493527,"97.5th percentile"
39.5681095477387,10.381216080402,0.594529481725634,"97.5th percentile"
39.6527085427136,10.381216080402,0.596832656137586,"97.5th percentile"
39.7373075376884,10.381216080402,0.605466050969903,"97.5th percentile"
39.8219065326633,10.381216080402,0.574751009841684,"97.5th percentile"
39.9065055276382,10.381216080402,0.545504215230516,"97.5th percentile"
39.9911045226131,10.381216080402,0.555405806950859,"97.5th percentile"
40.0757035175879,10.381216080402,0.574704765827979,"97.5th percentile"
40.1603025125628,10.381216080402,0.58466576326393,"97.5th percentile"
40.2449015075377,10.381216080402,0.61563790462628,"97.5th percentile"
40.3295005025126,10.381216080402,0.657199243178752,"97.5th percentile"
40.4140994974874,10.381216080402,0.68617371416991,"97.5th percentile"
40.4986984924623,10.381216080402,0.710961258712866,"97.5th percentile"
40.5832974874372,10.381216080402,0.796763102554991,"97.5th percentile"
40.6678964824121,10.381216080402,0.859404480505231,"97.5th percentile"
40.7524954773869,10.381216080402,0.906310685473135,"97.5th percentile"
40.8370944723618,10.381216080402,0.930776006526534,"97.5th percentile"
40.9216934673367,10.381216080402,0.951543615442019,"97.5th percentile"
41.0062924623116,10.381216080402,0.963611935484638,"97.5th percentile"
41.0908914572864,10.381216080402,0.967618810228775,"97.5th percentile"
41.1754904522613,10.381216080402,0.981570534981877,"97.5th percentile"
41.2600894472362,10.381216080402,0.986114557403304,"97.5th percentile"
41.344688442211,10.381216080402,0.990825444816713,"97.5th percentile"
41.4292874371859,10.381216080402,0.993438709948993,"97.5th percentile"
41.5138864321608,10.381216080402,0.995318610146133,"97.5th percentile"
41.5984854271357,10.381216080402,0.996588671645022,"97.5th percentile"
41.6830844221106,10.381216080402,0.997569606855939,"97.5th percentile"
41.7676834170854,10.381216080402,0.997857215570312,"97.5th percentile"
41.8522824120603,10.381216080402,0.998243425225915,"97.5th percentile"
41.9368814070352,10.381216080402,0.998397305260295,"97.5th percentile"
42.02148040201,10.381216080402,0.998695687483731,"97.5th percentile"
42.1060793969849,10.381216080402,0.99870623896305,"97.5th percentile"
42.1906783919598,10.381216080402,0.999054736498069,"97.5th percentile"
42.2752773869347,10.381216080402,0.99917422308534,"97.5th percentile"
42.3598763819095,10.381216080402,0.99926367964209,"97.5th percentile"
42.4444753768844,10.381216080402,0.999373705411203,"97.5th percentile"
42.5290743718593,10.381216080402,0.999485925810493,"97.5th percentile"
42.6136733668342,10.381216080402,0.999560715676201,"97.5th percentile"
34.2383728643216,10.4492427135678,0.718813876280071,"97.5th percentile"
34.3229718592965,10.4492427135678,0.706714708279911,"97.5th percentile"
34.4075708542714,10.4492427135678,0.693952702616089,"97.5th percentile"
34.4921698492462,10.4492427135678,0.641811730951393,"97.5th percentile"
34.5767688442211,10.4492427135678,0.636367128184073,"97.5th percentile"
34.661367839196,10.4492427135678,0.618176229595058,"97.5th percentile"
34.7459668341709,10.4492427135678,0.596857369605392,"97.5th percentile"
34.8305658291457,10.4492427135678,0.569652277681439,"97.5th percentile"
34.9151648241206,10.4492427135678,0.55392184458442,"97.5th percentile"
34.9997638190955,10.4492427135678,0.551019519593624,"97.5th percentile"
35.0843628140704,10.4492427135678,0.533719153469283,"97.5th percentile"
35.1689618090452,10.4492427135678,0.499911842690097,"97.5th percentile"
35.2535608040201,10.4492427135678,0.476526886897675,"97.5th percentile"
35.338159798995,10.4492427135678,0.455775142138764,"97.5th percentile"
35.4227587939698,10.4492427135678,0.438867787628722,"97.5th percentile"
35.5073577889447,10.4492427135678,0.420298053852272,"97.5th percentile"
35.5919567839196,10.4492427135678,0.415439108493387,"97.5th percentile"
35.6765557788945,10.4492427135678,0.368690741888361,"97.5th percentile"
35.7611547738694,10.4492427135678,0.354911851919009,"97.5th percentile"
35.8457537688442,10.4492427135678,0.328800033601398,"97.5th percentile"
35.9303527638191,10.4492427135678,0.320382422778735,"97.5th percentile"
36.014951758794,10.4492427135678,0.303292436032501,"97.5th percentile"
36.0995507537688,10.4492427135678,0.296357443080375,"97.5th percentile"
36.1841497487437,10.4492427135678,0.303063762981209,"97.5th percentile"
36.2687487437186,10.4492427135678,0.344014873935373,"97.5th percentile"
36.3533477386935,10.4492427135678,0.348165617968022,"97.5th percentile"
36.4379467336683,10.4492427135678,0.358686168177237,"97.5th percentile"
36.5225457286432,10.4492427135678,0.361186634408571,"97.5th percentile"
36.6071447236181,10.4492427135678,0.358824847019549,"97.5th percentile"
36.691743718593,10.4492427135678,0.374086084117474,"97.5th percentile"
36.7763427135678,10.4492427135678,0.371265289844908,"97.5th percentile"
36.8609417085427,10.4492427135678,0.353507852171349,"97.5th percentile"
36.9455407035176,10.4492427135678,0.320810864684802,"97.5th percentile"
37.0301396984925,10.4492427135678,0.320272653074773,"97.5th percentile"
37.1147386934673,10.4492427135678,0.341194872398912,"97.5th percentile"
37.1993376884422,10.4492427135678,0.362464798795854,"97.5th percentile"
37.2839366834171,10.4492427135678,0.325533520409636,"97.5th percentile"
37.368535678392,10.4492427135678,0.331780612015052,"97.5th percentile"
37.4531346733668,10.4492427135678,0.332289041173211,"97.5th percentile"
37.5377336683417,10.4492427135678,0.329197120522523,"97.5th percentile"
37.6223326633166,10.4492427135678,0.354198307476013,"97.5th percentile"
37.7069316582915,10.4492427135678,0.365624669739042,"97.5th percentile"
37.7915306532663,10.4492427135678,0.376016171540037,"97.5th percentile"
37.8761296482412,10.4492427135678,0.388074249212496,"97.5th percentile"
37.9607286432161,10.4492427135678,0.375210085984572,"97.5th percentile"
38.045327638191,10.4492427135678,0.398957091236589,"97.5th percentile"
38.1299266331658,10.4492427135678,0.386294588449783,"97.5th percentile"
38.2145256281407,10.4492427135678,0.398719671001255,"97.5th percentile"
38.2991246231156,10.4492427135678,0.435123764096186,"97.5th percentile"
38.3837236180904,10.4492427135678,0.448054204073352,"97.5th percentile"
38.4683226130653,10.4492427135678,0.506306164768214,"97.5th percentile"
38.5529216080402,10.4492427135678,0.489102837158855,"97.5th percentile"
38.6375206030151,10.4492427135678,0.483071456783899,"97.5th percentile"
38.72211959799,10.4492427135678,0.478908115650364,"97.5th percentile"
38.8067185929648,10.4492427135678,0.515339227607321,"97.5th percentile"
38.8913175879397,10.4492427135678,0.533407988964736,"97.5th percentile"
38.9759165829146,10.4492427135678,0.518551947300682,"97.5th percentile"
39.0605155778894,10.4492427135678,0.535093017701777,"97.5th percentile"
39.1451145728643,10.4492427135678,0.544168094260633,"97.5th percentile"
39.2297135678392,10.4492427135678,0.535339242576375,"97.5th percentile"
39.3143125628141,10.4492427135678,0.532905109456124,"97.5th percentile"
39.3989115577889,10.4492427135678,0.546922768266643,"97.5th percentile"
39.4835105527638,10.4492427135678,0.587801239850703,"97.5th percentile"
39.5681095477387,10.4492427135678,0.613636789320034,"97.5th percentile"
39.6527085427136,10.4492427135678,0.654222419778638,"97.5th percentile"
39.7373075376884,10.4492427135678,0.630770040059587,"97.5th percentile"
39.8219065326633,10.4492427135678,0.591144918156375,"97.5th percentile"
39.9065055276382,10.4492427135678,0.566896415384989,"97.5th percentile"
39.9911045226131,10.4492427135678,0.572587950377827,"97.5th percentile"
40.0757035175879,10.4492427135678,0.578965036073231,"97.5th percentile"
40.1603025125628,10.4492427135678,0.593896837209507,"97.5th percentile"
40.2449015075377,10.4492427135678,0.659871070241763,"97.5th percentile"
40.3295005025126,10.4492427135678,0.679620087424287,"97.5th percentile"
40.4140994974874,10.4492427135678,0.706704005198441,"97.5th percentile"
40.4986984924623,10.4492427135678,0.766223400644349,"97.5th percentile"
40.5832974874372,10.4492427135678,0.793575257331654,"97.5th percentile"
40.6678964824121,10.4492427135678,0.854571002149126,"97.5th percentile"
40.7524954773869,10.4492427135678,0.893051734632208,"97.5th percentile"
40.8370944723618,10.4492427135678,0.935338127954465,"97.5th percentile"
40.9216934673367,10.4492427135678,0.938596451469252,"97.5th percentile"
41.0062924623116,10.4492427135678,0.963029268241752,"97.5th percentile"
41.0908914572864,10.4492427135678,0.967092764146397,"97.5th percentile"
41.1754904522613,10.4492427135678,0.982644639865547,"97.5th percentile"
41.2600894472362,10.4492427135678,0.987553261282164,"97.5th percentile"
41.344688442211,10.4492427135678,0.991036292301866,"97.5th percentile"
41.4292874371859,10.4492427135678,0.993779920812406,"97.5th percentile"
41.5138864321608,10.4492427135678,0.995608435264689,"97.5th percentile"
41.5984854271357,10.4492427135678,0.996295913599334,"97.5th percentile"
41.6830844221106,10.4492427135678,0.996748152117153,"97.5th percentile"
41.7676834170854,10.4492427135678,0.997248460739479,"97.5th percentile"
41.8522824120603,10.4492427135678,0.997716789432178,"97.5th percentile"
41.9368814070352,10.4492427135678,0.998013481784049,"97.5th percentile"
42.02148040201,10.4492427135678,0.998328990258582,"97.5th percentile"
42.1060793969849,10.4492427135678,0.998572013653666,"97.5th percentile"
42.1906783919598,10.4492427135678,0.998776344661005,"97.5th percentile"
42.2752773869347,10.4492427135678,0.998931615217931,"97.5th percentile"
42.3598763819095,10.4492427135678,0.999083038039471,"97.5th percentile"
42.4444753768844,10.4492427135678,0.999205046494635,"97.5th percentile"
42.5290743718593,10.4492427135678,0.999342155048419,"97.5th percentile"
42.6136733668342,10.4492427135678,0.999428852200115,"97.5th percentile"
34.2383728643216,10.5172693467337,0.741476163264051,"97.5th percentile"
34.3229718592965,10.5172693467337,0.714705088127529,"97.5th percentile"
34.4075708542714,10.5172693467337,0.675647553442592,"97.5th percentile"
34.4921698492462,10.5172693467337,0.65383394593117,"97.5th percentile"
34.5767688442211,10.5172693467337,0.631884048886995,"97.5th percentile"
34.661367839196,10.5172693467337,0.603741269224808,"97.5th percentile"
34.7459668341709,10.5172693467337,0.609824735479532,"97.5th percentile"
34.8305658291457,10.5172693467337,0.583570906032672,"97.5th percentile"
34.9151648241206,10.5172693467337,0.559036717382286,"97.5th percentile"
34.9997638190955,10.5172693467337,0.549053725093466,"97.5th percentile"
35.0843628140704,10.5172693467337,0.545222412750227,"97.5th percentile"
35.1689618090452,10.5172693467337,0.514494475004882,"97.5th percentile"
35.2535608040201,10.5172693467337,0.492108380662389,"97.5th percentile"
35.338159798995,10.5172693467337,0.45211750975206,"97.5th percentile"
35.4227587939698,10.5172693467337,0.449239506164424,"97.5th percentile"
35.5073577889447,10.5172693467337,0.420897352314257,"97.5th percentile"
35.5919567839196,10.5172693467337,0.408972366749345,"97.5th percentile"
35.6765557788945,10.5172693467337,0.367623224653434,"97.5th percentile"
35.7611547738694,10.5172693467337,0.355065956870818,"97.5th percentile"
35.8457537688442,10.5172693467337,0.339302818301958,"97.5th percentile"
35.9303527638191,10.5172693467337,0.322515126070333,"97.5th percentile"
36.014951758794,10.5172693467337,0.297230844605813,"97.5th percentile"
36.0995507537688,10.5172693467337,0.294253068142651,"97.5th percentile"
36.1841497487437,10.5172693467337,0.29419323461293,"97.5th percentile"
36.2687487437186,10.5172693467337,0.335955511805834,"97.5th percentile"
36.3533477386935,10.5172693467337,0.348239379901258,"97.5th percentile"
36.4379467336683,10.5172693467337,0.352715813885873,"97.5th percentile"
36.5225457286432,10.5172693467337,0.354747844664415,"97.5th percentile"
36.6071447236181,10.5172693467337,0.365683808408764,"97.5th percentile"
36.691743718593,10.5172693467337,0.363729277324814,"97.5th percentile"
36.7763427135678,10.5172693467337,0.340617184032915,"97.5th percentile"
36.8609417085427,10.5172693467337,0.313630780683635,"97.5th percentile"
36.9455407035176,10.5172693467337,0.315747616957467,"97.5th percentile"
37.0301396984925,10.5172693467337,0.324975379038859,"97.5th percentile"
37.1147386934673,10.5172693467337,0.342675743944496,"97.5th percentile"
37.1993376884422,10.5172693467337,0.351756018310765,"97.5th percentile"
37.2839366834171,10.5172693467337,0.328509409183179,"97.5th percentile"
37.368535678392,10.5172693467337,0.313520155656453,"97.5th percentile"
37.4531346733668,10.5172693467337,0.312827587290067,"97.5th percentile"
37.5377336683417,10.5172693467337,0.3284166518617,"97.5th percentile"
37.6223326633166,10.5172693467337,0.361135987034386,"97.5th percentile"
37.7069316582915,10.5172693467337,0.371967795930513,"97.5th percentile"
37.7915306532663,10.5172693467337,0.374495617354219,"97.5th percentile"
37.8761296482412,10.5172693467337,0.402167151851591,"97.5th percentile"
37.9607286432161,10.5172693467337,0.384473474478526,"97.5th percentile"
38.045327638191,10.5172693467337,0.396351091285215,"97.5th percentile"
38.1299266331658,10.5172693467337,0.393696124219327,"97.5th percentile"
38.2145256281407,10.5172693467337,0.423395706473095,"97.5th percentile"
38.2991246231156,10.5172693467337,0.474967235414482,"97.5th percentile"
38.3837236180904,10.5172693467337,0.49139701065236,"97.5th percentile"
38.4683226130653,10.5172693467337,0.54379102463209,"97.5th percentile"
38.5529216080402,10.5172693467337,0.516068807385691,"97.5th percentile"
38.6375206030151,10.5172693467337,0.495131510498857,"97.5th percentile"
38.72211959799,10.5172693467337,0.468717133003104,"97.5th percentile"
38.8067185929648,10.5172693467337,0.517236544433514,"97.5th percentile"
38.8913175879397,10.5172693467337,0.519404548065797,"97.5th percentile"
38.9759165829146,10.5172693467337,0.525710341917512,"97.5th percentile"
39.0605155778894,10.5172693467337,0.520282054043644,"97.5th percentile"
39.1451145728643,10.5172693467337,0.523189615766609,"97.5th percentile"
39.2297135678392,10.5172693467337,0.53712489365512,"97.5th percentile"
39.3143125628141,10.5172693467337,0.539724675309276,"97.5th percentile"
39.3989115577889,10.5172693467337,0.544128149085038,"97.5th percentile"
39.4835105527638,10.5172693467337,0.561450697648409,"97.5th percentile"
39.5681095477387,10.5172693467337,0.588103607495544,"97.5th percentile"
39.6527085427136,10.5172693467337,0.625489544521071,"97.5th percentile"
39.7373075376884,10.5172693467337,0.641643736281369,"97.5th percentile"
39.8219065326633,10.5172693467337,0.608676672114975,"97.5th percentile"
39.9065055276382,10.5172693467337,0.573273482239317,"97.5th percentile"
39.9911045226131,10.5172693467337,0.584442738061023,"97.5th percentile"
40.0757035175879,10.5172693467337,0.594984827589461,"97.5th percentile"
40.1603025125628,10.5172693467337,0.602161385121119,"97.5th percentile"
40.2449015075377,10.5172693467337,0.533302634243663,"97.5th percentile"
40.3295005025126,10.5172693467337,0.650766866603135,"97.5th percentile"
40.4140994974874,10.5172693467337,0.734353707088142,"97.5th percentile"
40.4986984924623,10.5172693467337,0.768218008263664,"97.5th percentile"
40.5832974874372,10.5172693467337,0.834762243686064,"97.5th percentile"
40.6678964824121,10.5172693467337,0.854191754285924,"97.5th percentile"
40.7524954773869,10.5172693467337,0.889123670172307,"97.5th percentile"
40.8370944723618,10.5172693467337,0.940040795668135,"97.5th percentile"
40.9216934673367,10.5172693467337,0.955306087587527,"97.5th percentile"
41.0062924623116,10.5172693467337,0.957642088371045,"97.5th percentile"
41.0908914572864,10.5172693467337,0.969910514794939,"97.5th percentile"
41.1754904522613,10.5172693467337,0.983513667176365,"97.5th percentile"
41.2600894472362,10.5172693467337,0.98723533422446,"97.5th percentile"
41.344688442211,10.5172693467337,0.991616477015026,"97.5th percentile"
41.4292874371859,10.5172693467337,0.993343844529722,"97.5th percentile"
41.5138864321608,10.5172693467337,0.994386513013758,"97.5th percentile"
41.5984854271357,10.5172693467337,0.995237167526874,"97.5th percentile"
41.6830844221106,10.5172693467337,0.995991922781448,"97.5th percentile"
41.7676834170854,10.5172693467337,0.996477633423949,"97.5th percentile"
41.8522824120603,10.5172693467337,0.997070775610551,"97.5th percentile"
41.9368814070352,10.5172693467337,0.997460897043149,"97.5th percentile"
42.02148040201,10.5172693467337,0.997704081122863,"97.5th percentile"
42.1060793969849,10.5172693467337,0.998164352393537,"97.5th percentile"
42.1906783919598,10.5172693467337,0.998403722698616,"97.5th percentile"
42.2752773869347,10.5172693467337,0.998612644118722,"97.5th percentile"
42.3598763819095,10.5172693467337,0.998834979434753,"97.5th percentile"
42.4444753768844,10.5172693467337,0.998980485229812,"97.5th percentile"
42.5290743718593,10.5172693467337,0.999027949074202,"97.5th percentile"
34.3229718592965,10.5852959798995,0.725809571293681,"97.5th percentile"
34.4075708542714,10.5852959798995,0.675824309545824,"97.5th percentile"
34.4921698492462,10.5852959798995,0.65094842136745,"97.5th percentile"
34.5767688442211,10.5852959798995,0.65250569954742,"97.5th percentile"
34.661367839196,10.5852959798995,0.631284758887945,"97.5th percentile"
34.7459668341709,10.5852959798995,0.626037582530514,"97.5th percentile"
34.8305658291457,10.5852959798995,0.591806397163785,"97.5th percentile"
34.9151648241206,10.5852959798995,0.577763859641408,"97.5th percentile"
34.9997638190955,10.5852959798995,0.556727720479532,"97.5th percentile"
35.0843628140704,10.5852959798995,0.541609405009253,"97.5th percentile"
35.1689618090452,10.5852959798995,0.523899603372983,"97.5th percentile"
35.2535608040201,10.5852959798995,0.478938246925877,"97.5th percentile"
35.338159798995,10.5852959798995,0.46205190377173,"97.5th percentile"
35.4227587939698,10.5852959798995,0.459068102124734,"97.5th percentile"
35.5073577889447,10.5852959798995,0.434328903033118,"97.5th percentile"
35.5919567839196,10.5852959798995,0.402142704086554,"97.5th percentile"
35.6765557788945,10.5852959798995,0.365532509984475,"97.5th percentile"
35.7611547738694,10.5852959798995,0.345556949200732,"97.5th percentile"
35.8457537688442,10.5852959798995,0.347369580035586,"97.5th percentile"
35.9303527638191,10.5852959798995,0.322927998459901,"97.5th percentile"
36.014951758794,10.5852959798995,0.317014040149091,"97.5th percentile"
36.0995507537688,10.5852959798995,0.287957252214692,"97.5th percentile"
36.1841497487437,10.5852959798995,0.279077854098701,"97.5th percentile"
36.2687487437186,10.5852959798995,0.329552958076046,"97.5th percentile"
36.3533477386935,10.5852959798995,0.319932110600535,"97.5th percentile"
36.4379467336683,10.5852959798995,0.319925780129165,"97.5th percentile"
36.5225457286432,10.5852959798995,0.304413682921467,"97.5th percentile"
36.6071447236181,10.5852959798995,0.335949788149509,"97.5th percentile"
36.691743718593,10.5852959798995,0.319162256962835,"97.5th percentile"
36.7763427135678,10.5852959798995,0.273375044105783,"97.5th percentile"
36.8609417085427,10.5852959798995,0.316529630199217,"97.5th percentile"
36.9455407035176,10.5852959798995,0.313431208440011,"97.5th percentile"
37.0301396984925,10.5852959798995,0.318956283451232,"97.5th percentile"
37.1147386934673,10.5852959798995,0.323357287154966,"97.5th percentile"
37.1993376884422,10.5852959798995,0.326874111310301,"97.5th percentile"
37.2839366834171,10.5852959798995,0.339201785480817,"97.5th percentile"
37.368535678392,10.5852959798995,0.326946144256931,"97.5th percentile"
37.4531346733668,10.5852959798995,0.323230931560696,"97.5th percentile"
37.5377336683417,10.5852959798995,0.337807356627325,"97.5th percentile"
37.6223326633166,10.5852959798995,0.382577613707752,"97.5th percentile"
37.7069316582915,10.5852959798995,0.396670440778341,"97.5th percentile"
37.7915306532663,10.5852959798995,0.400056626491274,"97.5th percentile"
37.8761296482412,10.5852959798995,0.462420337348976,"97.5th percentile"
37.9607286432161,10.5852959798995,0.387095777951556,"97.5th percentile"
38.045327638191,10.5852959798995,0.411065571730241,"97.5th percentile"
38.1299266331658,10.5852959798995,0.395421485113879,"97.5th percentile"
38.2145256281407,10.5852959798995,0.405140105573262,"97.5th percentile"
38.2991246231156,10.5852959798995,0.46804720902523,"97.5th percentile"
38.3837236180904,10.5852959798995,0.472128187864341,"97.5th percentile"
38.4683226130653,10.5852959798995,0.490729975849543,"97.5th percentile"
38.5529216080402,10.5852959798995,0.471522592082941,"97.5th percentile"
38.6375206030151,10.5852959798995,0.487921081446052,"97.5th percentile"
38.72211959799,10.5852959798995,0.482095194255083,"97.5th percentile"
38.8067185929648,10.5852959798995,0.508211069724747,"97.5th percentile"
38.8913175879397,10.5852959798995,0.524869194395639,"97.5th percentile"
38.9759165829146,10.5852959798995,0.511310355256257,"97.5th percentile"
39.0605155778894,10.5852959798995,0.529724953668699,"97.5th percentile"
39.1451145728643,10.5852959798995,0.54524953784547,"97.5th percentile"
39.2297135678392,10.5852959798995,0.57310807318837,"97.5th percentile"
39.3143125628141,10.5852959798995,0.582349643034449,"97.5th percentile"
39.3989115577889,10.5852959798995,0.572633558453778,"97.5th percentile"
39.4835105527638,10.5852959798995,0.575203547386307,"97.5th percentile"
39.5681095477387,10.5852959798995,0.596681716040755,"97.5th percentile"
39.6527085427136,10.5852959798995,0.644087214820434,"97.5th percentile"
39.7373075376884,10.5852959798995,0.621693678368272,"97.5th percentile"
39.8219065326633,10.5852959798995,0.593929359026797,"97.5th percentile"
39.9065055276382,10.5852959798995,0.584956936064011,"97.5th percentile"
39.9911045226131,10.5852959798995,0.581649783484315,"97.5th percentile"
40.0757035175879,10.5852959798995,0.597898119708828,"97.5th percentile"
40.1603025125628,10.5852959798995,0.59756652910671,"97.5th percentile"
40.2449015075377,10.5852959798995,0.543635941331141,"97.5th percentile"
40.3295005025126,10.5852959798995,0.5594644952616,"97.5th percentile"
40.4140994974874,10.5852959798995,0.703589147303938,"97.5th percentile"
40.4986984924623,10.5852959798995,0.716741018070345,"97.5th percentile"
40.5832974874372,10.5852959798995,0.832994500608214,"97.5th percentile"
40.6678964824121,10.5852959798995,0.868672583647214,"97.5th percentile"
40.7524954773869,10.5852959798995,0.914811601037666,"97.5th percentile"
40.8370944723618,10.5852959798995,0.94295105687786,"97.5th percentile"
40.9216934673367,10.5852959798995,0.95531499488548,"97.5th percentile"
41.0062924623116,10.5852959798995,0.959114736050259,"97.5th percentile"
41.0908914572864,10.5852959798995,0.975096670697475,"97.5th percentile"
41.1754904522613,10.5852959798995,0.980704215158423,"97.5th percentile"
41.2600894472362,10.5852959798995,0.987904723887755,"97.5th percentile"
41.344688442211,10.5852959798995,0.989812073790611,"97.5th percentile"
41.4292874371859,10.5852959798995,0.990717696307962,"97.5th percentile"
41.5138864321608,10.5852959798995,0.992459070421582,"97.5th percentile"
41.5984854271357,10.5852959798995,0.993865850615789,"97.5th percentile"
41.6830844221106,10.5852959798995,0.994734384383259,"97.5th percentile"
41.7676834170854,10.5852959798995,0.995528360768855,"97.5th percentile"
41.8522824120603,10.5852959798995,0.996085780062925,"97.5th percentile"
41.9368814070352,10.5852959798995,0.996654185487874,"97.5th percentile"
42.02148040201,10.5852959798995,0.99714288129509,"97.5th percentile"
42.1060793969849,10.5852959798995,0.997652790738047,"97.5th percentile"
42.1906783919598,10.5852959798995,0.997954297233591,"97.5th percentile"
42.2752773869347,10.5852959798995,0.998247901397341,"97.5th percentile"
42.3598763819095,10.5852959798995,0.998501096702241,"97.5th percentile"
42.4444753768844,10.5852959798995,0.998669539702723,"97.5th percentile"
42.5290743718593,10.5852959798995,0.998911648419274,"97.5th percentile"
34.3229718592965,10.6533226130653,0.702645383319702,"97.5th percentile"
34.4075708542714,10.6533226130653,0.694460263821172,"97.5th percentile"
34.4921698492462,10.6533226130653,0.682328074834858,"97.5th percentile"
34.5767688442211,10.6533226130653,0.656930764959871,"97.5th percentile"
34.661367839196,10.6533226130653,0.646457400508114,"97.5th percentile"
34.7459668341709,10.6533226130653,0.620901143600087,"97.5th percentile"
34.8305658291457,10.6533226130653,0.588887114080009,"97.5th percentile"
34.9151648241206,10.6533226130653,0.587138241881025,"97.5th percentile"
34.9997638190955,10.6533226130653,0.556826788982671,"97.5th percentile"
35.0843628140704,10.6533226130653,0.528177512828927,"97.5th percentile"
35.1689618090452,10.6533226130653,0.518151117803116,"97.5th percentile"
35.2535608040201,10.6533226130653,0.476666894822103,"97.5th percentile"
35.338159798995,10.6533226130653,0.450436969014308,"97.5th percentile"
35.4227587939698,10.6533226130653,0.443803644021642,"97.5th percentile"
35.5073577889447,10.6533226130653,0.429131194707552,"97.5th percentile"
35.5919567839196,10.6533226130653,0.389161709559435,"97.5th percentile"
35.6765557788945,10.6533226130653,0.35665333354488,"97.5th percentile"
35.7611547738694,10.6533226130653,0.359638838533451,"97.5th percentile"
35.8457537688442,10.6533226130653,0.346842081898975,"97.5th percentile"
35.9303527638191,10.6533226130653,0.3188725941334,"97.5th percentile"
36.014951758794,10.6533226130653,0.318896744948553,"97.5th percentile"
36.0995507537688,10.6533226130653,0.283274890706139,"97.5th percentile"
36.1841497487437,10.6533226130653,0.282508575214829,"97.5th percentile"
36.2687487437186,10.6533226130653,0.317569407373194,"97.5th percentile"
36.3533477386935,10.6533226130653,0.301355030067142,"97.5th percentile"
36.4379467336683,10.6533226130653,0.290407190141265,"97.5th percentile"
36.5225457286432,10.6533226130653,0.301615338849405,"97.5th percentile"
36.6071447236181,10.6533226130653,0.328443767057893,"97.5th percentile"
36.691743718593,10.6533226130653,0.280129975299648,"97.5th percentile"
36.7763427135678,10.6533226130653,0.290035922180751,"97.5th percentile"
36.8609417085427,10.6533226130653,0.310193188788618,"97.5th percentile"
36.9455407035176,10.6533226130653,0.313729642288663,"97.5th percentile"
37.0301396984925,10.6533226130653,0.31687528774759,"97.5th percentile"
37.1147386934673,10.6533226130653,0.319665188660871,"97.5th percentile"
37.1993376884422,10.6533226130653,0.339123597936259,"97.5th percentile"
37.2839366834171,10.6533226130653,0.342005739535779,"97.5th percentile"
37.368535678392,10.6533226130653,0.331516990414112,"97.5th percentile"
37.4531346733668,10.6533226130653,0.342148669834844,"97.5th percentile"
37.5377336683417,10.6533226130653,0.338121182899114,"97.5th percentile"
37.6223326633166,10.6533226130653,0.383993943570495,"97.5th percentile"
37.7069316582915,10.6533226130653,0.392591818865178,"97.5th percentile"
37.7915306532663,10.6533226130653,0.462447575115075,"97.5th percentile"
37.8761296482412,10.6533226130653,0.415049858545922,"97.5th percentile"
37.9607286432161,10.6533226130653,0.389787191521086,"97.5th percentile"
38.045327638191,10.6533226130653,0.411697093258362,"97.5th percentile"
38.1299266331658,10.6533226130653,0.395880129390398,"97.5th percentile"
38.2145256281407,10.6533226130653,0.407346744577563,"97.5th percentile"
38.2991246231156,10.6533226130653,0.485024958297616,"97.5th percentile"
38.3837236180904,10.6533226130653,0.505769752113273,"97.5th percentile"
38.4683226130653,10.6533226130653,0.522765707162896,"97.5th percentile"
38.5529216080402,10.6533226130653,0.501464126759297,"97.5th percentile"
38.6375206030151,10.6533226130653,0.46472285547537,"97.5th percentile"
38.72211959799,10.6533226130653,0.515664616099122,"97.5th percentile"
38.8067185929648,10.6533226130653,0.483141448426964,"97.5th percentile"
38.8913175879397,10.6533226130653,0.51762702383354,"97.5th percentile"
38.9759165829146,10.6533226130653,0.51172726067463,"97.5th percentile"
39.0605155778894,10.6533226130653,0.511580084340531,"97.5th percentile"
39.1451145728643,10.6533226130653,0.517498347725507,"97.5th percentile"
39.2297135678392,10.6533226130653,0.56729375115381,"97.5th percentile"
39.3143125628141,10.6533226130653,0.539307759697242,"97.5th percentile"
39.3989115577889,10.6533226130653,0.58064524160384,"97.5th percentile"
39.4835105527638,10.6533226130653,0.58318732524573,"97.5th percentile"
39.5681095477387,10.6533226130653,0.61468949293158,"97.5th percentile"
39.6527085427136,10.6533226130653,0.624528932946943,"97.5th percentile"
39.7373075376884,10.6533226130653,0.597593647668721,"97.5th percentile"
39.8219065326633,10.6533226130653,0.632461584896089,"97.5th percentile"
39.9065055276382,10.6533226130653,0.614647489681352,"97.5th percentile"
39.9911045226131,10.6533226130653,0.595245914433525,"97.5th percentile"
40.0757035175879,10.6533226130653,0.603097182739646,"97.5th percentile"
40.1603025125628,10.6533226130653,0.605658525076224,"97.5th percentile"
40.2449015075377,10.6533226130653,0.532847844662697,"97.5th percentile"
40.3295005025126,10.6533226130653,0.648952732558557,"97.5th percentile"
40.4140994974874,10.6533226130653,0.7554252436409,"97.5th percentile"
40.4986984924623,10.6533226130653,0.749139905723943,"97.5th percentile"
40.5832974874372,10.6533226130653,0.819101030360205,"97.5th percentile"
40.6678964824121,10.6533226130653,0.880292470504107,"97.5th percentile"
40.7524954773869,10.6533226130653,0.904602023214566,"97.5th percentile"
40.8370944723618,10.6533226130653,0.936122467820441,"97.5th percentile"
40.9216934673367,10.6533226130653,0.959076800253829,"97.5th percentile"
41.0062924623116,10.6533226130653,0.969908230742179,"97.5th percentile"
41.0908914572864,10.6533226130653,0.979372493588532,"97.5th percentile"
41.1754904522613,10.6533226130653,0.982082373485032,"97.5th percentile"
41.2600894472362,10.6533226130653,0.984606169410686,"97.5th percentile"
41.344688442211,10.6533226130653,0.987297610656731,"97.5th percentile"
41.4292874371859,10.6533226130653,0.988563255698267,"97.5th percentile"
41.5138864321608,10.6533226130653,0.990803515843408,"97.5th percentile"
41.5984854271357,10.6533226130653,0.991810589331154,"97.5th percentile"
41.6830844221106,10.6533226130653,0.993237024636552,"97.5th percentile"
41.7676834170854,10.6533226130653,0.994174451188819,"97.5th percentile"
41.8522824120603,10.6533226130653,0.995029951071856,"97.5th percentile"
41.9368814070352,10.6533226130653,0.99575655377339,"97.5th percentile"
42.02148040201,10.6533226130653,0.996368079325676,"97.5th percentile"
42.1060793969849,10.6533226130653,0.996893337542716,"97.5th percentile"
42.1906783919598,10.6533226130653,0.997426557906456,"97.5th percentile"
42.2752773869347,10.6533226130653,0.997739911489125,"97.5th percentile"
42.3598763819095,10.6533226130653,0.998073901818277,"97.5th percentile"
42.4444753768844,10.6533226130653,0.998351621380296,"97.5th percentile"
42.5290743718593,10.6533226130653,0.998597620333615,"97.5th percentile"
34.4921698492462,10.7213492462312,0.675011943752268,"97.5th percentile"
34.5767688442211,10.7213492462312,0.665167328652629,"97.5th percentile"
34.661367839196,10.7213492462312,0.641934348534963,"97.5th percentile"
34.7459668341709,10.7213492462312,0.621223451469396,"97.5th percentile"
34.8305658291457,10.7213492462312,0.595258921359005,"97.5th percentile"
34.9151648241206,10.7213492462312,0.572740012824972,"97.5th percentile"
34.9997638190955,10.7213492462312,0.575384646934593,"97.5th percentile"
35.0843628140704,10.7213492462312,0.521089853685176,"97.5th percentile"
35.1689618090452,10.7213492462312,0.507109809325637,"97.5th percentile"
35.2535608040201,10.7213492462312,0.475205591240132,"97.5th percentile"
35.338159798995,10.7213492462312,0.467029981713088,"97.5th percentile"
35.4227587939698,10.7213492462312,0.44805808921943,"97.5th percentile"
35.5073577889447,10.7213492462312,0.426803334872148,"97.5th percentile"
35.5919567839196,10.7213492462312,0.402670850048321,"97.5th percentile"
35.6765557788945,10.7213492462312,0.376728725634545,"97.5th percentile"
35.7611547738694,10.7213492462312,0.364566806018803,"97.5th percentile"
35.8457537688442,10.7213492462312,0.347066739067695,"97.5th percentile"
35.9303527638191,10.7213492462312,0.332262391954969,"97.5th percentile"
36.014951758794,10.7213492462312,0.331581780640577,"97.5th percentile"
36.0995507537688,10.7213492462312,0.32101450212613,"97.5th percentile"
36.1841497487437,10.7213492462312,0.285310282831555,"97.5th percentile"
36.2687487437186,10.7213492462312,0.292233966637053,"97.5th percentile"
36.3533477386935,10.7213492462312,0.307234273961799,"97.5th percentile"
36.4379467336683,10.7213492462312,0.266709126066912,"97.5th percentile"
36.5225457286432,10.7213492462312,0.262225825223125,"97.5th percentile"
36.6071447236181,10.7213492462312,0.29200053290365,"97.5th percentile"
36.691743718593,10.7213492462312,0.259622849635158,"97.5th percentile"
36.7763427135678,10.7213492462312,0.246505605757963,"97.5th percentile"
36.8609417085427,10.7213492462312,0.251313391382268,"97.5th percentile"
36.9455407035176,10.7213492462312,0.291716139028721,"97.5th percentile"
37.0301396984925,10.7213492462312,0.306204803552734,"97.5th percentile"
37.1147386934673,10.7213492462312,0.305931707287982,"97.5th percentile"
37.1993376884422,10.7213492462312,0.305103921060285,"97.5th percentile"
37.2839366834171,10.7213492462312,0.31861703653553,"97.5th percentile"
37.368535678392,10.7213492462312,0.323938601336101,"97.5th percentile"
37.4531346733668,10.7213492462312,0.354210818596724,"97.5th percentile"
37.5377336683417,10.7213492462312,0.355715368308211,"97.5th percentile"
37.6223326633166,10.7213492462312,0.361608173200163,"97.5th percentile"
37.7069316582915,10.7213492462312,0.34759576159046,"97.5th percentile"
37.7915306532663,10.7213492462312,0.360481399352405,"97.5th percentile"
37.8761296482412,10.7213492462312,0.482282506888158,"97.5th percentile"
37.9607286432161,10.7213492462312,0.473982190198702,"97.5th percentile"
38.045327638191,10.7213492462312,0.41044319715968,"97.5th percentile"
38.1299266331658,10.7213492462312,0.394312450786247,"97.5th percentile"
38.2145256281407,10.7213492462312,0.422258549597424,"97.5th percentile"
38.2991246231156,10.7213492462312,0.44737180975881,"97.5th percentile"
38.3837236180904,10.7213492462312,0.508973227533567,"97.5th percentile"
38.4683226130653,10.7213492462312,0.504361471044287,"97.5th percentile"
38.5529216080402,10.7213492462312,0.540780198409386,"97.5th percentile"
38.6375206030151,10.7213492462312,0.457214256430553,"97.5th percentile"
38.72211959799,10.7213492462312,0.449274817437352,"97.5th percentile"
38.8067185929648,10.7213492462312,0.519387898422395,"97.5th percentile"
38.8913175879397,10.7213492462312,0.493788071115983,"97.5th percentile"
38.9759165829146,10.7213492462312,0.509903351059411,"97.5th percentile"
39.0605155778894,10.7213492462312,0.537631794884517,"97.5th percentile"
39.1451145728643,10.7213492462312,0.532917895008125,"97.5th percentile"
39.2297135678392,10.7213492462312,0.537057258620177,"97.5th percentile"
39.3143125628141,10.7213492462312,0.54216698744884,"97.5th percentile"
39.3989115577889,10.7213492462312,0.540319655371664,"97.5th percentile"
39.4835105527638,10.7213492462312,0.583059195615934,"97.5th percentile"
39.5681095477387,10.7213492462312,0.509202420379862,"97.5th percentile"
39.6527085427136,10.7213492462312,0.60327256742648,"97.5th percentile"
39.7373075376884,10.7213492462312,0.599697234555554,"97.5th percentile"
39.8219065326633,10.7213492462312,0.566182281803812,"97.5th percentile"
39.9065055276382,10.7213492462312,0.553723391524378,"97.5th percentile"
39.9911045226131,10.7213492462312,0.576455613892194,"97.5th percentile"
40.0757035175879,10.7213492462312,0.586429441406128,"97.5th percentile"
40.1603025125628,10.7213492462312,0.599152106621576,"97.5th percentile"
40.2449015075377,10.7213492462312,0.590829346027195,"97.5th percentile"
40.3295005025126,10.7213492462312,0.645778770381015,"97.5th percentile"
40.4140994974874,10.7213492462312,0.789922049526291,"97.5th percentile"
40.4986984924623,10.7213492462312,0.825219189024284,"97.5th percentile"
40.5832974874372,10.7213492462312,0.839433220811368,"97.5th percentile"
40.6678964824121,10.7213492462312,0.905400736351335,"97.5th percentile"
40.7524954773869,10.7213492462312,0.930593720472585,"97.5th percentile"
40.8370944723618,10.7213492462312,0.940451283402745,"97.5th percentile"
40.9216934673367,10.7213492462312,0.952379992438386,"97.5th percentile"
41.0062924623116,10.7213492462312,0.965158863104805,"97.5th percentile"
41.0908914572864,10.7213492462312,0.963841008450733,"97.5th percentile"
41.1754904522613,10.7213492462312,0.977730374578751,"97.5th percentile"
41.2600894472362,10.7213492462312,0.980759913340087,"97.5th percentile"
41.344688442211,10.7213492462312,0.983353249982715,"97.5th percentile"
41.4292874371859,10.7213492462312,0.985641867089549,"97.5th percentile"
41.5138864321608,10.7213492462312,0.988045834306252,"97.5th percentile"
41.5984854271357,10.7213492462312,0.989403521038795,"97.5th percentile"
41.6830844221106,10.7213492462312,0.991286409923982,"97.5th percentile"
41.7676834170854,10.7213492462312,0.992541190715364,"97.5th percentile"
41.8522824120603,10.7213492462312,0.993588828145919,"97.5th percentile"
41.9368814070352,10.7213492462312,0.994552075011186,"97.5th percentile"
42.02148040201,10.7213492462312,0.995357378032274,"97.5th percentile"
42.1060793969849,10.7213492462312,0.996003051694985,"97.5th percentile"
42.1906783919598,10.7213492462312,0.99661156689251,"97.5th percentile"
42.2752773869347,10.7213492462312,0.997083388957781,"97.5th percentile"
42.3598763819095,10.7213492462312,0.997512447898273,"97.5th percentile"
42.4444753768844,10.7213492462312,0.99788651253278,"97.5th percentile"
42.5290743718593,10.7213492462312,0.998150212649524,"97.5th percentile"
42.6136733668342,10.7213492462312,0.998470123820022,"97.5th percentile"
34.5767688442211,10.789375879397,0.669468070026119,"97.5th percentile"
34.661367839196,10.789375879397,0.664289243207477,"97.5th percentile"
34.7459668341709,10.789375879397,0.599369498158933,"97.5th percentile"
34.8305658291457,10.789375879397,0.584295461272578,"97.5th percentile"
34.9151648241206,10.789375879397,0.568330871749434,"97.5th percentile"
34.9997638190955,10.789375879397,0.548722889282856,"97.5th percentile"
35.0843628140704,10.789375879397,0.526685890791793,"97.5th percentile"
35.1689618090452,10.789375879397,0.546812992339237,"97.5th percentile"
35.2535608040201,10.789375879397,0.470889711123186,"97.5th percentile"
35.338159798995,10.789375879397,0.450115428053149,"97.5th percentile"
35.4227587939698,10.789375879397,0.438529809683395,"97.5th percentile"
35.5073577889447,10.789375879397,0.418892648062079,"97.5th percentile"
35.5919567839196,10.789375879397,0.404539816023691,"97.5th percentile"
35.6765557788945,10.789375879397,0.384578744837592,"97.5th percentile"
35.7611547738694,10.789375879397,0.357753106441684,"97.5th percentile"
35.8457537688442,10.789375879397,0.344022432634719,"97.5th percentile"
35.9303527638191,10.789375879397,0.335071661213559,"97.5th percentile"
36.014951758794,10.789375879397,0.323854045365214,"97.5th percentile"
36.0995507537688,10.789375879397,0.3237722659321,"97.5th percentile"
36.1841497487437,10.789375879397,0.29952760054425,"97.5th percentile"
36.2687487437186,10.789375879397,0.270291853826732,"97.5th percentile"
36.3533477386935,10.789375879397,0.270777326021745,"97.5th percentile"
36.4379467336683,10.789375879397,0.267051654123054,"97.5th percentile"
36.5225457286432,10.789375879397,0.254402402777114,"97.5th percentile"
36.6071447236181,10.789375879397,0.284469882127551,"97.5th percentile"
36.691743718593,10.789375879397,0.259729965666927,"97.5th percentile"
36.7763427135678,10.789375879397,0.228411509325976,"97.5th percentile"
36.8609417085427,10.789375879397,0.216849011519097,"97.5th percentile"
36.9455407035176,10.789375879397,0.255442673246476,"97.5th percentile"
37.0301396984925,10.789375879397,0.291694945182639,"97.5th percentile"
37.1147386934673,10.789375879397,0.315860952225523,"97.5th percentile"
37.1993376884422,10.789375879397,0.332562340413559,"97.5th percentile"
37.2839366834171,10.789375879397,0.335137811383918,"97.5th percentile"
37.368535678392,10.789375879397,0.344133026039051,"97.5th percentile"
37.4531346733668,10.789375879397,0.351520511219396,"97.5th percentile"
37.5377336683417,10.789375879397,0.373280732496801,"97.5th percentile"
37.6223326633166,10.789375879397,0.368862724603691,"97.5th percentile"
37.7069316582915,10.789375879397,0.357043208713327,"97.5th percentile"
37.7915306532663,10.789375879397,0.344673397170831,"97.5th percentile"
37.8761296482412,10.789375879397,0.429844727958414,"97.5th percentile"
37.9607286432161,10.789375879397,0.410058122974088,"97.5th percentile"
38.045327638191,10.789375879397,0.391731269302259,"97.5th percentile"
38.1299266331658,10.789375879397,0.433694350451186,"97.5th percentile"
38.2145256281407,10.789375879397,0.484175298581775,"97.5th percentile"
38.2991246231156,10.789375879397,0.473859295125703,"97.5th percentile"
38.3837236180904,10.789375879397,0.48268389104046,"97.5th percentile"
38.4683226130653,10.789375879397,0.50348276399988,"97.5th percentile"
38.5529216080402,10.789375879397,0.542291427514074,"97.5th percentile"
38.6375206030151,10.789375879397,0.474391794981548,"97.5th percentile"
38.72211959799,10.789375879397,0.443729983954365,"97.5th percentile"
38.8067185929648,10.789375879397,0.446186017252526,"97.5th percentile"
38.8913175879397,10.789375879397,0.492349530345991,"97.5th percentile"
38.9759165829146,10.789375879397,0.517839428824592,"97.5th percentile"
39.0605155778894,10.789375879397,0.52231075002473,"97.5th percentile"
39.1451145728643,10.789375879397,0.55156199739767,"97.5th percentile"
39.2297135678392,10.789375879397,0.553126862502853,"97.5th percentile"
39.3143125628141,10.789375879397,0.554898382911708,"97.5th percentile"
39.3989115577889,10.789375879397,0.546853793572071,"97.5th percentile"
39.4835105527638,10.789375879397,0.575821185369509,"97.5th percentile"
39.5681095477387,10.789375879397,0.542127939773059,"97.5th percentile"
39.6527085427136,10.789375879397,0.51177911041905,"97.5th percentile"
39.7373075376884,10.789375879397,0.521386013037623,"97.5th percentile"
39.8219065326633,10.789375879397,0.560608633931545,"97.5th percentile"
39.9065055276382,10.789375879397,0.572513121068295,"97.5th percentile"
39.9911045226131,10.789375879397,0.604825060514218,"97.5th percentile"
40.0757035175879,10.789375879397,0.597035685991795,"97.5th percentile"
40.1603025125628,10.789375879397,0.619867509181844,"97.5th percentile"
40.2449015075377,10.789375879397,0.625199057420475,"97.5th percentile"
40.3295005025126,10.789375879397,0.64196605517928,"97.5th percentile"
40.4140994974874,10.789375879397,0.799836872175647,"97.5th percentile"
40.4986984924623,10.789375879397,0.829974764523864,"97.5th percentile"
40.5832974874372,10.789375879397,0.840551087604773,"97.5th percentile"
40.6678964824121,10.789375879397,0.909252045925319,"97.5th percentile"
40.7524954773869,10.789375879397,0.918441130599058,"97.5th percentile"
40.8370944723618,10.789375879397,0.939500871931096,"97.5th percentile"
40.9216934673367,10.789375879397,0.951167014857826,"97.5th percentile"
41.0062924623116,10.789375879397,0.951587564180503,"97.5th percentile"
41.0908914572864,10.789375879397,0.959404551463618,"97.5th percentile"
41.1754904522613,10.789375879397,0.971252824741114,"97.5th percentile"
41.2600894472362,10.789375879397,0.975316611519032,"97.5th percentile"
41.344688442211,10.789375879397,0.975170726295707,"97.5th percentile"
41.4292874371859,10.789375879397,0.981220293208341,"97.5th percentile"
41.5138864321608,10.789375879397,0.98453474562828,"97.5th percentile"
41.5984854271357,10.789375879397,0.986832978989127,"97.5th percentile"
41.6830844221106,10.789375879397,0.988678974159156,"97.5th percentile"
41.7676834170854,10.789375879397,0.990312772497864,"97.5th percentile"
41.8522824120603,10.789375879397,0.991687622381334,"97.5th percentile"
41.9368814070352,10.789375879397,0.992941755118773,"97.5th percentile"
42.02148040201,10.789375879397,0.994001794830488,"97.5th percentile"
42.1060793969849,10.789375879397,0.994872814267403,"97.5th percentile"
42.1906783919598,10.789375879397,0.995569304218725,"97.5th percentile"
42.2752773869347,10.789375879397,0.996167011899765,"97.5th percentile"
42.3598763819095,10.789375879397,0.996803767559858,"97.5th percentile"
42.4444753768844,10.789375879397,0.997220605325869,"97.5th percentile"
42.5290743718593,10.789375879397,0.997641313133972,"97.5th percentile"
42.6136733668342,10.789375879397,0.99801326838396,"97.5th percentile"
34.661367839196,10.8574025125628,0.620240850280894,"97.5th percentile"
34.7459668341709,10.8574025125628,0.588974669530779,"97.5th percentile"
34.8305658291457,10.8574025125628,0.561620515844736,"97.5th percentile"
34.9151648241206,10.8574025125628,0.552104400518764,"97.5th percentile"
34.9997638190955,10.8574025125628,0.537704791979846,"97.5th percentile"
35.0843628140704,10.8574025125628,0.526114054887007,"97.5th percentile"
35.1689618090452,10.8574025125628,0.502264298179316,"97.5th percentile"
35.2535608040201,10.8574025125628,0.478828556727569,"97.5th percentile"
35.338159798995,10.8574025125628,0.456427435565423,"97.5th percentile"
35.4227587939698,10.8574025125628,0.43615958741365,"97.5th percentile"
35.5073577889447,10.8574025125628,0.422108152797953,"97.5th percentile"
35.5919567839196,10.8574025125628,0.403092337481676,"97.5th percentile"
35.6765557788945,10.8574025125628,0.381112995383266,"97.5th percentile"
35.7611547738694,10.8574025125628,0.36349590915458,"97.5th percentile"
35.8457537688442,10.8574025125628,0.346012209291521,"97.5th percentile"
35.9303527638191,10.8574025125628,0.333086342231731,"97.5th percentile"
36.014951758794,10.8574025125628,0.338665614471991,"97.5th percentile"
36.0995507537688,10.8574025125628,0.325966450313563,"97.5th percentile"
36.1841497487437,10.8574025125628,0.311275200876069,"97.5th percentile"
36.2687487437186,10.8574025125628,0.309551733919645,"97.5th percentile"
36.3533477386935,10.8574025125628,0.258558463119536,"97.5th percentile"
36.4379467336683,10.8574025125628,0.263886902676311,"97.5th percentile"
36.5225457286432,10.8574025125628,0.273740886654643,"97.5th percentile"
36.6071447236181,10.8574025125628,0.283928465852404,"97.5th percentile"
36.691743718593,10.8574025125628,0.252546533539139,"97.5th percentile"
36.7763427135678,10.8574025125628,0.221257385248048,"97.5th percentile"
36.8609417085427,10.8574025125628,0.21632840245781,"97.5th percentile"
36.9455407035176,10.8574025125628,0.259477611260357,"97.5th percentile"
37.0301396984925,10.8574025125628,0.306728540560055,"97.5th percentile"
37.1147386934673,10.8574025125628,0.302351783617744,"97.5th percentile"
37.1993376884422,10.8574025125628,0.313794659705799,"97.5th percentile"
37.2839366834171,10.8574025125628,0.353901785323935,"97.5th percentile"
37.368535678392,10.8574025125628,0.336577582680262,"97.5th percentile"
37.4531346733668,10.8574025125628,0.338888017552706,"97.5th percentile"
37.5377336683417,10.8574025125628,0.356789013343259,"97.5th percentile"
37.6223326633166,10.8574025125628,0.378403776428447,"97.5th percentile"
37.7069316582915,10.8574025125628,0.306860881207553,"97.5th percentile"
37.7915306532663,10.8574025125628,0.342618074279176,"97.5th percentile"
37.8761296482412,10.8574025125628,0.379764496467818,"97.5th percentile"
37.9607286432161,10.8574025125628,0.389100954974905,"97.5th percentile"
38.045327638191,10.8574025125628,0.379756656233699,"97.5th percentile"
38.1299266331658,10.8574025125628,0.387279884109987,"97.5th percentile"
38.2145256281407,10.8574025125628,0.411720959366133,"97.5th percentile"
38.2991246231156,10.8574025125628,0.430792025840968,"97.5th percentile"
38.3837236180904,10.8574025125628,0.444359814495109,"97.5th percentile"
38.4683226130653,10.8574025125628,0.53029493544128,"97.5th percentile"
38.5529216080402,10.8574025125628,0.525660006287259,"97.5th percentile"
38.6375206030151,10.8574025125628,0.495366212548134,"97.5th percentile"
38.72211959799,10.8574025125628,0.461600933241146,"97.5th percentile"
38.8067185929648,10.8574025125628,0.499466906168425,"97.5th percentile"
38.8913175879397,10.8574025125628,0.505382950671046,"97.5th percentile"
38.9759165829146,10.8574025125628,0.52470277585702,"97.5th percentile"
39.0605155778894,10.8574025125628,0.597009143341815,"97.5th percentile"
39.1451145728643,10.8574025125628,0.596805390939991,"97.5th percentile"
39.2297135678392,10.8574025125628,0.578385768300757,"97.5th percentile"
39.3143125628141,10.8574025125628,0.561278293840104,"97.5th percentile"
39.3989115577889,10.8574025125628,0.539973649815669,"97.5th percentile"
39.4835105527638,10.8574025125628,0.519429831826428,"97.5th percentile"
39.5681095477387,10.8574025125628,0.545279025786345,"97.5th percentile"
39.6527085427136,10.8574025125628,0.483102264918509,"97.5th percentile"
39.7373075376884,10.8574025125628,0.535318409859947,"97.5th percentile"
39.8219065326633,10.8574025125628,0.535753655190908,"97.5th percentile"
39.9065055276382,10.8574025125628,0.561198376255268,"97.5th percentile"
39.9911045226131,10.8574025125628,0.590353516414302,"97.5th percentile"
40.0757035175879,10.8574025125628,0.595928397574228,"97.5th percentile"
40.1603025125628,10.8574025125628,0.625822476628077,"97.5th percentile"
40.2449015075377,10.8574025125628,0.612700558631095,"97.5th percentile"
40.3295005025126,10.8574025125628,0.651141853023071,"97.5th percentile"
40.4140994974874,10.8574025125628,0.80436669914358,"97.5th percentile"
40.4986984924623,10.8574025125628,0.84885003385908,"97.5th percentile"
40.5832974874372,10.8574025125628,0.849057176153706,"97.5th percentile"
40.6678964824121,10.8574025125628,0.882397431842491,"97.5th percentile"
40.7524954773869,10.8574025125628,0.902122282911153,"97.5th percentile"
40.8370944723618,10.8574025125628,0.924916811025184,"97.5th percentile"
40.9216934673367,10.8574025125628,0.925270210885109,"97.5th percentile"
41.0062924623116,10.8574025125628,0.940012485010719,"97.5th percentile"
41.0908914572864,10.8574025125628,0.955821322632933,"97.5th percentile"
41.1754904522613,10.8574025125628,0.962005619976432,"97.5th percentile"
41.2600894472362,10.8574025125628,0.968223269489042,"97.5th percentile"
41.344688442211,10.8574025125628,0.971776762608784,"97.5th percentile"
41.4292874371859,10.8574025125628,0.975179178718365,"97.5th percentile"
41.5138864321608,10.8574025125628,0.980256600741439,"97.5th percentile"
41.5984854271357,10.8574025125628,0.981878231204191,"97.5th percentile"
41.6830844221106,10.8574025125628,0.985359742540956,"97.5th percentile"
41.7676834170854,10.8574025125628,0.986365517553473,"97.5th percentile"
41.8522824120603,10.8574025125628,0.986551321292251,"97.5th percentile"
41.9368814070352,10.8574025125628,0.990927943701123,"97.5th percentile"
42.02148040201,10.8574025125628,0.991102578856978,"97.5th percentile"
42.1060793969849,10.8574025125628,0.993388739287961,"97.5th percentile"
42.1906783919598,10.8574025125628,0.994352500074017,"97.5th percentile"
42.2752773869347,10.8574025125628,0.995163622936689,"97.5th percentile"
42.3598763819095,10.8574025125628,0.995855298767223,"97.5th percentile"
42.4444753768844,10.8574025125628,0.996505371418469,"97.5th percentile"
42.5290743718593,10.8574025125628,0.996984276016156,"97.5th percentile"
42.6136733668342,10.8574025125628,0.997411778628016,"97.5th percentile"
42.698272361809,10.8574025125628,0.997738063866994,"97.5th percentile"
34.7459668341709,10.9254291457286,0.601626881457875,"97.5th percentile"
34.8305658291457,10.9254291457286,0.559280729081442,"97.5th percentile"
34.9151648241206,10.9254291457286,0.538630602560373,"97.5th percentile"
34.9997638190955,10.9254291457286,0.528596748538802,"97.5th percentile"
35.0843628140704,10.9254291457286,0.515942370355407,"97.5th percentile"
35.1689618090452,10.9254291457286,0.497804129231671,"97.5th percentile"
35.2535608040201,10.9254291457286,0.47176078798436,"97.5th percentile"
35.338159798995,10.9254291457286,0.456332015725377,"97.5th percentile"
35.4227587939698,10.9254291457286,0.435260212668743,"97.5th percentile"
35.5073577889447,10.9254291457286,0.419103713785015,"97.5th percentile"
35.5919567839196,10.9254291457286,0.385795279288037,"97.5th percentile"
35.6765557788945,10.9254291457286,0.409594258446292,"97.5th percentile"
35.7611547738694,10.9254291457286,0.363339670578196,"97.5th percentile"
35.8457537688442,10.9254291457286,0.352255642504837,"97.5th percentile"
35.9303527638191,10.9254291457286,0.33010721063218,"97.5th percentile"
36.014951758794,10.9254291457286,0.34263828982872,"97.5th percentile"
36.0995507537688,10.9254291457286,0.334428276583579,"97.5th percentile"
36.1841497487437,10.9254291457286,0.326038276500616,"97.5th percentile"
36.2687487437186,10.9254291457286,0.347917405956377,"97.5th percentile"
36.3533477386935,10.9254291457286,0.283413559224446,"97.5th percentile"
36.4379467336683,10.9254291457286,0.267294159649749,"97.5th percentile"
36.5225457286432,10.9254291457286,0.257661786186937,"97.5th percentile"
36.6071447236181,10.9254291457286,0.248921238298259,"97.5th percentile"
36.691743718593,10.9254291457286,0.253681408098358,"97.5th percentile"
36.7763427135678,10.9254291457286,0.259452880832544,"97.5th percentile"
36.8609417085427,10.9254291457286,0.277226963203438,"97.5th percentile"
36.9455407035176,10.9254291457286,0.302456281411104,"97.5th percentile"
37.0301396984925,10.9254291457286,0.30654715339374,"97.5th percentile"
37.1147386934673,10.9254291457286,0.279436013985552,"97.5th percentile"
37.1993376884422,10.9254291457286,0.292839206110701,"97.5th percentile"
37.2839366834171,10.9254291457286,0.342070994204546,"97.5th percentile"
37.368535678392,10.9254291457286,0.327501617773045,"97.5th percentile"
37.4531346733668,10.9254291457286,0.334974440252654,"97.5th percentile"
37.5377336683417,10.9254291457286,0.350004506203513,"97.5th percentile"
37.6223326633166,10.9254291457286,0.37389908345339,"97.5th percentile"
37.7069316582915,10.9254291457286,0.313133895863391,"97.5th percentile"
37.7915306532663,10.9254291457286,0.33805799768304,"97.5th percentile"
37.8761296482412,10.9254291457286,0.356939620486909,"97.5th percentile"
37.9607286432161,10.9254291457286,0.364822208292889,"97.5th percentile"
38.045327638191,10.9254291457286,0.374275913070345,"97.5th percentile"
38.1299266331658,10.9254291457286,0.384605528370956,"97.5th percentile"
38.2145256281407,10.9254291457286,0.427160205505589,"97.5th percentile"
38.2991246231156,10.9254291457286,0.45243760415777,"97.5th percentile"
38.3837236180904,10.9254291457286,0.518018954192427,"97.5th percentile"
38.4683226130653,10.9254291457286,0.517698557608314,"97.5th percentile"
38.5529216080402,10.9254291457286,0.480147624528048,"97.5th percentile"
38.6375206030151,10.9254291457286,0.495085719152887,"97.5th percentile"
38.72211959799,10.9254291457286,0.46512875838398,"97.5th percentile"
38.8067185929648,10.9254291457286,0.500653514702458,"97.5th percentile"
38.8913175879397,10.9254291457286,0.531524357796092,"97.5th percentile"
38.9759165829146,10.9254291457286,0.593100611230317,"97.5th percentile"
39.0605155778894,10.9254291457286,0.615080823967731,"97.5th percentile"
39.1451145728643,10.9254291457286,0.600202742143998,"97.5th percentile"
39.2297135678392,10.9254291457286,0.566159088770891,"97.5th percentile"
39.3143125628141,10.9254291457286,0.581964615868805,"97.5th percentile"
39.3989115577889,10.9254291457286,0.540952248917583,"97.5th percentile"
39.4835105527638,10.9254291457286,0.531762296011948,"97.5th percentile"
39.5681095477387,10.9254291457286,0.532877249644859,"97.5th percentile"
39.6527085427136,10.9254291457286,0.509821828857923,"97.5th percentile"
39.7373075376884,10.9254291457286,0.535704299259082,"97.5th percentile"
39.8219065326633,10.9254291457286,0.508223319940425,"97.5th percentile"
39.9065055276382,10.9254291457286,0.535009281242383,"97.5th percentile"
39.9911045226131,10.9254291457286,0.556129900755993,"97.5th percentile"
40.0757035175879,10.9254291457286,0.5937237263087,"97.5th percentile"
40.1603025125628,10.9254291457286,0.640833735200863,"97.5th percentile"
40.2449015075377,10.9254291457286,0.619975761173366,"97.5th percentile"
40.3295005025126,10.9254291457286,0.66833255329249,"97.5th percentile"
40.4140994974874,10.9254291457286,0.789474034556383,"97.5th percentile"
40.4986984924623,10.9254291457286,0.849532859551019,"97.5th percentile"
40.5832974874372,10.9254291457286,0.850406680885352,"97.5th percentile"
40.6678964824121,10.9254291457286,0.870002397182223,"97.5th percentile"
40.7524954773869,10.9254291457286,0.898007478258824,"97.5th percentile"
40.8370944723618,10.9254291457286,0.909494795334434,"97.5th percentile"
40.9216934673367,10.9254291457286,0.921584200211549,"97.5th percentile"
41.0062924623116,10.9254291457286,0.929515189129751,"97.5th percentile"
41.0908914572864,10.9254291457286,0.928074629042459,"97.5th percentile"
41.1754904522613,10.9254291457286,0.952449924074379,"97.5th percentile"
41.2600894472362,10.9254291457286,0.957472692452543,"97.5th percentile"
41.344688442211,10.9254291457286,0.964382050699952,"97.5th percentile"
41.4292874371859,10.9254291457286,0.969626626510338,"97.5th percentile"
41.5138864321608,10.9254291457286,0.974416887099336,"97.5th percentile"
41.5984854271357,10.9254291457286,0.977965589712582,"97.5th percentile"
41.6830844221106,10.9254291457286,0.981200700740662,"97.5th percentile"
41.7676834170854,10.9254291457286,0.980660972172267,"97.5th percentile"
41.8522824120603,10.9254291457286,0.985881082239704,"97.5th percentile"
41.9368814070352,10.9254291457286,0.988149417903293,"97.5th percentile"
42.02148040201,10.9254291457286,0.989945837484113,"97.5th percentile"
42.1060793969849,10.9254291457286,0.991355403646066,"97.5th percentile"
42.1906783919598,10.9254291457286,0.992721563260084,"97.5th percentile"
42.2752773869347,10.9254291457286,0.993799725418042,"97.5th percentile"
42.3598763819095,10.9254291457286,0.994679397389461,"97.5th percentile"
42.4444753768844,10.9254291457286,0.995486719201056,"97.5th percentile"
42.5290743718593,10.9254291457286,0.996092764543936,"97.5th percentile"
42.6136733668342,10.9254291457286,0.996754118028076,"97.5th percentile"
42.698272361809,10.9254291457286,0.997194515215701,"97.5th percentile"
34.8305658291457,10.9934557788945,0.565645433414595,"97.5th percentile"
34.9151648241206,10.9934557788945,0.565480353879828,"97.5th percentile"
34.9997638190955,10.9934557788945,0.528211003113322,"97.5th percentile"
35.0843628140704,10.9934557788945,0.509885821902704,"97.5th percentile"
35.1689618090452,10.9934557788945,0.645017856045953,"97.5th percentile"
35.2535608040201,10.9934557788945,0.470006164761698,"97.5th percentile"
35.338159798995,10.9934557788945,0.447838233195795,"97.5th percentile"
35.4227587939698,10.9934557788945,0.423393214086027,"97.5th percentile"
35.5073577889447,10.9934557788945,0.417036339434512,"97.5th percentile"
35.5919567839196,10.9934557788945,0.387248502647769,"97.5th percentile"
35.6765557788945,10.9934557788945,0.371791091112274,"97.5th percentile"
35.7611547738694,10.9934557788945,0.366519657022398,"97.5th percentile"
35.8457537688442,10.9934557788945,0.359108202928881,"97.5th percentile"
35.9303527638191,10.9934557788945,0.350252828612974,"97.5th percentile"
36.014951758794,10.9934557788945,0.342013328643687,"97.5th percentile"
36.0995507537688,10.9934557788945,0.332209994891724,"97.5th percentile"
36.1841497487437,10.9934557788945,0.320667627823427,"97.5th percentile"
36.2687487437186,10.9934557788945,0.32492514465033,"97.5th percentile"
36.3533477386935,10.9934557788945,0.299937408515422,"97.5th percentile"
36.4379467336683,10.9934557788945,0.256848530828112,"97.5th percentile"
36.5225457286432,10.9934557788945,0.263586381168592,"97.5th percentile"
36.6071447236181,10.9934557788945,0.243832146776703,"97.5th percentile"
36.691743718593,10.9934557788945,0.257954940853974,"97.5th percentile"
36.7763427135678,10.9934557788945,0.251296604157313,"97.5th percentile"
36.8609417085427,10.9934557788945,0.277007054402203,"97.5th percentile"
36.9455407035176,10.9934557788945,0.292159845079784,"97.5th percentile"
37.0301396984925,10.9934557788945,0.310118062323694,"97.5th percentile"
37.1147386934673,10.9934557788945,0.279148675450446,"97.5th percentile"
37.1993376884422,10.9934557788945,0.281982132806879,"97.5th percentile"
37.2839366834171,10.9934557788945,0.306136454310192,"97.5th percentile"
37.368535678392,10.9934557788945,0.327505710582832,"97.5th percentile"
37.4531346733668,10.9934557788945,0.321539832433686,"97.5th percentile"
37.5377336683417,10.9934557788945,0.342256344232799,"97.5th percentile"
37.6223326633166,10.9934557788945,0.356774541348117,"97.5th percentile"
37.7069316582915,10.9934557788945,0.305743492867789,"97.5th percentile"
37.7915306532663,10.9934557788945,0.331393133778194,"97.5th percentile"
37.8761296482412,10.9934557788945,0.351759435736185,"97.5th percentile"
37.9607286432161,10.9934557788945,0.352118073375783,"97.5th percentile"
38.045327638191,10.9934557788945,0.369236240686085,"97.5th percentile"
38.1299266331658,10.9934557788945,0.381396679295311,"97.5th percentile"
38.2145256281407,10.9934557788945,0.428361584804466,"97.5th percentile"
38.2991246231156,10.9934557788945,0.459418024419984,"97.5th percentile"
38.3837236180904,10.9934557788945,0.494852581700116,"97.5th percentile"
38.4683226130653,10.9934557788945,0.523999417388201,"97.5th percentile"
38.5529216080402,10.9934557788945,0.53806312074661,"97.5th percentile"
38.6375206030151,10.9934557788945,0.512013513581165,"97.5th percentile"
38.72211959799,10.9934557788945,0.459252861803549,"97.5th percentile"
38.8067185929648,10.9934557788945,0.473271156072565,"97.5th percentile"
38.8913175879397,10.9934557788945,0.494432462306095,"97.5th percentile"
38.9759165829146,10.9934557788945,0.556589702252682,"97.5th percentile"
39.0605155778894,10.9934557788945,0.53230820214417,"97.5th percentile"
39.1451145728643,10.9934557788945,0.58678508097299,"97.5th percentile"
39.2297135678392,10.9934557788945,0.598828861955657,"97.5th percentile"
39.3143125628141,10.9934557788945,0.570040534265893,"97.5th percentile"
39.3989115577889,10.9934557788945,0.535727020631819,"97.5th percentile"
39.4835105527638,10.9934557788945,0.521610038885135,"97.5th percentile"
39.5681095477387,10.9934557788945,0.524671975362701,"97.5th percentile"
39.6527085427136,10.9934557788945,0.506653123746304,"97.5th percentile"
39.7373075376884,10.9934557788945,0.534009504632678,"97.5th percentile"
39.8219065326633,10.9934557788945,0.490267177879135,"97.5th percentile"
39.9065055276382,10.9934557788945,0.530460907652743,"97.5th percentile"
39.9911045226131,10.9934557788945,0.555910261836063,"97.5th percentile"
40.0757035175879,10.9934557788945,0.597296256134566,"97.5th percentile"
40.1603025125628,10.9934557788945,0.641037971912789,"97.5th percentile"
40.2449015075377,10.9934557788945,0.622599486336131,"97.5th percentile"
40.3295005025126,10.9934557788945,0.67457329755563,"97.5th percentile"
40.4140994974874,10.9934557788945,0.80121871727675,"97.5th percentile"
40.4986984924623,10.9934557788945,0.821785295857067,"97.5th percentile"
40.5832974874372,10.9934557788945,0.8285807120462,"97.5th percentile"
40.6678964824121,10.9934557788945,0.855656433158007,"97.5th percentile"
40.7524954773869,10.9934557788945,0.877761488669875,"97.5th percentile"
40.8370944723618,10.9934557788945,0.891307024294114,"97.5th percentile"
40.9216934673367,10.9934557788945,0.899635810736234,"97.5th percentile"
41.0062924623116,10.9934557788945,0.910244465380849,"97.5th percentile"
41.0908914572864,10.9934557788945,0.925192620556181,"97.5th percentile"
41.1754904522613,10.9934557788945,0.935091504873913,"97.5th percentile"
41.2600894472362,10.9934557788945,0.945685545064884,"97.5th percentile"
41.344688442211,10.9934557788945,0.955743873756294,"97.5th percentile"
41.4292874371859,10.9934557788945,0.962296884328064,"97.5th percentile"
41.5138864321608,10.9934557788945,0.967189320094103,"97.5th percentile"
41.5984854271357,10.9934557788945,0.971717114305484,"97.5th percentile"
41.6830844221106,10.9934557788945,0.975376547589254,"97.5th percentile"
41.7676834170854,10.9934557788945,0.978994330287094,"97.5th percentile"
41.8522824120603,10.9934557788945,0.982478576572229,"97.5th percentile"
41.9368814070352,10.9934557788945,0.984975235565802,"97.5th percentile"
42.02148040201,10.9934557788945,0.987110511887556,"97.5th percentile"
42.1060793969849,10.9934557788945,0.988193743082276,"97.5th percentile"
42.1906783919598,10.9934557788945,0.990647347534903,"97.5th percentile"
42.2752773869347,10.9934557788945,0.99204170511872,"97.5th percentile"
42.3598763819095,10.9934557788945,0.993186374980938,"97.5th percentile"
42.4444753768844,10.9934557788945,0.994123924703314,"97.5th percentile"
42.5290743718593,10.9934557788945,0.995165628404625,"97.5th percentile"
42.6136733668342,10.9934557788945,0.995773148040277,"97.5th percentile"
34.8305658291457,11.0614824120603,0.584153014823377,"97.5th percentile"
34.9151648241206,11.0614824120603,0.546883433452948,"97.5th percentile"
34.9997638190955,11.0614824120603,0.534753219817991,"97.5th percentile"
35.0843628140704,11.0614824120603,0.515355796771779,"97.5th percentile"
35.1689618090452,11.0614824120603,0.502046194609365,"97.5th percentile"
35.2535608040201,11.0614824120603,0.508007505201515,"97.5th percentile"
35.338159798995,11.0614824120603,0.454246039415871,"97.5th percentile"
35.4227587939698,11.0614824120603,0.432573155385356,"97.5th percentile"
35.5073577889447,11.0614824120603,0.410612324873407,"97.5th percentile"
35.5919567839196,11.0614824120603,0.393956762832042,"97.5th percentile"
35.6765557788945,11.0614824120603,0.374827890528152,"97.5th percentile"
35.7611547738694,11.0614824120603,0.366427082974938,"97.5th percentile"
35.8457537688442,11.0614824120603,0.360838757555754,"97.5th percentile"
35.9303527638191,11.0614824120603,0.355319640411517,"97.5th percentile"
36.014951758794,11.0614824120603,0.337978179390503,"97.5th percentile"
36.0995507537688,11.0614824120603,0.327093713456913,"97.5th percentile"
36.1841497487437,11.0614824120603,0.332265855110764,"97.5th percentile"
36.2687487437186,11.0614824120603,0.327773595875872,"97.5th percentile"
36.3533477386935,11.0614824120603,0.337626597286197,"97.5th percentile"
36.4379467336683,11.0614824120603,0.290583258701328,"97.5th percentile"
36.5225457286432,11.0614824120603,0.250209553869035,"97.5th percentile"
36.6071447236181,11.0614824120603,0.237786173846485,"97.5th percentile"
36.691743718593,11.0614824120603,0.25965647927201,"97.5th percentile"
36.7763427135678,11.0614824120603,0.262563356532816,"97.5th percentile"
36.8609417085427,11.0614824120603,0.2565669507892,"97.5th percentile"
36.9455407035176,11.0614824120603,0.280669627981567,"97.5th percentile"
37.0301396984925,11.0614824120603,0.275506695372907,"97.5th percentile"
37.1147386934673,11.0614824120603,0.278833291267913,"97.5th percentile"
37.1993376884422,11.0614824120603,0.282312517098309,"97.5th percentile"
37.2839366834171,11.0614824120603,0.292064023720778,"97.5th percentile"
37.368535678392,11.0614824120603,0.313288985004706,"97.5th percentile"
37.4531346733668,11.0614824120603,0.32030746114602,"97.5th percentile"
37.5377336683417,11.0614824120603,0.350481055658044,"97.5th percentile"
37.6223326633166,11.0614824120603,0.326766479571874,"97.5th percentile"
37.7069316582915,11.0614824120603,0.331679645979788,"97.5th percentile"
37.7915306532663,11.0614824120603,0.327989638907128,"97.5th percentile"
37.8761296482412,11.0614824120603,0.374578639896047,"97.5th percentile"
37.9607286432161,11.0614824120603,0.366100459734183,"97.5th percentile"
38.045327638191,11.0614824120603,0.429098438351772,"97.5th percentile"
38.1299266331658,11.0614824120603,0.450370209215754,"97.5th percentile"
38.2145256281407,11.0614824120603,0.475691836768961,"97.5th percentile"
38.2991246231156,11.0614824120603,0.485557989863228,"97.5th percentile"
38.3837236180904,11.0614824120603,0.478497375132474,"97.5th percentile"
38.4683226130653,11.0614824120603,0.523209863616998,"97.5th percentile"
38.5529216080402,11.0614824120603,0.496841116974875,"97.5th percentile"
38.6375206030151,11.0614824120603,0.513906014932983,"97.5th percentile"
38.72211959799,11.0614824120603,0.525707955668017,"97.5th percentile"
38.8067185929648,11.0614824120603,0.51112267114927,"97.5th percentile"
38.8913175879397,11.0614824120603,0.522336240723362,"97.5th percentile"
38.9759165829146,11.0614824120603,0.537730725504385,"97.5th percentile"
39.0605155778894,11.0614824120603,0.589580113504741,"97.5th percentile"
39.1451145728643,11.0614824120603,0.552752482222357,"97.5th percentile"
39.2297135678392,11.0614824120603,0.549986911775058,"97.5th percentile"
39.3143125628141,11.0614824120603,0.54763602444336,"97.5th percentile"
39.3989115577889,11.0614824120603,0.570107945405671,"97.5th percentile"
39.4835105527638,11.0614824120603,0.517164533554611,"97.5th percentile"
39.5681095477387,11.0614824120603,0.52097078851549,"97.5th percentile"
39.6527085427136,11.0614824120603,0.524516810736671,"97.5th percentile"
39.7373075376884,11.0614824120603,0.539939968507185,"97.5th percentile"
39.8219065326633,11.0614824120603,0.485327351665153,"97.5th percentile"
39.9065055276382,11.0614824120603,0.545821119296958,"97.5th percentile"
39.9911045226131,11.0614824120603,0.571124207339721,"97.5th percentile"
40.0757035175879,11.0614824120603,0.636744715393432,"97.5th percentile"
40.1603025125628,11.0614824120603,0.63696540931261,"97.5th percentile"
40.2449015075377,11.0614824120603,0.623768329358355,"97.5th percentile"
40.3295005025126,11.0614824120603,0.713496422180079,"97.5th percentile"
40.4140994974874,11.0614824120603,0.747463260893867,"97.5th percentile"
40.4986984924623,11.0614824120603,0.73190493641866,"97.5th percentile"
40.5832974874372,11.0614824120603,0.773221168185679,"97.5th percentile"
40.6678964824121,11.0614824120603,0.828468907274023,"97.5th percentile"
40.7524954773869,11.0614824120603,0.836416889424084,"97.5th percentile"
40.8370944723618,11.0614824120603,0.85727254745782,"97.5th percentile"
40.9216934673367,11.0614824120603,0.876219980325361,"97.5th percentile"
41.0062924623116,11.0614824120603,0.868340322276153,"97.5th percentile"
41.0908914572864,11.0614824120603,0.910413800573918,"97.5th percentile"
41.1754904522613,11.0614824120603,0.917587554729907,"97.5th percentile"
41.2600894472362,11.0614824120603,0.915480329681581,"97.5th percentile"
41.344688442211,11.0614824120603,0.943912898636095,"97.5th percentile"
41.4292874371859,11.0614824120603,0.950477791004989,"97.5th percentile"
41.5138864321608,11.0614824120603,0.95719478483732,"97.5th percentile"
41.5984854271357,11.0614824120603,0.963658505355789,"97.5th percentile"
41.6830844221106,11.0614824120603,0.969060803540479,"97.5th percentile"
42.4444753768844,11.0614824120603,0.992408210328573,"97.5th percentile"
42.5290743718593,11.0614824120603,0.99359190827188,"97.5th percentile"
34.8305658291457,11.1295090452261,0.578162816156514,"97.5th percentile"
34.9151648241206,11.1295090452261,0.571446706708244,"97.5th percentile"
34.9997638190955,11.1295090452261,0.547726297855963,"97.5th percentile"
35.0843628140704,11.1295090452261,0.517927361558347,"97.5th percentile"
35.1689618090452,11.1295090452261,0.519453505423093,"97.5th percentile"
35.2535608040201,11.1295090452261,0.479087724266573,"97.5th percentile"
35.338159798995,11.1295090452261,0.495982536688996,"97.5th percentile"
35.4227587939698,11.1295090452261,0.43095268511162,"97.5th percentile"
35.5073577889447,11.1295090452261,0.409246224194213,"97.5th percentile"
35.5919567839196,11.1295090452261,0.38789588600416,"97.5th percentile"
35.6765557788945,11.1295090452261,0.382359885934758,"97.5th percentile"
35.7611547738694,11.1295090452261,0.367516548908879,"97.5th percentile"
35.8457537688442,11.1295090452261,0.364004162603042,"97.5th percentile"
35.9303527638191,11.1295090452261,0.353828127602981,"97.5th percentile"
36.014951758794,11.1295090452261,0.346673614257376,"97.5th percentile"
36.0995507537688,11.1295090452261,0.345633832937532,"97.5th percentile"
36.1841497487437,11.1295090452261,0.328642625763708,"97.5th percentile"
36.2687487437186,11.1295090452261,0.326348206920573,"97.5th percentile"
36.3533477386935,11.1295090452261,0.35414845499072,"97.5th percentile"
36.4379467336683,11.1295090452261,0.333423477185977,"97.5th percentile"
36.5225457286432,11.1295090452261,0.281907405900549,"97.5th percentile"
36.6071447236181,11.1295090452261,0.24419215717067,"97.5th percentile"
36.691743718593,11.1295090452261,0.256181166144888,"97.5th percentile"
36.7763427135678,11.1295090452261,0.258620055845041,"97.5th percentile"
36.8609417085427,11.1295090452261,0.243260179127605,"97.5th percentile"
36.9455407035176,11.1295090452261,0.255410213209612,"97.5th percentile"
37.0301396984925,11.1295090452261,0.268574762599225,"97.5th percentile"
37.1147386934673,11.1295090452261,0.287680272821662,"97.5th percentile"
37.1993376884422,11.1295090452261,0.326361130979119,"97.5th percentile"
37.2839366834171,11.1295090452261,0.321236841213896,"97.5th percentile"
37.368535678392,11.1295090452261,0.330614686065576,"97.5th percentile"
37.4531346733668,11.1295090452261,0.301598965958282,"97.5th percentile"
37.5377336683417,11.1295090452261,0.325194103452871,"97.5th percentile"
37.6223326633166,11.1295090452261,0.331327024786384,"97.5th percentile"
37.7069316582915,11.1295090452261,0.305787586552374,"97.5th percentile"
37.7915306532663,11.1295090452261,0.346990607398536,"97.5th percentile"
37.8761296482412,11.1295090452261,0.363524758467502,"97.5th percentile"
37.9607286432161,11.1295090452261,0.444641099430724,"97.5th percentile"
38.045327638191,11.1295090452261,0.428011322564952,"97.5th percentile"
38.1299266331658,11.1295090452261,0.455358292845235,"97.5th percentile"
38.2145256281407,11.1295090452261,0.450101289649625,"97.5th percentile"
38.2991246231156,11.1295090452261,0.489161372396058,"97.5th percentile"
38.3837236180904,11.1295090452261,0.485167439140331,"97.5th percentile"
38.4683226130653,11.1295090452261,0.476797100347756,"97.5th percentile"
38.5529216080402,11.1295090452261,0.515673828573645,"97.5th percentile"
38.6375206030151,11.1295090452261,0.458021164741367,"97.5th percentile"
38.72211959799,11.1295090452261,0.512695786195252,"97.5th percentile"
38.8067185929648,11.1295090452261,0.537026975138008,"97.5th percentile"
38.8913175879397,11.1295090452261,0.547055839974533,"97.5th percentile"
38.9759165829146,11.1295090452261,0.512112025980334,"97.5th percentile"
39.0605155778894,11.1295090452261,0.531899140329905,"97.5th percentile"
39.1451145728643,11.1295090452261,0.543528811607611,"97.5th percentile"
39.2297135678392,11.1295090452261,0.522420069021968,"97.5th percentile"
39.3143125628141,11.1295090452261,0.556145175473744,"97.5th percentile"
39.3989115577889,11.1295090452261,0.569322511617718,"97.5th percentile"
39.4835105527638,11.1295090452261,0.54584557130327,"97.5th percentile"
39.5681095477387,11.1295090452261,0.509511146321738,"97.5th percentile"
39.6527085427136,11.1295090452261,0.538973939130791,"97.5th percentile"
39.7373075376884,11.1295090452261,0.512395917764249,"97.5th percentile"
39.8219065326633,11.1295090452261,0.542773518778818,"97.5th percentile"
39.9065055276382,11.1295090452261,0.565018684417837,"97.5th percentile"
39.9911045226131,11.1295090452261,0.589115681483001,"97.5th percentile"
40.0757035175879,11.1295090452261,0.670833330701752,"97.5th percentile"
40.1603025125628,11.1295090452261,0.64417593699683,"97.5th percentile"
40.2449015075377,11.1295090452261,0.587681183858775,"97.5th percentile"
40.3295005025126,11.1295090452261,0.659224028675414,"97.5th percentile"
40.4140994974874,11.1295090452261,0.693006184055647,"97.5th percentile"
40.4986984924623,11.1295090452261,0.733250727195148,"97.5th percentile"
40.5832974874372,11.1295090452261,0.765016690736596,"97.5th percentile"
40.6678964824121,11.1295090452261,0.796496743737601,"97.5th percentile"
40.7524954773869,11.1295090452261,0.802124024520605,"97.5th percentile"
40.8370944723618,11.1295090452261,0.838240036271076,"97.5th percentile"
40.9216934673367,11.1295090452261,0.840001478775039,"97.5th percentile"
41.0062924623116,11.1295090452261,0.852596108743323,"97.5th percentile"
41.0908914572864,11.1295090452261,0.876040955974244,"97.5th percentile"
41.1754904522613,11.1295090452261,0.899682000173181,"97.5th percentile"
41.2600894472362,11.1295090452261,0.915360004083809,"97.5th percentile"
41.344688442211,11.1295090452261,0.928513530055654,"97.5th percentile"
41.4292874371859,11.1295090452261,0.938803795821146,"97.5th percentile"
41.5138864321608,11.1295090452261,0.946202513449828,"97.5th percentile"
41.5984854271357,11.1295090452261,0.953764805676559,"97.5th percentile"
41.6830844221106,11.1295090452261,0.961294323677704,"97.5th percentile"
34.8305658291457,11.197535678392,0.577376807428699,"97.5th percentile"
34.9151648241206,11.197535678392,0.559988735856162,"97.5th percentile"
34.9997638190955,11.197535678392,0.524029176814508,"97.5th percentile"
35.0843628140704,11.197535678392,0.620352817880081,"97.5th percentile"
35.1689618090452,11.197535678392,0.531454538726066,"97.5th percentile"
35.2535608040201,11.197535678392,0.477060810357146,"97.5th percentile"
35.338159798995,11.197535678392,0.458148805913844,"97.5th percentile"
35.4227587939698,11.197535678392,0.426202412088762,"97.5th percentile"
35.5073577889447,11.197535678392,0.402720764023487,"97.5th percentile"
35.5919567839196,11.197535678392,0.390947524938313,"97.5th percentile"
35.6765557788945,11.197535678392,0.389206674775807,"97.5th percentile"
35.7611547738694,11.197535678392,0.393431106464018,"97.5th percentile"
35.8457537688442,11.197535678392,0.402026155103257,"97.5th percentile"
35.9303527638191,11.197535678392,0.379130453289724,"97.5th percentile"
36.014951758794,11.197535678392,0.373558972035179,"97.5th percentile"
36.0995507537688,11.197535678392,0.341132696746277,"97.5th percentile"
36.1841497487437,11.197535678392,0.375020849972638,"97.5th percentile"
36.2687487437186,11.197535678392,0.321995381615702,"97.5th percentile"
36.3533477386935,11.197535678392,0.29156390262775,"97.5th percentile"
36.4379467336683,11.197535678392,0.32732217776483,"97.5th percentile"
36.5225457286432,11.197535678392,0.273195714235048,"97.5th percentile"
36.6071447236181,11.197535678392,0.25112316223566,"97.5th percentile"
36.691743718593,11.197535678392,0.239091138928622,"97.5th percentile"
36.7763427135678,11.197535678392,0.240239455718456,"97.5th percentile"
36.8609417085427,11.197535678392,0.243078095570005,"97.5th percentile"
36.9455407035176,11.197535678392,0.242832032212757,"97.5th percentile"
37.0301396984925,11.197535678392,0.258422770562125,"97.5th percentile"
37.1147386934673,11.197535678392,0.277142086475287,"97.5th percentile"
37.1993376884422,11.197535678392,0.296831401826977,"97.5th percentile"
37.2839366834171,11.197535678392,0.325436965716664,"97.5th percentile"
37.368535678392,11.197535678392,0.308465644420124,"97.5th percentile"
37.4531346733668,11.197535678392,0.290324449515055,"97.5th percentile"
37.5377336683417,11.197535678392,0.298727648313184,"97.5th percentile"
37.6223326633166,11.197535678392,0.311132208300308,"97.5th percentile"
37.7069316582915,11.197535678392,0.339625864986421,"97.5th percentile"
37.7915306532663,11.197535678392,0.389949925093647,"97.5th percentile"
37.8761296482412,11.197535678392,0.39794003341926,"97.5th percentile"
37.9607286432161,11.197535678392,0.427580391935078,"97.5th percentile"
38.045327638191,11.197535678392,0.455981622216512,"97.5th percentile"
38.1299266331658,11.197535678392,0.443210136174441,"97.5th percentile"
38.2145256281407,11.197535678392,0.417146396208594,"97.5th percentile"
38.2991246231156,11.197535678392,0.429774960447475,"97.5th percentile"
38.3837236180904,11.197535678392,0.46127060785561,"97.5th percentile"
38.4683226130653,11.197535678392,0.497650151019697,"97.5th percentile"
38.5529216080402,11.197535678392,0.504866171222265,"97.5th percentile"
38.6375206030151,11.197535678392,0.537138096901361,"97.5th percentile"
38.72211959799,11.197535678392,0.547607495926853,"97.5th percentile"
38.8067185929648,11.197535678392,0.554746800224631,"97.5th percentile"
38.8913175879397,11.197535678392,0.509426210893671,"97.5th percentile"
38.9759165829146,11.197535678392,0.517557898636811,"97.5th percentile"
39.0605155778894,11.197535678392,0.501596787527596,"97.5th percentile"
39.1451145728643,11.197535678392,0.486448975110031,"97.5th percentile"
39.2297135678392,11.197535678392,0.504233437481954,"97.5th percentile"
39.3143125628141,11.197535678392,0.589884405221331,"97.5th percentile"
39.3989115577889,11.197535678392,0.555080666102047,"97.5th percentile"
39.4835105527638,11.197535678392,0.541059180431144,"97.5th percentile"
39.5681095477387,11.197535678392,0.540399826089897,"97.5th percentile"
39.6527085427136,11.197535678392,0.526494792749068,"97.5th percentile"
39.7373075376884,11.197535678392,0.520274551447863,"97.5th percentile"
39.8219065326633,11.197535678392,0.521761436778007,"97.5th percentile"
39.9065055276382,11.197535678392,0.579868209679401,"97.5th percentile"
39.9911045226131,11.197535678392,0.604944288003506,"97.5th percentile"
40.0757035175879,11.197535678392,0.629252509012653,"97.5th percentile"
40.1603025125628,11.197535678392,0.618830485526482,"97.5th percentile"
40.2449015075377,11.197535678392,0.558867622463664,"97.5th percentile"
40.3295005025126,11.197535678392,0.542532630051525,"97.5th percentile"
40.4140994974874,11.197535678392,0.624068596198132,"97.5th percentile"
40.4986984924623,11.197535678392,0.66423519855555,"97.5th percentile"
40.5832974874372,11.197535678392,0.712755742742502,"97.5th percentile"
40.6678964824121,11.197535678392,0.74617673267463,"97.5th percentile"
40.7524954773869,11.197535678392,0.773067882487469,"97.5th percentile"
40.8370944723618,11.197535678392,0.763124330839842,"97.5th percentile"
40.9216934673367,11.197535678392,0.826165208377651,"97.5th percentile"
41.0062924623116,11.197535678392,0.829320627621859,"97.5th percentile"
41.0908914572864,11.197535678392,0.834962348357217,"97.5th percentile"
41.1754904522613,11.197535678392,0.877877979619982,"97.5th percentile"
41.2600894472362,11.197535678392,0.89741705739671,"97.5th percentile"
41.344688442211,11.197535678392,0.911742328824485,"97.5th percentile"
41.4292874371859,11.197535678392,0.920862534449755,"97.5th percentile"
41.5138864321608,11.197535678392,0.932346943496429,"97.5th percentile"
41.5984854271357,11.197535678392,0.938639424362564,"97.5th percentile"
41.6830844221106,11.197535678392,0.951417139568181,"97.5th percentile"
34.8305658291457,11.2655623115578,0.598498962323801,"97.5th percentile"
34.9151648241206,11.2655623115578,0.593601387530316,"97.5th percentile"
34.9997638190955,11.2655623115578,0.534228939274873,"97.5th percentile"
35.0843628140704,11.2655623115578,0.517627776920774,"97.5th percentile"
35.1689618090452,11.2655623115578,0.49519400041101,"97.5th percentile"
35.2535608040201,11.2655623115578,0.475451570646131,"97.5th percentile"
35.338159798995,11.2655623115578,0.474613649999629,"97.5th percentile"
35.4227587939698,11.2655623115578,0.435395174737711,"97.5th percentile"
35.5073577889447,11.2655623115578,0.411587183236055,"97.5th percentile"
35.5919567839196,11.2655623115578,0.40181469561996,"97.5th percentile"
35.6765557788945,11.2655623115578,0.414808177624382,"97.5th percentile"
35.7611547738694,11.2655623115578,0.399858198544857,"97.5th percentile"
35.8457537688442,11.2655623115578,0.41408434338954,"97.5th percentile"
35.9303527638191,11.2655623115578,0.360743162791021,"97.5th percentile"
36.014951758794,11.2655623115578,0.378304161703098,"97.5th percentile"
36.0995507537688,11.2655623115578,0.374014122551857,"97.5th percentile"
36.1841497487437,11.2655623115578,0.349558642011145,"97.5th percentile"
36.2687487437186,11.2655623115578,0.302853346322748,"97.5th percentile"
36.3533477386935,11.2655623115578,0.299891839300163,"97.5th percentile"
36.4379467336683,11.2655623115578,0.272403185925595,"97.5th percentile"
36.5225457286432,11.2655623115578,0.271692831492727,"97.5th percentile"
36.6071447236181,11.2655623115578,0.27683912111784,"97.5th percentile"
36.691743718593,11.2655623115578,0.249968130226377,"97.5th percentile"
36.7763427135678,11.2655623115578,0.227208813022097,"97.5th percentile"
36.8609417085427,11.2655623115578,0.23458607501564,"97.5th percentile"
36.9455407035176,11.2655623115578,0.24205369030361,"97.5th percentile"
37.0301396984925,11.2655623115578,0.248003448237495,"97.5th percentile"
37.1147386934673,11.2655623115578,0.253421363838716,"97.5th percentile"
37.1993376884422,11.2655623115578,0.275498219927077,"97.5th percentile"
37.2839366834171,11.2655623115578,0.28261395315831,"97.5th percentile"
37.368535678392,11.2655623115578,0.263129198831289,"97.5th percentile"
37.4531346733668,11.2655623115578,0.287155737013673,"97.5th percentile"
37.5377336683417,11.2655623115578,0.294092279949097,"97.5th percentile"
37.6223326633166,11.2655623115578,0.327456797777751,"97.5th percentile"
37.7069316582915,11.2655623115578,0.36000206797453,"97.5th percentile"
37.7915306532663,11.2655623115578,0.370605293330497,"97.5th percentile"
37.8761296482412,11.2655623115578,0.340444092029604,"97.5th percentile"
37.9607286432161,11.2655623115578,0.380087537371356,"97.5th percentile"
38.045327638191,11.2655623115578,0.440122670108719,"97.5th percentile"
38.1299266331658,11.2655623115578,0.414678953305607,"97.5th percentile"
38.2145256281407,11.2655623115578,0.399269572646361,"97.5th percentile"
38.2991246231156,11.2655623115578,0.347496599716398,"97.5th percentile"
38.3837236180904,11.2655623115578,0.385391918845607,"97.5th percentile"
38.4683226130653,11.2655623115578,0.485844860803088,"97.5th percentile"
38.5529216080402,11.2655623115578,0.438138246473927,"97.5th percentile"
38.6375206030151,11.2655623115578,0.510372612492993,"97.5th percentile"
38.72211959799,11.2655623115578,0.51025075155656,"97.5th percentile"
38.8067185929648,11.2655623115578,0.481193712734909,"97.5th percentile"
38.8913175879397,11.2655623115578,0.507253384194062,"97.5th percentile"
38.9759165829146,11.2655623115578,0.526784448432198,"97.5th percentile"
39.0605155778894,11.2655623115578,0.490387468829915,"97.5th percentile"
39.1451145728643,11.2655623115578,0.517446856585643,"97.5th percentile"
39.2297135678392,11.2655623115578,0.528880835228329,"97.5th percentile"
39.3143125628141,11.2655623115578,0.552331972926491,"97.5th percentile"
39.3989115577889,11.2655623115578,0.565903865124707,"97.5th percentile"
39.4835105527638,11.2655623115578,0.541079610708024,"97.5th percentile"
39.5681095477387,11.2655623115578,0.543531810935422,"97.5th percentile"
39.6527085427136,11.2655623115578,0.511855616287572,"97.5th percentile"
39.7373075376884,11.2655623115578,0.514639722335745,"97.5th percentile"
39.8219065326633,11.2655623115578,0.544527764819922,"97.5th percentile"
39.9065055276382,11.2655623115578,0.577299044291075,"97.5th percentile"
39.9911045226131,11.2655623115578,0.602016588931508,"97.5th percentile"
40.0757035175879,11.2655623115578,0.631991929128273,"97.5th percentile"
40.1603025125628,11.2655623115578,0.573452702032282,"97.5th percentile"
40.2449015075377,11.2655623115578,0.526963423813177,"97.5th percentile"
40.3295005025126,11.2655623115578,0.525529701324248,"97.5th percentile"
40.4140994974874,11.2655623115578,0.594932934543717,"97.5th percentile"
40.4986984924623,11.2655623115578,0.628138722129984,"97.5th percentile"
40.5832974874372,11.2655623115578,0.660366061921115,"97.5th percentile"
40.6678964824121,11.2655623115578,0.676985796210643,"97.5th percentile"
40.7524954773869,11.2655623115578,0.726655244640777,"97.5th percentile"
40.8370944723618,11.2655623115578,0.715382264190216,"97.5th percentile"
40.9216934673367,11.2655623115578,0.743141324931586,"97.5th percentile"
41.0062924623116,11.2655623115578,0.807484932315816,"97.5th percentile"
41.0908914572864,11.2655623115578,0.798934781711424,"97.5th percentile"
41.1754904522613,11.2655623115578,0.818729718930715,"97.5th percentile"
41.2600894472362,11.2655623115578,0.87220012296254,"97.5th percentile"
41.344688442211,11.2655623115578,0.889539146365025,"97.5th percentile"
41.4292874371859,11.2655623115578,0.891744233476862,"97.5th percentile"
41.5138864321608,11.2655623115578,0.88495770719288,"97.5th percentile"
41.5984854271357,11.2655623115578,0.926085043725738,"97.5th percentile"
41.6830844221106,11.2655623115578,0.936487020347021,"97.5th percentile"
34.9151648241206,11.3335889447236,0.556664681155849,"97.5th percentile"
34.9997638190955,11.3335889447236,0.509545723762466,"97.5th percentile"
35.0843628140704,11.3335889447236,0.514303968686092,"97.5th percentile"
35.1689618090452,11.3335889447236,0.495573697570397,"97.5th percentile"
35.2535608040201,11.3335889447236,0.4748729107045,"97.5th percentile"
35.338159798995,11.3335889447236,0.462671979571793,"97.5th percentile"
35.4227587939698,11.3335889447236,0.423162283205828,"97.5th percentile"
35.5073577889447,11.3335889447236,0.408082488234077,"97.5th percentile"
35.5919567839196,11.3335889447236,0.417516642114531,"97.5th percentile"
35.6765557788945,11.3335889447236,0.399608761619331,"97.5th percentile"
35.7611547738694,11.3335889447236,0.414205287027943,"97.5th percentile"
35.8457537688442,11.3335889447236,0.381344406715741,"97.5th percentile"
35.9303527638191,11.3335889447236,0.364361058572189,"97.5th percentile"
36.014951758794,11.3335889447236,0.365042699455548,"97.5th percentile"
36.0995507537688,11.3335889447236,0.351684090931225,"97.5th percentile"
36.1841497487437,11.3335889447236,0.344874320031337,"97.5th percentile"
36.2687487437186,11.3335889447236,0.377131089956003,"97.5th percentile"
36.3533477386935,11.3335889447236,0.302242825959213,"97.5th percentile"
36.4379467336683,11.3335889447236,0.288075851142183,"97.5th percentile"
36.5225457286432,11.3335889447236,0.284280546144594,"97.5th percentile"
36.6071447236181,11.3335889447236,0.262286419135707,"97.5th percentile"
36.691743718593,11.3335889447236,0.285735275050145,"97.5th percentile"
36.7763427135678,11.3335889447236,0.236639401421296,"97.5th percentile"
36.8609417085427,11.3335889447236,0.243440583495548,"97.5th percentile"
36.9455407035176,11.3335889447236,0.239820304596649,"97.5th percentile"
37.0301396984925,11.3335889447236,0.242099956603958,"97.5th percentile"
37.1147386934673,11.3335889447236,0.254369850325288,"97.5th percentile"
37.1993376884422,11.3335889447236,0.265091392585286,"97.5th percentile"
37.2839366834171,11.3335889447236,0.266225535633468,"97.5th percentile"
37.368535678392,11.3335889447236,0.172254363136489,"97.5th percentile"
37.4531346733668,11.3335889447236,0.258231108298742,"97.5th percentile"
37.5377336683417,11.3335889447236,0.300793647215545,"97.5th percentile"
37.6223326633166,11.3335889447236,0.32155253942401,"97.5th percentile"
37.7069316582915,11.3335889447236,0.358520874417599,"97.5th percentile"
37.7915306532663,11.3335889447236,0.382673490283063,"97.5th percentile"
37.8761296482412,11.3335889447236,0.320611423093205,"97.5th percentile"
37.9607286432161,11.3335889447236,0.332339978349495,"97.5th percentile"
38.045327638191,11.3335889447236,0.40422345880218,"97.5th percentile"
38.1299266331658,11.3335889447236,0.394986116624827,"97.5th percentile"
38.2145256281407,11.3335889447236,0.323590678269951,"97.5th percentile"
38.2991246231156,11.3335889447236,0.343286396309944,"97.5th percentile"
38.3837236180904,11.3335889447236,0.459246063920949,"97.5th percentile"
38.4683226130653,11.3335889447236,0.452301381363444,"97.5th percentile"
38.5529216080402,11.3335889447236,0.434140199698697,"97.5th percentile"
38.6375206030151,11.3335889447236,0.508587017613894,"97.5th percentile"
38.72211959799,11.3335889447236,0.542937386576995,"97.5th percentile"
38.8067185929648,11.3335889447236,0.510789820426224,"97.5th percentile"
38.8913175879397,11.3335889447236,0.559652396576936,"97.5th percentile"
38.9759165829146,11.3335889447236,0.566337298280262,"97.5th percentile"
39.0605155778894,11.3335889447236,0.558869309114142,"97.5th percentile"
39.1451145728643,11.3335889447236,0.54782999887484,"97.5th percentile"
39.2297135678392,11.3335889447236,0.524211934764126,"97.5th percentile"
39.3143125628141,11.3335889447236,0.538594242097452,"97.5th percentile"
39.3989115577889,11.3335889447236,0.545157277631244,"97.5th percentile"
39.4835105527638,11.3335889447236,0.57675714594397,"97.5th percentile"
39.5681095477387,11.3335889447236,0.544970040349274,"97.5th percentile"
39.6527085427136,11.3335889447236,0.511573147988058,"97.5th percentile"
39.7373075376884,11.3335889447236,0.532205141928991,"97.5th percentile"
39.8219065326633,11.3335889447236,0.537487176959274,"97.5th percentile"
39.9065055276382,11.3335889447236,0.55899417281298,"97.5th percentile"
39.9911045226131,11.3335889447236,0.619499885746606,"97.5th percentile"
40.0757035175879,11.3335889447236,0.581305431533142,"97.5th percentile"
40.1603025125628,11.3335889447236,0.532552709233218,"97.5th percentile"
40.2449015075377,11.3335889447236,0.49878060723266,"97.5th percentile"
40.3295005025126,11.3335889447236,0.50041891641318,"97.5th percentile"
40.4140994974874,11.3335889447236,0.600739664310522,"97.5th percentile"
40.4986984924623,11.3335889447236,0.587112478701741,"97.5th percentile"
40.5832974874372,11.3335889447236,0.619180646499577,"97.5th percentile"
40.6678964824121,11.3335889447236,0.624164444345657,"97.5th percentile"
40.7524954773869,11.3335889447236,0.658060361471882,"97.5th percentile"
40.8370944723618,11.3335889447236,0.693888394023206,"97.5th percentile"
40.9216934673367,11.3335889447236,0.661312012991998,"97.5th percentile"
41.0062924623116,11.3335889447236,0.769114639699209,"97.5th percentile"
41.0908914572864,11.3335889447236,0.768822604857427,"97.5th percentile"
41.1754904522613,11.3335889447236,0.773079820547976,"97.5th percentile"
41.2600894472362,11.3335889447236,0.824758325738907,"97.5th percentile"
41.344688442211,11.3335889447236,0.848610699325683,"97.5th percentile"
41.4292874371859,11.3335889447236,0.826115927070134,"97.5th percentile"
41.5138864321608,11.3335889447236,0.854795979724564,"97.5th percentile"
41.5984854271357,11.3335889447236,0.90736155886834,"97.5th percentile"
41.6830844221106,11.3335889447236,0.920054243772597,"97.5th percentile"
34.9151648241206,11.4016155778894,0.598251153115731,"97.5th percentile"
34.9997638190955,11.4016155778894,0.51649538051809,"97.5th percentile"
35.0843628140704,11.4016155778894,0.515716004436005,"97.5th percentile"
35.1689618090452,11.4016155778894,0.49639915583443,"97.5th percentile"
35.2535608040201,11.4016155778894,0.46062452046413,"97.5th percentile"
35.338159798995,11.4016155778894,0.45094605722449,"97.5th percentile"
35.4227587939698,11.4016155778894,0.42906626049667,"97.5th percentile"
35.5073577889447,11.4016155778894,0.415157801650786,"97.5th percentile"
35.5919567839196,11.4016155778894,0.418039861274545,"97.5th percentile"
35.6765557788945,11.4016155778894,0.400279294142849,"97.5th percentile"
35.7611547738694,11.4016155778894,0.397805318366215,"97.5th percentile"
35.8457537688442,11.4016155778894,0.382186085700687,"97.5th percentile"
35.9303527638191,11.4016155778894,0.375657443780789,"97.5th percentile"
36.014951758794,11.4016155778894,0.36897817434233,"97.5th percentile"
36.0995507537688,11.4016155778894,0.359930368420268,"97.5th percentile"
36.1841497487437,11.4016155778894,0.343279828646638,"97.5th percentile"
36.2687487437186,11.4016155778894,0.327090502597061,"97.5th percentile"
36.3533477386935,11.4016155778894,0.304617527258525,"97.5th percentile"
36.4379467336683,11.4016155778894,0.286656968466786,"97.5th percentile"
36.5225457286432,11.4016155778894,0.29065746754491,"97.5th percentile"
36.6071447236181,11.4016155778894,0.268596767869889,"97.5th percentile"
36.691743718593,11.4016155778894,0.267670492724568,"97.5th percentile"
36.7763427135678,11.4016155778894,0.23657684892489,"97.5th percentile"
36.8609417085427,11.4016155778894,0.239409441057687,"97.5th percentile"
36.9455407035176,11.4016155778894,0.243275304351564,"97.5th percentile"
37.0301396984925,11.4016155778894,0.239855538868281,"97.5th percentile"
37.1147386934673,11.4016155778894,0.249042861329462,"97.5th percentile"
37.1993376884422,11.4016155778894,0.260976671308314,"97.5th percentile"
37.2839366834171,11.4016155778894,0.25760562387278,"97.5th percentile"
37.368535678392,11.4016155778894,0.16851023428672,"97.5th percentile"
37.4531346733668,11.4016155778894,0.254185461064885,"97.5th percentile"
37.5377336683417,11.4016155778894,0.307462726564363,"97.5th percentile"
37.6223326633166,11.4016155778894,0.322628176136809,"97.5th percentile"
37.7069316582915,11.4016155778894,0.351585898427973,"97.5th percentile"
37.7915306532663,11.4016155778894,0.361069472705011,"97.5th percentile"
37.8761296482412,11.4016155778894,0.33472825801848,"97.5th percentile"
37.9607286432161,11.4016155778894,0.329897891411136,"97.5th percentile"
38.045327638191,11.4016155778894,0.382230040974739,"97.5th percentile"
38.1299266331658,11.4016155778894,0.374612705721033,"97.5th percentile"
38.2145256281407,11.4016155778894,0.320478997439493,"97.5th percentile"
38.2991246231156,11.4016155778894,0.372834687258704,"97.5th percentile"
38.3837236180904,11.4016155778894,0.415562919663498,"97.5th percentile"
38.4683226130653,11.4016155778894,0.419385930233597,"97.5th percentile"
38.5529216080402,11.4016155778894,0.441766186568731,"97.5th percentile"
38.6375206030151,11.4016155778894,0.477186232661704,"97.5th percentile"
38.72211959799,11.4016155778894,0.524044049916276,"97.5th percentile"
38.8067185929648,11.4016155778894,0.517741549557215,"97.5th percentile"
38.8913175879397,11.4016155778894,0.560637486821272,"97.5th percentile"
38.9759165829146,11.4016155778894,0.568794940175202,"97.5th percentile"
39.0605155778894,11.4016155778894,0.556034462207175,"97.5th percentile"
39.1451145728643,11.4016155778894,0.516298771340815,"97.5th percentile"
39.2297135678392,11.4016155778894,0.527710485675765,"97.5th percentile"
39.3143125628141,11.4016155778894,0.5240983580142,"97.5th percentile"
39.3989115577889,11.4016155778894,0.536512174964776,"97.5th percentile"
39.4835105527638,11.4016155778894,0.541761156392632,"97.5th percentile"
39.5681095477387,11.4016155778894,0.539196209531338,"97.5th percentile"
39.6527085427136,11.4016155778894,0.50688922748155,"97.5th percentile"
39.7373075376884,11.4016155778894,0.526652698086094,"97.5th percentile"
39.8219065326633,11.4016155778894,0.529006255398979,"97.5th percentile"
39.9065055276382,11.4016155778894,0.554211439478563,"97.5th percentile"
39.9911045226131,11.4016155778894,0.584138837284874,"97.5th percentile"
40.0757035175879,11.4016155778894,0.585078747103912,"97.5th percentile"
40.1603025125628,11.4016155778894,0.517328904090846,"97.5th percentile"
40.2449015075377,11.4016155778894,0.487739332841928,"97.5th percentile"
40.3295005025126,11.4016155778894,0.481287611052162,"97.5th percentile"
40.4140994974874,11.4016155778894,0.530613026506396,"97.5th percentile"
40.4986984924623,11.4016155778894,0.547061767835258,"97.5th percentile"
40.5832974874372,11.4016155778894,0.56374466983134,"97.5th percentile"
40.6678964824121,11.4016155778894,0.575163075186785,"97.5th percentile"
40.7524954773869,11.4016155778894,0.606665267942061,"97.5th percentile"
40.8370944723618,11.4016155778894,0.645202464591587,"97.5th percentile"
40.9216934673367,11.4016155778894,0.666038858100727,"97.5th percentile"
41.0062924623116,11.4016155778894,0.723370303223109,"97.5th percentile"
41.0908914572864,11.4016155778894,0.738514355497326,"97.5th percentile"
41.1754904522613,11.4016155778894,0.778953430895495,"97.5th percentile"
41.2600894472362,11.4016155778894,0.78218792689045,"97.5th percentile"
41.344688442211,11.4016155778894,0.826951392922103,"97.5th percentile"
41.4292874371859,11.4016155778894,0.815193364741229,"97.5th percentile"
41.5138864321608,11.4016155778894,0.85819634838526,"97.5th percentile"
41.5984854271357,11.4016155778894,0.855634088590722,"97.5th percentile"
41.6830844221106,11.4016155778894,0.928919605163201,"97.5th percentile"
34.9997638190955,11.4696422110553,0.576354973925973,"97.5th percentile"
35.0843628140704,11.4696422110553,0.523750351664856,"97.5th percentile"
35.1689618090452,11.4696422110553,0.525773281041332,"97.5th percentile"
35.2535608040201,11.4696422110553,0.480655444858361,"97.5th percentile"
35.338159798995,11.4696422110553,0.445213325034927,"97.5th percentile"
35.4227587939698,11.4696422110553,0.428982423040369,"97.5th percentile"
35.5073577889447,11.4696422110553,0.410094788850296,"97.5th percentile"
35.5919567839196,11.4696422110553,0.415767198054037,"97.5th percentile"
35.6765557788945,11.4696422110553,0.405738526310627,"97.5th percentile"
35.7611547738694,11.4696422110553,0.430161719740951,"97.5th percentile"
35.8457537688442,11.4696422110553,0.386489598094062,"97.5th percentile"
35.9303527638191,11.4696422110553,0.382207972524898,"97.5th percentile"
36.014951758794,11.4696422110553,0.368663026216957,"97.5th percentile"
36.0995507537688,11.4696422110553,0.365238738920623,"97.5th percentile"
36.1841497487437,11.4696422110553,0.352438857163328,"97.5th percentile"
36.2687487437186,11.4696422110553,0.350583507483498,"97.5th percentile"
36.3533477386935,11.4696422110553,0.342628211519072,"97.5th percentile"
36.4379467336683,11.4696422110553,0.337780315482411,"97.5th percentile"
36.5225457286432,11.4696422110553,0.294080870451082,"97.5th percentile"
36.6071447236181,11.4696422110553,0.285403325341829,"97.5th percentile"
36.691743718593,11.4696422110553,0.282801990855676,"97.5th percentile"
36.7763427135678,11.4696422110553,0.266178882371223,"97.5th percentile"
36.8609417085427,11.4696422110553,0.24702743915973,"97.5th percentile"
36.9455407035176,11.4696422110553,0.243092916422148,"97.5th percentile"
37.0301396984925,11.4696422110553,0.253862275222591,"97.5th percentile"
37.1147386934673,11.4696422110553,0.246864699540734,"97.5th percentile"
37.1993376884422,11.4696422110553,0.232969552881664,"97.5th percentile"
37.2839366834171,11.4696422110553,0.15637810943785,"97.5th percentile"
37.368535678392,11.4696422110553,0.162433743947078,"97.5th percentile"
37.4531346733668,11.4696422110553,0.200164201440004,"97.5th percentile"
37.5377336683417,11.4696422110553,0.171379564489287,"97.5th percentile"
37.6223326633166,11.4696422110553,0.236512228470034,"97.5th percentile"
37.7069316582915,11.4696422110553,0.347184471609908,"97.5th percentile"
37.7915306532663,11.4696422110553,0.345917342031839,"97.5th percentile"
37.8761296482412,11.4696422110553,0.332654255481473,"97.5th percentile"
37.9607286432161,11.4696422110553,0.323413190882228,"97.5th percentile"
38.045327638191,11.4696422110553,0.35165304830613,"97.5th percentile"
38.1299266331658,11.4696422110553,0.364619489963035,"97.5th percentile"
38.2145256281407,11.4696422110553,0.336110606220237,"97.5th percentile"
38.2991246231156,11.4696422110553,0.356400143732693,"97.5th percentile"
38.3837236180904,11.4696422110553,0.384817426030553,"97.5th percentile"
38.4683226130653,11.4696422110553,0.401630869928433,"97.5th percentile"
38.5529216080402,11.4696422110553,0.473264857946077,"97.5th percentile"
38.6375206030151,11.4696422110553,0.495484245357107,"97.5th percentile"
38.72211959799,11.4696422110553,0.515230941436127,"97.5th percentile"
38.8067185929648,11.4696422110553,0.446522983381111,"97.5th percentile"
38.8913175879397,11.4696422110553,0.441861200855105,"97.5th percentile"
38.9759165829146,11.4696422110553,0.505461545011519,"97.5th percentile"
39.0605155778894,11.4696422110553,0.525648559552563,"97.5th percentile"
39.1451145728643,11.4696422110553,0.536147031847894,"97.5th percentile"
39.2297135678392,11.4696422110553,0.519390838474884,"97.5th percentile"
39.3143125628141,11.4696422110553,0.527279174549716,"97.5th percentile"
39.3989115577889,11.4696422110553,0.522080696416645,"97.5th percentile"
39.4835105527638,11.4696422110553,0.546591126890913,"97.5th percentile"
39.5681095477387,11.4696422110553,0.531904053040964,"97.5th percentile"
39.6527085427136,11.4696422110553,0.505987069685624,"97.5th percentile"
39.7373075376884,11.4696422110553,0.52962504958139,"97.5th percentile"
39.8219065326633,11.4696422110553,0.542436925777951,"97.5th percentile"
39.9065055276382,11.4696422110553,0.54218075751384,"97.5th percentile"
39.9911045226131,11.4696422110553,0.552335342619667,"97.5th percentile"
40.0757035175879,11.4696422110553,0.539059022612603,"97.5th percentile"
40.1603025125628,11.4696422110553,0.519741459485655,"97.5th percentile"
40.2449015075377,11.4696422110553,0.509741824010372,"97.5th percentile"
40.3295005025126,11.4696422110553,0.421863091870545,"97.5th percentile"
40.4140994974874,11.4696422110553,0.428414276821256,"97.5th percentile"
40.4986984924623,11.4696422110553,0.453352076999462,"97.5th percentile"
40.5832974874372,11.4696422110553,0.537041063331101,"97.5th percentile"
40.6678964824121,11.4696422110553,0.531843269964498,"97.5th percentile"
40.7524954773869,11.4696422110553,0.556999947189695,"97.5th percentile"
40.8370944723618,11.4696422110553,0.606253890807354,"97.5th percentile"
40.9216934673367,11.4696422110553,0.686128042187533,"97.5th percentile"
41.0062924623116,11.4696422110553,0.676528379901363,"97.5th percentile"
41.0908914572864,11.4696422110553,0.701861134120042,"97.5th percentile"
41.1754904522613,11.4696422110553,0.725800774680774,"97.5th percentile"
41.2600894472362,11.4696422110553,0.767144641198817,"97.5th percentile"
41.344688442211,11.4696422110553,0.725439084825071,"97.5th percentile"
41.4292874371859,11.4696422110553,0.798553718894745,"97.5th percentile"
41.5138864321608,11.4696422110553,0.775608501050228,"97.5th percentile"
41.5984854271357,11.4696422110553,0.811701871936419,"97.5th percentile"
41.6830844221106,11.4696422110553,0.879071344560687,"97.5th percentile"
34.9997638190955,11.5376688442211,0.548572236426713,"97.5th percentile"
35.0843628140704,11.5376688442211,0.536655409265864,"97.5th percentile"
35.1689618090452,11.5376688442211,0.529071791346671,"97.5th percentile"
35.2535608040201,11.5376688442211,0.469943745192161,"97.5th percentile"
35.338159798995,11.5376688442211,0.445890637630581,"97.5th percentile"
35.4227587939698,11.5376688442211,0.459933407213881,"97.5th percentile"
35.5073577889447,11.5376688442211,0.419979351557598,"97.5th percentile"
35.5919567839196,11.5376688442211,0.420166372365013,"97.5th percentile"
35.6765557788945,11.5376688442211,0.409153861283413,"97.5th percentile"
35.7611547738694,11.5376688442211,0.404795006314068,"97.5th percentile"
35.8457537688442,11.5376688442211,0.394672869327597,"97.5th percentile"
35.9303527638191,11.5376688442211,0.385690724548324,"97.5th percentile"
36.014951758794,11.5376688442211,0.373639465979472,"97.5th percentile"
36.0995507537688,11.5376688442211,0.361077018619499,"97.5th percentile"
36.1841497487437,11.5376688442211,0.359990475823146,"97.5th percentile"
36.2687487437186,11.5376688442211,0.35137503337484,"97.5th percentile"
36.3533477386935,11.5376688442211,0.359465348540763,"97.5th percentile"
36.4379467336683,11.5376688442211,0.306207598750336,"97.5th percentile"
36.5225457286432,11.5376688442211,0.344161095867431,"97.5th percentile"
36.6071447236181,11.5376688442211,0.291621238023996,"97.5th percentile"
36.691743718593,11.5376688442211,0.288321399268734,"97.5th percentile"
36.7763427135678,11.5376688442211,0.257719942003022,"97.5th percentile"
36.8609417085427,11.5376688442211,0.271458707375564,"97.5th percentile"
36.9455407035176,11.5376688442211,0.243635881356057,"97.5th percentile"
37.0301396984925,11.5376688442211,0.259322298051055,"97.5th percentile"
37.1147386934673,11.5376688442211,0.277250507645168,"97.5th percentile"
37.1993376884422,11.5376688442211,0.232863871872898,"97.5th percentile"
37.2839366834171,11.5376688442211,0.134830414854637,"97.5th percentile"
37.368535678392,11.5376688442211,0.114071007028885,"97.5th percentile"
37.4531346733668,11.5376688442211,0.14702064752638,"97.5th percentile"
37.5377336683417,11.5376688442211,0.252227046205215,"97.5th percentile"
37.6223326633166,11.5376688442211,0.329143421277972,"97.5th percentile"
37.7069316582915,11.5376688442211,0.312367250741175,"97.5th percentile"
37.7915306532663,11.5376688442211,0.319889501957033,"97.5th percentile"
37.8761296482412,11.5376688442211,0.330295421629818,"97.5th percentile"
37.9607286432161,11.5376688442211,0.3208263592727,"97.5th percentile"
38.045327638191,11.5376688442211,0.328626704464738,"97.5th percentile"
38.1299266331658,11.5376688442211,0.353782091458615,"97.5th percentile"
38.2145256281407,11.5376688442211,0.359208879975872,"97.5th percentile"
38.2991246231156,11.5376688442211,0.366353881143451,"97.5th percentile"
38.3837236180904,11.5376688442211,0.396857074330539,"97.5th percentile"
38.4683226130653,11.5376688442211,0.41844090572647,"97.5th percentile"
38.5529216080402,11.5376688442211,0.479941395671864,"97.5th percentile"
38.6375206030151,11.5376688442211,0.482754935028868,"97.5th percentile"
38.72211959799,11.5376688442211,0.537535561167918,"97.5th percentile"
38.8067185929648,11.5376688442211,0.462836640896171,"97.5th percentile"
38.8913175879397,11.5376688442211,0.530094592774626,"97.5th percentile"
38.9759165829146,11.5376688442211,0.540374280298672,"97.5th percentile"
39.0605155778894,11.5376688442211,0.474482621345658,"97.5th percentile"
39.1451145728643,11.5376688442211,0.52372233971394,"97.5th percentile"
39.2297135678392,11.5376688442211,0.515018635668059,"97.5th percentile"
39.3143125628141,11.5376688442211,0.496255220234341,"97.5th percentile"
39.3989115577889,11.5376688442211,0.528990728063175,"97.5th percentile"
39.4835105527638,11.5376688442211,0.579905727465397,"97.5th percentile"
39.5681095477387,11.5376688442211,0.565415582498214,"97.5th percentile"
39.6527085427136,11.5376688442211,0.510165405975436,"97.5th percentile"
39.7373075376884,11.5376688442211,0.514810797069452,"97.5th percentile"
39.8219065326633,11.5376688442211,0.546441357644134,"97.5th percentile"
39.9065055276382,11.5376688442211,0.533455990304596,"97.5th percentile"
39.9911045226131,11.5376688442211,0.511690445286247,"97.5th percentile"
40.0757035175879,11.5376688442211,0.512262394520182,"97.5th percentile"
40.1603025125628,11.5376688442211,0.487914981875961,"97.5th percentile"
40.2449015075377,11.5376688442211,0.443217288196598,"97.5th percentile"
40.3295005025126,11.5376688442211,0.413226833675559,"97.5th percentile"
40.4140994974874,11.5376688442211,0.383616218523052,"97.5th percentile"
40.4986984924623,11.5376688442211,0.463976377178753,"97.5th percentile"
40.5832974874372,11.5376688442211,0.467039772233864,"97.5th percentile"
40.6678964824121,11.5376688442211,0.484225233801355,"97.5th percentile"
40.7524954773869,11.5376688442211,0.514767481921156,"97.5th percentile"
40.8370944723618,11.5376688442211,0.564346652876619,"97.5th percentile"
40.9216934673367,11.5376688442211,0.596201636047427,"97.5th percentile"
41.0062924623116,11.5376688442211,0.617999197487595,"97.5th percentile"
41.0908914572864,11.5376688442211,0.652410178728417,"97.5th percentile"
41.1754904522613,11.5376688442211,0.689935252603124,"97.5th percentile"
41.2600894472362,11.5376688442211,0.647398167665122,"97.5th percentile"
41.344688442211,11.5376688442211,0.703846668935237,"97.5th percentile"
41.4292874371859,11.5376688442211,0.672508391342499,"97.5th percentile"
41.5138864321608,11.5376688442211,0.712529416797455,"97.5th percentile"
41.5984854271357,11.5376688442211,0.767342201577589,"97.5th percentile"
41.6830844221106,11.5376688442211,0.887491131683382,"97.5th percentile"
34.9997638190955,11.6056954773869,0.56362323103582,"97.5th percentile"
35.0843628140704,11.6056954773869,0.549769321036858,"97.5th percentile"
35.1689618090452,11.6056954773869,0.51037017917881,"97.5th percentile"
35.2535608040201,11.6056954773869,0.463521739045708,"97.5th percentile"
35.338159798995,11.6056954773869,0.461578533478526,"97.5th percentile"
35.4227587939698,11.6056954773869,0.441962789229547,"97.5th percentile"
35.5073577889447,11.6056954773869,0.426896490809444,"97.5th percentile"
35.5919567839196,11.6056954773869,0.424473986196963,"97.5th percentile"
35.6765557788945,11.6056954773869,0.407355418017536,"97.5th percentile"
35.7611547738694,11.6056954773869,0.400980742290278,"97.5th percentile"
35.8457537688442,11.6056954773869,0.395740862329797,"97.5th percentile"
35.9303527638191,11.6056954773869,0.386820146868425,"97.5th percentile"
36.014951758794,11.6056954773869,0.378551268573443,"97.5th percentile"
36.0995507537688,11.6056954773869,0.362971424196846,"97.5th percentile"
36.1841497487437,11.6056954773869,0.365804028212074,"97.5th percentile"
36.2687487437186,11.6056954773869,0.356359628073757,"97.5th percentile"
36.3533477386935,11.6056954773869,0.368648216954477,"97.5th percentile"
36.4379467336683,11.6056954773869,0.319965451234347,"97.5th percentile"
36.5225457286432,11.6056954773869,0.308796405389693,"97.5th percentile"
36.6071447236181,11.6056954773869,0.311236883454894,"97.5th percentile"
36.691743718593,11.6056954773869,0.305310003013976,"97.5th percentile"
36.7763427135678,11.6056954773869,0.270733804491118,"97.5th percentile"
36.8609417085427,11.6056954773869,0.286839368728693,"97.5th percentile"
36.9455407035176,11.6056954773869,0.233918424750744,"97.5th percentile"
37.0301396984925,11.6056954773869,0.254125748907953,"97.5th percentile"
37.1147386934673,11.6056954773869,0.230421543360868,"97.5th percentile"
37.1993376884422,11.6056954773869,0.19142408851221,"97.5th percentile"
37.2839366834171,11.6056954773869,0.140409064460395,"97.5th percentile"
37.368535678392,11.6056954773869,0.363634719015173,"97.5th percentile"
37.4531346733668,11.6056954773869,0.14080535951397,"97.5th percentile"
37.5377336683417,11.6056954773869,0.256883871967819,"97.5th percentile"
37.6223326633166,11.6056954773869,0.302450832261353,"97.5th percentile"
37.7069316582915,11.6056954773869,0.303774176259061,"97.5th percentile"
37.7915306532663,11.6056954773869,0.315433610046129,"97.5th percentile"
37.8761296482412,11.6056954773869,0.321198991308481,"97.5th percentile"
37.9607286432161,11.6056954773869,0.310389898596347,"97.5th percentile"
38.045327638191,11.6056954773869,0.320339599802944,"97.5th percentile"
38.1299266331658,11.6056954773869,0.334795744761674,"97.5th percentile"
38.2145256281407,11.6056954773869,0.359533046072309,"97.5th percentile"
38.2991246231156,11.6056954773869,0.372736196314617,"97.5th percentile"
38.3837236180904,11.6056954773869,0.402786236726462,"97.5th percentile"
38.4683226130653,11.6056954773869,0.399062313283202,"97.5th percentile"
38.5529216080402,11.6056954773869,0.421184416706825,"97.5th percentile"
38.6375206030151,11.6056954773869,0.462916552332317,"97.5th percentile"
38.72211959799,11.6056954773869,0.48840364595897,"97.5th percentile"
38.8067185929648,11.6056954773869,0.467610934407775,"97.5th percentile"
38.8913175879397,11.6056954773869,0.462307770363562,"97.5th percentile"
38.9759165829146,11.6056954773869,0.453520720319423,"97.5th percentile"
39.0605155778894,11.6056954773869,0.519924472422334,"97.5th percentile"
39.1451145728643,11.6056954773869,0.477489772750115,"97.5th percentile"
39.2297135678392,11.6056954773869,0.519903234187791,"97.5th percentile"
39.3143125628141,11.6056954773869,0.528565983330585,"97.5th percentile"
39.3989115577889,11.6056954773869,0.536541115906704,"97.5th percentile"
39.4835105527638,11.6056954773869,0.569265405839786,"97.5th percentile"
39.5681095477387,11.6056954773869,0.548080809883745,"97.5th percentile"
39.6527085427136,11.6056954773869,0.511758904232969,"97.5th percentile"
39.7373075376884,11.6056954773869,0.504871114293319,"97.5th percentile"
39.8219065326633,11.6056954773869,0.533474054036434,"97.5th percentile"
39.9065055276382,11.6056954773869,0.509904335559445,"97.5th percentile"
39.9911045226131,11.6056954773869,0.537951430183151,"97.5th percentile"
40.0757035175879,11.6056954773869,0.458835237816702,"97.5th percentile"
40.1603025125628,11.6056954773869,0.48820714697721,"97.5th percentile"
40.2449015075377,11.6056954773869,0.442352748246553,"97.5th percentile"
40.3295005025126,11.6056954773869,0.425428638588011,"97.5th percentile"
40.4140994974874,11.6056954773869,0.402685572653397,"97.5th percentile"
40.4986984924623,11.6056954773869,0.383860315293795,"97.5th percentile"
40.5832974874372,11.6056954773869,0.427685189668277,"97.5th percentile"
40.6678964824121,11.6056954773869,0.435497543427529,"97.5th percentile"
40.7524954773869,11.6056954773869,0.467962535735928,"97.5th percentile"
40.8370944723618,11.6056954773869,0.508447406975265,"97.5th percentile"
40.9216934673367,11.6056954773869,0.530108946929252,"97.5th percentile"
41.0062924623116,11.6056954773869,0.555375043734646,"97.5th percentile"
41.0908914572864,11.6056954773869,0.608911748085846,"97.5th percentile"
41.1754904522613,11.6056954773869,0.631791577786602,"97.5th percentile"
41.2600894472362,11.6056954773869,0.597594658875576,"97.5th percentile"
41.344688442211,11.6056954773869,0.602289028910281,"97.5th percentile"
41.4292874371859,11.6056954773869,0.717034952156993,"97.5th percentile"
41.5138864321608,11.6056954773869,0.675008235134782,"97.5th percentile"
41.5984854271357,11.6056954773869,0.720519703306738,"97.5th percentile"
35.0843628140704,11.6737221105528,0.565411702264711,"97.5th percentile"
35.1689618090452,11.6737221105528,0.514857702261613,"97.5th percentile"
35.2535608040201,11.6737221105528,0.46484893843118,"97.5th percentile"
35.338159798995,11.6737221105528,0.46092024648814,"97.5th percentile"
35.4227587939698,11.6737221105528,0.449910646956109,"97.5th percentile"
35.5073577889447,11.6737221105528,0.434576343243369,"97.5th percentile"
35.5919567839196,11.6737221105528,0.418954613769036,"97.5th percentile"
35.6765557788945,11.6737221105528,0.421487946512657,"97.5th percentile"
35.7611547738694,11.6737221105528,0.404557646811134,"97.5th percentile"
35.8457537688442,11.6737221105528,0.400736078757254,"97.5th percentile"
35.9303527638191,11.6737221105528,0.389114079701214,"97.5th percentile"
36.014951758794,11.6737221105528,0.390038661630565,"97.5th percentile"
36.0995507537688,11.6737221105528,0.3768995604311,"97.5th percentile"
36.1841497487437,11.6737221105528,0.365061235577515,"97.5th percentile"
36.2687487437186,11.6737221105528,0.39493737869817,"97.5th percentile"
36.3533477386935,11.6737221105528,0.341566277202852,"97.5th percentile"
36.4379467336683,11.6737221105528,0.33918741684996,"97.5th percentile"
36.5225457286432,11.6737221105528,0.329529249994392,"97.5th percentile"
36.6071447236181,11.6737221105528,0.304476308626288,"97.5th percentile"
36.691743718593,11.6737221105528,0.309195788752756,"97.5th percentile"
36.7763427135678,11.6737221105528,0.288789864999835,"97.5th percentile"
36.8609417085427,11.6737221105528,0.29654603745675,"97.5th percentile"
36.9455407035176,11.6737221105528,0.233439130577696,"97.5th percentile"
37.0301396984925,11.6737221105528,0.239225409631757,"97.5th percentile"
37.1147386934673,11.6737221105528,0.231621608985494,"97.5th percentile"
37.1993376884422,11.6737221105528,0.174568941946284,"97.5th percentile"
37.2839366834171,11.6737221105528,0.204675585834453,"97.5th percentile"
37.368535678392,11.6737221105528,0.534658721520461,"97.5th percentile"
37.4531346733668,11.6737221105528,0.199502716824865,"97.5th percentile"
37.5377336683417,11.6737221105528,0.278730908839701,"97.5th percentile"
37.6223326633166,11.6737221105528,0.28600729129145,"97.5th percentile"
37.7069316582915,11.6737221105528,0.304452180383984,"97.5th percentile"
37.7915306532663,11.6737221105528,0.319774780575229,"97.5th percentile"
37.8761296482412,11.6737221105528,0.332503600957068,"97.5th percentile"
37.9607286432161,11.6737221105528,0.329973410434559,"97.5th percentile"
38.045327638191,11.6737221105528,0.315852520859191,"97.5th percentile"
38.1299266331658,11.6737221105528,0.324453040642386,"97.5th percentile"
38.2145256281407,11.6737221105528,0.344580529019569,"97.5th percentile"
38.2991246231156,11.6737221105528,0.382033351711407,"97.5th percentile"
38.3837236180904,11.6737221105528,0.381781015632625,"97.5th percentile"
38.4683226130653,11.6737221105528,0.38176157427522,"97.5th percentile"
38.5529216080402,11.6737221105528,0.406029903258347,"97.5th percentile"
38.6375206030151,11.6737221105528,0.448612555771595,"97.5th percentile"
38.72211959799,11.6737221105528,0.436338340726791,"97.5th percentile"
38.8067185929648,11.6737221105528,0.416893721600552,"97.5th percentile"
38.8913175879397,11.6737221105528,0.426912184508783,"97.5th percentile"
38.9759165829146,11.6737221105528,0.441792751839426,"97.5th percentile"
39.0605155778894,11.6737221105528,0.445481396430501,"97.5th percentile"
39.1451145728643,11.6737221105528,0.514482626963771,"97.5th percentile"
39.2297135678392,11.6737221105528,0.464736023530101,"97.5th percentile"
39.3143125628141,11.6737221105528,0.501856153539527,"97.5th percentile"
39.3989115577889,11.6737221105528,0.553643003049354,"97.5th percentile"
39.4835105527638,11.6737221105528,0.549715407313403,"97.5th percentile"
39.5681095477387,11.6737221105528,0.51998447703744,"97.5th percentile"
39.6527085427136,11.6737221105528,0.51517760931169,"97.5th percentile"
39.7373075376884,11.6737221105528,0.518941368284822,"97.5th percentile"
39.8219065326633,11.6737221105528,0.504642473428072,"97.5th percentile"
39.9065055276382,11.6737221105528,0.477007241972549,"97.5th percentile"
39.9911045226131,11.6737221105528,0.441088335354823,"97.5th percentile"
40.0757035175879,11.6737221105528,0.457896561236954,"97.5th percentile"
40.1603025125628,11.6737221105528,0.409034296585076,"97.5th percentile"
40.2449015075377,11.6737221105528,0.470478547281461,"97.5th percentile"
40.3295005025126,11.6737221105528,0.433406367241958,"97.5th percentile"
40.4140994974874,11.6737221105528,0.381197635395932,"97.5th percentile"
40.4986984924623,11.6737221105528,0.363355727061407,"97.5th percentile"
40.5832974874372,11.6737221105528,0.394678020054502,"97.5th percentile"
40.6678964824121,11.6737221105528,0.402872579684712,"97.5th percentile"
40.7524954773869,11.6737221105528,0.445629549469838,"97.5th percentile"
40.8370944723618,11.6737221105528,0.443548754355831,"97.5th percentile"
40.9216934673367,11.6737221105528,0.485145982244324,"97.5th percentile"
41.0062924623116,11.6737221105528,0.518065945232761,"97.5th percentile"
41.0908914572864,11.6737221105528,0.550231076419042,"97.5th percentile"
41.1754904522613,11.6737221105528,0.502642855053221,"97.5th percentile"
41.2600894472362,11.6737221105528,0.550982203981787,"97.5th percentile"
41.344688442211,11.6737221105528,0.586722847326324,"97.5th percentile"
41.4292874371859,11.6737221105528,0.680986356811755,"97.5th percentile"
41.5138864321608,11.6737221105528,0.707455404890881,"97.5th percentile"
41.5984854271357,11.6737221105528,0.800774426571034,"97.5th percentile"
41.6830844221106,11.6737221105528,0.765748196252908,"97.5th percentile"
35.0843628140704,11.7417487437186,0.56109208173543,"97.5th percentile"
35.1689618090452,11.7417487437186,0.51749172816773,"97.5th percentile"
35.2535608040201,11.7417487437186,0.524715800175211,"97.5th percentile"
35.338159798995,11.7417487437186,0.487578453051542,"97.5th percentile"
35.4227587939698,11.7417487437186,0.458538995279793,"97.5th percentile"
35.5073577889447,11.7417487437186,0.429247731629358,"97.5th percentile"
35.5919567839196,11.7417487437186,0.435551604265937,"97.5th percentile"
35.6765557788945,11.7417487437186,0.416525300602462,"97.5th percentile"
35.7611547738694,11.7417487437186,0.410600367288681,"97.5th percentile"
35.8457537688442,11.7417487437186,0.413034103081243,"97.5th percentile"
35.9303527638191,11.7417487437186,0.394500541395576,"97.5th percentile"
36.014951758794,11.7417487437186,0.392951177946289,"97.5th percentile"
36.0995507537688,11.7417487437186,0.386393702024432,"97.5th percentile"
36.1841497487437,11.7417487437186,0.364582706702416,"97.5th percentile"
36.2687487437186,11.7417487437186,0.377428300495542,"97.5th percentile"
36.3533477386935,11.7417487437186,0.384034069168886,"97.5th percentile"
36.4379467336683,11.7417487437186,0.3736306667752,"97.5th percentile"
36.5225457286432,11.7417487437186,0.33453410716525,"97.5th percentile"
36.6071447236181,11.7417487437186,0.336221743010982,"97.5th percentile"
36.691743718593,11.7417487437186,0.325602092622651,"97.5th percentile"
36.7763427135678,11.7417487437186,0.303047150934923,"97.5th percentile"
36.8609417085427,11.7417487437186,0.274409912823526,"97.5th percentile"
36.9455407035176,11.7417487437186,0.232988502068103,"97.5th percentile"
37.0301396984925,11.7417487437186,0.236692472720187,"97.5th percentile"
37.1147386934673,11.7417487437186,0.236418916421076,"97.5th percentile"
37.1993376884422,11.7417487437186,0.171709156330501,"97.5th percentile"
37.2839366834171,11.7417487437186,0.198406544926519,"97.5th percentile"
37.368535678392,11.7417487437186,0.52932063825779,"97.5th percentile"
37.4531346733668,11.7417487437186,0.195865592659426,"97.5th percentile"
37.5377336683417,11.7417487437186,0.275776891015496,"97.5th percentile"
37.6223326633166,11.7417487437186,0.281321777865309,"97.5th percentile"
37.7069316582915,11.7417487437186,0.299728611337092,"97.5th percentile"
37.7915306532663,11.7417487437186,0.317889749235788,"97.5th percentile"
37.8761296482412,11.7417487437186,0.329141046843475,"97.5th percentile"
37.9607286432161,11.7417487437186,0.326394149829709,"97.5th percentile"
38.045327638191,11.7417487437186,0.313388793730536,"97.5th percentile"
38.1299266331658,11.7417487437186,0.326166078627276,"97.5th percentile"
38.2145256281407,11.7417487437186,0.346266372515136,"97.5th percentile"
38.2991246231156,11.7417487437186,0.368083560972606,"97.5th percentile"
38.3837236180904,11.7417487437186,0.388682957871089,"97.5th percentile"
38.4683226130653,11.7417487437186,0.387022068876666,"97.5th percentile"
38.5529216080402,11.7417487437186,0.431106017145327,"97.5th percentile"
38.6375206030151,11.7417487437186,0.430881269196375,"97.5th percentile"
38.72211959799,11.7417487437186,0.41917998453912,"97.5th percentile"
38.8067185929648,11.7417487437186,0.435607235547964,"97.5th percentile"
38.8913175879397,11.7417487437186,0.441109586425675,"97.5th percentile"
38.9759165829146,11.7417487437186,0.457233046672059,"97.5th percentile"
39.0605155778894,11.7417487437186,0.44058081708548,"97.5th percentile"
39.1451145728643,11.7417487437186,0.464063865429816,"97.5th percentile"
39.2297135678392,11.7417487437186,0.480577175332632,"97.5th percentile"
39.3143125628141,11.7417487437186,0.526026907528506,"97.5th percentile"
39.3989115577889,11.7417487437186,0.572790705156259,"97.5th percentile"
39.4835105527638,11.7417487437186,0.524283006693538,"97.5th percentile"
39.5681095477387,11.7417487437186,0.503984484888302,"97.5th percentile"
39.6527085427136,11.7417487437186,0.490886558740842,"97.5th percentile"
39.7373075376884,11.7417487437186,0.486869929175607,"97.5th percentile"
39.8219065326633,11.7417487437186,0.471439160837641,"97.5th percentile"
39.9065055276382,11.7417487437186,0.445832103893027,"97.5th percentile"
39.9911045226131,11.7417487437186,0.42736468486383,"97.5th percentile"
40.0757035175879,11.7417487437186,0.423740470822374,"97.5th percentile"
40.1603025125628,11.7417487437186,0.406771709760037,"97.5th percentile"
40.2449015075377,11.7417487437186,0.407538730921279,"97.5th percentile"
40.3295005025126,11.7417487437186,0.356656568824467,"97.5th percentile"
40.4140994974874,11.7417487437186,0.376421855577741,"97.5th percentile"
40.4986984924623,11.7417487437186,0.370541770349398,"97.5th percentile"
40.5832974874372,11.7417487437186,0.371161248528995,"97.5th percentile"
40.6678964824121,11.7417487437186,0.409895476727907,"97.5th percentile"
40.7524954773869,11.7417487437186,0.401865939039167,"97.5th percentile"
40.8370944723618,11.7417487437186,0.414588019922352,"97.5th percentile"
40.9216934673367,11.7417487437186,0.44397064119283,"97.5th percentile"
41.0062924623116,11.7417487437186,0.382476469530072,"97.5th percentile"
41.0908914572864,11.7417487437186,0.448820848252361,"97.5th percentile"
41.1754904522613,11.7417487437186,0.443649724507049,"97.5th percentile"
41.2600894472362,11.7417487437186,0.56906093767819,"97.5th percentile"
41.344688442211,11.7417487437186,0.604836973127807,"97.5th percentile"
41.4292874371859,11.7417487437186,0.625941280825177,"97.5th percentile"
41.5138864321608,11.7417487437186,0.64990271815649,"97.5th percentile"
41.5984854271357,11.7417487437186,0.686826911414356,"97.5th percentile"
41.6830844221106,11.7417487437186,0.721470124316577,"97.5th percentile"
35.1689618090452,11.8097753768844,0.499220769573499,"97.5th percentile"
35.2535608040201,11.8097753768844,0.530061701122039,"97.5th percentile"
35.338159798995,11.8097753768844,0.491465968970132,"97.5th percentile"
35.4227587939698,11.8097753768844,0.450624594280957,"97.5th percentile"
35.5073577889447,11.8097753768844,0.432978835159703,"97.5th percentile"
35.5919567839196,11.8097753768844,0.427807220759944,"97.5th percentile"
35.6765557788945,11.8097753768844,0.42638640581096,"97.5th percentile"
35.7611547738694,11.8097753768844,0.418187559680428,"97.5th percentile"
35.8457537688442,11.8097753768844,0.415393004801142,"97.5th percentile"
35.9303527638191,11.8097753768844,0.411185991439055,"97.5th percentile"
36.014951758794,11.8097753768844,0.406615357107752,"97.5th percentile"
36.0995507537688,11.8097753768844,0.411389198765275,"97.5th percentile"
36.1841497487437,11.8097753768844,0.383614855082764,"97.5th percentile"
36.2687487437186,11.8097753768844,0.376650689008395,"97.5th percentile"
36.3533477386935,11.8097753768844,0.401569725393124,"97.5th percentile"
36.4379467336683,11.8097753768844,0.402882660687825,"97.5th percentile"
36.5225457286432,11.8097753768844,0.325328653251259,"97.5th percentile"
36.6071447236181,11.8097753768844,0.317230598874926,"97.5th percentile"
36.691743718593,11.8097753768844,0.314357225929484,"97.5th percentile"
36.7763427135678,11.8097753768844,0.295401670219654,"97.5th percentile"
36.8609417085427,11.8097753768844,0.289326083408089,"97.5th percentile"
36.9455407035176,11.8097753768844,0.23875047941942,"97.5th percentile"
37.0301396984925,11.8097753768844,0.237779235544181,"97.5th percentile"
37.1147386934673,11.8097753768844,0.254774932639904,"97.5th percentile"
37.1993376884422,11.8097753768844,0.372762343329633,"97.5th percentile"
37.2839366834171,11.8097753768844,0.479205160364863,"97.5th percentile"
37.368535678392,11.8097753768844,0.523989194723154,"97.5th percentile"
37.4531346733668,11.8097753768844,0.532088607934608,"97.5th percentile"
37.5377336683417,11.8097753768844,0.269748846856005,"97.5th percentile"
37.6223326633166,11.8097753768844,0.276388429632841,"97.5th percentile"
37.7069316582915,11.8097753768844,0.276400935901603,"97.5th percentile"
37.7915306532663,11.8097753768844,0.295957996038656,"97.5th percentile"
37.8761296482412,11.8097753768844,0.315844999536583,"97.5th percentile"
37.9607286432161,11.8097753768844,0.313130041177924,"97.5th percentile"
38.045327638191,11.8097753768844,0.315969754103806,"97.5th percentile"
38.1299266331658,11.8097753768844,0.308424062805883,"97.5th percentile"
38.2145256281407,11.8097753768844,0.340838831121037,"97.5th percentile"
38.2991246231156,11.8097753768844,0.347122679048083,"97.5th percentile"
38.3837236180904,11.8097753768844,0.364254970428495,"97.5th percentile"
38.4683226130653,11.8097753768844,0.407993461853597,"97.5th percentile"
38.5529216080402,11.8097753768844,0.415174780856613,"97.5th percentile"
38.6375206030151,11.8097753768844,0.390876933708476,"97.5th percentile"
38.72211959799,11.8097753768844,0.412138924290217,"97.5th percentile"
38.8067185929648,11.8097753768844,0.47555505867611,"97.5th percentile"
38.8913175879397,11.8097753768844,0.500409627162145,"97.5th percentile"
38.9759165829146,11.8097753768844,0.468630585507277,"97.5th percentile"
39.0605155778894,11.8097753768844,0.417409545205531,"97.5th percentile"
39.1451145728643,11.8097753768844,0.424656103805926,"97.5th percentile"
39.2297135678392,11.8097753768844,0.482644454284851,"97.5th percentile"
39.3143125628141,11.8097753768844,0.51676363481241,"97.5th percentile"
39.3989115577889,11.8097753768844,0.518831303664615,"97.5th percentile"
39.4835105527638,11.8097753768844,0.497784039658749,"97.5th percentile"
39.5681095477387,11.8097753768844,0.466549011145511,"97.5th percentile"
39.6527085427136,11.8097753768844,0.487724738794254,"97.5th percentile"
39.7373075376884,11.8097753768844,0.457412977388238,"97.5th percentile"
39.8219065326633,11.8097753768844,0.457558264640943,"97.5th percentile"
39.9065055276382,11.8097753768844,0.44595665699264,"97.5th percentile"
39.9911045226131,11.8097753768844,0.379858797469871,"97.5th percentile"
40.0757035175879,11.8097753768844,0.360185165690394,"97.5th percentile"
40.1603025125628,11.8097753768844,0.364405582473112,"97.5th percentile"
40.2449015075377,11.8097753768844,0.341219607650704,"97.5th percentile"
40.3295005025126,11.8097753768844,0.403831612837706,"97.5th percentile"
40.4140994974874,11.8097753768844,0.35898618959047,"97.5th percentile"
40.4986984924623,11.8097753768844,0.384402964964986,"97.5th percentile"
40.5832974874372,11.8097753768844,0.387930201205873,"97.5th percentile"
40.6678964824121,11.8097753768844,0.37076833099473,"97.5th percentile"
40.7524954773869,11.8097753768844,0.37282386782782,"97.5th percentile"
40.8370944723618,11.8097753768844,0.388297677595355,"97.5th percentile"
40.9216934673367,11.8097753768844,0.39708359723943,"97.5th percentile"
41.0062924623116,11.8097753768844,0.421854370389405,"97.5th percentile"
41.0908914572864,11.8097753768844,0.419741164471398,"97.5th percentile"
41.1754904522613,11.8097753768844,0.480426060474373,"97.5th percentile"
41.2600894472362,11.8097753768844,0.504661022694636,"97.5th percentile"
41.344688442211,11.8097753768844,0.548055673430427,"97.5th percentile"
41.4292874371859,11.8097753768844,0.581673157077478,"97.5th percentile"
41.5138864321608,11.8097753768844,0.605235441745469,"97.5th percentile"
41.5984854271357,11.8097753768844,0.636310892023336,"97.5th percentile"
41.6830844221106,11.8097753768844,0.683113951942133,"97.5th percentile"
41.7676834170854,11.8097753768844,0.771294115540865,"97.5th percentile"
35.1689618090452,11.8778020100503,0.496700171921188,"97.5th percentile"
35.2535608040201,11.8778020100503,0.480435587177,"97.5th percentile"
35.338159798995,11.8778020100503,0.469740321357,"97.5th percentile"
35.4227587939698,11.8778020100503,0.465731699882013,"97.5th percentile"
35.5073577889447,11.8778020100503,0.433747276880727,"97.5th percentile"
35.5919567839196,11.8778020100503,0.436514367773998,"97.5th percentile"
35.6765557788945,11.8778020100503,0.439008036480196,"97.5th percentile"
35.7611547738694,11.8778020100503,0.422640170915024,"97.5th percentile"
35.8457537688442,11.8778020100503,0.415458107111668,"97.5th percentile"
35.9303527638191,11.8778020100503,0.45268805740803,"97.5th percentile"
36.014951758794,11.8778020100503,0.434353252602227,"97.5th percentile"
36.0995507537688,11.8778020100503,0.417306879980705,"97.5th percentile"
36.1841497487437,11.8778020100503,0.387008786038019,"97.5th percentile"
36.2687487437186,11.8778020100503,0.376863725281343,"97.5th percentile"
36.3533477386935,11.8778020100503,0.398153635832804,"97.5th percentile"
36.4379467336683,11.8778020100503,0.395380146038208,"97.5th percentile"
36.5225457286432,11.8778020100503,0.367966870890717,"97.5th percentile"
36.6071447236181,11.8778020100503,0.346345577898662,"97.5th percentile"
36.691743718593,11.8778020100503,0.349871903199941,"97.5th percentile"
36.7763427135678,11.8778020100503,0.296852945009845,"97.5th percentile"
36.8609417085427,11.8778020100503,0.278735777389559,"97.5th percentile"
36.9455407035176,11.8778020100503,0.259396046412207,"97.5th percentile"
37.0301396984925,11.8778020100503,0.309036987328507,"97.5th percentile"
37.1147386934673,11.8778020100503,0.308986424585772,"97.5th percentile"
37.1993376884422,11.8778020100503,0.502497955894703,"97.5th percentile"
37.2839366834171,11.8778020100503,0.510574951073887,"97.5th percentile"
37.368535678392,11.8778020100503,0.518665581384511,"97.5th percentile"
37.4531346733668,11.8778020100503,0.526765578355705,"97.5th percentile"
37.5377336683417,11.8778020100503,0.277104187657359,"97.5th percentile"
37.6223326633166,11.8778020100503,0.252692287190769,"97.5th percentile"
37.7069316582915,11.8778020100503,0.250002325001464,"97.5th percentile"
37.7915306532663,11.8778020100503,0.272241812900185,"97.5th percentile"
37.8761296482412,11.8778020100503,0.274585933789029,"97.5th percentile"
37.9607286432161,11.8778020100503,0.294600703421988,"97.5th percentile"
38.045327638191,11.8778020100503,0.306028527123494,"97.5th percentile"
38.1299266331658,11.8778020100503,0.339512197347211,"97.5th percentile"
38.2145256281407,11.8778020100503,0.339640591629629,"97.5th percentile"
38.2991246231156,11.8778020100503,0.376888754519039,"97.5th percentile"
38.3837236180904,11.8778020100503,0.407043946352859,"97.5th percentile"
38.4683226130653,11.8778020100503,0.42401758161572,"97.5th percentile"
38.5529216080402,11.8778020100503,0.442827711263185,"97.5th percentile"
38.6375206030151,11.8778020100503,0.461570968760426,"97.5th percentile"
38.72211959799,11.8778020100503,0.470253791563191,"97.5th percentile"
38.8067185929648,11.8778020100503,0.486484352121289,"97.5th percentile"
38.8913175879397,11.8778020100503,0.474094723698868,"97.5th percentile"
38.9759165829146,11.8778020100503,0.494636032195601,"97.5th percentile"
39.0605155778894,11.8778020100503,0.49534886309243,"97.5th percentile"
39.1451145728643,11.8778020100503,0.476380709220211,"97.5th percentile"
39.2297135678392,11.8778020100503,0.468599960395057,"97.5th percentile"
39.3143125628141,11.8778020100503,0.429953719411868,"97.5th percentile"
39.3989115577889,11.8778020100503,0.485251986013587,"97.5th percentile"
39.4835105527638,11.8778020100503,0.475240728260301,"97.5th percentile"
39.5681095477387,11.8778020100503,0.505335500214456,"97.5th percentile"
39.6527085427136,11.8778020100503,0.444826106886102,"97.5th percentile"
39.7373075376884,11.8778020100503,0.430162948193358,"97.5th percentile"
39.8219065326633,11.8778020100503,0.419490312432753,"97.5th percentile"
39.9065055276382,11.8778020100503,0.429213378332962,"97.5th percentile"
39.9911045226131,11.8778020100503,0.363038006337325,"97.5th percentile"
40.0757035175879,11.8778020100503,0.344453626822602,"97.5th percentile"
40.1603025125628,11.8778020100503,0.343597484040388,"97.5th percentile"
40.2449015075377,11.8778020100503,0.376134716469203,"97.5th percentile"
40.3295005025126,11.8778020100503,0.388252967233054,"97.5th percentile"
40.4140994974874,11.8778020100503,0.400516215471422,"97.5th percentile"
40.4986984924623,11.8778020100503,0.406616906497055,"97.5th percentile"
40.5832974874372,11.8778020100503,0.374738713324867,"97.5th percentile"
40.6678964824121,11.8778020100503,0.368076264821985,"97.5th percentile"
40.7524954773869,11.8778020100503,0.363822767237827,"97.5th percentile"
40.8370944723618,11.8778020100503,0.355430022705665,"97.5th percentile"
40.9216934673367,11.8778020100503,0.355562661899345,"97.5th percentile"
41.0062924623116,11.8778020100503,0.379189055321166,"97.5th percentile"
41.0908914572864,11.8778020100503,0.402021045380843,"97.5th percentile"
41.1754904522613,11.8778020100503,0.428997855723428,"97.5th percentile"
41.2600894472362,11.8778020100503,0.455693818647522,"97.5th percentile"
41.344688442211,11.8778020100503,0.494761346260792,"97.5th percentile"
41.4292874371859,11.8778020100503,0.523283694380111,"97.5th percentile"
41.5138864321608,11.8778020100503,0.563483861684505,"97.5th percentile"
41.5984854271357,11.8778020100503,0.585965131254745,"97.5th percentile"
41.6830844221106,11.8778020100503,0.635411242051605,"97.5th percentile"
41.7676834170854,11.8778020100503,0.63072432123468,"97.5th percentile"
35.2535608040201,11.9458286432161,0.515096210537437,"97.5th percentile"
35.338159798995,11.9458286432161,0.464352884661288,"97.5th percentile"
35.4227587939698,11.9458286432161,0.475544296381876,"97.5th percentile"
35.5073577889447,11.9458286432161,0.456417955995766,"97.5th percentile"
35.5919567839196,11.9458286432161,0.435533225660937,"97.5th percentile"
35.6765557788945,11.9458286432161,0.433586268859485,"97.5th percentile"
35.7611547738694,11.9458286432161,0.431089842441591,"97.5th percentile"
35.8457537688442,11.9458286432161,0.446610372486115,"97.5th percentile"
35.9303527638191,11.9458286432161,0.451147860264085,"97.5th percentile"
36.014951758794,11.9458286432161,0.433299315959814,"97.5th percentile"
36.0995507537688,11.9458286432161,0.416210457999472,"97.5th percentile"
36.1841497487437,11.9458286432161,0.424318197916252,"97.5th percentile"
36.2687487437186,11.9458286432161,0.40784251962283,"97.5th percentile"
36.3533477386935,11.9458286432161,0.411814364808223,"97.5th percentile"
36.4379467336683,11.9458286432161,0.376085830863608,"97.5th percentile"
36.5225457286432,11.9458286432161,0.345536279857261,"97.5th percentile"
36.6071447236181,11.9458286432161,0.342336247671871,"97.5th percentile"
36.691743718593,11.9458286432161,0.310434731972138,"97.5th percentile"
36.7763427135678,11.9458286432161,0.303452465589344,"97.5th percentile"
36.8609417085427,11.9458286432161,0.240369430122261,"97.5th percentile"
36.9455407035176,11.9458286432161,0.237709523497031,"97.5th percentile"
37.0301396984925,11.9458286432161,0.495056111358135,"97.5th percentile"
37.1147386934673,11.9458286432161,0.489370429872074,"97.5th percentile"
37.1993376884422,11.9458286432161,0.49719411926261,"97.5th percentile"
37.2839366834171,11.9458286432161,0.505264356540713,"97.5th percentile"
37.368535678392,11.9458286432161,0.513350966270897,"97.5th percentile"
37.4531346733668,11.9458286432161,0.521449712201118,"97.5th percentile"
37.5377336683417,11.9458286432161,0.529556293073064,"97.5th percentile"
37.6223326633166,11.9458286432161,0.304497433355332,"97.5th percentile"
37.7069316582915,11.9458286432161,0.245409216894068,"97.5th percentile"
37.7915306532663,11.9458286432161,0.260734268913295,"97.5th percentile"
37.8761296482412,11.9458286432161,0.270242810997138,"97.5th percentile"
37.9607286432161,11.9458286432161,0.295218757246665,"97.5th percentile"
38.045327638191,11.9458286432161,0.334562068246653,"97.5th percentile"
38.1299266331658,11.9458286432161,0.367235152710465,"97.5th percentile"
38.2145256281407,11.9458286432161,0.392880241419585,"97.5th percentile"
38.2991246231156,11.9458286432161,0.381357293917069,"97.5th percentile"
38.3837236180904,11.9458286432161,0.431156489440682,"97.5th percentile"
38.4683226130653,11.9458286432161,0.414729074260672,"97.5th percentile"
38.5529216080402,11.9458286432161,0.442720278709612,"97.5th percentile"
38.6375206030151,11.9458286432161,0.444623346851253,"97.5th percentile"
38.72211959799,11.9458286432161,0.471809006791825,"97.5th percentile"
38.8067185929648,11.9458286432161,0.469489500557594,"97.5th percentile"
38.8913175879397,11.9458286432161,0.457015084578728,"97.5th percentile"
38.9759165829146,11.9458286432161,0.46959026283042,"97.5th percentile"
39.0605155778894,11.9458286432161,0.458401719374312,"97.5th percentile"
39.1451145728643,11.9458286432161,0.492424599073236,"97.5th percentile"
39.2297135678392,11.9458286432161,0.472651409229781,"97.5th percentile"
39.3143125628141,11.9458286432161,0.498151650246562,"97.5th percentile"
39.3989115577889,11.9458286432161,0.492189535624711,"97.5th percentile"
39.4835105527638,11.9458286432161,0.50032363979904,"97.5th percentile"
39.5681095477387,11.9458286432161,0.469528279229377,"97.5th percentile"
39.6527085427136,11.9458286432161,0.429229515509239,"97.5th percentile"
39.7373075376884,11.9458286432161,0.408054207427521,"97.5th percentile"
39.8219065326633,11.9458286432161,0.413546605974456,"97.5th percentile"
39.9065055276382,11.9458286432161,0.41986840705211,"97.5th percentile"
39.9911045226131,11.9458286432161,0.333051560606492,"97.5th percentile"
40.0757035175879,11.9458286432161,0.396935954452895,"97.5th percentile"
40.1603025125628,11.9458286432161,0.356820396341907,"97.5th percentile"
40.2449015075377,11.9458286432161,0.369454622385805,"97.5th percentile"
40.3295005025126,11.9458286432161,0.390918763246266,"97.5th percentile"
40.4140994974874,11.9458286432161,0.365925720536834,"97.5th percentile"
40.4986984924623,11.9458286432161,0.387817472039966,"97.5th percentile"
40.5832974874372,11.9458286432161,0.372138586558864,"97.5th percentile"
40.6678964824121,11.9458286432161,0.34996267863791,"97.5th percentile"
40.7524954773869,11.9458286432161,0.341377893916139,"97.5th percentile"
40.8370944723618,11.9458286432161,0.334235827368559,"97.5th percentile"
40.9216934673367,11.9458286432161,0.331368105037231,"97.5th percentile"
41.0062924623116,11.9458286432161,0.337397799565421,"97.5th percentile"
41.0908914572864,11.9458286432161,0.357882527235398,"97.5th percentile"
41.1754904522613,11.9458286432161,0.38135846508799,"97.5th percentile"
41.2600894472362,11.9458286432161,0.406845087690991,"97.5th percentile"
41.344688442211,11.9458286432161,0.440097436171374,"97.5th percentile"
41.4292874371859,11.9458286432161,0.438990346731991,"97.5th percentile"
41.5138864321608,11.9458286432161,0.508693680568934,"97.5th percentile"
41.5984854271357,11.9458286432161,0.538255181699508,"97.5th percentile"
41.6830844221106,11.9458286432161,0.580564105377226,"97.5th percentile"
41.7676834170854,11.9458286432161,0.61568593915359,"97.5th percentile"
41.8522824120603,11.9458286432161,0.651577733606495,"97.5th percentile"
35.2535608040201,12.0138552763819,0.518471792576965,"97.5th percentile"
35.338159798995,12.0138552763819,0.481801293306945,"97.5th percentile"
35.4227587939698,12.0138552763819,0.465364578682655,"97.5th percentile"
35.5073577889447,12.0138552763819,0.461516657844815,"97.5th percentile"
35.5919567839196,12.0138552763819,0.468948518588324,"97.5th percentile"
35.6765557788945,12.0138552763819,0.440523922313175,"97.5th percentile"
35.7611547738694,12.0138552763819,0.465640057850961,"97.5th percentile"
35.8457537688442,12.0138552763819,0.470270657867504,"97.5th percentile"
35.9303527638191,12.0138552763819,0.435768973963218,"97.5th percentile"
36.014951758794,12.0138552763819,0.448301908825352,"97.5th percentile"
36.0995507537688,12.0138552763819,0.420767106287686,"97.5th percentile"
36.1841497487437,12.0138552763819,0.44744836611373,"97.5th percentile"
36.2687487437186,12.0138552763819,0.408710011600548,"97.5th percentile"
36.3533477386935,12.0138552763819,0.416491117255441,"97.5th percentile"
36.4379467336683,12.0138552763819,0.378946847541496,"97.5th percentile"
36.5225457286432,12.0138552763819,0.348450899434598,"97.5th percentile"
36.6071447236181,12.0138552763819,0.342000866561525,"97.5th percentile"
36.691743718593,12.0138552763819,0.303103474391857,"97.5th percentile"
36.7763427135678,12.0138552763819,0.278854313779337,"97.5th percentile"
36.8609417085427,12.0138552763819,0.257882564133537,"97.5th percentile"
36.9455407035176,12.0138552763819,0.239813874697267,"97.5th percentile"
37.0301396984925,12.0138552763819,0.498123086432619,"97.5th percentile"
37.1147386934673,12.0138552763819,0.49233138038679,"97.5th percentile"
37.1993376884422,12.0138552763819,0.491903986142613,"97.5th percentile"
37.2839366834171,12.0138552763819,0.499965698457933,"97.5th percentile"
37.368535678392,12.0138552763819,0.508046494266429,"97.5th percentile"
37.4531346733668,12.0138552763819,0.516142173018813,"97.5th percentile"
37.5377336683417,12.0138552763819,0.524248463685596,"97.5th percentile"
37.6223326633166,12.0138552763819,0.302891282523611,"97.5th percentile"
37.7069316582915,12.0138552763819,0.291109223900908,"97.5th percentile"
37.7915306532663,12.0138552763819,0.299464684436601,"97.5th percentile"
37.8761296482412,12.0138552763819,0.304521347647539,"97.5th percentile"
37.9607286432161,12.0138552763819,0.312170088586777,"97.5th percentile"
38.045327638191,12.0138552763819,0.324887458706644,"97.5th percentile"
38.1299266331658,12.0138552763819,0.381351376464511,"97.5th percentile"
38.2145256281407,12.0138552763819,0.35088294522254,"97.5th percentile"
38.2991246231156,12.0138552763819,0.382132815061018,"97.5th percentile"
38.3837236180904,12.0138552763819,0.4321852575006,"97.5th percentile"
38.4683226130653,12.0138552763819,0.41460525696693,"97.5th percentile"
38.5529216080402,12.0138552763819,0.427059292763794,"97.5th percentile"
38.6375206030151,12.0138552763819,0.454383643109575,"97.5th percentile"
38.72211959799,12.0138552763819,0.458120941273498,"97.5th percentile"
38.8067185929648,12.0138552763819,0.465037596638177,"97.5th percentile"
38.8913175879397,12.0138552763819,0.469696793682142,"97.5th percentile"
38.9759165829146,12.0138552763819,0.447453658005593,"97.5th percentile"
39.0605155778894,12.0138552763819,0.473170746536157,"97.5th percentile"
39.1451145728643,12.0138552763819,0.445803984167019,"97.5th percentile"
39.2297135678392,12.0138552763819,0.52464551423827,"97.5th percentile"
39.3143125628141,12.0138552763819,0.500380229887571,"97.5th percentile"
39.3989115577889,12.0138552763819,0.533076669948841,"97.5th percentile"
39.4835105527638,12.0138552763819,0.491097937104226,"97.5th percentile"
39.5681095477387,12.0138552763819,0.450015236551411,"97.5th percentile"
39.6527085427136,12.0138552763819,0.399102772200089,"97.5th percentile"
39.7373075376884,12.0138552763819,0.37438890742583,"97.5th percentile"
39.8219065326633,12.0138552763819,0.399040683264212,"97.5th percentile"
39.9065055276382,12.0138552763819,0.428535587623579,"97.5th percentile"
39.9911045226131,12.0138552763819,0.402894643786206,"97.5th percentile"
40.0757035175879,12.0138552763819,0.384697272299039,"97.5th percentile"
40.1603025125628,12.0138552763819,0.386395311944496,"97.5th percentile"
40.2449015075377,12.0138552763819,0.39560063093719,"97.5th percentile"
40.3295005025126,12.0138552763819,0.348845646598625,"97.5th percentile"
40.4140994974874,12.0138552763819,0.344177044041743,"97.5th percentile"
40.4986984924623,12.0138552763819,0.35459795593235,"97.5th percentile"
40.5832974874372,12.0138552763819,0.347309241946472,"97.5th percentile"
40.6678964824121,12.0138552763819,0.310471584215077,"97.5th percentile"
40.7524954773869,12.0138552763819,0.322711663102468,"97.5th percentile"
40.8370944723618,12.0138552763819,0.299211562672714,"97.5th percentile"
40.9216934673367,12.0138552763819,0.302009544956889,"97.5th percentile"
41.0062924623116,12.0138552763819,0.306678534455722,"97.5th percentile"
41.0908914572864,12.0138552763819,0.317556904438594,"97.5th percentile"
41.1754904522613,12.0138552763819,0.336545409173338,"97.5th percentile"
41.2600894472362,12.0138552763819,0.357694487315577,"97.5th percentile"
41.344688442211,12.0138552763819,0.38761266259689,"97.5th percentile"
41.4292874371859,12.0138552763819,0.407345743441493,"97.5th percentile"
41.5138864321608,12.0138552763819,0.45382992054421,"97.5th percentile"
41.5984854271357,12.0138552763819,0.484720385798051,"97.5th percentile"
41.6830844221106,12.0138552763819,0.511957774244224,"97.5th percentile"
41.7676834170854,12.0138552763819,0.556665764947469,"97.5th percentile"
41.8522824120603,12.0138552763819,0.590312577441773,"97.5th percentile"
41.9368814070352,12.0138552763819,0.630644362945861,"97.5th percentile"
35.338159798995,12.0818819095477,0.501315217589063,"97.5th percentile"
35.4227587939698,12.0818819095477,0.462079937778733,"97.5th percentile"
35.5073577889447,12.0818819095477,0.456413407494885,"97.5th percentile"
35.5919567839196,12.0818819095477,0.464721207753896,"97.5th percentile"
35.6765557788945,12.0818819095477,0.441673015043896,"97.5th percentile"
35.7611547738694,12.0818819095477,0.462110307936554,"97.5th percentile"
35.8457537688442,12.0818819095477,0.419391810955852,"97.5th percentile"
35.9303527638191,12.0818819095477,0.471371845655893,"97.5th percentile"
36.014951758794,12.0818819095477,0.455943772355583,"97.5th percentile"
36.0995507537688,12.0818819095477,0.445753081870851,"97.5th percentile"
36.1841497487437,12.0818819095477,0.394517245431853,"97.5th percentile"
36.2687487437186,12.0818819095477,0.385682599199709,"97.5th percentile"
36.3533477386935,12.0818819095477,0.398944200599032,"97.5th percentile"
36.4379467336683,12.0818819095477,0.393739266438524,"97.5th percentile"
36.5225457286432,12.0818819095477,0.347641751720158,"97.5th percentile"
36.6071447236181,12.0818819095477,0.345443875875837,"97.5th percentile"
36.691743718593,12.0818819095477,0.32225745808615,"97.5th percentile"
36.7763427135678,12.0818819095477,0.285065775243346,"97.5th percentile"
36.8609417085427,12.0818819095477,0.255640445946547,"97.5th percentile"
36.9455407035176,12.0818819095477,0.246807307503447,"97.5th percentile"
37.0301396984925,12.0818819095477,0.49517077628727,"97.5th percentile"
37.1147386934673,12.0818819095477,0.49536159416611,"97.5th percentile"
37.1993376884422,12.0818819095477,0.48965323642343,"97.5th percentile"
37.2839366834171,12.0818819095477,0.494680075730974,"97.5th percentile"
37.368535678392,12.0818819095477,0.502753286494268,"97.5th percentile"
37.4531346733668,12.0818819095477,0.510844101968627,"97.5th percentile"
37.5377336683417,12.0818819095477,0.518948284885287,"97.5th percentile"
37.6223326633166,12.0818819095477,0.306423108867672,"97.5th percentile"
37.7069316582915,12.0818819095477,0.287014394236781,"97.5th percentile"
37.7915306532663,12.0818819095477,0.294740670094972,"97.5th percentile"
37.8761296482412,12.0818819095477,0.30280105216548,"97.5th percentile"
37.9607286432161,12.0818819095477,0.310172822020247,"97.5th percentile"
38.045327638191,12.0818819095477,0.309347670197524,"97.5th percentile"
38.1299266331658,12.0818819095477,0.347365808795285,"97.5th percentile"
38.2145256281407,12.0818819095477,0.396803304896891,"97.5th percentile"
38.2991246231156,12.0818819095477,0.393316385370588,"97.5th percentile"
38.3837236180904,12.0818819095477,0.419429287616681,"97.5th percentile"
38.4683226130653,12.0818819095477,0.413657961649244,"97.5th percentile"
38.5529216080402,12.0818819095477,0.449442429678629,"97.5th percentile"
38.6375206030151,12.0818819095477,0.467828893856267,"97.5th percentile"
38.72211959799,12.0818819095477,0.466476329235293,"97.5th percentile"
38.8067185929648,12.0818819095477,0.422657643598805,"97.5th percentile"
38.8913175879397,12.0818819095477,0.417632307593145,"97.5th percentile"
38.9759165829146,12.0818819095477,0.459133476711828,"97.5th percentile"
39.0605155778894,12.0818819095477,0.469844075632294,"97.5th percentile"
39.1451145728643,12.0818819095477,0.494098219974803,"97.5th percentile"
39.2297135678392,12.0818819095477,0.509094521218018,"97.5th percentile"
39.3143125628141,12.0818819095477,0.521316428316827,"97.5th percentile"
39.3989115577889,12.0818819095477,0.528484816387943,"97.5th percentile"
39.4835105527638,12.0818819095477,0.470869013100531,"97.5th percentile"
39.5681095477387,12.0818819095477,0.422547670998214,"97.5th percentile"
39.6527085427136,12.0818819095477,0.370970942361488,"97.5th percentile"
39.7373075376884,12.0818819095477,0.362157119500826,"97.5th percentile"
39.8219065326633,12.0818819095477,0.363496756141578,"97.5th percentile"
39.9065055276382,12.0818819095477,0.392729824691764,"97.5th percentile"
39.9911045226131,12.0818819095477,0.344679187462544,"97.5th percentile"
40.0757035175879,12.0818819095477,0.369969274627884,"97.5th percentile"
40.1603025125628,12.0818819095477,0.384544741046492,"97.5th percentile"
40.2449015075377,12.0818819095477,0.350971253166676,"97.5th percentile"
40.3295005025126,12.0818819095477,0.366872965490739,"97.5th percentile"
40.4140994974874,12.0818819095477,0.305751782609609,"97.5th percentile"
40.4986984924623,12.0818819095477,0.332717557599589,"97.5th percentile"
40.5832974874372,12.0818819095477,0.280926614099512,"97.5th percentile"
40.6678964824121,12.0818819095477,0.308994979641667,"97.5th percentile"
40.7524954773869,12.0818819095477,0.2861741830165,"97.5th percentile"
40.8370944723618,12.0818819095477,0.280855969888621,"97.5th percentile"
40.9216934673367,12.0818819095477,0.281247227915057,"97.5th percentile"
41.0062924623116,12.0818819095477,0.235503205712669,"97.5th percentile"
41.0908914572864,12.0818819095477,0.281439763465711,"97.5th percentile"
41.1754904522613,12.0818819095477,0.295117614371932,"97.5th percentile"
41.2600894472362,12.0818819095477,0.31542417328279,"97.5th percentile"
41.344688442211,12.0818819095477,0.33222083369551,"97.5th percentile"
41.4292874371859,12.0818819095477,0.370301266898122,"97.5th percentile"
41.5138864321608,12.0818819095477,0.401167113561704,"97.5th percentile"
41.5984854271357,12.0818819095477,0.433601529695034,"97.5th percentile"
41.6830844221106,12.0818819095477,0.463140061218657,"97.5th percentile"
41.7676834170854,12.0818819095477,0.504030606923426,"97.5th percentile"
41.8522824120603,12.0818819095477,0.535130837740421,"97.5th percentile"
41.9368814070352,12.0818819095477,0.575585368858359,"97.5th percentile"
35.4227587939698,12.1499085427136,0.470047519734147,"97.5th percentile"
35.5073577889447,12.1499085427136,0.484982472172047,"97.5th percentile"
35.5919567839196,12.1499085427136,0.447300438680572,"97.5th percentile"
35.6765557788945,12.1499085427136,0.453732218116888,"97.5th percentile"
35.7611547738694,12.1499085427136,0.466241858468587,"97.5th percentile"
35.8457537688442,12.1499085427136,0.434168764190974,"97.5th percentile"
35.9303527638191,12.1499085427136,0.455278157314794,"97.5th percentile"
36.014951758794,12.1499085427136,0.419909783277563,"97.5th percentile"
36.0995507537688,12.1499085427136,0.427251320505789,"97.5th percentile"
36.1841497487437,12.1499085427136,0.39716880995864,"97.5th percentile"
36.2687487437186,12.1499085427136,0.385063030351616,"97.5th percentile"
36.3533477386935,12.1499085427136,0.379329538752474,"97.5th percentile"
36.4379467336683,12.1499085427136,0.404636138717594,"97.5th percentile"
36.5225457286432,12.1499085427136,0.377132956187675,"97.5th percentile"
36.6071447236181,12.1499085427136,0.350569956553632,"97.5th percentile"
36.691743718593,12.1499085427136,0.340997341015029,"97.5th percentile"
36.7763427135678,12.1499085427136,0.307424431240004,"97.5th percentile"
36.8609417085427,12.1499085427136,0.312962426832121,"97.5th percentile"
36.9455407035176,12.1499085427136,0.247006481720322,"97.5th percentile"
37.0301396984925,12.1499085427136,0.303484697607181,"97.5th percentile"
37.1147386934673,12.1499085427136,0.498461098442552,"97.5th percentile"
37.1993376884422,12.1499085427136,0.492646856915906,"97.5th percentile"
37.2839366834171,12.1499085427136,0.489408561781354,"97.5th percentile"
37.368535678392,12.1499085427136,0.497472439787889,"97.5th percentile"
37.4531346733668,12.1499085427136,0.505556617210439,"97.5th percentile"
37.5377336683417,12.1499085427136,0.513656893955134,"97.5th percentile"
37.6223326633166,12.1499085427136,0.289480467721346,"97.5th percentile"
37.7069316582915,12.1499085427136,0.276769213970733,"97.5th percentile"
37.7915306532663,12.1499085427136,0.286240239625797,"97.5th percentile"
37.8761296482412,12.1499085427136,0.319898858418029,"97.5th percentile"
37.9607286432161,12.1499085427136,0.320926368906745,"97.5th percentile"
38.045327638191,12.1499085427136,0.293972521104694,"97.5th percentile"
38.1299266331658,12.1499085427136,0.332887398837255,"97.5th percentile"
38.2145256281407,12.1499085427136,0.329305182132955,"97.5th percentile"
38.2991246231156,12.1499085427136,0.394556515468939,"97.5th percentile"
38.3837236180904,12.1499085427136,0.419477274377961,"97.5th percentile"
38.4683226130653,12.1499085427136,0.419613564005685,"97.5th percentile"
38.5529216080402,12.1499085427136,0.436532365228879,"97.5th percentile"
38.6375206030151,12.1499085427136,0.447589689040151,"97.5th percentile"
38.72211959799,12.1499085427136,0.438030402500215,"97.5th percentile"
38.8067185929648,12.1499085427136,0.436461631237118,"97.5th percentile"
38.8913175879397,12.1499085427136,0.450671877218904,"97.5th percentile"
38.9759165829146,12.1499085427136,0.461878907558554,"97.5th percentile"
39.0605155778894,12.1499085427136,0.469397357014619,"97.5th percentile"
39.1451145728643,12.1499085427136,0.500532514556728,"97.5th percentile"
39.2297135678392,12.1499085427136,0.501045136828208,"97.5th percentile"
39.3143125628141,12.1499085427136,0.475256851899263,"97.5th percentile"
39.3989115577889,12.1499085427136,0.472668862890775,"97.5th percentile"
39.4835105527638,12.1499085427136,0.421245757946527,"97.5th percentile"
39.5681095477387,12.1499085427136,0.386317555991405,"97.5th percentile"
39.6527085427136,12.1499085427136,0.343181655822878,"97.5th percentile"
39.7373075376884,12.1499085427136,0.339782497957263,"97.5th percentile"
39.8219065326633,12.1499085427136,0.320129899016346,"97.5th percentile"
39.9065055276382,12.1499085427136,0.338882746839846,"97.5th percentile"
39.9911045226131,12.1499085427136,0.31865761362881,"97.5th percentile"
40.0757035175879,12.1499085427136,0.356957300729563,"97.5th percentile"
40.1603025125628,12.1499085427136,0.35145237026784,"97.5th percentile"
40.2449015075377,12.1499085427136,0.34956690877598,"97.5th percentile"
40.3295005025126,12.1499085427136,0.32652012494814,"97.5th percentile"
40.4140994974874,12.1499085427136,0.343911645756896,"97.5th percentile"
40.4986984924623,12.1499085427136,0.281107707135725,"97.5th percentile"
40.5832974874372,12.1499085427136,0.30352910294896,"97.5th percentile"
40.6678964824121,12.1499085427136,0.294522928347243,"97.5th percentile"
40.7524954773869,12.1499085427136,0.284607492937836,"97.5th percentile"
40.8370944723618,12.1499085427136,0.274603100948037,"97.5th percentile"
40.9216934673367,12.1499085427136,0.249855167823523,"97.5th percentile"
41.0062924623116,12.1499085427136,0.247043702267107,"97.5th percentile"
41.0908914572864,12.1499085427136,0.253742180617452,"97.5th percentile"
41.1754904522613,12.1499085427136,0.262919321919031,"97.5th percentile"
41.2600894472362,12.1499085427136,0.27031433175325,"97.5th percentile"
41.344688442211,12.1499085427136,0.288073331595388,"97.5th percentile"
41.4292874371859,12.1499085427136,0.321198823868655,"97.5th percentile"
41.5138864321608,12.1499085427136,0.345909402854676,"97.5th percentile"
41.5984854271357,12.1499085427136,0.378592718775036,"97.5th percentile"
41.6830844221106,12.1499085427136,0.356040006685474,"97.5th percentile"
41.7676834170854,12.1499085427136,0.40425367083836,"97.5th percentile"
41.8522824120603,12.1499085427136,0.485064664850585,"97.5th percentile"
41.9368814070352,12.1499085427136,0.521349092755496,"97.5th percentile"
42.02148040201,12.1499085427136,0.557571809098335,"97.5th percentile"
35.5073577889447,12.2179351758794,0.529496594605003,"97.5th percentile"
35.5919567839196,12.2179351758794,0.482786099918475,"97.5th percentile"
35.6765557788945,12.2179351758794,0.458935713258338,"97.5th percentile"
35.7611547738694,12.2179351758794,0.448009271655894,"97.5th percentile"
35.8457537688442,12.2179351758794,0.450143162065539,"97.5th percentile"
35.9303527638191,12.2179351758794,0.46769211484573,"97.5th percentile"
36.014951758794,12.2179351758794,0.423700840099254,"97.5th percentile"
36.0995507537688,12.2179351758794,0.415683395035939,"97.5th percentile"
36.1841497487437,12.2179351758794,0.394717341544836,"97.5th percentile"
36.2687487437186,12.2179351758794,0.385700367381487,"97.5th percentile"
36.3533477386935,12.2179351758794,0.386143367180813,"97.5th percentile"
36.4379467336683,12.2179351758794,0.396605457012885,"97.5th percentile"
36.5225457286432,12.2179351758794,0.37303340148132,"97.5th percentile"
36.6071447236181,12.2179351758794,0.388100896638645,"97.5th percentile"
36.691743718593,12.2179351758794,0.370947715260165,"97.5th percentile"
36.7763427135678,12.2179351758794,0.323171813114778,"97.5th percentile"
36.8609417085427,12.2179351758794,0.339813034511417,"97.5th percentile"
36.9455407035176,12.2179351758794,0.260571506427493,"97.5th percentile"
37.0301396984925,12.2179351758794,0.256771203013159,"97.5th percentile"
37.1147386934673,12.2179351758794,0.501629637868043,"97.5th percentile"
37.1993376884422,12.2179351758794,0.269163472106928,"97.5th percentile"
37.2839366834171,12.2179351758794,0.29865426416793,"97.5th percentile"
37.368535678392,12.2179351758794,0.49220502624662,"97.5th percentile"
37.4531346733668,12.2179351758794,0.500280813377172,"97.5th percentile"
37.5377336683417,12.2179351758794,0.508375405951386,"97.5th percentile"
37.6223326633166,12.2179351758794,0.255373293439672,"97.5th percentile"
37.7069316582915,12.2179351758794,0.27827427964626,"97.5th percentile"
37.7915306532663,12.2179351758794,0.298233375915254,"97.5th percentile"
37.8761296482412,12.2179351758794,0.364892244295886,"97.5th percentile"
37.9607286432161,12.2179351758794,0.332242818322543,"97.5th percentile"
38.045327638191,12.2179351758794,0.328037067827961,"97.5th percentile"
38.1299266331658,12.2179351758794,0.332659373568237,"97.5th percentile"
38.2145256281407,12.2179351758794,0.377014049295778,"97.5th percentile"
38.2991246231156,12.2179351758794,0.411912193747725,"97.5th percentile"
38.3837236180904,12.2179351758794,0.438427689267922,"97.5th percentile"
38.4683226130653,12.2179351758794,0.447371668648596,"97.5th percentile"
38.5529216080402,12.2179351758794,0.452214510847458,"97.5th percentile"
38.6375206030151,12.2179351758794,0.381998485151143,"97.5th percentile"
38.72211959799,12.2179351758794,0.409249139897292,"97.5th percentile"
38.8067185929648,12.2179351758794,0.420142030264232,"97.5th percentile"
38.8913175879397,12.2179351758794,0.444219385352579,"97.5th percentile"
38.9759165829146,12.2179351758794,0.487402257960671,"97.5th percentile"
39.0605155778894,12.2179351758794,0.471268923448601,"97.5th percentile"
39.1451145728643,12.2179351758794,0.514404713361023,"97.5th percentile"
39.2297135678392,12.2179351758794,0.515826620605909,"97.5th percentile"
39.3143125628141,12.2179351758794,0.481847306815405,"97.5th percentile"
39.3989115577889,12.2179351758794,0.466102044050399,"97.5th percentile"
39.4835105527638,12.2179351758794,0.402775959593438,"97.5th percentile"
39.5681095477387,12.2179351758794,0.366245534449613,"97.5th percentile"
39.6527085427136,12.2179351758794,0.328255253675526,"97.5th percentile"
39.7373075376884,12.2179351758794,0.339422572266192,"97.5th percentile"
39.8219065326633,12.2179351758794,0.317514794210712,"97.5th percentile"
39.9065055276382,12.2179351758794,0.315469391584315,"97.5th percentile"
39.9911045226131,12.2179351758794,0.365036033787972,"97.5th percentile"
40.0757035175879,12.2179351758794,0.359692116689937,"97.5th percentile"
40.1603025125628,12.2179351758794,0.266670230744435,"97.5th percentile"
40.2449015075377,12.2179351758794,0.346837506618018,"97.5th percentile"
40.3295005025126,12.2179351758794,0.342447015195398,"97.5th percentile"
40.4140994974874,12.2179351758794,0.322642579068417,"97.5th percentile"
40.4986984924623,12.2179351758794,0.286022211389273,"97.5th percentile"
40.5832974874372,12.2179351758794,0.287820638256528,"97.5th percentile"
40.6678964824121,12.2179351758794,0.283264999896544,"97.5th percentile"
40.7524954773869,12.2179351758794,0.232135539602446,"97.5th percentile"
40.8370944723618,12.2179351758794,0.255172379094461,"97.5th percentile"
40.9216934673367,12.2179351758794,0.236566748575668,"97.5th percentile"
41.0062924623116,12.2179351758794,0.220768275434549,"97.5th percentile"
41.0908914572864,12.2179351758794,0.227150968447806,"97.5th percentile"
41.1754904522613,12.2179351758794,0.230334246758309,"97.5th percentile"
41.2600894472362,12.2179351758794,0.240646109284408,"97.5th percentile"
41.344688442211,12.2179351758794,0.251711571215883,"97.5th percentile"
41.4292874371859,12.2179351758794,0.276282852410267,"97.5th percentile"
41.5138864321608,12.2179351758794,0.306414635160096,"97.5th percentile"
41.5984854271357,12.2179351758794,0.316294898380765,"97.5th percentile"
41.6830844221106,12.2179351758794,0.356125489061961,"97.5th percentile"
41.7676834170854,12.2179351758794,0.391537500947454,"97.5th percentile"
41.8522824120603,12.2179351758794,0.429383598655372,"97.5th percentile"
41.9368814070352,12.2179351758794,0.46460293598749,"97.5th percentile"
42.02148040201,12.2179351758794,0.501056304619729,"97.5th percentile"
35.5919567839196,12.2859618090452,0.49382709389809,"97.5th percentile"
35.6765557788945,12.2859618090452,0.496190157766694,"97.5th percentile"
35.7611547738694,12.2859618090452,0.513577537693486,"97.5th percentile"
35.8457537688442,12.2859618090452,0.448831546215807,"97.5th percentile"
35.9303527638191,12.2859618090452,0.487165335516472,"97.5th percentile"
36.014951758794,12.2859618090452,0.435523822384518,"97.5th percentile"
36.0995507537688,12.2859618090452,0.418263876468651,"97.5th percentile"
36.1841497487437,12.2859618090452,0.401493113239403,"97.5th percentile"
36.2687487437186,12.2859618090452,0.393307048658798,"97.5th percentile"
36.3533477386935,12.2859618090452,0.433216067442336,"97.5th percentile"
36.4379467336683,12.2859618090452,0.42110799520193,"97.5th percentile"
36.5225457286432,12.2859618090452,0.413413432135212,"97.5th percentile"
36.6071447236181,12.2859618090452,0.392597676085642,"97.5th percentile"
36.691743718593,12.2859618090452,0.367250616575318,"97.5th percentile"
36.7763427135678,12.2859618090452,0.35985102845241,"97.5th percentile"
36.8609417085427,12.2859618090452,0.344355527325394,"97.5th percentile"
36.9455407035176,12.2859618090452,0.332684525548645,"97.5th percentile"
37.0301396984925,12.2859618090452,0.277134065777239,"97.5th percentile"
37.1147386934673,12.2859618090452,0.251500569331298,"97.5th percentile"
37.1993376884422,12.2859618090452,0.236019163811251,"97.5th percentile"
37.2839366834171,12.2859618090452,0.246250161127855,"97.5th percentile"
37.368535678392,12.2859618090452,0.254371052754127,"97.5th percentile"
37.4531346733668,12.2859618090452,0.371850561510037,"97.5th percentile"
37.5377336683417,12.2859618090452,0.26042294010466,"97.5th percentile"
37.6223326633166,12.2859618090452,0.260662661316658,"97.5th percentile"
37.7069316582915,12.2859618090452,0.320684054999499,"97.5th percentile"
37.7915306532663,12.2859618090452,0.305796273166488,"97.5th percentile"
37.8761296482412,12.2859618090452,0.318714095233657,"97.5th percentile"
37.9607286432161,12.2859618090452,0.351445934035813,"97.5th percentile"
38.045327638191,12.2859618090452,0.332277461887799,"97.5th percentile"
38.1299266331658,12.2859618090452,0.375828381077056,"97.5th percentile"
38.2145256281407,12.2859618090452,0.378049804125058,"97.5th percentile"
38.2991246231156,12.2859618090452,0.393822940130211,"97.5th percentile"
38.3837236180904,12.2859618090452,0.425797071645993,"97.5th percentile"
38.4683226130653,12.2859618090452,0.429593959099894,"97.5th percentile"
38.5529216080402,12.2859618090452,0.441381353498853,"97.5th percentile"
38.6375206030151,12.2859618090452,0.415464417953265,"97.5th percentile"
38.72211959799,12.2859618090452,0.442290805793966,"97.5th percentile"
38.8067185929648,12.2859618090452,0.456010197675709,"97.5th percentile"
38.8913175879397,12.2859618090452,0.464521151870973,"97.5th percentile"
38.9759165829146,12.2859618090452,0.451105059509819,"97.5th percentile"
39.0605155778894,12.2859618090452,0.480857599161007,"97.5th percentile"
39.1451145728643,12.2859618090452,0.51499302766551,"97.5th percentile"
39.2297135678392,12.2859618090452,0.485672807659284,"97.5th percentile"
39.3143125628141,12.2859618090452,0.42987352430674,"97.5th percentile"
39.3989115577889,12.2859618090452,0.447422780333146,"97.5th percentile"
39.4835105527638,12.2859618090452,0.372864507341144,"97.5th percentile"
39.5681095477387,12.2859618090452,0.327688741772579,"97.5th percentile"
39.6527085427136,12.2859618090452,0.29825575654627,"97.5th percentile"
39.7373075376884,12.2859618090452,0.30598074599445,"97.5th percentile"
39.8219065326633,12.2859618090452,0.290462090045428,"97.5th percentile"
39.9065055276382,12.2859618090452,0.336612810910672,"97.5th percentile"
39.9911045226131,12.2859618090452,0.323240565389193,"97.5th percentile"
40.0757035175879,12.2859618090452,0.316161801159888,"97.5th percentile"
40.1603025125628,12.2859618090452,0.297636042003691,"97.5th percentile"
40.2449015075377,12.2859618090452,0.287795480909892,"97.5th percentile"
40.3295005025126,12.2859618090452,0.297418094544576,"97.5th percentile"
40.4140994974874,12.2859618090452,0.279015926432751,"97.5th percentile"
40.4986984924623,12.2859618090452,0.281184304531248,"97.5th percentile"
40.5832974874372,12.2859618090452,0.257387608527811,"97.5th percentile"
40.6678964824121,12.2859618090452,0.252641140941729,"97.5th percentile"
40.7524954773869,12.2859618090452,0.244758584988934,"97.5th percentile"
40.8370944723618,12.2859618090452,0.235048561540815,"97.5th percentile"
40.9216934673367,12.2859618090452,0.218589629162374,"97.5th percentile"
41.0062924623116,12.2859618090452,0.183005375339893,"97.5th percentile"
41.0908914572864,12.2859618090452,0.206604335135688,"97.5th percentile"
41.1754904522613,12.2859618090452,0.208588886018634,"97.5th percentile"
41.2600894472362,12.2859618090452,0.209765739573471,"97.5th percentile"
41.344688442211,12.2859618090452,0.228068105415896,"97.5th percentile"
41.4292874371859,12.2859618090452,0.219411636847024,"97.5th percentile"
41.5138864321608,12.2859618090452,0.265733719301745,"97.5th percentile"
41.5984854271357,12.2859618090452,0.289410011914014,"97.5th percentile"
41.6830844221106,12.2859618090452,0.313403178085069,"97.5th percentile"
41.7676834170854,12.2859618090452,0.343710902693868,"97.5th percentile"
41.8522824120603,12.2859618090452,0.373799518409216,"97.5th percentile"
41.9368814070352,12.2859618090452,0.409547852979878,"97.5th percentile"
42.02148040201,12.2859618090452,0.445671583263949,"97.5th percentile"
42.1060793969849,12.2859618090452,0.477167043056078,"97.5th percentile"
35.5919567839196,12.3539884422111,0.480385128592691,"97.5th percentile"
35.6765557788945,12.3539884422111,0.465298607966288,"97.5th percentile"
35.7611547738694,12.3539884422111,0.513809698892768,"97.5th percentile"
35.8457537688442,12.3539884422111,0.426511913622946,"97.5th percentile"
35.9303527638191,12.3539884422111,0.478928687557217,"97.5th percentile"
36.014951758794,12.3539884422111,0.46933152626847,"97.5th percentile"
36.0995507537688,12.3539884422111,0.435187942675192,"97.5th percentile"
36.1841497487437,12.3539884422111,0.414652093566565,"97.5th percentile"
36.2687487437186,12.3539884422111,0.418254757242687,"97.5th percentile"
36.3533477386935,12.3539884422111,0.397999152285394,"97.5th percentile"
36.4379467336683,12.3539884422111,0.412768365487545,"97.5th percentile"
36.5225457286432,12.3539884422111,0.394826366374044,"97.5th percentile"
36.6071447236181,12.3539884422111,0.369929382799364,"97.5th percentile"
36.691743718593,12.3539884422111,0.372730474204012,"97.5th percentile"
36.7763427135678,12.3539884422111,0.346607454707296,"97.5th percentile"
36.8609417085427,12.3539884422111,0.344157059417242,"97.5th percentile"
36.9455407035176,12.3539884422111,0.331697277125758,"97.5th percentile"
37.0301396984925,12.3539884422111,0.233049403936444,"97.5th percentile"
37.1147386934673,12.3539884422111,0.242258911584438,"97.5th percentile"
37.1993376884422,12.3539884422111,0.237609325691261,"97.5th percentile"
37.2839366834171,12.3539884422111,0.228084211274164,"97.5th percentile"
37.368535678392,12.3539884422111,0.233648056008497,"97.5th percentile"
37.4531346733668,12.3539884422111,0.242568465437432,"97.5th percentile"
37.5377336683417,12.3539884422111,0.242188918045153,"97.5th percentile"
37.6223326633166,12.3539884422111,0.272422417876704,"97.5th percentile"
37.7069316582915,12.3539884422111,0.266376491715043,"97.5th percentile"
37.7915306532663,12.3539884422111,0.306396455491511,"97.5th percentile"
37.8761296482412,12.3539884422111,0.297953663946055,"97.5th percentile"
37.9607286432161,12.3539884422111,0.326156560881648,"97.5th percentile"
38.045327638191,12.3539884422111,0.305353801424791,"97.5th percentile"
38.1299266331658,12.3539884422111,0.314749654296407,"97.5th percentile"
38.2145256281407,12.3539884422111,0.384436630555082,"97.5th percentile"
38.2991246231156,12.3539884422111,0.386737499934135,"97.5th percentile"
38.3837236180904,12.3539884422111,0.405870672349826,"97.5th percentile"
38.4683226130653,12.3539884422111,0.425035454683538,"97.5th percentile"
38.5529216080402,12.3539884422111,0.42206016018873,"97.5th percentile"
38.6375206030151,12.3539884422111,0.37398776092862,"97.5th percentile"
38.72211959799,12.3539884422111,0.414466125467259,"97.5th percentile"
38.8067185929648,12.3539884422111,0.42048955412581,"97.5th percentile"
38.8913175879397,12.3539884422111,0.410523085144988,"97.5th percentile"
38.9759165829146,12.3539884422111,0.454432816896292,"97.5th percentile"
39.0605155778894,12.3539884422111,0.4958114878022,"97.5th percentile"
39.1451145728643,12.3539884422111,0.479729145575503,"97.5th percentile"
39.2297135678392,12.3539884422111,0.436183221890564,"97.5th percentile"
39.3143125628141,12.3539884422111,0.382948043707866,"97.5th percentile"
39.3989115577889,12.3539884422111,0.370399073108748,"97.5th percentile"
39.4835105527638,12.3539884422111,0.336427968308687,"97.5th percentile"
39.5681095477387,12.3539884422111,0.295988272872894,"97.5th percentile"
39.6527085427136,12.3539884422111,0.282788893053094,"97.5th percentile"
39.7373075376884,12.3539884422111,0.28567376765462,"97.5th percentile"
39.8219065326633,12.3539884422111,0.289817568411475,"97.5th percentile"
39.9065055276382,12.3539884422111,0.343682269882292,"97.5th percentile"
39.9911045226131,12.3539884422111,0.344609672393037,"97.5th percentile"
40.0757035175879,12.3539884422111,0.326641115417605,"97.5th percentile"
40.1603025125628,12.3539884422111,0.251795906645086,"97.5th percentile"
40.2449015075377,12.3539884422111,0.293976849442065,"97.5th percentile"
40.3295005025126,12.3539884422111,0.228327237500812,"97.5th percentile"
40.4140994974874,12.3539884422111,0.25137605300459,"97.5th percentile"
40.4986984924623,12.3539884422111,0.261951877939216,"97.5th percentile"
40.5832974874372,12.3539884422111,0.251528066443596,"97.5th percentile"
40.6678964824121,12.3539884422111,0.2308385141135,"97.5th percentile"
40.7524954773869,12.3539884422111,0.226632720862539,"97.5th percentile"
40.8370944723618,12.3539884422111,0.225006693746258,"97.5th percentile"
40.9216934673367,12.3539884422111,0.204722536660803,"97.5th percentile"
41.0062924623116,12.3539884422111,0.197456830331601,"97.5th percentile"
41.0908914572864,12.3539884422111,0.172969462405195,"97.5th percentile"
41.1754904522613,12.3539884422111,0.183888909179063,"97.5th percentile"
41.2600894472362,12.3539884422111,0.191346597925956,"97.5th percentile"
41.344688442211,12.3539884422111,0.195573851209338,"97.5th percentile"
41.4292874371859,12.3539884422111,0.208113085057653,"97.5th percentile"
41.5138864321608,12.3539884422111,0.228430842019599,"97.5th percentile"
41.5984854271357,12.3539884422111,0.250092080512984,"97.5th percentile"
41.6830844221106,12.3539884422111,0.270036406658501,"97.5th percentile"
41.7676834170854,12.3539884422111,0.298133252420848,"97.5th percentile"
41.8522824120603,12.3539884422111,0.325037701281528,"97.5th percentile"
41.9368814070352,12.3539884422111,0.358012270541297,"97.5th percentile"
42.02148040201,12.3539884422111,0.391181803541399,"97.5th percentile"
42.1060793969849,12.3539884422111,0.424540090414467,"97.5th percentile"
42.1906783919598,12.3539884422111,0.461555641399485,"97.5th percentile"
35.6765557788945,12.4220150753769,0.470029065930942,"97.5th percentile"
35.7611547738694,12.4220150753769,0.513021710342211,"97.5th percentile"
35.8457537688442,12.4220150753769,0.495488557774138,"97.5th percentile"
35.9303527638191,12.4220150753769,0.482614958274827,"97.5th percentile"
36.014951758794,12.4220150753769,0.428688146975002,"97.5th percentile"
36.0995507537688,12.4220150753769,0.449444392802556,"97.5th percentile"
36.1841497487437,12.4220150753769,0.468989903319684,"97.5th percentile"
36.2687487437186,12.4220150753769,0.427016908153026,"97.5th percentile"
36.3533477386935,12.4220150753769,0.426130565000177,"97.5th percentile"
36.4379467336683,12.4220150753769,0.407089014707265,"97.5th percentile"
36.5225457286432,12.4220150753769,0.412022034924432,"97.5th percentile"
36.6071447236181,12.4220150753769,0.362001891780637,"97.5th percentile"
36.691743718593,12.4220150753769,0.399654033359067,"97.5th percentile"
36.7763427135678,12.4220150753769,0.346719999435116,"97.5th percentile"
36.8609417085427,12.4220150753769,0.33034630835225,"97.5th percentile"
36.9455407035176,12.4220150753769,0.303466087962108,"97.5th percentile"
37.0301396984925,12.4220150753769,0.234844101569863,"97.5th percentile"
37.1147386934673,12.4220150753769,0.248080310106923,"97.5th percentile"
37.1993376884422,12.4220150753769,0.248826241066863,"97.5th percentile"
37.2839366834171,12.4220150753769,0.233929791913094,"97.5th percentile"
37.368535678392,12.4220150753769,0.225848934846959,"97.5th percentile"
37.4531346733668,12.4220150753769,0.23385783527921,"97.5th percentile"
37.5377336683417,12.4220150753769,0.247540318889673,"97.5th percentile"
37.6223326633166,12.4220150753769,0.267623842431861,"97.5th percentile"
37.7069316582915,12.4220150753769,0.265223706686186,"97.5th percentile"
37.7915306532663,12.4220150753769,0.252274397373522,"97.5th percentile"
37.8761296482412,12.4220150753769,0.316732142848159,"97.5th percentile"
37.9607286432161,12.4220150753769,0.336547815697673,"97.5th percentile"
38.045327638191,12.4220150753769,0.336056097717573,"97.5th percentile"
38.1299266331658,12.4220150753769,0.319606543165928,"97.5th percentile"
38.2145256281407,12.4220150753769,0.383998261027493,"97.5th percentile"
38.2991246231156,12.4220150753769,0.393667636191376,"97.5th percentile"
38.3837236180904,12.4220150753769,0.41512293673036,"97.5th percentile"
38.4683226130653,12.4220150753769,0.427548866101976,"97.5th percentile"
38.5529216080402,12.4220150753769,0.404056049274593,"97.5th percentile"
38.6375206030151,12.4220150753769,0.430706568039191,"97.5th percentile"
38.72211959799,12.4220150753769,0.400131971194105,"97.5th percentile"
38.8067185929648,12.4220150753769,0.423565947088978,"97.5th percentile"
38.8913175879397,12.4220150753769,0.39447146982215,"97.5th percentile"
38.9759165829146,12.4220150753769,0.442516802753102,"97.5th percentile"
39.0605155778894,12.4220150753769,0.452680609553864,"97.5th percentile"
39.1451145728643,12.4220150753769,0.437025066849307,"97.5th percentile"
39.2297135678392,12.4220150753769,0.436073401160611,"97.5th percentile"
39.3143125628141,12.4220150753769,0.366377900932558,"97.5th percentile"
39.3989115577889,12.4220150753769,0.417428563700123,"97.5th percentile"
39.4835105527638,12.4220150753769,0.330227382545337,"97.5th percentile"
39.5681095477387,12.4220150753769,0.300346935212216,"97.5th percentile"
39.6527085427136,12.4220150753769,0.259629166913166,"97.5th percentile"
39.7373075376884,12.4220150753769,0.27741669951728,"97.5th percentile"
39.8219065326633,12.4220150753769,0.265231495402588,"97.5th percentile"
39.9065055276382,12.4220150753769,0.284531450830171,"97.5th percentile"
39.9911045226131,12.4220150753769,0.271292160629942,"97.5th percentile"
40.0757035175879,12.4220150753769,0.288306782425935,"97.5th percentile"
40.1603025125628,12.4220150753769,0.248117066658353,"97.5th percentile"
40.2449015075377,12.4220150753769,0.265793352864923,"97.5th percentile"
40.3295005025126,12.4220150753769,0.270771930145702,"97.5th percentile"
40.4140994974874,12.4220150753769,0.252375510145745,"97.5th percentile"
40.4986984924623,12.4220150753769,0.24560225212062,"97.5th percentile"
40.5832974874372,12.4220150753769,0.236673611068984,"97.5th percentile"
40.6678964824121,12.4220150753769,0.229351593582995,"97.5th percentile"
40.7524954773869,12.4220150753769,0.218430760186871,"97.5th percentile"
40.8370944723618,12.4220150753769,0.210585020196917,"97.5th percentile"
40.9216934673367,12.4220150753769,0.19944295590874,"97.5th percentile"
41.0062924623116,12.4220150753769,0.167612808012718,"97.5th percentile"
41.0908914572864,12.4220150753769,0.156823114889497,"97.5th percentile"
41.1754904522613,12.4220150753769,0.165070148423699,"97.5th percentile"
41.2600894472362,12.4220150753769,0.170967104918841,"97.5th percentile"
41.344688442211,12.4220150753769,0.175926922962219,"97.5th percentile"
41.4292874371859,12.4220150753769,0.185758758376508,"97.5th percentile"
41.5138864321608,12.4220150753769,0.197805671047384,"97.5th percentile"
41.5984854271357,12.4220150753769,0.215232778451753,"97.5th percentile"
41.6830844221106,12.4220150753769,0.230106049122947,"97.5th percentile"
41.7676834170854,12.4220150753769,0.256555860658533,"97.5th percentile"
41.8522824120603,12.4220150753769,0.280760543771502,"97.5th percentile"
41.9368814070352,12.4220150753769,0.309915416834943,"97.5th percentile"
42.02148040201,12.4220150753769,0.313202430124872,"97.5th percentile"
42.1060793969849,12.4220150753769,0.371973894146183,"97.5th percentile"
42.1906783919598,12.4220150753769,0.406828188466209,"97.5th percentile"
35.7611547738694,12.4900417085427,0.514077087916011,"97.5th percentile"
35.8457537688442,12.4900417085427,0.476141720532764,"97.5th percentile"
35.9303527638191,12.4900417085427,0.440307856966424,"97.5th percentile"
36.014951758794,12.4900417085427,0.458309677144702,"97.5th percentile"
36.0995507537688,12.4900417085427,0.477154757186384,"97.5th percentile"
36.1841497487437,12.4900417085427,0.437912427517438,"97.5th percentile"
36.2687487437186,12.4900417085427,0.405248212586003,"97.5th percentile"
36.3533477386935,12.4900417085427,0.450617774102595,"97.5th percentile"
36.4379467336683,12.4900417085427,0.427826060113292,"97.5th percentile"
36.5225457286432,12.4900417085427,0.392081088732814,"97.5th percentile"
36.6071447236181,12.4900417085427,0.356513986078194,"97.5th percentile"
36.691743718593,12.4900417085427,0.395198519240252,"97.5th percentile"
36.7763427135678,12.4900417085427,0.372942218542339,"97.5th percentile"
36.8609417085427,12.4900417085427,0.340809861558365,"97.5th percentile"
36.9455407035176,12.4900417085427,0.330947668549196,"97.5th percentile"
37.0301396984925,12.4900417085427,0.237788203841254,"97.5th percentile"
37.1147386934673,12.4900417085427,0.258402866064119,"97.5th percentile"
37.1993376884422,12.4900417085427,0.257743213691297,"97.5th percentile"
37.2839366834171,12.4900417085427,0.236894768399643,"97.5th percentile"
37.368535678392,12.4900417085427,0.227938758968599,"97.5th percentile"
37.4531346733668,12.4900417085427,0.237392776384257,"97.5th percentile"
37.5377336683417,12.4900417085427,0.248360896618822,"97.5th percentile"
37.6223326633166,12.4900417085427,0.255012204349844,"97.5th percentile"
37.7069316582915,12.4900417085427,0.31122643233524,"97.5th percentile"
37.7915306532663,12.4900417085427,0.250191496986741,"97.5th percentile"
37.8761296482412,12.4900417085427,0.283339812669636,"97.5th percentile"
37.9607286432161,12.4900417085427,0.331110748999123,"97.5th percentile"
38.045327638191,12.4900417085427,0.325678343344344,"97.5th percentile"
38.1299266331658,12.4900417085427,0.3229916290304,"97.5th percentile"
38.2145256281407,12.4900417085427,0.336692307112082,"97.5th percentile"
38.2991246231156,12.4900417085427,0.391365165299246,"97.5th percentile"
38.3837236180904,12.4900417085427,0.404558957274477,"97.5th percentile"
38.4683226130653,12.4900417085427,0.408166080271143,"97.5th percentile"
38.5529216080402,12.4900417085427,0.441523098456563,"97.5th percentile"
38.6375206030151,12.4900417085427,0.422961534654067,"97.5th percentile"
38.72211959799,12.4900417085427,0.423400495346575,"97.5th percentile"
38.8067185929648,12.4900417085427,0.410679069193436,"97.5th percentile"
38.8913175879397,12.4900417085427,0.402951789528485,"97.5th percentile"
38.9759165829146,12.4900417085427,0.435271672604583,"97.5th percentile"
39.0605155778894,12.4900417085427,0.421266700493233,"97.5th percentile"
39.1451145728643,12.4900417085427,0.43192621671201,"97.5th percentile"
39.2297135678392,12.4900417085427,0.384548962833392,"97.5th percentile"
39.3143125628141,12.4900417085427,0.399960260164599,"97.5th percentile"
39.3989115577889,12.4900417085427,0.349212910732913,"97.5th percentile"
39.4835105527638,12.4900417085427,0.326920665472556,"97.5th percentile"
39.5681095477387,12.4900417085427,0.275504203959456,"97.5th percentile"
39.6527085427136,12.4900417085427,0.237560511423618,"97.5th percentile"
39.7373075376884,12.4900417085427,0.287483130511216,"97.5th percentile"
39.8219065326633,12.4900417085427,0.251281284191735,"97.5th percentile"
39.9065055276382,12.4900417085427,0.27326508496193,"97.5th percentile"
39.9911045226131,12.4900417085427,0.321946321639587,"97.5th percentile"
40.0757035175879,12.4900417085427,0.261965935662776,"97.5th percentile"
40.1603025125628,12.4900417085427,0.275846546910489,"97.5th percentile"
40.2449015075377,12.4900417085427,0.254278360157718,"97.5th percentile"
40.3295005025126,12.4900417085427,0.234158594934369,"97.5th percentile"
40.4140994974874,12.4900417085427,0.233923310364443,"97.5th percentile"
40.4986984924623,12.4900417085427,0.229935524821543,"97.5th percentile"
40.5832974874372,12.4900417085427,0.217797060039319,"97.5th percentile"
40.6678964824121,12.4900417085427,0.196426574588567,"97.5th percentile"
40.7524954773869,12.4900417085427,0.208496689434991,"97.5th percentile"
40.8370944723618,12.4900417085427,0.192411181855259,"97.5th percentile"
40.9216934673367,12.4900417085427,0.183077853700948,"97.5th percentile"
41.0062924623116,12.4900417085427,0.174802199959226,"97.5th percentile"
41.0908914572864,12.4900417085427,0.161646055457496,"97.5th percentile"
41.1754904522613,12.4900417085427,0.154538573542274,"97.5th percentile"
41.2600894472362,12.4900417085427,0.152541829782544,"97.5th percentile"
41.344688442211,12.4900417085427,0.150153793988862,"97.5th percentile"
41.4292874371859,12.4900417085427,0.162101683852075,"97.5th percentile"
41.5138864321608,12.4900417085427,0.171468419119535,"97.5th percentile"
41.5984854271357,12.4900417085427,0.185409651521957,"97.5th percentile"
41.6830844221106,12.4900417085427,0.194419263655538,"97.5th percentile"
41.7676834170854,12.4900417085427,0.216033372590688,"97.5th percentile"
41.8522824120603,12.4900417085427,0.242192405068066,"97.5th percentile"
41.9368814070352,12.4900417085427,0.262981129855864,"97.5th percentile"
42.02148040201,12.4900417085427,0.293914132553102,"97.5th percentile"
42.1060793969849,12.4900417085427,0.323170471997822,"97.5th percentile"
42.1906783919598,12.4900417085427,0.348363239065644,"97.5th percentile"
42.2752773869347,12.4900417085427,0.386381050663248,"97.5th percentile"
35.8457537688442,12.5580683417085,0.47187518882622,"97.5th percentile"
35.9303527638191,12.5580683417085,0.488653774133303,"97.5th percentile"
36.014951758794,12.5580683417085,0.483931985908207,"97.5th percentile"
36.0995507537688,12.5580683417085,0.480626207717425,"97.5th percentile"
36.1841497487437,12.5580683417085,0.448891888057896,"97.5th percentile"
36.2687487437186,12.5580683417085,0.436481064007779,"97.5th percentile"
36.3533477386935,12.5580683417085,0.414657761744886,"97.5th percentile"
36.4379467336683,12.5580683417085,0.44601348212593,"97.5th percentile"
36.5225457286432,12.5580683417085,0.383540483245191,"97.5th percentile"
36.6071447236181,12.5580683417085,0.40944987749659,"97.5th percentile"
36.691743718593,12.5580683417085,0.356934744156502,"97.5th percentile"
36.7763427135678,12.5580683417085,0.348155455956764,"97.5th percentile"
36.8609417085427,12.5580683417085,0.341752111660266,"97.5th percentile"
36.9455407035176,12.5580683417085,0.314760797171603,"97.5th percentile"
37.0301396984925,12.5580683417085,0.24106687709509,"97.5th percentile"
37.1147386934673,12.5580683417085,0.225698249193328,"97.5th percentile"
37.1993376884422,12.5580683417085,0.239816775516278,"97.5th percentile"
37.2839366834171,12.5580683417085,0.231712629889874,"97.5th percentile"
37.368535678392,12.5580683417085,0.231724098770773,"97.5th percentile"
37.4531346733668,12.5580683417085,0.238056889021316,"97.5th percentile"
37.5377336683417,12.5580683417085,0.26188364742389,"97.5th percentile"
37.6223326633166,12.5580683417085,0.298869829539406,"97.5th percentile"
37.7069316582915,12.5580683417085,0.272063787661501,"97.5th percentile"
37.7915306532663,12.5580683417085,0.281930636430823,"97.5th percentile"
37.8761296482412,12.5580683417085,0.314555300617,"97.5th percentile"
37.9607286432161,12.5580683417085,0.334907145727029,"97.5th percentile"
38.045327638191,12.5580683417085,0.310558653970037,"97.5th percentile"
38.1299266331658,12.5580683417085,0.35062201619017,"97.5th percentile"
38.2145256281407,12.5580683417085,0.354342542060105,"97.5th percentile"
38.2991246231156,12.5580683417085,0.358703777520601,"97.5th percentile"
38.3837236180904,12.5580683417085,0.428669097785756,"97.5th percentile"
38.4683226130653,12.5580683417085,0.423830811716725,"97.5th percentile"
38.5529216080402,12.5580683417085,0.448977105933574,"97.5th percentile"
38.6375206030151,12.5580683417085,0.456182132927004,"97.5th percentile"
38.72211959799,12.5580683417085,0.448626784093416,"97.5th percentile"
38.8067185929648,12.5580683417085,0.404959811726883,"97.5th percentile"
38.8913175879397,12.5580683417085,0.415329245647177,"97.5th percentile"
38.9759165829146,12.5580683417085,0.407623327726298,"97.5th percentile"
39.0605155778894,12.5580683417085,0.422030478066113,"97.5th percentile"
39.1451145728643,12.5580683417085,0.41104521145051,"97.5th percentile"
39.2297135678392,12.5580683417085,0.369878598778156,"97.5th percentile"
39.3143125628141,12.5580683417085,0.36173452635308,"97.5th percentile"
39.3989115577889,12.5580683417085,0.330237413827582,"97.5th percentile"
39.4835105527638,12.5580683417085,0.300910994747501,"97.5th percentile"
39.5681095477387,12.5580683417085,0.263134443025378,"97.5th percentile"
39.6527085427136,12.5580683417085,0.242996407549108,"97.5th percentile"
39.7373075376884,12.5580683417085,0.245789796254164,"97.5th percentile"
39.8219065326633,12.5580683417085,0.234696092482329,"97.5th percentile"
39.9065055276382,12.5580683417085,0.242954906365435,"97.5th percentile"
39.9911045226131,12.5580683417085,0.272470212645264,"97.5th percentile"
40.0757035175879,12.5580683417085,0.270898992160529,"97.5th percentile"
40.1603025125628,12.5580683417085,0.283254609533691,"97.5th percentile"
40.2449015075377,12.5580683417085,0.256254750930145,"97.5th percentile"
40.3295005025126,12.5580683417085,0.177740513066781,"97.5th percentile"
40.4140994974874,12.5580683417085,0.220409351761401,"97.5th percentile"
40.4986984924623,12.5580683417085,0.182004210071345,"97.5th percentile"
40.5832974874372,12.5580683417085,0.204091888370837,"97.5th percentile"
40.6678964824121,12.5580683417085,0.161035094672501,"97.5th percentile"
40.7524954773869,12.5580683417085,0.193746381050303,"97.5th percentile"
40.8370944723618,12.5580683417085,0.180046942664061,"97.5th percentile"
40.9216934673367,12.5580683417085,0.172980155175293,"97.5th percentile"
41.0062924623116,12.5580683417085,0.16358415373645,"97.5th percentile"
41.0908914572864,12.5580683417085,0.154578991274849,"97.5th percentile"
41.1754904522613,12.5580683417085,0.144056658328399,"97.5th percentile"
41.2600894472362,12.5580683417085,0.139029074571518,"97.5th percentile"
41.344688442211,12.5580683417085,0.138035869670563,"97.5th percentile"
41.4292874371859,12.5580683417085,0.141228556851136,"97.5th percentile"
41.5138864321608,12.5580683417085,0.147592412560366,"97.5th percentile"
41.5984854271357,12.5580683417085,0.159570846353117,"97.5th percentile"
41.6830844221106,12.5580683417085,0.172814112600401,"97.5th percentile"
41.7676834170854,12.5580683417085,0.188420085276744,"97.5th percentile"
41.8522824120603,12.5580683417085,0.207200520685422,"97.5th percentile"
41.9368814070352,12.5580683417085,0.223307973457102,"97.5th percentile"
42.02148040201,12.5580683417085,0.251551206288864,"97.5th percentile"
42.1060793969849,12.5580683417085,0.277960394457036,"97.5th percentile"
42.1906783919598,12.5580683417085,0.305846574799535,"97.5th percentile"
42.2752773869347,12.5580683417085,0.327754524949185,"97.5th percentile"
35.9303527638191,12.6260949748744,0.512250903578324,"97.5th percentile"
36.014951758794,12.6260949748744,0.479044955382195,"97.5th percentile"
36.0995507537688,12.6260949748744,0.440296552938944,"97.5th percentile"
36.1841497487437,12.6260949748744,0.419105958315504,"97.5th percentile"
36.2687487437186,12.6260949748744,0.448418009407727,"97.5th percentile"
36.3533477386935,12.6260949748744,0.405940657361009,"97.5th percentile"
36.4379467336683,12.6260949748744,0.403376403503142,"97.5th percentile"
36.5225457286432,12.6260949748744,0.416150992487496,"97.5th percentile"
36.6071447236181,12.6260949748744,0.387883147326658,"97.5th percentile"
36.691743718593,12.6260949748744,0.399613017859016,"97.5th percentile"
36.7763427135678,12.6260949748744,0.349480288457005,"97.5th percentile"
36.8609417085427,12.6260949748744,0.341862409905064,"97.5th percentile"
36.9455407035176,12.6260949748744,0.326672549234319,"97.5th percentile"
37.0301396984925,12.6260949748744,0.305301797806761,"97.5th percentile"
37.1147386934673,12.6260949748744,0.255225203673241,"97.5th percentile"
37.1993376884422,12.6260949748744,0.257826622149779,"97.5th percentile"
37.2839366834171,12.6260949748744,0.257960592567504,"97.5th percentile"
37.368535678392,12.6260949748744,0.250786918485459,"97.5th percentile"
37.4531346733668,12.6260949748744,0.253376292042195,"97.5th percentile"
37.5377336683417,12.6260949748744,0.261256019323252,"97.5th percentile"
37.6223326633166,12.6260949748744,0.256279939509176,"97.5th percentile"
37.7069316582915,12.6260949748744,0.298388033900507,"97.5th percentile"
37.7915306532663,12.6260949748744,0.317643771010977,"97.5th percentile"
37.8761296482412,12.6260949748744,0.309832477887327,"97.5th percentile"
37.9607286432161,12.6260949748744,0.295466037904396,"97.5th percentile"
38.045327638191,12.6260949748744,0.325237133824682,"97.5th percentile"
38.1299266331658,12.6260949748744,0.344748499599475,"97.5th percentile"
38.2145256281407,12.6260949748744,0.36431800776779,"97.5th percentile"
38.2991246231156,12.6260949748744,0.339134880958962,"97.5th percentile"
38.3837236180904,12.6260949748744,0.408541618912138,"97.5th percentile"
38.4683226130653,12.6260949748744,0.426259550587779,"97.5th percentile"
38.5529216080402,12.6260949748744,0.43036503675553,"97.5th percentile"
38.6375206030151,12.6260949748744,0.436736466139563,"97.5th percentile"
38.72211959799,12.6260949748744,0.445275205915258,"97.5th percentile"
38.8067185929648,12.6260949748744,0.43196049201691,"97.5th percentile"
38.8913175879397,12.6260949748744,0.462288429403965,"97.5th percentile"
38.9759165829146,12.6260949748744,0.455778053605231,"97.5th percentile"
39.0605155778894,12.6260949748744,0.393032668379782,"97.5th percentile"
39.1451145728643,12.6260949748744,0.376429725215484,"97.5th percentile"
39.2297135678392,12.6260949748744,0.343372435309669,"97.5th percentile"
39.3143125628141,12.6260949748744,0.315742664015284,"97.5th percentile"
39.3989115577889,12.6260949748744,0.330732913134798,"97.5th percentile"
39.4835105527638,12.6260949748744,0.292813964890342,"97.5th percentile"
39.5681095477387,12.6260949748744,0.249156890333649,"97.5th percentile"
39.6527085427136,12.6260949748744,0.233211531157597,"97.5th percentile"
39.7373075376884,12.6260949748744,0.214145777409374,"97.5th percentile"
39.8219065326633,12.6260949748744,0.213800108828494,"97.5th percentile"
39.9065055276382,12.6260949748744,0.221507327986021,"97.5th percentile"
39.9911045226131,12.6260949748744,0.241770880946842,"97.5th percentile"
40.0757035175879,12.6260949748744,0.243154447342059,"97.5th percentile"
40.1603025125628,12.6260949748744,0.231522075515863,"97.5th percentile"
40.2449015075377,12.6260949748744,0.178055348875943,"97.5th percentile"
40.3295005025126,12.6260949748744,0.161616348021971,"97.5th percentile"
40.4140994974874,12.6260949748744,0.209192074156325,"97.5th percentile"
40.4986984924623,12.6260949748744,0.163976654772009,"97.5th percentile"
40.5832974874372,12.6260949748744,0.183880754493215,"97.5th percentile"
40.6678964824121,12.6260949748744,0.186617662997804,"97.5th percentile"
40.7524954773869,12.6260949748744,0.176902170832715,"97.5th percentile"
40.8370944723618,12.6260949748744,0.171867448211589,"97.5th percentile"
40.9216934673367,12.6260949748744,0.162098791729604,"97.5th percentile"
41.0062924623116,12.6260949748744,0.152444328126854,"97.5th percentile"
41.0908914572864,12.6260949748744,0.143481811718756,"97.5th percentile"
41.1754904522613,12.6260949748744,0.135474866357868,"97.5th percentile"
41.2600894472362,12.6260949748744,0.127489530434261,"97.5th percentile"
41.344688442211,12.6260949748744,0.124308178468967,"97.5th percentile"
41.4292874371859,12.6260949748744,0.125338338579285,"97.5th percentile"
41.5138864321608,12.6260949748744,0.130060043876756,"97.5th percentile"
41.5984854271357,12.6260949748744,0.137708182524396,"97.5th percentile"
41.6830844221106,12.6260949748744,0.148327305236925,"97.5th percentile"
41.7676834170854,12.6260949748744,0.161195855159447,"97.5th percentile"
41.8522824120603,12.6260949748744,0.176438856385101,"97.5th percentile"
41.9368814070352,12.6260949748744,0.191142691313836,"97.5th percentile"
42.02148040201,12.6260949748744,0.21228347895114,"97.5th percentile"
42.1060793969849,12.6260949748744,0.234914970414194,"97.5th percentile"
42.1906783919598,12.6260949748744,0.212035450822877,"97.5th percentile"
35.9303527638191,12.6941216080402,0.490735313600767,"97.5th percentile"
36.014951758794,12.6941216080402,0.482887991612605,"97.5th percentile"
36.0995507537688,12.6941216080402,0.453496417905158,"97.5th percentile"
36.1841497487437,12.6941216080402,0.419703148169618,"97.5th percentile"
36.2687487437186,12.6941216080402,0.423343251263878,"97.5th percentile"
36.3533477386935,12.6941216080402,0.430183171778531,"97.5th percentile"
36.4379467336683,12.6941216080402,0.387998136223586,"97.5th percentile"
36.5225457286432,12.6941216080402,0.439241612395864,"97.5th percentile"
36.6071447236181,12.6941216080402,0.415569281566746,"97.5th percentile"
36.691743718593,12.6941216080402,0.392270772029571,"97.5th percentile"
36.7763427135678,12.6941216080402,0.381143892054204,"97.5th percentile"
36.8609417085427,12.6941216080402,0.366721259766806,"97.5th percentile"
36.9455407035176,12.6941216080402,0.36990675951018,"97.5th percentile"
37.0301396984925,12.6941216080402,0.357887376652079,"97.5th percentile"
37.1147386934673,12.6941216080402,0.329664202394865,"97.5th percentile"
37.1993376884422,12.6941216080402,0.294739903243166,"97.5th percentile"
37.2839366834171,12.6941216080402,0.287738665726102,"97.5th percentile"
37.368535678392,12.6941216080402,0.24301021404019,"97.5th percentile"
37.4531346733668,12.6941216080402,0.234602781816611,"97.5th percentile"
37.5377336683417,12.6941216080402,0.253254600196957,"97.5th percentile"
37.6223326633166,12.6941216080402,0.245881154793971,"97.5th percentile"
37.7069316582915,12.6941216080402,0.252311102980613,"97.5th percentile"
37.7915306532663,12.6941216080402,0.313836764633035,"97.5th percentile"
37.8761296482412,12.6941216080402,0.340644945342893,"97.5th percentile"
37.9607286432161,12.6941216080402,0.374178284483194,"97.5th percentile"
38.045327638191,12.6941216080402,0.373147586706979,"97.5th percentile"
38.1299266331658,12.6941216080402,0.36306222209609,"97.5th percentile"
38.2145256281407,12.6941216080402,0.376714079100963,"97.5th percentile"
38.2991246231156,12.6941216080402,0.380916435706233,"97.5th percentile"
38.3837236180904,12.6941216080402,0.404301931917286,"97.5th percentile"
38.4683226130653,12.6941216080402,0.414438466293283,"97.5th percentile"
38.5529216080402,12.6941216080402,0.416837559499572,"97.5th percentile"
38.6375206030151,12.6941216080402,0.406521745328921,"97.5th percentile"
38.72211959799,12.6941216080402,0.420647131960779,"97.5th percentile"
38.8067185929648,12.6941216080402,0.433979439245287,"97.5th percentile"
38.8913175879397,12.6941216080402,0.416843814696925,"97.5th percentile"
38.9759165829146,12.6941216080402,0.37798084482075,"97.5th percentile"
39.0605155778894,12.6941216080402,0.377652015723268,"97.5th percentile"
39.1451145728643,12.6941216080402,0.375006005467921,"97.5th percentile"
39.2297135678392,12.6941216080402,0.312403713454061,"97.5th percentile"
39.3143125628141,12.6941216080402,0.302018266483996,"97.5th percentile"
39.3989115577889,12.6941216080402,0.30189802995476,"97.5th percentile"
39.4835105527638,12.6941216080402,0.29046408313818,"97.5th percentile"
39.5681095477387,12.6941216080402,0.23340799804948,"97.5th percentile"
39.6527085427136,12.6941216080402,0.215539541004188,"97.5th percentile"
39.7373075376884,12.6941216080402,0.201159452650529,"97.5th percentile"
39.8219065326633,12.6941216080402,0.230797682194303,"97.5th percentile"
39.9065055276382,12.6941216080402,0.229981416235551,"97.5th percentile"
39.9911045226131,12.6941216080402,0.222103804131561,"97.5th percentile"
40.0757035175879,12.6941216080402,0.206174902804537,"97.5th percentile"
40.1603025125628,12.6941216080402,0.240099501794486,"97.5th percentile"
40.2449015075377,12.6941216080402,0.171602628833772,"97.5th percentile"
40.3295005025126,12.6941216080402,0.15001322993619,"97.5th percentile"
40.4140994974874,12.6941216080402,0.196235371390313,"97.5th percentile"
40.4986984924623,12.6941216080402,0.181755441298449,"97.5th percentile"
40.5832974874372,12.6941216080402,0.172113851401385,"97.5th percentile"
40.6678964824121,12.6941216080402,0.177494144069359,"97.5th percentile"
40.7524954773869,12.6941216080402,0.165263135129749,"97.5th percentile"
40.8370944723618,12.6941216080402,0.159192849245265,"97.5th percentile"
40.9216934673367,12.6941216080402,0.150556894125943,"97.5th percentile"
41.0062924623116,12.6941216080402,0.141929293255316,"97.5th percentile"
41.0908914572864,12.6941216080402,0.133555463536723,"97.5th percentile"
41.1754904522613,12.6941216080402,0.125712062868695,"97.5th percentile"
41.2600894472362,12.6941216080402,0.117796819679506,"97.5th percentile"
41.344688442211,12.6941216080402,0.112534119642654,"97.5th percentile"
41.4292874371859,12.6941216080402,0.111583010493408,"97.5th percentile"
41.5138864321608,12.6941216080402,0.114076765669071,"97.5th percentile"
41.5984854271357,12.6941216080402,0.11882872855641,"97.5th percentile"
41.6830844221106,12.6941216080402,0.12753015758638,"97.5th percentile"
41.7676834170854,12.6941216080402,0.137235864535627,"97.5th percentile"
41.8522824120603,12.6941216080402,0.150071764334089,"97.5th percentile"
41.9368814070352,12.6941216080402,0.161335978605475,"97.5th percentile"
42.02148040201,12.6941216080402,0.179515790129756,"97.5th percentile"
42.1060793969849,12.6941216080402,0.20126044501851,"97.5th percentile"
42.1906783919598,12.6941216080402,0.221595466981416,"97.5th percentile"
36.014951758794,12.762148241206,0.494014103275102,"97.5th percentile"
36.0995507537688,12.762148241206,0.473938314755667,"97.5th percentile"
36.1841497487437,12.762148241206,0.451960684477464,"97.5th percentile"
36.2687487437186,12.762148241206,0.445970277506556,"97.5th percentile"
36.3533477386935,12.762148241206,0.416301871516298,"97.5th percentile"
36.4379467336683,12.762148241206,0.441201436358859,"97.5th percentile"
36.5225457286432,12.762148241206,0.429110656444251,"97.5th percentile"
36.6071447236181,12.762148241206,0.428636794879928,"97.5th percentile"
36.691743718593,12.762148241206,0.400053282993467,"97.5th percentile"
36.7763427135678,12.762148241206,0.359878195979094,"97.5th percentile"
36.8609417085427,12.762148241206,0.398945830994167,"97.5th percentile"
36.9455407035176,12.762148241206,0.372282035840656,"97.5th percentile"
37.0301396984925,12.762148241206,0.323303760463096,"97.5th percentile"
37.1147386934673,12.762148241206,0.335556793935833,"97.5th percentile"
37.1993376884422,12.762148241206,0.330700835768287,"97.5th percentile"
37.2839366834171,12.762148241206,0.310128709414343,"97.5th percentile"
37.368535678392,12.762148241206,0.262803623540143,"97.5th percentile"
37.4531346733668,12.762148241206,0.25213335349348,"97.5th percentile"
37.5377336683417,12.762148241206,0.273435402250078,"97.5th percentile"
37.6223326633166,12.762148241206,0.251638224582524,"97.5th percentile"
37.7069316582915,12.762148241206,0.242551031377789,"97.5th percentile"
37.7915306532663,12.762148241206,0.262810077918752,"97.5th percentile"
37.8761296482412,12.762148241206,0.317024413532584,"97.5th percentile"
37.9607286432161,12.762148241206,0.352707965764357,"97.5th percentile"
38.045327638191,12.762148241206,0.376745571603792,"97.5th percentile"
38.1299266331658,12.762148241206,0.384617715959372,"97.5th percentile"
38.2145256281407,12.762148241206,0.38942523020001,"97.5th percentile"
38.2991246231156,12.762148241206,0.405962818167,"97.5th percentile"
38.3837236180904,12.762148241206,0.403553270621553,"97.5th percentile"
38.4683226130653,12.762148241206,0.403659850610762,"97.5th percentile"
38.5529216080402,12.762148241206,0.412916821664626,"97.5th percentile"
38.6375206030151,12.762148241206,0.403319416261009,"97.5th percentile"
38.72211959799,12.762148241206,0.457288983062616,"97.5th percentile"
38.8067185929648,12.762148241206,0.419019216971182,"97.5th percentile"
38.8913175879397,12.762148241206,0.418751990916457,"97.5th percentile"
38.9759165829146,12.762148241206,0.396674755843239,"97.5th percentile"
39.0605155778894,12.762148241206,0.375182628065956,"97.5th percentile"
39.1451145728643,12.762148241206,0.342643090921997,"97.5th percentile"
39.2297135678392,12.762148241206,0.322220571995398,"97.5th percentile"
39.3143125628141,12.762148241206,0.279467812542404,"97.5th percentile"
39.3989115577889,12.762148241206,0.290499375146504,"97.5th percentile"
39.4835105527638,12.762148241206,0.263115037291954,"97.5th percentile"
39.5681095477387,12.762148241206,0.218864806601321,"97.5th percentile"
39.6527085427136,12.762148241206,0.187941052740292,"97.5th percentile"
39.7373075376884,12.762148241206,0.188118351919618,"97.5th percentile"
39.8219065326633,12.762148241206,0.212424770518564,"97.5th percentile"
39.9065055276382,12.762148241206,0.219809591733683,"97.5th percentile"
39.9911045226131,12.762148241206,0.219191485297146,"97.5th percentile"
40.0757035175879,12.762148241206,0.19065482769798,"97.5th percentile"
40.1603025125628,12.762148241206,0.229444442313251,"97.5th percentile"
40.2449015075377,12.762148241206,0.214934312877763,"97.5th percentile"
40.3295005025126,12.762148241206,0.152005558048754,"97.5th percentile"
40.4140994974874,12.762148241206,0.184323836719599,"97.5th percentile"
40.4986984924623,12.762148241206,0.160696868857044,"97.5th percentile"
40.5832974874372,12.762148241206,0.145963340589409,"97.5th percentile"
40.6678964824121,12.762148241206,0.166030995809334,"97.5th percentile"
40.7524954773869,12.762148241206,0.153916514752509,"97.5th percentile"
40.8370944723618,12.762148241206,0.1483615831412,"97.5th percentile"
40.9216934673367,12.762148241206,0.139781931769429,"97.5th percentile"
41.0062924623116,12.762148241206,0.131679364824325,"97.5th percentile"
41.0908914572864,12.762148241206,0.123969071434348,"97.5th percentile"
41.1754904522613,12.762148241206,0.116603343057506,"97.5th percentile"
41.2600894472362,12.762148241206,0.109541241900579,"97.5th percentile"
41.344688442211,12.762148241206,0.102917360554278,"97.5th percentile"
41.4292874371859,12.762148241206,0.100106144929382,"97.5th percentile"
41.5138864321608,12.762148241206,0.100548335986492,"97.5th percentile"
41.5984854271357,12.762148241206,0.103992474011601,"97.5th percentile"
41.6830844221106,12.762148241206,0.109785891907309,"97.5th percentile"
41.7676834170854,12.762148241206,0.117730248487499,"97.5th percentile"
41.8522824120603,12.762148241206,0.127704917964738,"97.5th percentile"
41.9368814070352,12.762148241206,0.137707076000025,"97.5th percentile"
42.02148040201,12.762148241206,0.147358339061125,"97.5th percentile"
42.1060793969849,12.762148241206,0.169187347000325,"97.5th percentile"
36.014951758794,12.8301748743719,0.48628133714662,"97.5th percentile"
36.0995507537688,12.8301748743719,0.494373022918585,"97.5th percentile"
36.1841497487437,12.8301748743719,0.465319478929895,"97.5th percentile"
36.2687487437186,12.8301748743719,0.4559323164486,"97.5th percentile"
36.3533477386935,12.8301748743719,0.455080799067745,"97.5th percentile"
36.4379467336683,12.8301748743719,0.440032837696894,"97.5th percentile"
36.5225457286432,12.8301748743719,0.434972967724875,"97.5th percentile"
36.6071447236181,12.8301748743719,0.446366322035172,"97.5th percentile"
36.691743718593,12.8301748743719,0.394205612865238,"97.5th percentile"
36.7763427135678,12.8301748743719,0.407583642745018,"97.5th percentile"
36.8609417085427,12.8301748743719,0.410395908228176,"97.5th percentile"
36.9455407035176,12.8301748743719,0.352612663447589,"97.5th percentile"
37.0301396984925,12.8301748743719,0.339516285218028,"97.5th percentile"
37.1147386934673,12.8301748743719,0.310113920277183,"97.5th percentile"
37.1993376884422,12.8301748743719,0.331693345751648,"97.5th percentile"
37.2839366834171,12.8301748743719,0.30069427226197,"97.5th percentile"
37.368535678392,12.8301748743719,0.268239558957271,"97.5th percentile"
37.4531346733668,12.8301748743719,0.252916471864056,"97.5th percentile"
37.5377336683417,12.8301748743719,0.26361472379295,"97.5th percentile"
37.6223326633166,12.8301748743719,0.270232178648295,"97.5th percentile"
37.7069316582915,12.8301748743719,0.245585427519517,"97.5th percentile"
37.7915306532663,12.8301748743719,0.260326011556665,"97.5th percentile"
37.8761296482412,12.8301748743719,0.334388563238536,"97.5th percentile"
37.9607286432161,12.8301748743719,0.364388091638115,"97.5th percentile"
38.045327638191,12.8301748743719,0.361685185540052,"97.5th percentile"
38.1299266331658,12.8301748743719,0.376469620361098,"97.5th percentile"
38.2145256281407,12.8301748743719,0.381600713490463,"97.5th percentile"
38.2991246231156,12.8301748743719,0.385291671710524,"97.5th percentile"
38.3837236180904,12.8301748743719,0.402922210616824,"97.5th percentile"
38.4683226130653,12.8301748743719,0.396325072134746,"97.5th percentile"
38.5529216080402,12.8301748743719,0.410014669074501,"97.5th percentile"
38.6375206030151,12.8301748743719,0.450155198084953,"97.5th percentile"
38.72211959799,12.8301748743719,0.43526347445084,"97.5th percentile"
38.8067185929648,12.8301748743719,0.410496888877356,"97.5th percentile"
38.8913175879397,12.8301748743719,0.373072321472614,"97.5th percentile"
38.9759165829146,12.8301748743719,0.360822410720323,"97.5th percentile"
39.0605155778894,12.8301748743719,0.339318911506563,"97.5th percentile"
39.1451145728643,12.8301748743719,0.3475253652352,"97.5th percentile"
39.2297135678392,12.8301748743719,0.294712422043235,"97.5th percentile"
39.3143125628141,12.8301748743719,0.262887686466185,"97.5th percentile"
39.3989115577889,12.8301748743719,0.258595367436462,"97.5th percentile"
39.4835105527638,12.8301748743719,0.248857313281696,"97.5th percentile"
39.5681095477387,12.8301748743719,0.213373674880832,"97.5th percentile"
39.6527085427136,12.8301748743719,0.176769847511178,"97.5th percentile"
39.7373075376884,12.8301748743719,0.168076346047834,"97.5th percentile"
39.8219065326633,12.8301748743719,0.20539250082684,"97.5th percentile"
39.9065055276382,12.8301748743719,0.221602423283475,"97.5th percentile"
39.9911045226131,12.8301748743719,0.202832337052584,"97.5th percentile"
40.0757035175879,12.8301748743719,0.180731019464347,"97.5th percentile"
40.1603025125628,12.8301748743719,0.216358119971605,"97.5th percentile"
40.2449015075377,12.8301748743719,0.201081551658919,"97.5th percentile"
40.3295005025126,12.8301748743719,0.131807174374241,"97.5th percentile"
40.4140994974874,12.8301748743719,0.171702301240223,"97.5th percentile"
40.4986984924623,12.8301748743719,0.162134301769074,"97.5th percentile"
40.5832974874372,12.8301748743719,0.154049339862193,"97.5th percentile"
40.6678964824121,12.8301748743719,0.154847874843156,"97.5th percentile"
40.7524954773869,12.8301748743719,0.14511221760088,"97.5th percentile"
40.8370944723618,12.8301748743719,0.136711328879685,"97.5th percentile"
40.9216934673367,12.8301748743719,0.12958808415724,"97.5th percentile"
41.0062924623116,12.8301748743719,0.122009330620394,"97.5th percentile"
41.0908914572864,12.8301748743719,0.114804605948057,"97.5th percentile"
41.1754904522613,12.8301748743719,0.107928422305598,"97.5th percentile"
41.2600894472362,12.8301748743719,0.101396030910415,"97.5th percentile"
41.344688442211,12.8301748743719,0.0948750776540272,"97.5th percentile"
41.4292874371859,12.8301748743719,0.0905199201745097,"97.5th percentile"
41.5138864321608,12.8301748743719,0.0815926387112694,"97.5th percentile"
41.5984854271357,12.8301748743719,0.0910941425642517,"97.5th percentile"
41.6830844221106,12.8301748743719,0.0950566282637712,"97.5th percentile"
41.7676834170854,12.8301748743719,0.101054412880282,"97.5th percentile"
41.8522824120603,12.8301748743719,0.10880543254183,"97.5th percentile"
41.9368814070352,12.8301748743719,0.118610276531976,"97.5th percentile"
42.02148040201,12.8301748743719,0.130088979691226,"97.5th percentile"
36.014951758794,12.8982015075377,0.523303680320105,"97.5th percentile"
36.0995507537688,12.8982015075377,0.515140355091056,"97.5th percentile"
36.1841497487437,12.8982015075377,0.451871327659212,"97.5th percentile"
36.2687487437186,12.8982015075377,0.44356749773632,"97.5th percentile"
36.3533477386935,12.8982015075377,0.444865341836268,"97.5th percentile"
36.4379467336683,12.8982015075377,0.440569112434715,"97.5th percentile"
36.5225457286432,12.8982015075377,0.462086245995599,"97.5th percentile"
36.6071447236181,12.8982015075377,0.442391258239355,"97.5th percentile"
36.691743718593,12.8982015075377,0.4018487110995,"97.5th percentile"
36.7763427135678,12.8982015075377,0.39656463302852,"97.5th percentile"
36.8609417085427,12.8982015075377,0.395224552120686,"97.5th percentile"
36.9455407035176,12.8982015075377,0.348297909317095,"97.5th percentile"
37.0301396984925,12.8982015075377,0.331942475864848,"97.5th percentile"
37.1147386934673,12.8982015075377,0.331096917544455,"97.5th percentile"
37.1993376884422,12.8982015075377,0.34811774326299,"97.5th percentile"
37.2839366834171,12.8982015075377,0.346193159780125,"97.5th percentile"
37.368535678392,12.8982015075377,0.280336764931976,"97.5th percentile"
37.4531346733668,12.8982015075377,0.284183457084308,"97.5th percentile"
37.5377336683417,12.8982015075377,0.292592704623821,"97.5th percentile"
37.6223326633166,12.8982015075377,0.308991197407735,"97.5th percentile"
37.7069316582915,12.8982015075377,0.244136009986097,"97.5th percentile"
37.7915306532663,12.8982015075377,0.253286378230576,"97.5th percentile"
37.8761296482412,12.8982015075377,0.31686359113267,"97.5th percentile"
37.9607286432161,12.8982015075377,0.355412647062604,"97.5th percentile"
38.045327638191,12.8982015075377,0.345634375146708,"97.5th percentile"
38.1299266331658,12.8982015075377,0.360282921788632,"97.5th percentile"
38.2145256281407,12.8982015075377,0.37117516899183,"97.5th percentile"
38.2991246231156,12.8982015075377,0.362077420580392,"97.5th percentile"
38.3837236180904,12.8982015075377,0.37538783365123,"97.5th percentile"
38.4683226130653,12.8982015075377,0.404931333122931,"97.5th percentile"
38.5529216080402,12.8982015075377,0.396069996667465,"97.5th percentile"
38.6375206030151,12.8982015075377,0.469421316609775,"97.5th percentile"
38.72211959799,12.8982015075377,0.429934993468841,"97.5th percentile"
38.8067185929648,12.8982015075377,0.400451048309559,"97.5th percentile"
38.8913175879397,12.8982015075377,0.334389156016558,"97.5th percentile"
38.9759165829146,12.8982015075377,0.339366914881977,"97.5th percentile"
39.0605155778894,12.8982015075377,0.333164388633012,"97.5th percentile"
39.1451145728643,12.8982015075377,0.337935387384461,"97.5th percentile"
39.2297135678392,12.8982015075377,0.274489915238701,"97.5th percentile"
39.3143125628141,12.8982015075377,0.237643271786346,"97.5th percentile"
39.3989115577889,12.8982015075377,0.223362591311532,"97.5th percentile"
39.4835105527638,12.8982015075377,0.232092354138646,"97.5th percentile"
39.5681095477387,12.8982015075377,0.214258907241814,"97.5th percentile"
39.6527085427136,12.8982015075377,0.178992656564302,"97.5th percentile"
39.7373075376884,12.8982015075377,0.165867149169566,"97.5th percentile"
39.8219065326633,12.8982015075377,0.212408936410033,"97.5th percentile"
39.9065055276382,12.8982015075377,0.221769451369675,"97.5th percentile"
39.9911045226131,12.8982015075377,0.17771651531584,"97.5th percentile"
40.0757035175879,12.8982015075377,0.189491771039103,"97.5th percentile"
40.1603025125628,12.8982015075377,0.202242100752438,"97.5th percentile"
40.2449015075377,12.8982015075377,0.184276193982722,"97.5th percentile"
40.3295005025126,12.8982015075377,0.126060885140209,"97.5th percentile"
40.4140994974874,12.8982015075377,0.155352917674975,"97.5th percentile"
40.4986984924623,12.8982015075377,0.148544823507674,"97.5th percentile"
40.5832974874372,12.8982015075377,0.118989280244673,"97.5th percentile"
40.6678964824121,12.8982015075377,0.14358882932683,"97.5th percentile"
40.7524954773869,12.8982015075377,0.135414541465715,"97.5th percentile"
40.8370944723618,12.8982015075377,0.127560931831759,"97.5th percentile"
40.9216934673367,12.8982015075377,0.120074255700094,"97.5th percentile"
41.0062924623116,12.8982015075377,0.11310188665143,"97.5th percentile"
41.0908914572864,12.8982015075377,0.106382388371458,"97.5th percentile"
41.1754904522613,12.8982015075377,0.0999033979573423,"97.5th percentile"
41.2600894472362,12.8982015075377,0.0938306809317725,"97.5th percentile"
41.344688442211,12.8982015075377,0.0881976012629778,"97.5th percentile"
41.4292874371859,12.8982015075377,0.0826789833911367,"97.5th percentile"
41.5138864321608,12.8982015075377,0.0797281222189604,"97.5th percentile"
41.5984854271357,12.8982015075377,0.0803231384851752,"97.5th percentile"
41.6830844221106,12.8982015075377,0.0827438431678967,"97.5th percentile"
41.7676834170854,12.8982015075377,0.0870721876494734,"97.5th percentile"
41.8522824120603,12.8982015075377,0.0930213425434461,"97.5th percentile"
41.9368814070352,12.8982015075377,0.0991849936894337,"97.5th percentile"
36.0995507537688,12.9662281407035,0.491455322901965,"97.5th percentile"
36.1841497487437,12.9662281407035,0.492093093645826,"97.5th percentile"
36.2687487437186,12.9662281407035,0.45268691590876,"97.5th percentile"
36.3533477386935,12.9662281407035,0.46631269029945,"97.5th percentile"
36.4379467336683,12.9662281407035,0.424744510752475,"97.5th percentile"
36.5225457286432,12.9662281407035,0.461383335479616,"97.5th percentile"
36.6071447236181,12.9662281407035,0.421877859786675,"97.5th percentile"
36.691743718593,12.9662281407035,0.391654436397735,"97.5th percentile"
36.7763427135678,12.9662281407035,0.399044224814844,"97.5th percentile"
36.8609417085427,12.9662281407035,0.383717308782745,"97.5th percentile"
36.9455407035176,12.9662281407035,0.376824498406,"97.5th percentile"
37.0301396984925,12.9662281407035,0.355872301873858,"97.5th percentile"
37.1147386934673,12.9662281407035,0.339308575253373,"97.5th percentile"
37.1993376884422,12.9662281407035,0.33165707033995,"97.5th percentile"
37.2839366834171,12.9662281407035,0.33619264022689,"97.5th percentile"
37.368535678392,12.9662281407035,0.300761717653782,"97.5th percentile"
37.4531346733668,12.9662281407035,0.31104403175331,"97.5th percentile"
37.5377336683417,12.9662281407035,0.307334716402278,"97.5th percentile"
37.6223326633166,12.9662281407035,0.305066277552601,"97.5th percentile"
37.7069316582915,12.9662281407035,0.256865053548981,"97.5th percentile"
37.7915306532663,12.9662281407035,0.239254791933928,"97.5th percentile"
37.8761296482412,12.9662281407035,0.257137314914181,"97.5th percentile"
37.9607286432161,12.9662281407035,0.33774375855689,"97.5th percentile"
38.045327638191,12.9662281407035,0.364320099458276,"97.5th percentile"
38.1299266331658,12.9662281407035,0.353917611118778,"97.5th percentile"
38.2145256281407,12.9662281407035,0.34167590814944,"97.5th percentile"
38.2991246231156,12.9662281407035,0.317471350285583,"97.5th percentile"
38.3837236180904,12.9662281407035,0.368618118858995,"97.5th percentile"
38.4683226130653,12.9662281407035,0.394832011875764,"97.5th percentile"
38.5529216080402,12.9662281407035,0.456517445686941,"97.5th percentile"
38.6375206030151,12.9662281407035,0.446574177209618,"97.5th percentile"
38.72211959799,12.9662281407035,0.427305642808507,"97.5th percentile"
38.8067185929648,12.9662281407035,0.382734566148645,"97.5th percentile"
38.8913175879397,12.9662281407035,0.31283995403141,"97.5th percentile"
38.9759165829146,12.9662281407035,0.325737256640988,"97.5th percentile"
39.0605155778894,12.9662281407035,0.326662333092885,"97.5th percentile"
39.1451145728643,12.9662281407035,0.289476903685983,"97.5th percentile"
39.2297135678392,12.9662281407035,0.283663267559331,"97.5th percentile"
39.3143125628141,12.9662281407035,0.226110112263738,"97.5th percentile"
39.3989115577889,12.9662281407035,0.208858636241134,"97.5th percentile"
39.4835105527638,12.9662281407035,0.203257705519622,"97.5th percentile"
39.5681095477387,12.9662281407035,0.216562506470849,"97.5th percentile"
39.6527085427136,12.9662281407035,0.179689831306972,"97.5th percentile"
39.7373075376884,12.9662281407035,0.176208819720065,"97.5th percentile"
39.8219065326633,12.9662281407035,0.218328954715826,"97.5th percentile"
39.9065055276382,12.9662281407035,0.192456510886672,"97.5th percentile"
39.9911045226131,12.9662281407035,0.169056609067752,"97.5th percentile"
40.0757035175879,12.9662281407035,0.180518777238292,"97.5th percentile"
40.1603025125628,12.9662281407035,0.148169740432734,"97.5th percentile"
40.2449015075377,12.9662281407035,0.173548727282839,"97.5th percentile"
40.3295005025126,12.9662281407035,0.161394799033644,"97.5th percentile"
40.4140994974874,12.9662281407035,0.152846800960948,"97.5th percentile"
40.4986984924623,12.9662281407035,0.142051764361748,"97.5th percentile"
40.5832974874372,12.9662281407035,0.130743678533201,"97.5th percentile"
40.6678964824121,12.9662281407035,0.133469505422825,"97.5th percentile"
40.7524954773869,12.9662281407035,0.12557127566759,"97.5th percentile"
40.8370944723618,12.9662281407035,0.118197222337542,"97.5th percentile"
40.9216934673367,12.9662281407035,0.111178440545138,"97.5th percentile"
41.0062924623116,12.9662281407035,0.10461890902021,"97.5th percentile"
41.0908914572864,12.9662281407035,0.0982957278113597,"97.5th percentile"
41.1754904522613,12.9662281407035,0.0923890374599628,"97.5th percentile"
41.2600894472362,12.9662281407035,0.0868050586573595,"97.5th percentile"
41.344688442211,12.9662281407035,0.0815130089138345,"97.5th percentile"
41.4292874371859,12.9662281407035,0.0761434112171971,"97.5th percentile"
41.5138864321608,12.9662281407035,0.0725341684677744,"97.5th percentile"
41.5984854271357,12.9662281407035,0.0643464698302313,"97.5th percentile"
41.6830844221106,12.9662281407035,0.0725341374985601,"97.5th percentile"
41.7676834170854,12.9662281407035,0.0754169159787816,"97.5th percentile"
41.8522824120603,12.9662281407035,0.0797737638826292,"97.5th percentile"
41.9368814070352,12.9662281407035,0.0852880273282176,"97.5th percentile"
36.0995507537688,13.0342547738693,0.48641034228214,"97.5th percentile"
36.1841497487437,13.0342547738693,0.496847255581612,"97.5th percentile"
36.2687487437186,13.0342547738693,0.470676234633166,"97.5th percentile"
36.3533477386935,13.0342547738693,0.469689674257373,"97.5th percentile"
36.4379467336683,13.0342547738693,0.456482789250676,"97.5th percentile"
36.5225457286432,13.0342547738693,0.473997897403674,"97.5th percentile"
36.6071447236181,13.0342547738693,0.429758654862133,"97.5th percentile"
36.691743718593,13.0342547738693,0.411743730480762,"97.5th percentile"
36.7763427135678,13.0342547738693,0.431842108317162,"97.5th percentile"
36.8609417085427,13.0342547738693,0.385868796057236,"97.5th percentile"
36.9455407035176,13.0342547738693,0.400230836673311,"97.5th percentile"
37.0301396984925,13.0342547738693,0.395446356485034,"97.5th percentile"
37.1147386934673,13.0342547738693,0.346338429571894,"97.5th percentile"
37.1993376884422,13.0342547738693,0.354615083042737,"97.5th percentile"
37.2839366834171,13.0342547738693,0.327486814101334,"97.5th percentile"
37.368535678392,13.0342547738693,0.329585504826156,"97.5th percentile"
37.4531346733668,13.0342547738693,0.307096091659798,"97.5th percentile"
37.5377336683417,13.0342547738693,0.303954416999094,"97.5th percentile"
37.6223326633166,13.0342547738693,0.325658123819907,"97.5th percentile"
37.7069316582915,13.0342547738693,0.295569371199138,"97.5th percentile"
37.7915306532663,13.0342547738693,0.243882913561964,"97.5th percentile"
37.8761296482412,13.0342547738693,0.237722682452985,"97.5th percentile"
37.9607286432161,13.0342547738693,0.331040204433457,"97.5th percentile"
38.045327638191,13.0342547738693,0.314922734415014,"97.5th percentile"
38.1299266331658,13.0342547738693,0.290675352691299,"97.5th percentile"
38.2145256281407,13.0342547738693,0.306567897209523,"97.5th percentile"
38.2991246231156,13.0342547738693,0.337281688439929,"97.5th percentile"
38.3837236180904,13.0342547738693,0.345020853518038,"97.5th percentile"
38.4683226130653,13.0342547738693,0.389562633274086,"97.5th percentile"
38.5529216080402,13.0342547738693,0.401942669353912,"97.5th percentile"
38.6375206030151,13.0342547738693,0.502620996935096,"97.5th percentile"
38.72211959799,13.0342547738693,0.386680601346644,"97.5th percentile"
38.8067185929648,13.0342547738693,0.325581906149448,"97.5th percentile"
38.8913175879397,13.0342547738693,0.331206697903863,"97.5th percentile"
38.9759165829146,13.0342547738693,0.28406228608618,"97.5th percentile"
39.0605155778894,13.0342547738693,0.296959985756065,"97.5th percentile"
39.1451145728643,13.0342547738693,0.290605267912492,"97.5th percentile"
39.2297135678392,13.0342547738693,0.262049290934706,"97.5th percentile"
39.3143125628141,13.0342547738693,0.228543738023124,"97.5th percentile"
39.3989115577889,13.0342547738693,0.214744494483497,"97.5th percentile"
39.4835105527638,13.0342547738693,0.204085687072643,"97.5th percentile"
39.5681095477387,13.0342547738693,0.169759505262058,"97.5th percentile"
39.6527085427136,13.0342547738693,0.172636924599384,"97.5th percentile"
39.7373075376884,13.0342547738693,0.155163495051669,"97.5th percentile"
39.8219065326633,13.0342547738693,0.190614647525149,"97.5th percentile"
39.9065055276382,13.0342547738693,0.161405740117247,"97.5th percentile"
39.9911045226131,13.0342547738693,0.168154522597045,"97.5th percentile"
40.0757035175879,13.0342547738693,0.175428944957148,"97.5th percentile"
40.1603025125628,13.0342547738693,0.155699779296918,"97.5th percentile"
40.2449015075377,13.0342547738693,0.144285690611444,"97.5th percentile"
40.3295005025126,13.0342547738693,0.150011677599839,"97.5th percentile"
40.4140994974874,13.0342547738693,0.140899687974773,"97.5th percentile"
40.4986984924623,13.0342547738693,0.13484598419986,"97.5th percentile"
40.5832974874372,13.0342547738693,0.125911376302322,"97.5th percentile"
40.6678964824121,13.0342547738693,0.123246037584492,"97.5th percentile"
40.7524954773869,13.0342547738693,0.116338157767287,"97.5th percentile"
40.8370944723618,13.0342547738693,0.109124119126406,"97.5th percentile"
40.9216934673367,13.0342547738693,0.102827589649794,"97.5th percentile"
41.0062924623116,13.0342547738693,0.0966473638765525,"97.5th percentile"
41.0908914572864,13.0342547738693,0.0907822274903119,"97.5th percentile"
41.1754904522613,13.0342547738693,0.0853107118281621,"97.5th percentile"
41.2600894472362,13.0342547738693,0.0801339236871007,"97.5th percentile"
41.344688442211,13.0342547738693,0.0752423768451665,"97.5th percentile"
41.4292874371859,13.0342547738693,0.0705887450377913,"97.5th percentile"
41.5138864321608,13.0342547738693,0.0660362668855091,"97.5th percentile"
41.5984854271357,13.0342547738693,0.064016737626713,"97.5th percentile"
41.6830844221106,13.0342547738693,0.0639673533924477,"97.5th percentile"
41.7676834170854,13.0342547738693,0.0656376942111111,"97.5th percentile"
41.8522824120603,13.0342547738693,0.0686951402331073,"97.5th percentile"
36.0995507537688,13.1022814070352,0.528137666941658,"97.5th percentile"
36.1841497487437,13.1022814070352,0.491915686316597,"97.5th percentile"
36.2687487437186,13.1022814070352,0.48380639463274,"97.5th percentile"
36.3533477386935,13.1022814070352,0.466020441875111,"97.5th percentile"
36.4379467336683,13.1022814070352,0.474898825150019,"97.5th percentile"
36.5225457286432,13.1022814070352,0.467463581282011,"97.5th percentile"
36.6071447236181,13.1022814070352,0.448143611996597,"97.5th percentile"
36.691743718593,13.1022814070352,0.461011605972545,"97.5th percentile"
36.7763427135678,13.1022814070352,0.440556466225382,"97.5th percentile"
36.8609417085427,13.1022814070352,0.430877035291232,"97.5th percentile"
36.9455407035176,13.1022814070352,0.410246500587259,"97.5th percentile"
37.0301396984925,13.1022814070352,0.379216384516849,"97.5th percentile"
37.1147386934673,13.1022814070352,0.372456661197597,"97.5th percentile"
37.1993376884422,13.1022814070352,0.351299797069633,"97.5th percentile"
37.2839366834171,13.1022814070352,0.325547110064396,"97.5th percentile"
37.368535678392,13.1022814070352,0.360237011857594,"97.5th percentile"
37.4531346733668,13.1022814070352,0.349906450137043,"97.5th percentile"
37.5377336683417,13.1022814070352,0.336242517838296,"97.5th percentile"
37.6223326633166,13.1022814070352,0.317091026813588,"97.5th percentile"
37.7069316582915,13.1022814070352,0.312661479924572,"97.5th percentile"
37.7915306532663,13.1022814070352,0.28489183804983,"97.5th percentile"
37.8761296482412,13.1022814070352,0.243247399011848,"97.5th percentile"
37.9607286432161,13.1022814070352,0.282187340637154,"97.5th percentile"
38.045327638191,13.1022814070352,0.308602708090272,"97.5th percentile"
38.1299266331658,13.1022814070352,0.313320440123617,"97.5th percentile"
38.2145256281407,13.1022814070352,0.338091358169237,"97.5th percentile"
38.2991246231156,13.1022814070352,0.364878778897368,"97.5th percentile"
38.3837236180904,13.1022814070352,0.340397840835285,"97.5th percentile"
38.4683226130653,13.1022814070352,0.355279051586507,"97.5th percentile"
38.5529216080402,13.1022814070352,0.406198178876198,"97.5th percentile"
38.6375206030151,13.1022814070352,0.397180473370304,"97.5th percentile"
38.72211959799,13.1022814070352,0.488472235750008,"97.5th percentile"
38.8067185929648,13.1022814070352,0.314718451952,"97.5th percentile"
38.8913175879397,13.1022814070352,0.312855660797314,"97.5th percentile"
38.9759165829146,13.1022814070352,0.297749613637954,"97.5th percentile"
39.0605155778894,13.1022814070352,0.29084374265355,"97.5th percentile"
39.1451145728643,13.1022814070352,0.228682340934775,"97.5th percentile"
39.2297135678392,13.1022814070352,0.24902483015667,"97.5th percentile"
39.3143125628141,13.1022814070352,0.20779542975245,"97.5th percentile"
39.3989115577889,13.1022814070352,0.198796952657383,"97.5th percentile"
39.4835105527638,13.1022814070352,0.208346776820071,"97.5th percentile"
39.5681095477387,13.1022814070352,0.160406534205489,"97.5th percentile"
39.6527085427136,13.1022814070352,0.175949853998231,"97.5th percentile"
39.7373075376884,13.1022814070352,0.151850393438215,"97.5th percentile"
39.8219065326633,13.1022814070352,0.151081438884262,"97.5th percentile"
39.9065055276382,13.1022814070352,0.164909363772274,"97.5th percentile"
39.9911045226131,13.1022814070352,0.145609433883226,"97.5th percentile"
40.0757035175879,13.1022814070352,0.163506736860416,"97.5th percentile"
40.1603025125628,13.1022814070352,0.153171221744776,"97.5th percentile"
40.2449015075377,13.1022814070352,0.144063225370645,"97.5th percentile"
40.3295005025126,13.1022814070352,0.139564799892909,"97.5th percentile"
40.4140994974874,13.1022814070352,0.132637681208998,"97.5th percentile"
40.4986984924623,13.1022814070352,0.125890967748484,"97.5th percentile"
40.5832974874372,13.1022814070352,0.1137991550022,"97.5th percentile"
40.6678964824121,13.1022814070352,0.112338660709656,"97.5th percentile"
40.7524954773869,13.1022814070352,0.107595128079747,"97.5th percentile"
40.8370944723618,13.1022814070352,0.101155654523253,"97.5th percentile"
40.9216934673367,13.1022814070352,0.0950448112953189,"97.5th percentile"
41.0062924623116,13.1022814070352,0.0892899665632621,"97.5th percentile"
41.0908914572864,13.1022814070352,0.0838679674575117,"97.5th percentile"
41.1754904522613,13.1022814070352,0.0787821655786136,"97.5th percentile"
41.2600894472362,13.1022814070352,0.0739742171097102,"97.5th percentile"
41.344688442211,13.1022814070352,0.0694045584334604,"97.5th percentile"
41.4292874371859,13.1022814070352,0.0650591277762399,"97.5th percentile"
41.5138864321608,13.1022814070352,0.060580797746906,"97.5th percentile"
41.5984854271357,13.1022814070352,0.0491756155677831,"97.5th percentile"
41.6830844221106,13.1022814070352,0.0564020275139954,"97.5th percentile"
41.7676834170854,13.1022814070352,0.0573771912228086,"97.5th percentile"
36.1841497487437,13.170308040201,0.478909080111343,"97.5th percentile"
36.2687487437186,13.170308040201,0.47841115339228,"97.5th percentile"
36.3533477386935,13.170308040201,0.476623177198616,"97.5th percentile"
36.4379467336683,13.170308040201,0.452149562416995,"97.5th percentile"
36.5225457286432,13.170308040201,0.484124983234543,"97.5th percentile"
36.6071447236181,13.170308040201,0.419036570712863,"97.5th percentile"
36.691743718593,13.170308040201,0.460769485770818,"97.5th percentile"
36.7763427135678,13.170308040201,0.460075420642401,"97.5th percentile"
36.8609417085427,13.170308040201,0.430955796692416,"97.5th percentile"
36.9455407035176,13.170308040201,0.425837369684372,"97.5th percentile"
37.0301396984925,13.170308040201,0.396866625760824,"97.5th percentile"
37.1147386934673,13.170308040201,0.363744261431011,"97.5th percentile"
37.1993376884422,13.170308040201,0.365492094169991,"97.5th percentile"
37.2839366834171,13.170308040201,0.354245877209726,"97.5th percentile"
37.368535678392,13.170308040201,0.320533400001587,"97.5th percentile"
37.4531346733668,13.170308040201,0.319188293710736,"97.5th percentile"
37.5377336683417,13.170308040201,0.323192235663164,"97.5th percentile"
37.6223326633166,13.170308040201,0.343225421195692,"97.5th percentile"
37.7069316582915,13.170308040201,0.353195803224653,"97.5th percentile"
37.7915306532663,13.170308040201,0.307984424902955,"97.5th percentile"
37.8761296482412,13.170308040201,0.263740847163679,"97.5th percentile"
37.9607286432161,13.170308040201,0.26353581343804,"97.5th percentile"
38.045327638191,13.170308040201,0.304897654961502,"97.5th percentile"
38.1299266331658,13.170308040201,0.294988305754646,"97.5th percentile"
38.2145256281407,13.170308040201,0.3400405521229,"97.5th percentile"
38.2991246231156,13.170308040201,0.37110196655734,"97.5th percentile"
38.3837236180904,13.170308040201,0.332165348190725,"97.5th percentile"
38.4683226130653,13.170308040201,0.316165595469741,"97.5th percentile"
38.5529216080402,13.170308040201,0.374246669128434,"97.5th percentile"
38.6375206030151,13.170308040201,0.343324242118859,"97.5th percentile"
38.72211959799,13.170308040201,0.460781266909235,"97.5th percentile"
38.8067185929648,13.170308040201,0.283470846271831,"97.5th percentile"
38.8913175879397,13.170308040201,0.273825879354059,"97.5th percentile"
38.9759165829146,13.170308040201,0.273962779394667,"97.5th percentile"
39.0605155778894,13.170308040201,0.258005691544605,"97.5th percentile"
39.1451145728643,13.170308040201,0.239504052390469,"97.5th percentile"
39.2297135678392,13.170308040201,0.211594249482121,"97.5th percentile"
39.3143125628141,13.170308040201,0.182268272264104,"97.5th percentile"
39.3989115577889,13.170308040201,0.177031346623511,"97.5th percentile"
39.4835105527638,13.170308040201,0.200200941221594,"97.5th percentile"
39.5681095477387,13.170308040201,0.165833560713422,"97.5th percentile"
39.6527085427136,13.170308040201,0.15828354650308,"97.5th percentile"
39.7373075376884,13.170308040201,0.142298775092559,"97.5th percentile"
39.8219065326633,13.170308040201,0.156840351805352,"97.5th percentile"
39.9065055276382,13.170308040201,0.164417308387493,"97.5th percentile"
39.9911045226131,13.170308040201,0.139251859702966,"97.5th percentile"
40.0757035175879,13.170308040201,0.157620409274299,"97.5th percentile"
40.1603025125628,13.170308040201,0.150356568595624,"97.5th percentile"
40.2449015075377,13.170308040201,0.125349995289146,"97.5th percentile"
40.3295005025126,13.170308040201,0.131036694047961,"97.5th percentile"
40.4140994974874,13.170308040201,0.124375344796787,"97.5th percentile"
40.4986984924623,13.170308040201,0.117014950741459,"97.5th percentile"
40.5832974874372,13.170308040201,0.109771647135177,"97.5th percentile"
40.6678964824121,13.170308040201,0.105744236246624,"97.5th percentile"
40.7524954773869,13.170308040201,0.0996181141785705,"97.5th percentile"
40.8370944723618,13.170308040201,0.0936063670704664,"97.5th percentile"
40.9216934673367,13.170308040201,0.0878500402957792,"97.5th percentile"
41.0062924623116,13.170308040201,0.082473548873823,"97.5th percentile"
41.0908914572864,13.170308040201,0.0774403363133441,"97.5th percentile"
41.1754904522613,13.170308040201,0.0727294541443693,"97.5th percentile"
41.2600894472362,13.170308040201,0.0682741676033954,"97.5th percentile"
41.344688442211,13.170308040201,0.0640046850897149,"97.5th percentile"
41.4292874371859,13.170308040201,0.0599704119470977,"97.5th percentile"
41.5138864321608,13.170308040201,0.0560733881817048,"97.5th percentile"
41.5984854271357,13.170308040201,0.0454859479403406,"97.5th percentile"
41.6830844221106,13.170308040201,0.0489389325422148,"97.5th percentile"
41.7676834170854,13.170308040201,0.0504755362224878,"97.5th percentile"
36.1841497487437,13.2383346733668,0.481871957588709,"97.5th percentile"
36.2687487437186,13.2383346733668,0.486039196028478,"97.5th percentile"
36.3533477386935,13.2383346733668,0.467300289281218,"97.5th percentile"
36.4379467336683,13.2383346733668,0.47976866815496,"97.5th percentile"
36.5225457286432,13.2383346733668,0.475284010158082,"97.5th percentile"
36.6071447236181,13.2383346733668,0.47020708686677,"97.5th percentile"
36.691743718593,13.2383346733668,0.467359741647325,"97.5th percentile"
36.7763427135678,13.2383346733668,0.462373433889983,"97.5th percentile"
36.8609417085427,13.2383346733668,0.429626879551661,"97.5th percentile"
36.9455407035176,13.2383346733668,0.427243308362612,"97.5th percentile"
37.0301396984925,13.2383346733668,0.401758259454928,"97.5th percentile"
37.1147386934673,13.2383346733668,0.397763075735095,"97.5th percentile"
37.1993376884422,13.2383346733668,0.368020950066576,"97.5th percentile"
37.2839366834171,13.2383346733668,0.363039626453748,"97.5th percentile"
37.368535678392,13.2383346733668,0.327393573436042,"97.5th percentile"
37.4531346733668,13.2383346733668,0.348360456187483,"97.5th percentile"
37.5377336683417,13.2383346733668,0.314871577108643,"97.5th percentile"
37.6223326633166,13.2383346733668,0.317908982887489,"97.5th percentile"
37.7069316582915,13.2383346733668,0.35717091246711,"97.5th percentile"
37.7915306532663,13.2383346733668,0.339786435679371,"97.5th percentile"
37.8761296482412,13.2383346733668,0.297735758484611,"97.5th percentile"
37.9607286432161,13.2383346733668,0.280620968809109,"97.5th percentile"
38.045327638191,13.2383346733668,0.328548029072632,"97.5th percentile"
38.1299266331658,13.2383346733668,0.347613599970259,"97.5th percentile"
38.2145256281407,13.2383346733668,0.383034598276746,"97.5th percentile"
38.2991246231156,13.2383346733668,0.341193920621894,"97.5th percentile"
38.3837236180904,13.2383346733668,0.37268006786292,"97.5th percentile"
38.4683226130653,13.2383346733668,0.317706304330071,"97.5th percentile"
38.5529216080402,13.2383346733668,0.34335313288702,"97.5th percentile"
38.6375206030151,13.2383346733668,0.343490205083877,"97.5th percentile"
38.72211959799,13.2383346733668,0.434128684928436,"97.5th percentile"
38.8067185929648,13.2383346733668,0.301281783451369,"97.5th percentile"
38.8913175879397,13.2383346733668,0.251809848714756,"97.5th percentile"
38.9759165829146,13.2383346733668,0.244682191711637,"97.5th percentile"
39.0605155778894,13.2383346733668,0.205411955338395,"97.5th percentile"
39.1451145728643,13.2383346733668,0.221566836300003,"97.5th percentile"
39.2297135678392,13.2383346733668,0.188565918614471,"97.5th percentile"
39.3143125628141,13.2383346733668,0.18811208079233,"97.5th percentile"
39.3989115577889,13.2383346733668,0.163126774654473,"97.5th percentile"
39.4835105527638,13.2383346733668,0.146657175398894,"97.5th percentile"
39.5681095477387,13.2383346733668,0.139598742502751,"97.5th percentile"
39.6527085427136,13.2383346733668,0.162809897799836,"97.5th percentile"
39.7373075376884,13.2383346733668,0.140324552622899,"97.5th percentile"
39.8219065326633,13.2383346733668,0.156395942016435,"97.5th percentile"
39.9065055276382,13.2383346733668,0.138976727773995,"97.5th percentile"
39.9911045226131,13.2383346733668,0.135684166843955,"97.5th percentile"
40.0757035175879,13.2383346733668,0.142020336946468,"97.5th percentile"
40.1603025125628,13.2383346733668,0.131431811048497,"97.5th percentile"
40.2449015075377,13.2383346733668,0.121774476852524,"97.5th percentile"
40.3295005025126,13.2383346733668,0.121865440744637,"97.5th percentile"
40.4140994974874,13.2383346733668,0.115127259760751,"97.5th percentile"
40.4986984924623,13.2383346733668,0.108391504842485,"97.5th percentile"
40.5832974874372,13.2383346733668,0.101517202561323,"97.5th percentile"
40.6678964824121,13.2383346733668,0.0977723159936766,"97.5th percentile"
40.7524954773869,13.2383346733668,0.0920719749764506,"97.5th percentile"
40.8370944723618,13.2383346733668,0.0864784464180836,"97.5th percentile"
40.9216934673367,13.2383346733668,0.112347981425227,"97.5th percentile"
41.0062924623116,13.2383346733668,0.0761399865433619,"97.5th percentile"
41.0908914572864,13.2383346733668,0.0714641177424372,"97.5th percentile"
41.1754904522613,13.2383346733668,0.0670979626373903,"97.5th percentile"
41.2600894472362,13.2383346733668,0.0629709336743188,"97.5th percentile"
41.344688442211,13.2383346733668,0.0590159158969546,"97.5th percentile"
41.4292874371859,13.2383346733668,0.0552945253340359,"97.5th percentile"
41.5138864321608,13.2383346733668,0.0515525080506246,"97.5th percentile"
41.5984854271357,13.2383346733668,0.0377000238441801,"97.5th percentile"
41.6830844221106,13.2383346733668,0.0374024701984614,"97.5th percentile"
36.1841497487437,13.3063613065327,0.497967521623649,"97.5th percentile"
36.2687487437186,13.3063613065327,0.494903306384623,"97.5th percentile"
36.3533477386935,13.3063613065327,0.447905915224828,"97.5th percentile"
36.4379467336683,13.3063613065327,0.494347731152285,"97.5th percentile"
36.5225457286432,13.3063613065327,0.493822218719357,"97.5th percentile"
36.6071447236181,13.3063613065327,0.462227513600044,"97.5th percentile"
36.691743718593,13.3063613065327,0.481443100946235,"97.5th percentile"
36.7763427135678,13.3063613065327,0.429255330524662,"97.5th percentile"
36.8609417085427,13.3063613065327,0.447177636839727,"97.5th percentile"
36.9455407035176,13.3063613065327,0.449126886879941,"97.5th percentile"
37.0301396984925,13.3063613065327,0.401339788810247,"97.5th percentile"
37.1147386934673,13.3063613065327,0.369897138078353,"97.5th percentile"
37.1993376884422,13.3063613065327,0.388770083101131,"97.5th percentile"
37.2839366834171,13.3063613065327,0.371244865203655,"97.5th percentile"
37.368535678392,13.3063613065327,0.318520798857349,"97.5th percentile"
37.4531346733668,13.3063613065327,0.312639282149335,"97.5th percentile"
37.5377336683417,13.3063613065327,0.330743524151884,"97.5th percentile"
37.6223326633166,13.3063613065327,0.335462828825704,"97.5th percentile"
37.7069316582915,13.3063613065327,0.333772000986988,"97.5th percentile"
37.7915306532663,13.3063613065327,0.331830906997225,"97.5th percentile"
37.8761296482412,13.3063613065327,0.310398289546621,"97.5th percentile"
37.9607286432161,13.3063613065327,0.336800167448317,"97.5th percentile"
38.045327638191,13.3063613065327,0.286264770282995,"97.5th percentile"
38.1299266331658,13.3063613065327,0.291968382643255,"97.5th percentile"
38.2145256281407,13.3063613065327,0.300524412428171,"97.5th percentile"
38.2991246231156,13.3063613065327,0.362524593184189,"97.5th percentile"
38.3837236180904,13.3063613065327,0.350280500927121,"97.5th percentile"
38.4683226130653,13.3063613065327,0.325443319473211,"97.5th percentile"
38.5529216080402,13.3063613065327,0.329350206647705,"97.5th percentile"
38.6375206030151,13.3063613065327,0.321191086665499,"97.5th percentile"
38.72211959799,13.3063613065327,0.302980037055386,"97.5th percentile"
38.8067185929648,13.3063613065327,0.291659151791859,"97.5th percentile"
38.8913175879397,13.3063613065327,0.24961842938278,"97.5th percentile"
38.9759165829146,13.3063613065327,0.248265256830984,"97.5th percentile"
39.0605155778894,13.3063613065327,0.226505738261834,"97.5th percentile"
39.1451145728643,13.3063613065327,0.182241140776142,"97.5th percentile"
39.2297135678392,13.3063613065327,0.175611905924784,"97.5th percentile"
39.3143125628141,13.3063613065327,0.145636288268044,"97.5th percentile"
39.3989115577889,13.3063613065327,0.150329222480639,"97.5th percentile"
39.4835105527638,13.3063613065327,0.141301435678268,"97.5th percentile"
39.5681095477387,13.3063613065327,0.160783677757617,"97.5th percentile"
39.6527085427136,13.3063613065327,0.159259277417566,"97.5th percentile"
39.7373075376884,13.3063613065327,0.123329681642667,"97.5th percentile"
39.8219065326633,13.3063613065327,0.126631677197514,"97.5th percentile"
39.9065055276382,13.3063613065327,0.116777123192041,"97.5th percentile"
39.9911045226131,13.3063613065327,0.124644728021384,"97.5th percentile"
40.0757035175879,13.3063613065327,0.125364026827267,"97.5th percentile"
40.1603025125628,13.3063613065327,0.118461748349351,"97.5th percentile"
40.2449015075377,13.3063613065327,0.119481092179013,"97.5th percentile"
40.3295005025126,13.3063613065327,0.113924370980804,"97.5th percentile"
40.4140994974874,13.3063613065327,0.107946965674225,"97.5th percentile"
40.4986984924623,13.3063613065327,0.101180272212268,"97.5th percentile"
40.5832974874372,13.3063613065327,0.0951202894268815,"97.5th percentile"
40.6678964824121,13.3063613065327,0.0905445855178708,"97.5th percentile"
40.7524954773869,13.3063613065327,0.0851086653212736,"97.5th percentile"
40.8370944723618,13.3063613065327,0.0799151936251718,"97.5th percentile"
40.9216934673367,13.3063613065327,0.104125485871846,"97.5th percentile"
41.0062924623116,13.3063613065327,0.0702643593994369,"97.5th percentile"
41.0908914572864,13.3063613065327,0.065947916684066,"97.5th percentile"
41.1754904522613,13.3063613065327,0.0619008973014563,"97.5th percentile"
41.2600894472362,13.3063613065327,0.0580763904595062,"97.5th percentile"
41.344688442211,13.3063613065327,0.0544027396807008,"97.5th percentile"
41.4292874371859,13.3063613065327,0.0509339103156431,"97.5th percentile"
41.5138864321608,13.3063613065327,0.0474378609570872,"97.5th percentile"
41.5984854271357,13.3063613065327,0.0376720332284553,"97.5th percentile"
41.6830844221106,13.3063613065327,0.0368077550500028,"97.5th percentile"
36.2687487437186,13.3743879396985,0.480611155788803,"97.5th percentile"
36.3533477386935,13.3743879396985,0.506254670869565,"97.5th percentile"
36.4379467336683,13.3743879396985,0.49200703724566,"97.5th percentile"
36.5225457286432,13.3743879396985,0.49918478157525,"97.5th percentile"
36.6071447236181,13.3743879396985,0.475944726994849,"97.5th percentile"
36.691743718593,13.3743879396985,0.48733235822846,"97.5th percentile"
36.7763427135678,13.3743879396985,0.453018927907818,"97.5th percentile"
36.8609417085427,13.3743879396985,0.433771620252865,"97.5th percentile"
36.9455407035176,13.3743879396985,0.436140035968806,"97.5th percentile"
37.0301396984925,13.3743879396985,0.394517655290918,"97.5th percentile"
37.1147386934673,13.3743879396985,0.385534272711057,"97.5th percentile"
37.1993376884422,13.3743879396985,0.377748943798753,"97.5th percentile"
37.2839366834171,13.3743879396985,0.347933544761795,"97.5th percentile"
37.368535678392,13.3743879396985,0.256854798095891,"97.5th percentile"
37.4531346733668,13.3743879396985,0.270039526287541,"97.5th percentile"
37.5377336683417,13.3743879396985,0.321126918477852,"97.5th percentile"
37.6223326633166,13.3743879396985,0.34667704067802,"97.5th percentile"
37.7069316582915,13.3743879396985,0.329163883791482,"97.5th percentile"
37.7915306532663,13.3743879396985,0.317234541689741,"97.5th percentile"
37.8761296482412,13.3743879396985,0.306733981329671,"97.5th percentile"
37.9607286432161,13.3743879396985,0.328926941920331,"97.5th percentile"
38.045327638191,13.3743879396985,0.301145270399838,"97.5th percentile"
38.1299266331658,13.3743879396985,0.289339470368759,"97.5th percentile"
38.2145256281407,13.3743879396985,0.29328718831122,"97.5th percentile"
38.2991246231156,13.3743879396985,0.350022301424666,"97.5th percentile"
38.3837236180904,13.3743879396985,0.313825663625444,"97.5th percentile"
38.4683226130653,13.3743879396985,0.319748006975341,"97.5th percentile"
38.5529216080402,13.3743879396985,0.311007837781591,"97.5th percentile"
38.6375206030151,13.3743879396985,0.305060425251304,"97.5th percentile"
38.72211959799,13.3743879396985,0.287846160608741,"97.5th percentile"
38.8067185929648,13.3743879396985,0.26664258366925,"97.5th percentile"
38.8913175879397,13.3743879396985,0.246273786680537,"97.5th percentile"
38.9759165829146,13.3743879396985,0.2405735585375,"97.5th percentile"
39.0605155778894,13.3743879396985,0.228241885076102,"97.5th percentile"
39.1451145728643,13.3743879396985,0.177780701448447,"97.5th percentile"
39.2297135678392,13.3743879396985,0.173754019710108,"97.5th percentile"
39.3143125628141,13.3743879396985,0.147703546181021,"97.5th percentile"
39.3989115577889,13.3743879396985,0.152683519286659,"97.5th percentile"
39.4835105527638,13.3743879396985,0.130945980693807,"97.5th percentile"
39.5681095477387,13.3743879396985,0.118252826113922,"97.5th percentile"
39.6527085427136,13.3743879396985,0.115746955581514,"97.5th percentile"
39.7373075376884,13.3743879396985,0.116114557127376,"97.5th percentile"
39.8219065326633,13.3743879396985,0.131322730078861,"97.5th percentile"
39.9065055276382,13.3743879396985,0.108542752151582,"97.5th percentile"
39.9911045226131,13.3743879396985,0.124905139085725,"97.5th percentile"
40.0757035175879,13.3743879396985,0.122085084721006,"97.5th percentile"
40.1603025125628,13.3743879396985,0.115977378190859,"97.5th percentile"
40.2449015075377,13.3743879396985,0.111832321140851,"97.5th percentile"
40.3295005025126,13.3743879396985,0.106294818542101,"97.5th percentile"
40.4140994974874,13.3743879396985,0.100907403203108,"97.5th percentile"
40.4986984924623,13.3743879396985,0.0945410443025582,"97.5th percentile"
40.5832974874372,13.3743879396985,0.089064181726098,"97.5th percentile"
40.6678964824121,13.3743879396985,0.0836616526516013,"97.5th percentile"
40.7524954773869,13.3743879396985,0.0785374304304643,"97.5th percentile"
40.8370944723618,13.3743879396985,0.0736956880190509,"97.5th percentile"
40.9216934673367,13.3743879396985,0.0691714869475074,"97.5th percentile"
41.0062924623116,13.3743879396985,0.0648159676305752,"97.5th percentile"
41.0908914572864,13.3743879396985,0.06083206236279,"97.5th percentile"
41.1754904522613,13.3743879396985,0.0570909963984116,"97.5th percentile"
41.2600894472362,13.3743879396985,0.0535305550539064,"97.5th percentile"
41.344688442211,13.3743879396985,0.0495348907375756,"97.5th percentile"
41.4292874371859,13.3743879396985,0.0467438744144017,"97.5th percentile"
41.5138864321608,13.3743879396985,0.0439202927864142,"97.5th percentile"
41.5984854271357,13.3743879396985,0.0341787041725844,"97.5th percentile"
36.2687487437186,13.4424145728643,0.462952485408433,"97.5th percentile"
36.3533477386935,13.4424145728643,0.458464356636471,"97.5th percentile"
36.4379467336683,13.4424145728643,0.463944836927997,"97.5th percentile"
36.5225457286432,13.4424145728643,0.480380864120222,"97.5th percentile"
36.6071447236181,13.4424145728643,0.47590439904565,"97.5th percentile"
36.691743718593,13.4424145728643,0.472428066785712,"97.5th percentile"
36.7763427135678,13.4424145728643,0.427623614712563,"97.5th percentile"
36.8609417085427,13.4424145728643,0.392995645776647,"97.5th percentile"
36.9455407035176,13.4424145728643,0.380598152794107,"97.5th percentile"
37.0301396984925,13.4424145728643,0.375850133536713,"97.5th percentile"
37.1147386934673,13.4424145728643,0.369199869403207,"97.5th percentile"
37.1993376884422,13.4424145728643,0.362950079580743,"97.5th percentile"
37.2839366834171,13.4424145728643,0.360298159768614,"97.5th percentile"
37.368535678392,13.4424145728643,0.273415417838052,"97.5th percentile"
37.4531346733668,13.4424145728643,0.299648505745126,"97.5th percentile"
37.5377336683417,13.4424145728643,0.330569845208912,"97.5th percentile"
37.6223326633166,13.4424145728643,0.349047174745053,"97.5th percentile"
37.7069316582915,13.4424145728643,0.345990894489841,"97.5th percentile"
37.7915306532663,13.4424145728643,0.331208761106958,"97.5th percentile"
37.8761296482412,13.4424145728643,0.318645964466204,"97.5th percentile"
37.9607286432161,13.4424145728643,0.312007770283749,"97.5th percentile"
38.045327638191,13.4424145728643,0.301284392877878,"97.5th percentile"
38.1299266331658,13.4424145728643,0.30049373683457,"97.5th percentile"
38.2145256281407,13.4424145728643,0.29336259264598,"97.5th percentile"
38.2991246231156,13.4424145728643,0.290485767502719,"97.5th percentile"
38.3837236180904,13.4424145728643,0.289324578438523,"97.5th percentile"
38.4683226130653,13.4424145728643,0.284887375803745,"97.5th percentile"
38.5529216080402,13.4424145728643,0.296551945972757,"97.5th percentile"
38.6375206030151,13.4424145728643,0.283545949770137,"97.5th percentile"
38.72211959799,13.4424145728643,0.270568347844439,"97.5th percentile"
38.8067185929648,13.4424145728643,0.245175174181279,"97.5th percentile"
38.8913175879397,13.4424145728643,0.204136100029757,"97.5th percentile"
38.9759165829146,13.4424145728643,0.215917526867801,"97.5th percentile"
39.0605155778894,13.4424145728643,0.19894963392502,"97.5th percentile"
39.1451145728643,13.4424145728643,0.178722491770102,"97.5th percentile"
39.2297135678392,13.4424145728643,0.169662807801562,"97.5th percentile"
39.3143125628141,13.4424145728643,0.157421603400763,"97.5th percentile"
39.3989115577889,13.4424145728643,0.139820684674908,"97.5th percentile"
39.4835105527638,13.4424145728643,0.11947725878375,"97.5th percentile"
39.5681095477387,13.4424145728643,0.108311556686101,"97.5th percentile"
39.6527085427136,13.4424145728643,0.112840847806027,"97.5th percentile"
39.7373075376884,13.4424145728643,0.102475851373127,"97.5th percentile"
39.8219065326633,13.4424145728643,0.10505842020378,"97.5th percentile"
39.9065055276382,13.4424145728643,0.107261140005443,"97.5th percentile"
39.9911045226131,13.4424145728643,0.116740257921924,"97.5th percentile"
40.0757035175879,13.4424145728643,0.107726542277899,"97.5th percentile"
40.1603025125628,13.4424145728643,0.109240595933247,"97.5th percentile"
40.2449015075377,13.4424145728643,0.105656749432305,"97.5th percentile"
40.3295005025126,13.4424145728643,0.0995352828322931,"97.5th percentile"
40.4140994974874,13.4424145728643,0.0935444458639455,"97.5th percentile"
40.4986984924623,13.4424145728643,0.087730048515103,"97.5th percentile"
40.5832974874372,13.4424145728643,0.0822748163888799,"97.5th percentile"
40.6678964824121,13.4424145728643,0.0772264493674147,"97.5th percentile"
40.7524954773869,13.4424145728643,0.072469371841552,"97.5th percentile"
40.8370944723618,13.4424145728643,0.0680229068284852,"97.5th percentile"
40.9216934673367,13.4424145728643,0.0637987716535478,"97.5th percentile"
41.0062924623116,13.4424145728643,0.0598294806014354,"97.5th percentile"
41.0908914572864,13.4424145728643,0.0561314719011517,"97.5th percentile"
41.1754904522613,13.4424145728643,0.0525916560652773,"97.5th percentile"
41.2600894472362,13.4424145728643,0.0492701400573929,"97.5th percentile"
41.344688442211,13.4424145728643,0.0461579272013493,"97.5th percentile"
41.4292874371859,13.4424145728643,0.0430992111202069,"97.5th percentile"
41.5138864321608,13.4424145728643,0.0397370576310874,"97.5th percentile"
41.5984854271357,13.4424145728643,0.0364993909553724,"97.5th percentile"
36.2687487437186,13.5104412060302,0.509154001521845,"97.5th percentile"
36.3533477386935,13.5104412060302,0.467483588340021,"97.5th percentile"
36.4379467336683,13.5104412060302,0.456552296565925,"97.5th percentile"
36.5225457286432,13.5104412060302,0.467831426079677,"97.5th percentile"
36.6071447236181,13.5104412060302,0.485710711525549,"97.5th percentile"
36.691743718593,13.5104412060302,0.440027400415763,"97.5th percentile"
36.7763427135678,13.5104412060302,0.465115178251709,"97.5th percentile"
36.8609417085427,13.5104412060302,0.384634729943622,"97.5th percentile"
36.9455407035176,13.5104412060302,0.4053416582122,"97.5th percentile"
37.0301396984925,13.5104412060302,0.415185887327809,"97.5th percentile"
37.1147386934673,13.5104412060302,0.357574571354919,"97.5th percentile"
37.1993376884422,13.5104412060302,0.362767852111682,"97.5th percentile"
37.2839366834171,13.5104412060302,0.361416537125582,"97.5th percentile"
37.368535678392,13.5104412060302,0.357060711468683,"97.5th percentile"
37.4531346733668,13.5104412060302,0.346326280424907,"97.5th percentile"
37.5377336683417,13.5104412060302,0.348232877417267,"97.5th percentile"
37.6223326633166,13.5104412060302,0.343106579508033,"97.5th percentile"
37.7069316582915,13.5104412060302,0.34267875153418,"97.5th percentile"
37.7915306532663,13.5104412060302,0.346929759463272,"97.5th percentile"
37.8761296482412,13.5104412060302,0.32591418557125,"97.5th percentile"
37.9607286432161,13.5104412060302,0.319724840415784,"97.5th percentile"
38.045327638191,13.5104412060302,0.309270435945878,"97.5th percentile"
38.1299266331658,13.5104412060302,0.285041043300955,"97.5th percentile"
38.2145256281407,13.5104412060302,0.295403240010835,"97.5th percentile"
38.2991246231156,13.5104412060302,0.275501206140378,"97.5th percentile"
38.3837236180904,13.5104412060302,0.293747772279507,"97.5th percentile"
38.4683226130653,13.5104412060302,0.286217783555592,"97.5th percentile"
38.5529216080402,13.5104412060302,0.258155316327365,"97.5th percentile"
38.6375206030151,13.5104412060302,0.249180525533608,"97.5th percentile"
38.72211959799,13.5104412060302,0.242557193264909,"97.5th percentile"
38.8067185929648,13.5104412060302,0.206147603965422,"97.5th percentile"
38.8913175879397,13.5104412060302,0.204737185513651,"97.5th percentile"
38.9759165829146,13.5104412060302,0.202996363930576,"97.5th percentile"
39.0605155778894,13.5104412060302,0.180673571578089,"97.5th percentile"
39.1451145728643,13.5104412060302,0.163392173009869,"97.5th percentile"
39.2297135678392,13.5104412060302,0.140777607447563,"97.5th percentile"
39.3143125628141,13.5104412060302,0.129036989219191,"97.5th percentile"
39.3989115577889,13.5104412060302,0.117913231735442,"97.5th percentile"
39.4835105527638,13.5104412060302,0.107053697341034,"97.5th percentile"
39.5681095477387,13.5104412060302,0.106162492008575,"97.5th percentile"
39.6527085427136,13.5104412060302,0.100827630530176,"97.5th percentile"
39.7373075376884,13.5104412060302,0.094828347916345,"97.5th percentile"
39.8219065326633,13.5104412060302,0.0967076021865353,"97.5th percentile"
39.9065055276382,13.5104412060302,0.115610412459164,"97.5th percentile"
39.9911045226131,13.5104412060302,0.111245120884179,"97.5th percentile"
40.0757035175879,13.5104412060302,0.110239323941277,"97.5th percentile"
40.1603025125628,13.5104412060302,0.10331152746373,"97.5th percentile"
40.2449015075377,13.5104412060302,0.0980518745054926,"97.5th percentile"
40.3295005025126,13.5104412060302,0.0920720769757474,"97.5th percentile"
40.4140994974874,13.5104412060302,0.0863205248346566,"97.5th percentile"
40.4986984924623,13.5104412060302,0.0806179684815135,"97.5th percentile"
40.5832974874372,13.5104412060302,0.0758807999017472,"97.5th percentile"
40.6678964824121,13.5104412060302,0.0711963952441701,"97.5th percentile"
40.7524954773869,13.5104412060302,0.0668464093337126,"97.5th percentile"
40.8370944723618,13.5104412060302,0.062771769543068,"97.5th percentile"
40.9216934673367,13.5104412060302,0.058850791287408,"97.5th percentile"
41.0062924623116,13.5104412060302,0.0551576283346449,"97.5th percentile"
41.0908914572864,13.5104412060302,0.0516932348608913,"97.5th percentile"
41.1754904522613,13.5104412060302,0.0484332291250388,"97.5th percentile"
41.2600894472362,13.5104412060302,0.0453359819336038,"97.5th percentile"
41.344688442211,13.5104412060302,0.0422770566392819,"97.5th percentile"
41.4292874371859,13.5104412060302,0.039184378305635,"97.5th percentile"
41.5138864321608,13.5104412060302,0.0360964159243022,"97.5th percentile"
36.3533477386935,13.578467839196,0.493478146289082,"97.5th percentile"
36.4379467336683,13.578467839196,0.489442941387541,"97.5th percentile"
36.5225457286432,13.578467839196,0.468291418071571,"97.5th percentile"
36.6071447236181,13.578467839196,0.482950770286799,"97.5th percentile"
36.691743718593,13.578467839196,0.484491273584225,"97.5th percentile"
36.7763427135678,13.578467839196,0.485568538224081,"97.5th percentile"
36.8609417085427,13.578467839196,0.413000060779159,"97.5th percentile"
36.9455407035176,13.578467839196,0.428910668703002,"97.5th percentile"
37.0301396984925,13.578467839196,0.412596474587525,"97.5th percentile"
37.1147386934673,13.578467839196,0.367278253892142,"97.5th percentile"
37.1993376884422,13.578467839196,0.379631440600475,"97.5th percentile"
37.2839366834171,13.578467839196,0.369386031350419,"97.5th percentile"
37.368535678392,13.578467839196,0.352804981836117,"97.5th percentile"
37.4531346733668,13.578467839196,0.32151414826128,"97.5th percentile"
37.5377336683417,13.578467839196,0.34578304937198,"97.5th percentile"
37.6223326633166,13.578467839196,0.348974409334959,"97.5th percentile"
37.7069316582915,13.578467839196,0.364577898688091,"97.5th percentile"
37.7915306532663,13.578467839196,0.328850345803026,"97.5th percentile"
37.8761296482412,13.578467839196,0.327678433823811,"97.5th percentile"
37.9607286432161,13.578467839196,0.341080882601408,"97.5th percentile"
38.045327638191,13.578467839196,0.30249461529025,"97.5th percentile"
38.1299266331658,13.578467839196,0.247429296734681,"97.5th percentile"
38.2145256281407,13.578467839196,0.258495985326579,"97.5th percentile"
38.2991246231156,13.578467839196,0.253579110249048,"97.5th percentile"
38.3837236180904,13.578467839196,0.270936642225718,"97.5th percentile"
38.4683226130653,13.578467839196,0.22969944649506,"97.5th percentile"
38.5529216080402,13.578467839196,0.247949650074523,"97.5th percentile"
38.6375206030151,13.578467839196,0.23378099805262,"97.5th percentile"
38.72211959799,13.578467839196,0.22465964554242,"97.5th percentile"
38.8067185929648,13.578467839196,0.20477807093082,"97.5th percentile"
38.8913175879397,13.578467839196,0.202413982914659,"97.5th percentile"
38.9759165829146,13.578467839196,0.173023609447865,"97.5th percentile"
39.0605155778894,13.578467839196,0.150939114009133,"97.5th percentile"
39.1451145728643,13.578467839196,0.126477983802487,"97.5th percentile"
39.2297135678392,13.578467839196,0.130109404660728,"97.5th percentile"
39.3143125628141,13.578467839196,0.116359933819521,"97.5th percentile"
39.3989115577889,13.578467839196,0.110849503272013,"97.5th percentile"
39.4835105527638,13.578467839196,0.102262515538854,"97.5th percentile"
39.5681095477387,13.578467839196,0.0951954106505614,"97.5th percentile"
39.6527085427136,13.578467839196,0.0899728653854963,"97.5th percentile"
39.7373075376884,13.578467839196,0.0967698315015169,"97.5th percentile"
39.8219065326633,13.578467839196,0.0884301074094748,"97.5th percentile"
39.9065055276382,13.578467839196,0.106494274115295,"97.5th percentile"
39.9911045226131,13.578467839196,0.105566136978626,"97.5th percentile"
40.0757035175879,13.578467839196,0.101564365421684,"97.5th percentile"
40.1603025125628,13.578467839196,0.095975519250335,"97.5th percentile"
40.2449015075377,13.578467839196,0.0906398224149105,"97.5th percentile"
40.3295005025126,13.578467839196,0.0850298444102821,"97.5th percentile"
40.4140994974874,13.578467839196,0.0797613556168957,"97.5th percentile"
40.4986984924623,13.578467839196,0.0743995026772787,"97.5th percentile"
40.5832974874372,13.578467839196,0.0700075973862086,"97.5th percentile"
40.6678964824121,13.578467839196,0.0657515915150245,"97.5th percentile"
40.7524954773869,13.578467839196,0.0616353413192319,"97.5th percentile"
40.8370944723618,13.578467839196,0.0578655201343225,"97.5th percentile"
40.9216934673367,13.578467839196,0.0542373447758051,"97.5th percentile"
41.0062924623116,13.578467839196,0.0508215527089987,"97.5th percentile"
41.0908914572864,13.578467839196,0.0476187713140342,"97.5th percentile"
41.1754904522613,13.578467839196,0.0446062076239252,"97.5th percentile"
41.2600894472362,13.578467839196,0.0417451788369845,"97.5th percentile"
41.344688442211,13.578467839196,0.0389055584122421,"97.5th percentile"
36.3533477386935,13.6464944723618,0.507609053850081,"97.5th percentile"
36.4379467336683,13.6464944723618,0.459153301962778,"97.5th percentile"
36.5225457286432,13.6464944723618,0.518038080367469,"97.5th percentile"
36.6071447236181,13.6464944723618,0.466620879765278,"97.5th percentile"
36.691743718593,13.6464944723618,0.495457785489769,"97.5th percentile"
36.7763427135678,13.6464944723618,0.40791272643911,"97.5th percentile"
36.8609417085427,13.6464944723618,0.44918859242033,"97.5th percentile"
36.9455407035176,13.6464944723618,0.393593847227286,"97.5th percentile"
37.0301396984925,13.6464944723618,0.424835314033052,"97.5th percentile"
37.1147386934673,13.6464944723618,0.401937094421627,"97.5th percentile"
37.1993376884422,13.6464944723618,0.386777912954105,"97.5th percentile"
37.2839366834171,13.6464944723618,0.361777644839863,"97.5th percentile"
37.368535678392,13.6464944723618,0.348378653064114,"97.5th percentile"
37.4531346733668,13.6464944723618,0.368600421993573,"97.5th percentile"
37.5377336683417,13.6464944723618,0.337976193914235,"97.5th percentile"
37.6223326633166,13.6464944723618,0.381029730866466,"97.5th percentile"
37.7069316582915,13.6464944723618,0.363654893305867,"97.5th percentile"
37.7915306532663,13.6464944723618,0.364830938345804,"97.5th percentile"
37.8761296482412,13.6464944723618,0.330411145466076,"97.5th percentile"
37.9607286432161,13.6464944723618,0.295645331527832,"97.5th percentile"
38.045327638191,13.6464944723618,0.266826882652134,"97.5th percentile"
38.1299266331658,13.6464944723618,0.232465812437706,"97.5th percentile"
38.2145256281407,13.6464944723618,0.226414471418452,"97.5th percentile"
38.2991246231156,13.6464944723618,0.280126691125385,"97.5th percentile"
38.3837236180904,13.6464944723618,0.284431287280939,"97.5th percentile"
38.4683226130653,13.6464944723618,0.252198030572973,"97.5th percentile"
38.5529216080402,13.6464944723618,0.236171753060419,"97.5th percentile"
38.6375206030151,13.6464944723618,0.218690575197979,"97.5th percentile"
38.72211959799,13.6464944723618,0.190421055966829,"97.5th percentile"
38.8067185929648,13.6464944723618,0.177215781553803,"97.5th percentile"
38.8913175879397,13.6464944723618,0.174659447236777,"97.5th percentile"
38.9759165829146,13.6464944723618,0.159292572905222,"97.5th percentile"
39.0605155778894,13.6464944723618,0.148736771604452,"97.5th percentile"
39.1451145728643,13.6464944723618,0.115705144244589,"97.5th percentile"
39.2297135678392,13.6464944723618,0.12702493857075,"97.5th percentile"
39.3143125628141,13.6464944723618,0.118046433385369,"97.5th percentile"
39.3989115577889,13.6464944723618,0.103844267672589,"97.5th percentile"
39.4835105527638,13.6464944723618,0.0984767800585092,"97.5th percentile"
39.5681095477387,13.6464944723618,0.0965056464117682,"97.5th percentile"
39.6527085427136,13.6464944723618,0.090092937854349,"97.5th percentile"
39.7373075376884,13.6464944723618,0.0777529697688841,"97.5th percentile"
39.8219065326633,13.6464944723618,0.0770043604385669,"97.5th percentile"
39.9065055276382,13.6464944723618,0.0924077217159621,"97.5th percentile"
39.9911045226131,13.6464944723618,0.0906544579198473,"97.5th percentile"
40.0757035175879,13.6464944723618,0.0897845324820882,"97.5th percentile"
40.1603025125628,13.6464944723618,0.0892034733660958,"97.5th percentile"
40.2449015075377,13.6464944723618,0.0836923987630982,"97.5th percentile"
40.3295005025126,13.6464944723618,0.078511065553166,"97.5th percentile"
40.4140994974874,13.6464944723618,0.0736335273530473,"97.5th percentile"
40.4986984924623,13.6464944723618,0.0689063845212653,"97.5th percentile"
40.5832974874372,13.6464944723618,0.0646644639729164,"97.5th percentile"
40.6678964824121,13.6464944723618,0.060604672331746,"97.5th percentile"
40.7524954773869,13.6464944723618,0.0568270207675072,"97.5th percentile"
40.8370944723618,13.6464944723618,0.0533191977190748,"97.5th percentile"
40.9216934673367,13.6464944723618,0.049953075718622,"97.5th percentile"
41.0062924623116,13.6464944723618,0.0467813524574156,"97.5th percentile"
41.0908914572864,13.6464944723618,0.0438084927000527,"97.5th percentile"
41.1754904522613,13.6464944723618,0.041042670635043,"97.5th percentile"
41.2600894472362,13.6464944723618,0.038255932115489,"97.5th percentile"
36.3533477386935,13.7145211055276,0.522651907875294,"97.5th percentile"
36.4379467336683,13.7145211055276,0.461073806664542,"97.5th percentile"
36.5225457286432,13.7145211055276,0.508891330208619,"97.5th percentile"
36.6071447236181,13.7145211055276,0.499038318722434,"97.5th percentile"
36.691743718593,13.7145211055276,0.448156594098316,"97.5th percentile"
36.7763427135678,13.7145211055276,0.497011459268253,"97.5th percentile"
36.8609417085427,13.7145211055276,0.485768337299565,"97.5th percentile"
36.9455407035176,13.7145211055276,0.451050161203932,"97.5th percentile"
37.0301396984925,13.7145211055276,0.448948254916297,"97.5th percentile"
37.1147386934673,13.7145211055276,0.414079962723076,"97.5th percentile"
37.1993376884422,13.7145211055276,0.396375168405805,"97.5th percentile"
37.2839366834171,13.7145211055276,0.329865917106104,"97.5th percentile"
37.368535678392,13.7145211055276,0.35790868954725,"97.5th percentile"
37.4531346733668,13.7145211055276,0.360470246679336,"97.5th percentile"
37.5377336683417,13.7145211055276,0.37110084723053,"97.5th percentile"
37.6223326633166,13.7145211055276,0.360104903492784,"97.5th percentile"
37.7069316582915,13.7145211055276,0.35528849640457,"97.5th percentile"
37.7915306532663,13.7145211055276,0.319159023840822,"97.5th percentile"
37.8761296482412,13.7145211055276,0.320137431437171,"97.5th percentile"
37.9607286432161,13.7145211055276,0.290306835170615,"97.5th percentile"
38.045327638191,13.7145211055276,0.254520329067277,"97.5th percentile"
38.1299266331658,13.7145211055276,0.243327116894918,"97.5th percentile"
38.2145256281407,13.7145211055276,0.22218634655787,"97.5th percentile"
38.2991246231156,13.7145211055276,0.242599517860642,"97.5th percentile"
38.3837236180904,13.7145211055276,0.314235792423401,"97.5th percentile"
38.4683226130653,13.7145211055276,0.304172720418493,"97.5th percentile"
38.5529216080402,13.7145211055276,0.264979070312458,"97.5th percentile"
38.6375206030151,13.7145211055276,0.232967868240098,"97.5th percentile"
38.72211959799,13.7145211055276,0.193929351984038,"97.5th percentile"
38.8067185929648,13.7145211055276,0.147559522009775,"97.5th percentile"
38.8913175879397,13.7145211055276,0.161167747860931,"97.5th percentile"
38.9759165829146,13.7145211055276,0.141051040654972,"97.5th percentile"
39.0605155778894,13.7145211055276,0.139126257020334,"97.5th percentile"
39.1451145728643,13.7145211055276,0.126003206434308,"97.5th percentile"
39.2297135678392,13.7145211055276,0.117033149799537,"97.5th percentile"
39.3143125628141,13.7145211055276,0.114754333255369,"97.5th percentile"
39.3989115577889,13.7145211055276,0.104281906137821,"97.5th percentile"
39.4835105527638,13.7145211055276,0.096024061492882,"97.5th percentile"
39.5681095477387,13.7145211055276,0.0840581587434664,"97.5th percentile"
39.6527085427136,13.7145211055276,0.0767731285735749,"97.5th percentile"
39.7373075376884,13.7145211055276,0.0728387463736628,"97.5th percentile"
39.8219065326633,13.7145211055276,0.0688523938452942,"97.5th percentile"
39.9065055276382,13.7145211055276,0.0957002868196573,"97.5th percentile"
39.9911045226131,13.7145211055276,0.0930912621092933,"97.5th percentile"
40.0757035175879,13.7145211055276,0.0856310600217334,"97.5th percentile"
40.1603025125628,13.7145211055276,0.0823545215354781,"97.5th percentile"
40.2449015075377,13.7145211055276,0.0772425129512408,"97.5th percentile"
40.3295005025126,13.7145211055276,0.072440426785491,"97.5th percentile"
40.4140994974874,13.7145211055276,0.0678856968100971,"97.5th percentile"
40.4986984924623,13.7145211055276,0.0636653666664029,"97.5th percentile"
40.5832974874372,13.7145211055276,0.0595901860812634,"97.5th percentile"
40.6678964824121,13.7145211055276,0.055941141780654,"97.5th percentile"
40.7524954773869,13.7145211055276,0.0524200980637606,"97.5th percentile"
40.8370944723618,13.7145211055276,0.0491160174292221,"97.5th percentile"
40.9216934673367,13.7145211055276,0.045994333658411,"97.5th percentile"
41.0062924623116,13.7145211055276,0.0430664863988036,"97.5th percentile"
41.0908914572864,13.7145211055276,0.0403299025889205,"97.5th percentile"
41.1754904522613,13.7145211055276,0.0375090019567716,"97.5th percentile"
36.3533477386935,13.7825477386935,0.540927303638113,"97.5th percentile"
36.4379467336683,13.7825477386935,0.53328131820594,"97.5th percentile"
36.5225457286432,13.7825477386935,0.504369568871271,"97.5th percentile"
36.6071447236181,13.7825477386935,0.485867077381888,"97.5th percentile"
36.691743718593,13.7825477386935,0.473874447772042,"97.5th percentile"
36.7763427135678,13.7825477386935,0.473611885787926,"97.5th percentile"
36.8609417085427,13.7825477386935,0.467362663522259,"97.5th percentile"
36.9455407035176,13.7825477386935,0.479058749050417,"97.5th percentile"
37.0301396984925,13.7825477386935,0.480690891596985,"97.5th percentile"
37.1147386934673,13.7825477386935,0.442606749052872,"97.5th percentile"
37.1993376884422,13.7825477386935,0.394413789203222,"97.5th percentile"
37.2839366834171,13.7825477386935,0.335822231524197,"97.5th percentile"
37.368535678392,13.7825477386935,0.339239137205499,"97.5th percentile"
37.4531346733668,13.7825477386935,0.339006471259326,"97.5th percentile"
37.5377336683417,13.7825477386935,0.357838871308262,"97.5th percentile"
37.6223326633166,13.7825477386935,0.328818032377317,"97.5th percentile"
37.7069316582915,13.7825477386935,0.293607331082231,"97.5th percentile"
37.7915306532663,13.7825477386935,0.275160178530126,"97.5th percentile"
37.8761296482412,13.7825477386935,0.236334774515912,"97.5th percentile"
37.9607286432161,13.7825477386935,0.226315475225148,"97.5th percentile"
38.045327638191,13.7825477386935,0.204380874494067,"97.5th percentile"
38.1299266331658,13.7825477386935,0.226114647536541,"97.5th percentile"
38.2145256281407,13.7825477386935,0.191554868549324,"97.5th percentile"
38.2991246231156,13.7825477386935,0.237703547364996,"97.5th percentile"
38.3837236180904,13.7825477386935,0.308760508215117,"97.5th percentile"
38.4683226130653,13.7825477386935,0.357513025524917,"97.5th percentile"
38.5529216080402,13.7825477386935,0.306953083821681,"97.5th percentile"
38.6375206030151,13.7825477386935,0.225747303773699,"97.5th percentile"
38.72211959799,13.7825477386935,0.20275492179463,"97.5th percentile"
38.8067185929648,13.7825477386935,0.169294917269673,"97.5th percentile"
38.8913175879397,13.7825477386935,0.142143190633733,"97.5th percentile"
38.9759165829146,13.7825477386935,0.140617192162419,"97.5th percentile"
39.0605155778894,13.7825477386935,0.140362297761206,"97.5th percentile"
39.1451145728643,13.7825477386935,0.109896268527348,"97.5th percentile"
39.2297135678392,13.7825477386935,0.130378477761785,"97.5th percentile"
39.3143125628141,13.7825477386935,0.107135857656788,"97.5th percentile"
39.3989115577889,13.7825477386935,0.0864987514839541,"97.5th percentile"
39.4835105527638,13.7825477386935,0.0806962202539854,"97.5th percentile"
39.5681095477387,13.7825477386935,0.080925541792305,"97.5th percentile"
39.6527085427136,13.7825477386935,0.0701404776084293,"97.5th percentile"
39.7373075376884,13.7825477386935,0.0649291621167851,"97.5th percentile"
39.8219065326633,13.7825477386935,0.0636875223407947,"97.5th percentile"
39.9065055276382,13.7825477386935,0.0794037272186371,"97.5th percentile"
39.9911045226131,13.7825477386935,0.0839214166937852,"97.5th percentile"
40.0757035175879,13.7825477386935,0.079329300665049,"97.5th percentile"
40.1603025125628,13.7825477386935,0.0759958070831765,"97.5th percentile"
40.2449015075377,13.7825477386935,0.0712591527529862,"97.5th percentile"
40.3295005025126,13.7825477386935,0.0668114604647285,"97.5th percentile"
40.4140994974874,13.7825477386935,0.0626183416695133,"97.5th percentile"
40.4986984924623,13.7825477386935,0.0586911597335228,"97.5th percentile"
40.5832974874372,13.7825477386935,0.0550096560179982,"97.5th percentile"
40.6678964824121,13.7825477386935,0.0515504976512884,"97.5th percentile"
40.7524954773869,13.7825477386935,0.0483047182910224,"97.5th percentile"
40.8370944723618,13.7825477386935,0.045255986008667,"97.5th percentile"
40.9216934673367,13.7825477386935,0.0423943456852644,"97.5th percentile"
41.0062924623116,13.7825477386935,0.0397085990811905,"97.5th percentile"
41.0908914572864,13.7825477386935,0.0369485118700892,"97.5th percentile"
36.3533477386935,13.8505743718593,0.479064394618346,"97.5th percentile"
36.4379467336683,13.8505743718593,0.465007229110748,"97.5th percentile"
36.5225457286432,13.8505743718593,0.481654983019182,"97.5th percentile"
36.6071447236181,13.8505743718593,0.49157895842349,"97.5th percentile"
36.691743718593,13.8505743718593,0.488393350957338,"97.5th percentile"
36.7763427135678,13.8505743718593,0.49036885249217,"97.5th percentile"
36.8609417085427,13.8505743718593,0.442064698419244,"97.5th percentile"
36.9455407035176,13.8505743718593,0.489017517427992,"97.5th percentile"
37.0301396984925,13.8505743718593,0.459544943648673,"97.5th percentile"
37.1147386934673,13.8505743718593,0.409950351097271,"97.5th percentile"
37.1993376884422,13.8505743718593,0.381058751745179,"97.5th percentile"
37.2839366834171,13.8505743718593,0.340387466129132,"97.5th percentile"
37.368535678392,13.8505743718593,0.330667218857126,"97.5th percentile"
37.4531346733668,13.8505743718593,0.313446159300388,"97.5th percentile"
37.5377336683417,13.8505743718593,0.267981027714451,"97.5th percentile"
37.6223326633166,13.8505743718593,0.244257591265198,"97.5th percentile"
37.7069316582915,13.8505743718593,0.252725537375773,"97.5th percentile"
37.7915306532663,13.8505743718593,0.212912558692958,"97.5th percentile"
37.8761296482412,13.8505743718593,0.213340215257156,"97.5th percentile"
37.9607286432161,13.8505743718593,0.230776687267989,"97.5th percentile"
38.045327638191,13.8505743718593,0.219358426408279,"97.5th percentile"
38.1299266331658,13.8505743718593,0.164791481927175,"97.5th percentile"
38.2145256281407,13.8505743718593,0.158098831752386,"97.5th percentile"
38.2991246231156,13.8505743718593,0.208866966989724,"97.5th percentile"
38.3837236180904,13.8505743718593,0.285401345628045,"97.5th percentile"
38.4683226130653,13.8505743718593,0.363545972936388,"97.5th percentile"
38.5529216080402,13.8505743718593,0.346891314434815,"97.5th percentile"
38.6375206030151,13.8505743718593,0.238932455865577,"97.5th percentile"
38.72211959799,13.8505743718593,0.213272062379898,"97.5th percentile"
38.8067185929648,13.8505743718593,0.201489572796743,"97.5th percentile"
38.8913175879397,13.8505743718593,0.156089577696691,"97.5th percentile"
38.9759165829146,13.8505743718593,0.155371376916682,"97.5th percentile"
39.0605155778894,13.8505743718593,0.132591218900934,"97.5th percentile"
39.1451145728643,13.8505743718593,0.129205912567134,"97.5th percentile"
39.2297135678392,13.8505743718593,0.1189903671241,"97.5th percentile"
39.3143125628141,13.8505743718593,0.105363653226421,"97.5th percentile"
39.3989115577889,13.8505743718593,0.0795966027839645,"97.5th percentile"
39.4835105527638,13.8505743718593,0.0764266752425995,"97.5th percentile"
39.5681095477387,13.8505743718593,0.0772678341864634,"97.5th percentile"
39.6527085427136,13.8505743718593,0.0740054110811673,"97.5th percentile"
39.7373075376884,13.8505743718593,0.0594739143985433,"97.5th percentile"
39.8219065326633,13.8505743718593,0.0577295772193274,"97.5th percentile"
39.9065055276382,13.8505743718593,0.069526318349263,"97.5th percentile"
39.9911045226131,13.8505743718593,0.0740708016144009,"97.5th percentile"
40.0757035175879,13.8505743718593,0.0625268044139912,"97.5th percentile"
40.1603025125628,13.8505743718593,0.070097888463597,"97.5th percentile"
40.2449015075377,13.8505743718593,0.0657117653243858,"97.5th percentile"
40.3295005025126,13.8505743718593,0.06159341292027,"97.5th percentile"
40.4140994974874,13.8505743718593,0.0576388023942008,"97.5th percentile"
40.4986984924623,13.8505743718593,0.054081276658082,"97.5th percentile"
40.5832974874372,13.8505743718593,0.0506746582204115,"97.5th percentile"
40.6678964824121,13.8505743718593,0.0474834338663936,"97.5th percentile"
40.7524954773869,13.8505743718593,0.0444829892255348,"97.5th percentile"
40.8370944723618,13.8505743718593,0.0416666465019065,"97.5th percentile"
40.9216934673367,13.8505743718593,0.0390245583720315,"97.5th percentile"
41.0062924623116,13.8505743718593,0.0356411621827442,"97.5th percentile"
41.0908914572864,13.8505743718593,0.0329279038592886,"97.5th percentile"
36.3533477386935,13.9186010050251,0.476930187623466,"97.5th percentile"
36.4379467336683,13.9186010050251,0.483623563949498,"97.5th percentile"
36.5225457286432,13.9186010050251,0.485908613593917,"97.5th percentile"
36.6071447236181,13.9186010050251,0.498339882127336,"97.5th percentile"
36.691743718593,13.9186010050251,0.49671785941429,"97.5th percentile"
36.7763427135678,13.9186010050251,0.487456203841532,"97.5th percentile"
36.8609417085427,13.9186010050251,0.456748644052577,"97.5th percentile"
36.9455407035176,13.9186010050251,0.420511085933344,"97.5th percentile"
37.0301396984925,13.9186010050251,0.380742369552061,"97.5th percentile"
37.1147386934673,13.9186010050251,0.338850517797603,"97.5th percentile"
37.1993376884422,13.9186010050251,0.327435796948461,"97.5th percentile"
37.2839366834171,13.9186010050251,0.305631926045755,"97.5th percentile"
37.368535678392,13.9186010050251,0.295751271730467,"97.5th percentile"
37.4531346733668,13.9186010050251,0.271513858189037,"97.5th percentile"
37.5377336683417,13.9186010050251,0.222745464531057,"97.5th percentile"
37.6223326633166,13.9186010050251,0.272802876474652,"97.5th percentile"
37.7069316582915,13.9186010050251,0.246079826643883,"97.5th percentile"
37.7915306532663,13.9186010050251,0.237866196479662,"97.5th percentile"
37.8761296482412,13.9186010050251,0.206695403777894,"97.5th percentile"
37.9607286432161,13.9186010050251,0.190399271783424,"97.5th percentile"
38.045327638191,13.9186010050251,0.173591125398146,"97.5th percentile"
38.1299266331658,13.9186010050251,0.154000376233444,"97.5th percentile"
38.2145256281407,13.9186010050251,0.141419789960828,"97.5th percentile"
38.2991246231156,13.9186010050251,0.190121635252769,"97.5th percentile"
38.3837236180904,13.9186010050251,0.287039939974741,"97.5th percentile"
38.4683226130653,13.9186010050251,0.313431048499071,"97.5th percentile"
38.5529216080402,13.9186010050251,0.389243186732148,"97.5th percentile"
38.6375206030151,13.9186010050251,0.305730357774476,"97.5th percentile"
38.72211959799,13.9186010050251,0.275030074447945,"97.5th percentile"
38.8067185929648,13.9186010050251,0.23047267654542,"97.5th percentile"
38.8913175879397,13.9186010050251,0.16539040065386,"97.5th percentile"
38.9759165829146,13.9186010050251,0.168139493007734,"97.5th percentile"
39.0605155778894,13.9186010050251,0.144478012158301,"97.5th percentile"
39.1451145728643,13.9186010050251,0.127397404545043,"97.5th percentile"
39.2297135678392,13.9186010050251,0.114465509118829,"97.5th percentile"
39.3143125628141,13.9186010050251,0.102173803008351,"97.5th percentile"
39.3989115577889,13.9186010050251,0.0732880725384243,"97.5th percentile"
39.4835105527638,13.9186010050251,0.0669866026220275,"97.5th percentile"
39.5681095477387,13.9186010050251,0.0643577425921059,"97.5th percentile"
39.6527085427136,13.9186010050251,0.0733778065614084,"97.5th percentile"
39.7373075376884,13.9186010050251,0.0553094691146457,"97.5th percentile"
39.8219065326633,13.9186010050251,0.0535234081046152,"97.5th percentile"
39.9065055276382,13.9186010050251,0.0659685742268986,"97.5th percentile"
39.9911045226131,13.9186010050251,0.0694061030657467,"97.5th percentile"
40.0757035175879,13.9186010050251,0.0669710616228963,"97.5th percentile"
40.1603025125628,13.9186010050251,0.0644699722401498,"97.5th percentile"
40.2449015075377,13.9186010050251,0.0605701700719132,"97.5th percentile"
40.3295005025126,13.9186010050251,0.0567627491471851,"97.5th percentile"
40.4140994974874,13.9186010050251,0.0531796776011355,"97.5th percentile"
40.4986984924623,13.9186010050251,0.0532506659693567,"97.5th percentile"
40.5832974874372,13.9186010050251,0.0515513372644972,"97.5th percentile"
40.6678964824121,13.9186010050251,0.0437236173854219,"97.5th percentile"
40.7524954773869,13.9186010050251,0.0409515879524001,"97.5th percentile"
40.8370944723618,13.9186010050251,0.0383521095120477,"97.5th percentile"
40.9216934673367,13.9186010050251,0.03591516108432,"97.5th percentile"
41.0062924623116,13.9186010050251,0.0326130567340267,"97.5th percentile"
36.3533477386935,13.986627638191,0.493087035438262,"97.5th percentile"
36.4379467336683,13.986627638191,0.538640866316502,"97.5th percentile"
36.5225457286432,13.986627638191,0.500188139487025,"97.5th percentile"
36.6071447236181,13.986627638191,0.472246798195675,"97.5th percentile"
36.691743718593,13.986627638191,0.486256501155524,"97.5th percentile"
36.7763427135678,13.986627638191,0.433685098715956,"97.5th percentile"
36.8609417085427,13.986627638191,0.400889729535111,"97.5th percentile"
36.9455407035176,13.986627638191,0.366116927884715,"97.5th percentile"
37.0301396984925,13.986627638191,0.333154146137117,"97.5th percentile"
37.1147386934673,13.986627638191,0.316634669060932,"97.5th percentile"
37.1993376884422,13.986627638191,0.309893504992928,"97.5th percentile"
37.2839366834171,13.986627638191,0.260000547001414,"97.5th percentile"
37.368535678392,13.986627638191,0.263421412057769,"97.5th percentile"
37.4531346733668,13.986627638191,0.246528322127742,"97.5th percentile"
37.5377336683417,13.986627638191,0.226714738943978,"97.5th percentile"
37.6223326633166,13.986627638191,0.203615697881756,"97.5th percentile"
37.7069316582915,13.986627638191,0.234387923872618,"97.5th percentile"
37.7915306532663,13.986627638191,0.228205319638874,"97.5th percentile"
37.8761296482412,13.986627638191,0.214895352527898,"97.5th percentile"
37.9607286432161,13.986627638191,0.205419405231105,"97.5th percentile"
38.045327638191,13.986627638191,0.179442482614699,"97.5th percentile"
38.1299266331658,13.986627638191,0.146198042333341,"97.5th percentile"
38.2145256281407,13.986627638191,0.129386269073913,"97.5th percentile"
38.2991246231156,13.986627638191,0.181965603965594,"97.5th percentile"
38.3837236180904,13.986627638191,0.253698413660163,"97.5th percentile"
38.4683226130653,13.986627638191,0.345420941649038,"97.5th percentile"
38.5529216080402,13.986627638191,0.372400580396456,"97.5th percentile"
38.6375206030151,13.986627638191,0.301309728294397,"97.5th percentile"
38.72211959799,13.986627638191,0.305095799823609,"97.5th percentile"
38.8067185929648,13.986627638191,0.257670949374505,"97.5th percentile"
38.8913175879397,13.986627638191,0.222067740826653,"97.5th percentile"
38.9759165829146,13.986627638191,0.175001930819824,"97.5th percentile"
39.0605155778894,13.986627638191,0.1484558484411,"97.5th percentile"
39.1451145728643,13.986627638191,0.142733160931854,"97.5th percentile"
39.2297135678392,13.986627638191,0.128126758230454,"97.5th percentile"
39.3143125628141,13.986627638191,0.100562066905191,"97.5th percentile"
39.3989115577889,13.986627638191,0.0840469062655446,"97.5th percentile"
39.4835105527638,13.986627638191,0.0622433829453026,"97.5th percentile"
39.5681095477387,13.986627638191,0.0560188953836627,"97.5th percentile"
39.6527085427136,13.986627638191,0.0561155596179773,"97.5th percentile"
39.7373075376884,13.986627638191,0.0516632800811008,"97.5th percentile"
39.8219065326633,13.986627638191,0.0501832617164197,"97.5th percentile"
39.9065055276382,13.986627638191,0.0632355032962118,"97.5th percentile"
39.9911045226131,13.986627638191,0.0622302730321455,"97.5th percentile"
40.0757035175879,13.986627638191,0.0612494957838447,"97.5th percentile"
40.1603025125628,13.986627638191,0.0594698599337351,"97.5th percentile"
40.2449015075377,13.986627638191,0.0558136533198167,"97.5th percentile"
40.3295005025126,13.986627638191,0.0522938761484291,"97.5th percentile"
40.4140994974874,13.986627638191,0.048982733173776,"97.5th percentile"
40.4986984924623,13.986627638191,0.048378687345047,"97.5th percentile"
40.5832974874372,13.986627638191,0.04297573509761,"97.5th percentile"
40.6678964824121,13.986627638191,0.0402504036819212,"97.5th percentile"
40.7524954773869,13.986627638191,0.0376922632301217,"97.5th percentile"
40.8370944723618,13.986627638191,0.0352940952973452,"97.5th percentile"
40.9216934673367,13.986627638191,0.0330465268693082,"97.5th percentile"
36.4379467336683,14.0546542713568,0.468463952536751,"97.5th percentile"
36.5225457286432,14.0546542713568,0.43874149864202,"97.5th percentile"
36.6071447236181,14.0546542713568,0.444540737624615,"97.5th percentile"
36.691743718593,14.0546542713568,0.4334669047878,"97.5th percentile"
36.7763427135678,14.0546542713568,0.380504387688621,"97.5th percentile"
36.8609417085427,14.0546542713568,0.346738553214478,"97.5th percentile"
36.9455407035176,14.0546542713568,0.30856567394021,"97.5th percentile"
37.0301396984925,14.0546542713568,0.320895973366461,"97.5th percentile"
37.1147386934673,14.0546542713568,0.273864147333431,"97.5th percentile"
37.1993376884422,14.0546542713568,0.293446404923703,"97.5th percentile"
37.2839366834171,14.0546542713568,0.263729317096673,"97.5th percentile"
37.368535678392,14.0546542713568,0.234940271253341,"97.5th percentile"
37.4531346733668,14.0546542713568,0.249562420012298,"97.5th percentile"
37.5377336683417,14.0546542713568,0.232655699096898,"97.5th percentile"
37.6223326633166,14.0546542713568,0.196464624039304,"97.5th percentile"
37.7069316582915,14.0546542713568,0.210147630233874,"97.5th percentile"
37.7915306532663,14.0546542713568,0.207633662660613,"97.5th percentile"
37.8761296482412,14.0546542713568,0.168550559097212,"97.5th percentile"
37.9607286432161,14.0546542713568,0.170793980653858,"97.5th percentile"
38.045327638191,14.0546542713568,0.165329722615902,"97.5th percentile"
38.1299266331658,14.0546542713568,0.13629678963917,"97.5th percentile"
38.2145256281407,14.0546542713568,0.144912009322982,"97.5th percentile"
38.2991246231156,14.0546542713568,0.15980839444538,"97.5th percentile"
38.3837236180904,14.0546542713568,0.197821253844162,"97.5th percentile"
38.4683226130653,14.0546542713568,0.278701875162083,"97.5th percentile"
38.5529216080402,14.0546542713568,0.387638930505371,"97.5th percentile"
38.6375206030151,14.0546542713568,0.34250332786396,"97.5th percentile"
38.72211959799,14.0546542713568,0.301423404978675,"97.5th percentile"
38.8067185929648,14.0546542713568,0.248643874424212,"97.5th percentile"
38.8913175879397,14.0546542713568,0.238900860294591,"97.5th percentile"
38.9759165829146,14.0546542713568,0.181536618464716,"97.5th percentile"
39.0605155778894,14.0546542713568,0.157890632437074,"97.5th percentile"
39.1451145728643,14.0546542713568,0.158942032454564,"97.5th percentile"
39.2297135678392,14.0546542713568,0.119329748354205,"97.5th percentile"
39.3143125628141,14.0546542713568,0.104483526420558,"97.5th percentile"
39.3989115577889,14.0546542713568,0.0981506335208091,"97.5th percentile"
39.4835105527638,14.0546542713568,0.0653291004427806,"97.5th percentile"
39.5681095477387,14.0546542713568,0.0614700996165429,"97.5th percentile"
39.6527085427136,14.0546542713568,0.0509791737393351,"97.5th percentile"
39.7373075376884,14.0546542713568,0.0544674327470757,"97.5th percentile"
39.8219065326633,14.0546542713568,0.0477037336995868,"97.5th percentile"
39.9065055276382,14.0546542713568,0.0573180667360373,"97.5th percentile"
39.9911045226131,14.0546542713568,0.054542674168853,"97.5th percentile"
40.0757035175879,14.0546542713568,0.0566941380464215,"97.5th percentile"
40.1603025125628,14.0546542713568,0.0537589961867521,"97.5th percentile"
40.2449015075377,14.0546542713568,0.050447833298845,"97.5th percentile"
40.3295005025126,14.0546542713568,0.0479330438286051,"97.5th percentile"
40.4140994974874,14.0546542713568,0.0567418317685938,"97.5th percentile"
40.4986984924623,14.0546542713568,0.0422424438026654,"97.5th percentile"
40.5832974874372,14.0546542713568,0.0395580907860544,"97.5th percentile"
40.6678964824121,14.0546542713568,0.0370430870538382,"97.5th percentile"
40.7524954773869,14.0546542713568,0.034684833467784,"97.5th percentile"
40.8370944723618,14.0546542713568,0.0324745652714794,"97.5th percentile"
40.9216934673367,14.0546542713568,0.0303111589502025,"97.5th percentile"
36.4379467336683,14.1226809045226,0.382712586026986,"97.5th percentile"
36.5225457286432,14.1226809045226,0.369411207400691,"97.5th percentile"
36.6071447236181,14.1226809045226,0.356915927244712,"97.5th percentile"
36.691743718593,14.1226809045226,0.330577124743529,"97.5th percentile"
36.7763427135678,14.1226809045226,0.363250492408518,"97.5th percentile"
36.8609417085427,14.1226809045226,0.323021917816914,"97.5th percentile"
36.9455407035176,14.1226809045226,0.306851557236153,"97.5th percentile"
37.0301396984925,14.1226809045226,0.255479212159401,"97.5th percentile"
37.1147386934673,14.1226809045226,0.268712254740144,"97.5th percentile"
37.1993376884422,14.1226809045226,0.232431043427936,"97.5th percentile"
37.2839366834171,14.1226809045226,0.240501693956634,"97.5th percentile"
37.368535678392,14.1226809045226,0.245717300699191,"97.5th percentile"
37.4531346733668,14.1226809045226,0.218277969337354,"97.5th percentile"
37.5377336683417,14.1226809045226,0.180160328621489,"97.5th percentile"
37.6223326633166,14.1226809045226,0.175498631621816,"97.5th percentile"
37.7069316582915,14.1226809045226,0.180032233643521,"97.5th percentile"
37.7915306532663,14.1226809045226,0.177064484377296,"97.5th percentile"
37.8761296482412,14.1226809045226,0.16420554334249,"97.5th percentile"
37.9607286432161,14.1226809045226,0.164270123985013,"97.5th percentile"
38.045327638191,14.1226809045226,0.142288007781652,"97.5th percentile"
38.1299266331658,14.1226809045226,0.116262686793418,"97.5th percentile"
38.2145256281407,14.1226809045226,0.131272846995085,"97.5th percentile"
38.2991246231156,14.1226809045226,0.142790892371591,"97.5th percentile"
38.3837236180904,14.1226809045226,0.195926323284664,"97.5th percentile"
38.4683226130653,14.1226809045226,0.264659582642718,"97.5th percentile"
38.5529216080402,14.1226809045226,0.360139957697571,"97.5th percentile"
38.6375206030151,14.1226809045226,0.380835325787044,"97.5th percentile"
38.72211959799,14.1226809045226,0.33265689040749,"97.5th percentile"
38.8067185929648,14.1226809045226,0.27688399622978,"97.5th percentile"
38.8913175879397,14.1226809045226,0.238633182019025,"97.5th percentile"
38.9759165829146,14.1226809045226,0.200465005993145,"97.5th percentile"
39.0605155778894,14.1226809045226,0.165180637717064,"97.5th percentile"
39.1451145728643,14.1226809045226,0.149517034264649,"97.5th percentile"
39.2297135678392,14.1226809045226,0.139056631629389,"97.5th percentile"
39.3143125628141,14.1226809045226,0.101733894766105,"97.5th percentile"
39.3989115577889,14.1226809045226,0.0843070521456193,"97.5th percentile"
39.4835105527638,14.1226809045226,0.0692665218313783,"97.5th percentile"
39.5681095477387,14.1226809045226,0.059993704903204,"97.5th percentile"
39.6527085427136,14.1226809045226,0.0636258089208016,"97.5th percentile"
39.7373075376884,14.1226809045226,0.0570556376691452,"97.5th percentile"
39.8219065326633,14.1226809045226,0.0479524594815119,"97.5th percentile"
39.9065055276382,14.1226809045226,0.0480173757896139,"97.5th percentile"
39.9911045226131,14.1226809045226,0.0512052493766619,"97.5th percentile"
40.0757035175879,14.1226809045226,0.0508691036753173,"97.5th percentile"
40.1603025125628,14.1226809045226,0.0487643793034117,"97.5th percentile"
40.2449015075377,14.1226809045226,0.0465254087921822,"97.5th percentile"
40.3295005025126,14.1226809045226,0.0437240948040665,"97.5th percentile"
40.4140994974874,14.1226809045226,0.0412831475592588,"97.5th percentile"
40.4986984924623,14.1226809045226,0.0388808209228729,"97.5th percentile"
40.5832974874372,14.1226809045226,0.0364046581496976,"97.5th percentile"
40.6678964824121,14.1226809045226,0.0340834536197122,"97.5th percentile"
40.7524954773869,14.1226809045226,0.0319061359850974,"97.5th percentile"
40.8370944723618,14.1226809045226,0.0298272993057832,"97.5th percentile"
36.4379467336683,14.1907075376884,0.333011696698498,"97.5th percentile"
36.5225457286432,14.1907075376884,0.356961827760374,"97.5th percentile"
36.6071447236181,14.1907075376884,0.297276755460383,"97.5th percentile"
36.691743718593,14.1907075376884,0.289727125160749,"97.5th percentile"
36.7763427135678,14.1907075376884,0.276584311948803,"97.5th percentile"
36.8609417085427,14.1907075376884,0.271806902882623,"97.5th percentile"
36.9455407035176,14.1907075376884,0.286919832895999,"97.5th percentile"
37.0301396984925,14.1907075376884,0.244653587023014,"97.5th percentile"
37.1147386934673,14.1907075376884,0.237606626417125,"97.5th percentile"
37.1993376884422,14.1907075376884,0.218329895813134,"97.5th percentile"
37.2839366834171,14.1907075376884,0.247537572598062,"97.5th percentile"
37.368535678392,14.1907075376884,0.242940192515106,"97.5th percentile"
37.4531346733668,14.1907075376884,0.200914778218812,"97.5th percentile"
37.5377336683417,14.1907075376884,0.18249600160216,"97.5th percentile"
37.6223326633166,14.1907075376884,0.199886492124177,"97.5th percentile"
37.7069316582915,14.1907075376884,0.178939923503578,"97.5th percentile"
37.7915306532663,14.1907075376884,0.178638434657418,"97.5th percentile"
37.8761296482412,14.1907075376884,0.142214567036808,"97.5th percentile"
37.9607286432161,14.1907075376884,0.1618640452456,"97.5th percentile"
38.045327638191,14.1907075376884,0.131330281532256,"97.5th percentile"
38.1299266331658,14.1907075376884,0.121999978179853,"97.5th percentile"
38.2145256281407,14.1907075376884,0.144812399955011,"97.5th percentile"
38.2991246231156,14.1907075376884,0.138104785391265,"97.5th percentile"
38.3837236180904,14.1907075376884,0.188796439874929,"97.5th percentile"
38.4683226130653,14.1907075376884,0.31591971727711,"97.5th percentile"
38.5529216080402,14.1907075376884,0.367836238103614,"97.5th percentile"
38.6375206030151,14.1907075376884,0.485256316373568,"97.5th percentile"
38.72211959799,14.1907075376884,0.432177546940155,"97.5th percentile"
38.8067185929648,14.1907075376884,0.357690214767548,"97.5th percentile"
38.8913175879397,14.1907075376884,0.251966303792892,"97.5th percentile"
38.9759165829146,14.1907075376884,0.214022218196475,"97.5th percentile"
39.0605155778894,14.1907075376884,0.192850913620602,"97.5th percentile"
39.1451145728643,14.1907075376884,0.166680326916948,"97.5th percentile"
39.2297135678392,14.1907075376884,0.140470725943445,"97.5th percentile"
39.3143125628141,14.1907075376884,0.118933558258072,"97.5th percentile"
39.3989115577889,14.1907075376884,0.0923917791196892,"97.5th percentile"
39.4835105527638,14.1907075376884,0.0802617640581234,"97.5th percentile"
39.5681095477387,14.1907075376884,0.0697846225104505,"97.5th percentile"
39.6527085427136,14.1907075376884,0.0678476994864006,"97.5th percentile"
39.7373075376884,14.1907075376884,0.0614613592977429,"97.5th percentile"
39.8219065326633,14.1907075376884,0.0530390309525548,"97.5th percentile"
39.9065055276382,14.1907075376884,0.0555915808920939,"97.5th percentile"
39.9911045226131,14.1907075376884,0.0519135585790047,"97.5th percentile"
40.0757035175879,14.1907075376884,0.0473587496489632,"97.5th percentile"
40.1603025125628,14.1907075376884,0.0448742799430367,"97.5th percentile"
40.2449015075377,14.1907075376884,0.0420412128494033,"97.5th percentile"
40.3295005025126,14.1907075376884,0.0390944891588933,"97.5th percentile"
40.4140994974874,14.1907075376884,0.0378769236910632,"97.5th percentile"
40.4986984924623,14.1907075376884,0.0357781857616196,"97.5th percentile"
40.5832974874372,14.1907075376884,0.0334972888702301,"97.5th percentile"
40.6678964824121,14.1907075376884,0.0311865786882006,"97.5th percentile"
36.4379467336683,14.2587341708543,0.312126217446755,"97.5th percentile"
36.5225457286432,14.2587341708543,0.353868836936479,"97.5th percentile"
36.6071447236181,14.2587341708543,0.294235544445387,"97.5th percentile"
36.691743718593,14.2587341708543,0.309549811719184,"97.5th percentile"
36.7763427135678,14.2587341708543,0.259716952368864,"97.5th percentile"
36.8609417085427,14.2587341708543,0.25024777286519,"97.5th percentile"
36.9455407035176,14.2587341708543,0.234441025247732,"97.5th percentile"
37.0301396984925,14.2587341708543,0.244608859027645,"97.5th percentile"
37.1147386934673,14.2587341708543,0.23458945708882,"97.5th percentile"
37.1993376884422,14.2587341708543,0.236219226320494,"97.5th percentile"
37.2839366834171,14.2587341708543,0.210638850276953,"97.5th percentile"
37.6223326633166,14.2587341708543,0.179574012584644,"97.5th percentile"
37.7069316582915,14.2587341708543,0.166601005134385,"97.5th percentile"
37.7915306532663,14.2587341708543,0.167238950781062,"97.5th percentile"
37.8761296482412,14.2587341708543,0.14518361982477,"97.5th percentile"
37.9607286432161,14.2587341708543,0.141140396328357,"97.5th percentile"
38.045327638191,14.2587341708543,0.114648885796964,"97.5th percentile"
38.1299266331658,14.2587341708543,0.130652188361491,"97.5th percentile"
38.2145256281407,14.2587341708543,0.120503300807595,"97.5th percentile"
38.2991246231156,14.2587341708543,0.156350728911399,"97.5th percentile"
38.3837236180904,14.2587341708543,0.225029212484903,"97.5th percentile"
38.4683226130653,14.2587341708543,0.320820121257524,"97.5th percentile"
38.5529216080402,14.2587341708543,0.410539038925721,"97.5th percentile"
38.6375206030151,14.2587341708543,0.48663287301424,"97.5th percentile"
38.72211959799,14.2587341708543,0.504489422184512,"97.5th percentile"
38.8067185929648,14.2587341708543,0.437003106907044,"97.5th percentile"
38.8913175879397,14.2587341708543,0.307623113029467,"97.5th percentile"
38.9759165829146,14.2587341708543,0.277541924072761,"97.5th percentile"
39.0605155778894,14.2587341708543,0.225055817845303,"97.5th percentile"
39.1451145728643,14.2587341708543,0.190478748510212,"97.5th percentile"
39.2297135678392,14.2587341708543,0.167358742384914,"97.5th percentile"
39.3143125628141,14.2587341708543,0.133133405581452,"97.5th percentile"
39.3989115577889,14.2587341708543,0.116660142929608,"97.5th percentile"
39.4835105527638,14.2587341708543,0.092728637998238,"97.5th percentile"
39.5681095477387,14.2587341708543,0.0828411500216849,"97.5th percentile"
39.6527085427136,14.2587341708543,0.073919459598701,"97.5th percentile"
39.7373075376884,14.2587341708543,0.057209343565533,"97.5th percentile"
39.8219065326633,14.2587341708543,0.048850844465716,"97.5th percentile"
39.9065055276382,14.2587341708543,0.0555357929174445,"97.5th percentile"
39.9911045226131,14.2587341708543,0.0525588827325736,"97.5th percentile"
40.0757035175879,14.2587341708543,0.04856553745525,"97.5th percentile"
40.1603025125628,14.2587341708543,0.0439572011115809,"97.5th percentile"
40.2449015075377,14.2587341708543,0.0399316301640314,"97.5th percentile"
40.3295005025126,14.2587341708543,0.0352816095144952,"97.5th percentile"
40.4140994974874,14.2587341708543,0.03419719068983,"97.5th percentile"
40.4986984924623,14.2587341708543,0.0322311356276507,"97.5th percentile"
40.5832974874372,14.2587341708543,0.0303386864204107,"97.5th percentile"
36.4379467336683,14.3267608040201,0.266289095942464,"97.5th percentile"
36.5225457286432,14.3267608040201,0.263045261554435,"97.5th percentile"
36.6071447236181,14.3267608040201,0.284025894914383,"97.5th percentile"
36.691743718593,14.3267608040201,0.290119818650517,"97.5th percentile"
36.7763427135678,14.3267608040201,0.243468579490228,"97.5th percentile"
36.8609417085427,14.3267608040201,0.25317517938324,"97.5th percentile"
36.9455407035176,14.3267608040201,0.229771040184476,"97.5th percentile"
37.7069316582915,14.3267608040201,0.151340526846935,"97.5th percentile"
37.7915306532663,14.3267608040201,0.14665837074261,"97.5th percentile"
37.8761296482412,14.3267608040201,0.142078124867048,"97.5th percentile"
37.9607286432161,14.3267608040201,0.11203985210607,"97.5th percentile"
38.045327638191,14.3267608040201,0.113226599909292,"97.5th percentile"
38.1299266331658,14.3267608040201,0.0994105493297892,"97.5th percentile"
38.2145256281407,14.3267608040201,0.126515374634619,"97.5th percentile"
38.2991246231156,14.3267608040201,0.160114773029514,"97.5th percentile"
38.3837236180904,14.3267608040201,0.217238803591097,"97.5th percentile"
38.4683226130653,14.3267608040201,0.288227953469502,"97.5th percentile"
38.5529216080402,14.3267608040201,0.380543366432139,"97.5th percentile"
38.6375206030151,14.3267608040201,0.484911407381109,"97.5th percentile"
38.72211959799,14.3267608040201,0.538353450627163,"97.5th percentile"
38.8067185929648,14.3267608040201,0.486835037201067,"97.5th percentile"
38.8913175879397,14.3267608040201,0.405019021056854,"97.5th percentile"
38.9759165829146,14.3267608040201,0.302222078461293,"97.5th percentile"
39.0605155778894,14.3267608040201,0.288791152532619,"97.5th percentile"
39.1451145728643,14.3267608040201,0.216177692002962,"97.5th percentile"
39.2297135678392,14.3267608040201,0.195829653777321,"97.5th percentile"
39.3143125628141,14.3267608040201,0.152041504316718,"97.5th percentile"
39.3989115577889,14.3267608040201,0.140707105094987,"97.5th percentile"
39.4835105527638,14.3267608040201,0.102464165974656,"97.5th percentile"
39.5681095477387,14.3267608040201,0.110254904173769,"97.5th percentile"
39.6527085427136,14.3267608040201,0.0995478931272191,"97.5th percentile"
39.7373075376884,14.3267608040201,0.0641373397606114,"97.5th percentile"
39.8219065326633,14.3267608040201,0.070901474493335,"97.5th percentile"
39.9065055276382,14.3267608040201,0.0498899414918103,"97.5th percentile"
39.9911045226131,14.3267608040201,0.0575758473547371,"97.5th percentile"
40.0757035175879,14.3267608040201,0.0477055452602897,"97.5th percentile"
40.1603025125628,14.3267608040201,0.0447525130222986,"97.5th percentile"
40.2449015075377,14.3267608040201,0.0329048251789689,"97.5th percentile"
40.3295005025126,14.3267608040201,0.0353293217036179,"97.5th percentile"
40.4140994974874,14.3267608040201,0.0326017748400323,"97.5th percentile"
36.4379467336683,14.3947874371859,0.284966045641653,"97.5th percentile"
36.5225457286432,14.3947874371859,0.249237531257815,"97.5th percentile"
37.7069316582915,14.3947874371859,0.109136677272567,"97.5th percentile"
37.7915306532663,14.3947874371859,0.132374864541602,"97.5th percentile"
37.8761296482412,14.3947874371859,0.125322305748946,"97.5th percentile"
37.9607286432161,14.3947874371859,0.11378672160681,"97.5th percentile"
38.045327638191,14.3947874371859,0.103667040997705,"97.5th percentile"
38.1299266331658,14.3947874371859,0.10478993404191,"97.5th percentile"
38.2145256281407,14.3947874371859,0.120976321865135,"97.5th percentile"
38.2991246231156,14.3947874371859,0.159360697708143,"97.5th percentile"
38.3837236180904,14.3947874371859,0.216392702443784,"97.5th percentile"
38.4683226130653,14.3947874371859,0.293166791793612,"97.5th percentile"
38.5529216080402,14.3947874371859,0.379686132218029,"97.5th percentile"
38.6375206030151,14.3947874371859,0.462313376564167,"97.5th percentile"
38.72211959799,14.3947874371859,0.57560873513368,"97.5th percentile"
38.8067185929648,14.3947874371859,0.498644749329745,"97.5th percentile"
38.8913175879397,14.3947874371859,0.449781946601938,"97.5th percentile"
38.9759165829146,14.3947874371859,0.411319159206207,"97.5th percentile"
39.0605155778894,14.3947874371859,0.330868188375694,"97.5th percentile"
39.1451145728643,14.3947874371859,0.27967155087519,"97.5th percentile"
39.2297135678392,14.3947874371859,0.232048307339715,"97.5th percentile"
39.3143125628141,14.3947874371859,0.223236657594684,"97.5th percentile"
39.3989115577889,14.3947874371859,0.149565984426787,"97.5th percentile"
39.4835105527638,14.3947874371859,0.139218698017041,"97.5th percentile"
39.5681095477387,14.3947874371859,0.123866347478836,"97.5th percentile"
39.6527085427136,14.3947874371859,0.117649362934927,"97.5th percentile"
39.7373075376884,14.3947874371859,0.100901062869839,"97.5th percentile"
39.8219065326633,14.3947874371859,0.0832904825321254,"97.5th percentile"
39.9065055276382,14.3947874371859,0.0724320455154584,"97.5th percentile"
39.9911045226131,14.3947874371859,0.0596562239895326,"97.5th percentile"
40.0757035175879,14.3947874371859,0.0539270025699005,"97.5th percentile"
40.1603025125628,14.3947874371859,0.0474214534617723,"97.5th percentile"
40.2449015075377,14.3947874371859,0.0410602553350015,"97.5th percentile"
37.7069316582915,14.4628140703518,0.129272636371086,"97.5th percentile"
37.7915306532663,14.4628140703518,0.121461589414014,"97.5th percentile"
37.8761296482412,14.4628140703518,0.115125728158583,"97.5th percentile"
37.9607286432161,14.4628140703518,0.105292812156388,"97.5th percentile"
38.045327638191,14.4628140703518,0.0994947589104914,"97.5th percentile"
38.1299266331658,14.4628140703518,0.109506012465196,"97.5th percentile"
38.2145256281407,14.4628140703518,0.120147245136203,"97.5th percentile"
38.2991246231156,14.4628140703518,0.144749680654278,"97.5th percentile"
38.3837236180904,14.4628140703518,0.206397941123533,"97.5th percentile"
38.4683226130653,14.4628140703518,0.27130558252364,"97.5th percentile"
38.5529216080402,14.4628140703518,0.344704679043528,"97.5th percentile"
38.6375206030151,14.4628140703518,0.415075189790194,"97.5th percentile"
38.72211959799,14.4628140703518,0.523294706545492,"97.5th percentile"
38.8067185929648,14.4628140703518,0.57942565804194,"97.5th percentile"
38.8913175879397,14.4628140703518,0.540649696218214,"97.5th percentile"
38.9759165829146,14.4628140703518,0.46912454674125,"97.5th percentile"
39.0605155778894,14.4628140703518,0.376092370769722,"97.5th percentile"
39.1451145728643,14.4628140703518,0.325866189695119,"97.5th percentile"
39.2297135678392,14.4628140703518,0.281227712539203,"97.5th percentile"
39.3143125628141,14.4628140703518,0.255486431306924,"97.5th percentile"
39.3989115577889,14.4628140703518,0.180338063672302,"97.5th percentile"
39.4835105527638,14.4628140703518,0.160124507148978,"97.5th percentile"
39.5681095477387,14.4628140703518,0.142888584819363,"97.5th percentile"
39.6527085427136,14.4628140703518,0.11720574216025,"97.5th percentile"
39.7373075376884,14.4628140703518,0.106746380833492,"97.5th percentile"
39.8219065326633,14.4628140703518,0.0815097962737648,"97.5th percentile"
39.9065055276382,14.4628140703518,0.0804238616289234,"97.5th percentile"
39.9911045226131,14.4628140703518,0.0708597118826497,"97.5th percentile"
40.0757035175879,14.4628140703518,0.0591205549509731,"97.5th percentile"
37.7915306532663,14.5308407035176,0.0961846403322343,"97.5th percentile"
37.8761296482412,14.5308407035176,0.107842759887744,"97.5th percentile"
37.9607286432161,14.5308407035176,0.0984272293781883,"97.5th percentile"
38.045327638191,14.5308407035176,0.0999010037170145,"97.5th percentile"
38.1299266331658,14.5308407035176,0.10592136867875,"97.5th percentile"
38.2145256281407,14.5308407035176,0.123932008799003,"97.5th percentile"
38.2991246231156,14.5308407035176,0.144324117594019,"97.5th percentile"
38.3837236180904,14.5308407035176,0.177648481286846,"97.5th percentile"
38.4683226130653,14.5308407035176,0.252893127250385,"97.5th percentile"
38.6375206030151,14.5308407035176,0.389413966579535,"97.5th percentile"
38.72211959799,14.5308407035176,0.481492170440366,"97.5th percentile"
38.8067185929648,14.5308407035176,0.556942718043538,"97.5th percentile"
38.8913175879397,14.5308407035176,0.531853451576974,"97.5th percentile"
38.9759165829146,14.5308407035176,0.510175642337691,"97.5th percentile"
39.0605155778894,14.5308407035176,0.46359785139638,"97.5th percentile"
39.1451145728643,14.5308407035176,0.402891195671484,"97.5th percentile"
39.2297135678392,14.5308407035176,0.300210050435954,"97.5th percentile"
39.3143125628141,14.5308407035176,0.272001281012208,"97.5th percentile"
37.7915306532663,14.5988673366834,0.0900811342435311,"97.5th percentile"
37.8761296482412,14.5988673366834,0.0941498698776321,"97.5th percentile"
37.9607286432161,14.5988673366834,0.0799135897277587,"97.5th percentile"
38.045327638191,14.5988673366834,0.0704546613898202,"97.5th percentile"
38.1299266331658,14.5988673366834,0.0981699378515385,"97.5th percentile"
38.2145256281407,14.5988673366834,0.0976794980828639,"97.5th percentile"
38.2991246231156,14.5988673366834,0.120158406086305,"97.5th percentile"
38.3837236180904,14.5988673366834,0.166504639346266,"97.5th percentile"
38.8067185929648,14.5988673366834,0.591235260050017,"97.5th percentile"
38.8913175879397,14.5988673366834,0.559472935716148,"97.5th percentile"
38.9759165829146,14.5988673366834,0.547471988039883,"97.5th percentile"
39.0605155778894,14.5988673366834,0.49542062062172,"97.5th percentile"
39.1451145728643,14.5988673366834,0.438240356582286,"97.5th percentile"
39.2297135678392,14.5988673366834,0.344886128024784,"97.5th percentile"
37.7915306532663,14.6668939698492,0.0834410889567602,"97.5th percentile"
37.8761296482412,14.6668939698492,0.0756586593506492,"97.5th percentile"
37.9607286432161,14.6668939698492,0.0657772933482699,"97.5th percentile"
38.045327638191,14.6668939698492,0.0624535921993868,"97.5th percentile"
38.1299266331658,14.6668939698492,0.0788885923440312,"97.5th percentile"
38.2145256281407,14.6668939698492,0.0855521099734738,"97.5th percentile"
38.9759165829146,14.6668939698492,0.578071597893535,"97.5th percentile"
39.0605155778894,14.6668939698492,0.519624932330631,"97.5th percentile"
39.1451145728643,14.6668939698492,0.435840791890956,"97.5th percentile"
37.8761296482412,14.7349206030151,0.0615940376074461,"97.5th percentile"
37.9607286432161,14.7349206030151,0.0553629147296818,"97.5th percentile"
38.045327638191,14.7349206030151,0.0753803201486749,"97.5th percentile"
38.1299266331658,14.7349206030151,0.0687308027057978,"97.5th percentile"
37.8761296482412,14.8029472361809,0.0658867260648619,"97.5th percentile"
37.9607286432161,14.8029472361809,0.051831328487985,"97.5th percentile"
38.045327638191,14.8029472361809,0.0603072210885294,"97.5th percentile"
37.8761296482412,14.8709738693467,0.0646534262259166,"97.5th percentile"
37.9607286432161,14.8709738693467,0.0500179092929018,"97.5th percentile"
