"state","mean_value","cattle_mean","lower_value","cattle_lower","upper_value","cattle_upper"
"Abadam",0.825749510266506,10645,0.693634335541473,9320,0.917277027480708,11496
"Abaji",0.283810415074504,8784,0.254997642682512,7890,0.314021460842032,9722
"Abak",0.25484363445687,78,0.19976792503927,61,0.315062174416789,96
"Abakaliki",0.354906955934451,1376,0.320291282251592,1242,0.390651652954545,1515
"Abeokuta North",0.578477310636326,2130,0.511259965447353,1887,0.642515197961544,2362
"Abeokuta South",0.468627848847279,240,0.408198997129241,209,0.52979757455362,271
"Abi",0.260220393288576,224,0.224499274693364,194,0.298219565339155,256
"Aboh-Mbaise",0.311795321525743,95,0.261966424933597,80,0.364229602842178,111
"Abua/Odual",0.598895245080155,55,0.260132920252911,26,0.853262196297999,78
"Abuja",0.298873047383126,17575,0.265909713471811,15610,0.333441670711509,19634
"Adavi",0.396743929731854,4732,0.355978820144812,4242,0.438626421868029,5237
"Ado",0.257089347786027,1218,0.233357658584728,1110,0.282039816868808,1332
"Ado Odo/Ota",0.768869808829614,2163,0.68257354262309,1918,0.841015057088072,2368
"Ado-Ekiti",0.326642565206178,92,0.29574460172078,83,0.358685555589391,101
"Afijio",0.273970477099859,1465,0.243605043306505,1299,0.305960773758714,1639
"Afikpo North",0.249184376950409,203,0.221611434955198,180,0.278339764041545,227
"Afikpo South",0.234378996999799,124,0.210989086660273,113,0.259153628429715,136
"Agaie",0.277412358105461,13360,0.249025738817642,11989,0.307006848763228,14790
"Agatu",0.337914710409206,3384,0.290009507426209,2869,0.387839759915206,3919
"Aguata",0.27557866876627,139,0.248835756416103,126,0.303528295363958,153
"Agwara",0.126934126462496,4365,0.0924827907749084,3351,0.169004283238077,5563
"Ahiazu-Mbaise",0.30126618661827,55,0.268666109410082,49,0.335384429150535,61
"Ahoada East",0.491159678634249,19,0.256078255656724,10,0.723260913392677,29
"Ahoada West",0.562205646869052,40,0.296808605668341,21,0.79424762166236,56
"Aiyedade",0.344588806422652,1096,0.314021164031124,996,0.376144318235614,1199
"Ajaokuta",0.421689935800293,7157,0.373444738174874,6340,0.470344041566438,7979
"Ajingi",0.204728945286383,0,0.176677656961947,0,0.235119079977767,0
"Akamkpa",0.162955741786146,111,0.134778106373706,92,0.194366154825102,132
"Akinyele",0.273596521302662,1007,0.247748764257419,911,0.300674344290954,1108
"Akko",0.320447273129676,12486,0.291019735532902,11407,0.350991226765914,13603
"Akoko North-East",0.33343684823508,297,0.29577004456804,263,0.372705345366736,333
"Akoko North-West",0.295718232867904,148,0.25794845575494,129,0.335532808361015,168
"Akoko South-East",0.270823506441223,46,0.23039855039615,39,0.314358125386776,54
"Akoko South-West",0.300383468104072,108,0.266768961826961,96,0.335728687535884,121
"Akoko-Edo",0.334641311565662,1646,0.296002165038113,1458,0.375093533173102,1843
"Akpabuyo",0.281467118592058,67,0.173437662296855,49,0.374046447909164,85
"Akuku-Toru",0.817959335875644,9,0.190751556156528,4,0.994347434978673,11
"Akure North",0.368876893435983,123,0.335647738539384,112,0.402978910750832,135
"Akure South",0.376785399020053,92,0.344697855977265,85,0.409652087254579,100
"Akwanga",0.497072964109376,7471,0.465941935186539,7003,0.528211772991815,7939
"Albasu",0.215603787532549,0,0.190526246418388,0,0.242385929191705,0
"Aleiro",0.0752639213716136,0,0.0471519058724663,0,0.113036186436433,0
"Alimosho",0.624978194371142,149,0.516814773238921,129,0.725376079737333,167
"Alkaleri",0.381914832285129,41573,0.352402839019636,38513,0.412082067887909,44706
"Amuwo Odofin",0.756276764873663,185,0.661127865472,162,0.835839449774547,205
"Anambra East",0.345322101722309,592,0.302852529392945,522,0.389294185860417,664
"Anambra West",0.377855130605,1353,0.270594737272712,947,0.490832511570312,1781
"Anaocha",0.329393301306007,146,0.297027721135699,131,0.362933333992246,160
"Andoni",0.8280557767394,32,0.481247772132856,17,0.956969335051383,37
"Aninri",0.300970104220821,396,0.273719038307095,360,0.329259537112423,433
"Aniocha North",0.367587377516184,292,0.336031470351882,267,0.399840017345198,317
"Aniocha South",0.38424044193948,624,0.348233382083425,565,0.421184411403986,684
"Anka",0.0937571918408031,2167,0.0684286110054466,1616,0.124805117881707,2831
"Ankpa",0.195878028788161,2568,0.16955093908716,2226,0.22443903488648,2939
"Apa",0.287072629678922,1614,0.256454054764776,1442,0.319305468567234,1796
"Ardo-Kola",0.0904515078779247,1883,0.0776256821457238,1619,0.104669432843808,2174
"Arewa Dandi",0.0550196939289461,244,0.028697840792716,115,0.0949182047699531,448
"Argungu",0.056322680588606,0,0.033848129144833,0,0.0875363085298945,0
"Arochukwu",0.176755176926059,70,0.152241652109378,60,0.203426527907791,80
"Asa",0.277566575196246,6559,0.253882993968052,5999,0.302245416780905,7144
"Asari-Toru",0.729258949771633,0,0.14786408455561,0,0.989730801193835,0
"Askira/Uba",0.507455166803579,1315,0.432416592794536,1187,0.580174815511813,1449
"Atakumosa East",0.313532434923665,326,0.284343804076409,296,0.343821861731983,358
"Atakumosa West",0.255273497798281,342,0.22786427417356,305,0.284181698864708,380
"Atiba",0.232407803369539,3741,0.20356954640067,3305,0.263229793894389,4199
"Atisbo",0.189169415265864,4926,0.158948732552287,4164,0.222438384762748,5761
"Augie",0.0492654212739368,0,0.0306924358565074,0,0.0745774348625383,0
"Auyo",0.201984725358627,0,0.150072426489108,0,0.2641542025679,0
"Awe",0.259023526177803,11706,0.232064963143898,10436,0.287713124302013,13064
"Awgu",0.25957195991451,466,0.229948282632409,413,0.290816198362869,522
"Awka North",0.316095344828285,631,0.288434088562692,576,0.344697590398013,688
"Awka South",0.25936889597672,330,0.230462281914333,293,0.28982919665371,368
"Ayamelum",0.326097878132064,969,0.28705177840177,853,0.367249996113589,1092
"Ayedire",0.244685048664859,163,0.217865232124041,145,0.273029667728748,182
"Babura",0.151599793412359,0,0.123632438619045,0,0.183372891729254,0
"Badagry",0.787559164264352,575,0.662876261976298,483,0.871081447591413,635
"Bade",0.151233906409223,0,0.0837027992693902,0,0.24288894295131,0
"Bagudo",0.107614581335349,11153,0.0678572335885029,7151,0.160303226694978,16399
"Bagwai",0.153440124026031,0,0.136219583499857,0,0.171928226680777,0
"Bakori",0.131635597092318,0,0.119033184146803,0,0.145046861998879,0
"Bakura",0.0627811949713516,296,0.0409315608145009,193,0.0915956106351829,432
"Balanga",0.222402008201168,0,0.197047465024788,0,0.249355504334173,0
"Bali",0.0483470425200832,6059,0.0386937870559174,4854,0.0596219856249822,7465
"Bama",0.907887872267177,0,0.771555947680719,0,0.974799474436794,0
"Barkin Ladi",0.236733832311794,3860,0.213359683577104,3592,0.261417771814012,4138
"Baruten",0.15785101637243,18739,0.129353253997578,15372,0.189899908497823,22522
"Bassa",0.29822558356977,11449,0.266558902199425,10114,0.3304205433599,12778
"Batagarawa",0.0986338423563791,0,0.0788873003576228,0,0.121349315426622,0
"Batsari",0.0826460121397207,0,0.0649189837947504,0,0.103388089454201,0
"Bauchi",0.310795722935314,23228,0.288841928231329,21589,0.333426466010961,24913
"Baure",0.144416052908699,0,0.0985344246825427,0,0.202257226589347,0
"Bayo",0.394772966798794,0,0.360851141224579,0,0.429356519115643,0
"Bebeji",0.203469912512498,0,0.178087594545183,0,0.230712051936045,0
"Bekwarra",0.188411446874194,118,0.170957845558114,107,0.206869693389363,129
"Bende",0.198163846965197,134,0.17395006392089,118,0.224209246323392,152
"Biase",0.192240204992277,89,0.151032490609539,71,0.241331118782699,112
"Bichi",0.161628879547724,0,0.133678020431165,0,0.192934798817113,0
"Billiri",0.276581729778794,2376,0.251725981966177,2175,0.30247505321675,2586
"Bindawa",0.10345666038609,0,0.0873170440344093,0,0.121446265193195,0
"Binji",0.0392402608024329,0,0.0230781370574538,0,0.0624591387870514,0
"Biriniwa",0.133944297056379,0,0.0847958808297664,0,0.197453633951034,0
"Birnin Gwari",0.170076264301665,12685,0.150111852172803,11114,0.191558943406665,14382
"Birnin Kebbi",0.0697408562091795,0,0.0411418140802171,0,0.109761854602977,0
"Birnin Kudu",0.24660016465868,0,0.218440378717706,0,0.276479569595361,0
"Birnin-Magaji/Kiyaw",0.0953217726941803,0,0.0734074694048666,0,0.121253500656995,0
"Biu",0.356324221751134,0,0.319107451424474,0,0.394830625142518,0
"Bodinga",0.051596512196608,0,0.0333815933410878,0,0.0757501085371186,0
"Bogoro",0.332463011330806,1096,0.307904915840825,1037,0.357739436659836,1157
"Boki",0.105067711134251,110,0.0870602125774577,92,0.125395199931098,131
"Bokkos",0.281358890067247,16718,0.255814842684143,15260,0.308058940567681,18239
"Boluwaduro",0.242752254669982,184,0.220099554577883,167,0.266536695363505,202
"Bomadi",0.824522585543916,230,0.568733088566142,159,0.955818755820439,267
"Bonny",0.762448641723841,68,0.319678933932987,24,0.87894231486401,77
"Borgu",0.129525014623692,19340,0.101621423790304,15074,0.162605959614918,24404
"Boripe",0.278823000197301,276,0.257669030797001,255,0.30072810384958,297
"Borsari",0.134193509796459,1756,0.0650994078300534,853,0.236473657321418,3088
"Bosso",0.221465577711172,10850,0.198955266756844,9747,0.245260720921758,12017
"Brass",0.727257557272438,199,0.256712822389869,72,0.890815565287246,242
"Buji",0.256352071390747,0,0.219146264480626,0,0.29649677978247,0
"Bukkuyum",0.0710080378931019,2749,0.051144667191786,2055,0.0957118437463152,3588
"Bukuru",0.186136069786415,2614,0.16291439905151,2290,0.211515206301972,2968
"Bungudu",0.0879016671540021,0,0.0668186494051762,0,0.113093215220241,0
"Bunkure",0.205008154552215,0,0.181137714156722,0,0.230529790729719,0
"Bunza",0.072911158285478,0,0.037245742134154,0,0.126831429644268,0
"Burutu",0.888030489296873,2104,0.612475675792762,1409,0.975710516114093,2318
"Bwari",0.31306419549739,8777,0.281140382725432,7838,0.346287100691744,9754
"Calabar",0.238453848529241,31,0.166575287869113,22,0.311594178201663,40
"Calabar South",0.527773583179165,19,0.275906100616711,9,0.752213724355313,30
"Chanchaga",0.17505992232646,656,0.154455836033737,579,0.197174046377615,739
"Charanchi",0.11079852359729,0,0.0936508220686754,0,0.129858288937828,0
"Chibok",0.410822048162267,0,0.367113948731983,0,0.45525872169777,0
"Chikun",0.225577917598611,11376,0.204054112948802,10117,0.248353860801965,12718
"Damaturu",0.227031401217599,0,0.176257117117516,0,0.284071441345487,0
"Damban",0.259513711987206,0,0.223633059249463,0,0.298011292619454,0
"Dambatta",0.171403462816947,465,0.144045866860785,395,0.201796003461109,542
"Damboa",0.490218004080101,0,0.427064261716633,0,0.550536251477783,0
"Dandi",0.0873426501287226,3562,0.0436530806984083,1809,0.154208332907632,6198
"Dandume",0.121095243249367,0,0.109382269285017,0,0.133582358213516,0
"Dange-Shuni",0.057553652563771,0,0.0355641775015552,0,0.0874728916313869,0
"Danja",0.136860130378472,0,0.124716955324425,0,0.149722058932352,0
"Danko Wasagu",0.0826650770402527,10533,0.0648075105966538,8265,0.103596283346424,13189
"Danmusa",0.114312039187981,0,0.0965604653470268,0,0.134086714369345,0
"Darazo",0.299649368397184,0,0.26852820371659,0,0.332246587637688,0
"Dass",0.306674111718813,3422,0.283458455791932,3172,0.330691920930462,3682
"Daura",0.124006429206946,603,0.0709909644106411,324,0.197616096521994,1001
"Dawakin Kudu",0.198605378734366,0,0.174098897609771,0,0.224945095525233,0
"Dawakin Tofa",0.158786652794957,0,0.139302578009143,0,0.179836683916473,0
"Degema",0.700682399144014,57,0.184155471879527,15,0.862747271500028,72
"Dekina",0.213822037908591,4385,0.185561007581806,3815,0.244336838618752,4999
"Demsa",0.134450585767498,1376,0.106320187640837,780,0.170011949173111,2294
"Dikwa",0.945403596205389,0,0.872884450408737,0,0.982833201371571,0
"Doguwa",0.262385688104928,0,0.238292598376566,0,0.28759225178119,0
"Doma",0.323463885505881,14273,0.291288232799426,12885,0.35743388827636,15737
"Donga",0.0736371406621355,4537,0.0603603881502388,3736,0.0888553278383807,5450
"Dukku",0.307890782624615,7395,0.275486790368149,6692,0.341851980085323,8124
"Dutse",0.221242457374108,0,0.192838646656673,0,0.251789365614016,0
"Dutsi",0.133935584161786,0,0.0925595833542404,0,0.186086103563738,0
"Dutsinma",0.103272218478805,0,0.0869783041148291,0,0.121455161722093,0
"Eastern Obolo",0.667223106589923,0,0.46685737763403,0,0.826071754773893,0
"Ebonyi",0.322234968790906,1082,0.292193772860123,980,0.353122809706567,1186
"Edati",0.274176106638846,5440,0.248010023340077,4914,0.301539403424305,5990
"Ede North",0.268495542654075,312,0.245660326929313,286,0.292281249658529,340
"Ede South",0.219119266471219,184,0.194376872212875,163,0.245461685807293,206
"Edu",0.249722274339427,12540,0.226540744068574,11367,0.27413227692542,13776
"Efon",0.244299087909303,36,0.221069799416382,33,0.26868689048821,40
"Egbeda",0.419499767286952,675,0.37347226950422,609,0.46492829563998,741
"Egbedore",0.265213726088965,627,0.240440060556284,567,0.291122200892139,691
"Egor",0.629091380052222,104,0.530778419260832,87,0.718476104694571,118
"Ehime-Mbano",0.281176367641272,75,0.253481673701565,68,0.310161222555115,83
"Ejigbo",0.210860760078187,505,0.188691267943435,453,0.2344225898179,560
"Ekeremor",0.821668185068457,468,0.530228423354424,301,0.952929739257594,530
"Eket",0.576315406832419,71,0.432021238286013,54,0.708601717600271,88
"Ekiti",0.336934880332554,1396,0.307726885572748,1276,0.367005062661471,1520
"Ekiti East",0.214220386440959,79,0.185607312151577,69,0.245089439652457,90
"Ekiti South-West",0.258506268071388,26,0.232251803230751,23,0.286114274910437,28
"Ekiti West",0.237844140579857,96,0.213753424460405,86,0.263280571531201,107
"Eleme",0.586092982252137,40,0.362271175719584,25,0.781036506009401,53
"Emuoha",0.485585827032806,58,0.227371064650431,30,0.714013085359883,86
"Emure/Ise/Orun",0.302753122107489,49,0.270928317088647,44,0.336127901919054,54
"Enugu East",0.234542266411804,391,0.212992432028826,356,0.257263353821832,428
"Enugu North",0.27437614782215,449,0.239067907123494,390,0.311742396016369,511
"Enugu South",0.184319181487065,90,0.161627544842315,79,0.208737350411284,102
"Epe",0.797682636341384,492,0.700694005376042,430,0.860090645985809,531
"Esan Central",0.346716855628157,239,0.320126457752872,221,0.374060513527806,257
"Esan North-East",0.351247149641281,426,0.322724930573856,391,0.380523063241333,461
"Esan South-East",0.35573042783975,902,0.323866152674397,816,0.388689197048967,991
"Esan West",0.359885218146474,223,0.328566359333947,205,0.392109225960386,243
"Ese-Odo",0.751844312805926,379,0.565486770760565,283,0.88235183302581,445
"Esit Eket",0.458326237917324,81,0.338469708468794,59,0.579905171839985,102
"Essien Udim",0.295098419473775,192,0.232025368752899,151,0.362985046585983,236
"Etche",0.415078362752554,36,0.24976789710748,22,0.590055951102266,51
"Ethiope East",0.706803198519888,584,0.5247174126924,436,0.845295088100906,699
"Ethiope West",0.709179907258178,732,0.545853387248238,562,0.836999730077755,865
"Eti-Osa",0.826227411955491,277,0.751601116098106,256,0.885880390197039,293
"Etim Ekpo",0.331787667292537,80,0.234135916659478,56,0.437875114936343,105
"Etinan",0.424864875293819,99,0.297663997704818,69,0.556156112560564,129
"Etsako Central",0.372905332309534,1356,0.339910014397724,1235,0.406799309538217,1479
"Etsako East",0.329835519627849,1356,0.295405407178448,1218,0.365730911300263,1499
"Etsako West",0.383864892759499,1072,0.351056388701698,978,0.417504280470005,1168
"Etung",0.124277449544337,34,0.102632564279171,28,0.148641275074183,41
"Ewekoro",0.660243234439494,972,0.581500989389776,857,0.733014169527213,1077
"Ezeagu",0.270648001161095,725,0.244633502633782,655,0.297868988148092,798
"Ezinihitte Mbaise",0.315403280303654,68,0.275331333800388,60,0.357189664353709,77
"Ezza North",0.400044413612485,753,0.35342431832029,666,0.447735072104551,842
"Ezza South",0.349775649348835,536,0.307370372479521,472,0.393139826387049,602
"Fakai",0.100974873751384,5009,0.0715425901114497,3556,0.137527768953931,6811
"Faskari",0.121443498965531,0,0.107035364056506,0,0.137065720219103,0
"Fika",0.296204708863158,0,0.264142627536507,0,0.329799894987544,0
"Fufore",0.274978266819632,3738,0.201759657081885,2680,0.357171103826546,4916
"Funakaye",0.359893434784692,0,0.313128697461811,0,0.407304979515221,0
"Fune",0.238283803753127,0,0.199591179800785,0,0.280738776113374,0
"Funtua",0.125644966415085,0,0.113980572203801,0,0.138043399129085,0
"Gabasawa",0.195131593206571,0,0.165711434475032,0,0.227353243532125,0
"Gada",0.035295932041836,1196,0.0182777483654506,610,0.0613690994664016,2101
"Gagarawa",0.163626928742583,0,0.134994021049103,0,0.19548505272903,0
"Gamawa",0.225373081091346,0,0.185868364869114,0,0.268855884868631,0
"Ganjuwa",0.298317387734414,3977,0.273853436144829,3558,0.32357392454355,4393
"Ganye",0.052950440417055,1194,0.0366507867120191,777,0.0743446957548821,1765
"Garki",0.175792453201769,0,0.149363330141159,0,0.204854634866604,0
"Garko",0.204893828311485,0,0.183366813518743,0,0.227768887776076,0
"Garum Mallam",0.182667516532894,0,0.16283113426113,0,0.203844499692966,0
"Gashaka",0.0164355475094703,961,0.0109940610021781,694,0.0243084389450781,1306
"Gassol",0.114542751884411,15433,0.0935657111476739,12467,0.142167923587243,19427
"Gaya",0.210265122823889,0,0.178776819415156,0,0.245828468778991,0
"Gbako",0.24691027114953,12489,0.221516819845243,11202,0.273722404721983,13848
"Gboko",0.219672430430626,3090,0.199322605926508,2804,0.241067996458939,3391
"Gboyin",0.255397368368393,103,0.224664804670462,91,0.288067158606574,117
"Geidam",0.176116026571382,1667,0.0850109719154714,872,0.30584587888333,2767
"Gezawa",0.207803151029592,0,0.16974067494943,0,0.249834752726521,0
"Giade",0.246168732640208,0,0.218810239554153,0,0.275178733709482,0
"Girie",0.266451515609599,4989,0.231486863765716,4305,0.303727005322325,5717
"Giwa",0.158272976133507,0,0.144676476496999,0,0.172610391093759,0
"Gokana",0.870584874756906,30,0.560008412710384,19,0.973713411003818,33
"Gombi",0.254873116118518,860,0.204217159768168,732,0.311114801648495,1000
"Goronyo",0.078652106950577,471,0.0432061465278398,249,0.126904828380564,809
"Gubio",0.549398614168964,1182,0.410351325654832,813,0.682612147677473,1571
"Gudu",0.0440829946724153,0,0.0245917733127846,0,0.0722258598277657,0
"Gujba",0.303000651445522,0,0.26734618606373,0,0.340501938380337,0
"Gulani",0.341436073887037,581,0.303444014857778,521,0.380652377248463,644
"Guma",0.279389150234549,7122,0.2472476037095,6310,0.313793407685045,7991
"Gumel",0.144958100172358,0,0.116005390868077,0,0.17770132335288,0
"Gummi",0.0833925140851185,3162,0.0613578137014495,2356,0.110214252961153,4130
"Gurara",0.25527762612703,5999,0.228784368410969,5371,0.283203554549075,6662
"Guri",0.15026032321782,0,0.0867982146682851,0,0.239376278306911,0
"Gusau",0.113276106887716,652,0.0941097609873147,552,0.134961864618102,764
"Guyuk",0.23225224799974,559,0.146605286736372,327,0.345245565532597,836
"Guzamala",0.824050578518233,2575,0.721841737939804,2280,0.90069497616865,2798
"Gwadabawa",0.0379355771318844,308,0.0210718280831061,165,0.0627182676679095,523
"Gwagwalada",0.279400075727651,9776,0.25151268909668,8799,0.308589240971353,10799
"Gwale",0.149035741714224,0,0.121499906428527,0,0.180078982222381,0
"Gwandu",0.0666778225245884,0,0.0433219241834308,0,0.0975260819016924,0
"Gwaram",0.264418228653512,0,0.239569895349532,0,0.290454258875976,0
"Gwarzo",0.146401331763018,0,0.131479664440161,0,0.162317085028364,0
"Gwer East",0.266861526705963,3992,0.238490091769345,3570,0.296745184939491,4436
"Gwer West",0.303504372501915,2460,0.269264336906831,2180,0.339464573814492,2754
"Gwiwa",0.137155868023222,0,0.104924279607538,0,0.179396309358757,0
"Gwoza",0.790719503975093,0,0.60701019014668,0,0.912913879522356,0
"Hawul",0.288949164466156,1734,0.257497258220166,1552,0.321955541568518,1924
"Hong",0.455291963388691,1864,0.37117050749762,1566,0.541089312483261,2178
"Ibadan South-West",0.235100108586667,175,0.209972881355133,156,0.261689142517204,194
"Ibaji",0.34628107524667,5193,0.303348441418823,4563,0.391946303319914,5861
"Ibarapa Central",0.577030838341513,3141,0.52291368695687,2847,0.629683577888687,3428
"Ibarapa East",0.47324991843873,5077,0.435185995433538,4668,0.51136852016322,5486
"Ibarapa North",0.439282890556763,6071,0.396872272767282,5492,0.482244910285828,6656
"Ibeju-Lekki",0.808553575898195,325,0.738495958206766,296,0.866282790590767,348
"Ibesikpo Asutan",0.26532490251734,115,0.21185378870082,92,0.323674133139858,139
"Ibi",0.190262334748601,9569,0.167799699976627,8442,0.214762608043444,10802
"Ibiono Ibom",0.23248378324725,82,0.191003671321321,67,0.276065617946342,98
"Idah",0.326232022701734,332,0.293510254838717,298,0.360261200006959,366
"Idanre",0.478372766091894,376,0.439121646922796,345,0.517625666007183,406
"Ideato North",0.237865976863577,114,0.213139860261594,103,0.263986428509205,127
"Ideato South",0.242782931105018,49,0.21712331447919,44,0.269895495344221,54
"Idemili North",0.422583639817797,235,0.37758251338879,210,0.468364768674385,261
"Idemili South",0.217481985912199,65,0.193154845864081,58,0.24336265195589,73
"Ido",0.348087430142314,2103,0.318961680348483,1933,0.378122138779572,2278
"Ido-Osi",0.22191173342787,69,0.200995282529997,62,0.243926904756344,76
"Ife Central",0.382243599112678,92,0.349539784982432,84,0.415737370466936,100
"Ife East",0.253577381423133,58,0.224578348657927,52,0.284276767145495,65
"Ife North",0.342836309935147,877,0.312631019671467,801,0.373981807662795,957
"Ife South",0.363143317570552,553,0.331943811682048,505,0.395213053960046,602
"Ifedayo",0.182502354346107,40,0.160704500095462,35,0.205904760582844,45
"Ifedore",0.324368406693764,38,0.292896511869834,34,0.357017866753032,42
"Ifelodun",0.290592111505168,12998,0.26643458524674,11939,0.31565494517332,14096
"Ifo",0.697282853550901,1209,0.615506899096748,1065,0.770891763776253,1339
"Igabi",0.205444081310767,571,0.190329137600294,541,0.221226894742088,602
"Igalamela-Odolu",0.296681448849568,4821,0.260504015516847,4226,0.33382148616605,5430
"Igbo-Etiti",0.242201645343384,589,0.217879061045646,531,0.267836727429731,650
"Igbo-eze North",0.174679067009765,162,0.151975757711755,140,0.199311686353561,185
"Igbo-eze South",0.207316364617331,175,0.183261949628504,155,0.233066209385619,197
"Igueben",0.382868971286766,151,0.351869358970109,139,0.414582938661906,163
"Ihiala",0.426397828724389,695,0.3842939674164,628,0.469092520074647,763
"Ihitte/Uboma",0.247780920083195,37,0.218897858571465,33,0.278436426378869,42
"Ijebu East",0.641153698070257,1650,0.591624909898055,1521,0.688122511537748,1771
"Ijebu North",0.535859027649806,753,0.48744299911024,685,0.583693568299158,820
"Ijebu North-East",0.664717149087762,218,0.612394990833305,201,0.714259411187532,234
"Ijebu-Ode",0.717519897159199,206,0.658396531897749,189,0.771584421955919,221
"Ijero",0.186386480851596,62,0.163548523545927,54,0.210939111808408,70
"Ijumu",0.291880646900673,1795,0.25557412431163,1572,0.330213104903788,2030
"Ika",0.276669854425402,50,0.202188450462218,37,0.358921863403279,65
"Ika North-East",0.418106060217513,592,0.378178539433084,536,0.458779861403398,649
"Ika South",0.541642729036518,607,0.478327003479793,538,0.603296448805461,675
"Ikara",0.187010423363982,0,0.171180161713733,0,0.203662490960857,0
"Ikeduru",0.299019388673633,86,0.262443416286121,75,0.337412103214578,97
"Ikenne",0.643474721316515,243,0.583033318211707,221,0.700746960591368,264
"Ikere",0.311828090926673,59,0.284260855148704,54,0.340420914700329,64
"Ikole",0.29061508547059,535,0.257808334834106,478,0.325081345365807,594
"Ikom",0.137736117152429,145,0.116226407255983,123,0.161622425152149,169
"Ikono",0.196937140021135,52,0.167828747039498,44,0.228541385777051,60
"Ikorodu",0.78623562642553,402,0.710881317782403,363,0.849416085105379,435
"Ikot Abasi",0.775508486751794,349,0.383572102957628,214,0.93024378128947,418
"Ikot Ekpene",0.221565162284024,30,0.189193151045769,26,0.256493556984691,35
"Ikpoba-Okha",0.651964751662186,1229,0.519325548107303,996,0.7652790261526,1434
"Ikwerre",0.43926748888652,61,0.236029803753036,32,0.651386108180479,90
"Ikwo",0.250662229906869,617,0.225187988989904,554,0.277494406395187,683
"Ikwuano",0.244654403481862,61,0.219780133684168,55,0.270854909835808,67
"Ila",0.178131100271304,373,0.158195050268846,333,0.199499710848677,417
"Ilaje",0.801897890652497,676,0.613080938968093,498,0.913708444207989,772
"Ile-Oluji/Okeigbo",0.3434052218393,67,0.312826355948687,61,0.374971938162735,74
"Ilejemeje",0.222458199732314,40,0.202968993410638,36,0.242894744640727,43
"Ilesha East",0.298895465390335,152,0.279483508810087,142,0.318859828460432,162
"Ilesha West",0.223071270099591,131,0.19995844612848,118,0.247506831029947,146
"Illela",0.0379199167118095,1016,0.0195963608519773,528,0.0658274593055328,1750
"Ilorin East",0.249843095440434,2641,0.228208829156981,2412,0.272464577280092,2881
"Ilorin South",0.295722537581236,887,0.270949340785146,813,0.321424573591593,963
"Ilorin West",0.212630096536333,873,0.172400162775857,706,0.256706209562158,1056
"Imeko-Afon",0.445930330920464,2592,0.396792491820768,2307,0.495708779868222,2880
"Ingawa",0.165138687470565,0,0.140921776091016,0,0.191587664363542,0
"Ini",0.206403404466363,107,0.179604814086382,93,0.235409238308273,122
"Ipokia",0.793373060336895,2151,0.70563716299613,1906,0.864472706123783,2351
"Irele",0.680994768876963,231,0.563175351657279,191,0.779231243694161,264
"Irepo",0.162414143753263,2136,0.139193853380459,1826,0.187836345048103,2476
"Irepodun",0.253859015709939,1718,0.22599787780861,1551,0.282736029374705,1890
"Irepodun/Ifelodun",0.252621870372254,78,0.227261427201256,70,0.279297058294293,86
"Irewole",0.284464534418248,305,0.258315884541873,279,0.311756250276161,333
"Isa",0.051701077137878,146,0.0323688071673436,91,0.0780559291551678,221
"Ise/Orun",0.272202882488339,24,0.23962814368813,21,0.30668728269884,27
"Iseyin",0.35330592641028,6296,0.316787160555049,5636,0.390784978026859,6973
"Ishielu",0.289763319707628,1291,0.265699892184654,1184,0.314714761851803,1403
"Isi-Uzo",0.27110527135624,979,0.246471150441991,891,0.29685880654194,1072
"Isiala Mbano",0.24247137592208,77,0.216609077854933,69,0.26980006665363,86
"Isiala Ngwa North",0.24335714102598,83,0.211381991315868,72,0.277399648305703,94
"Isiala Ngwa South",0.238495671290553,152,0.186875390943592,119,0.295122005303766,189
"Isin",0.240054961322471,1164,0.220508690154185,1069,0.260453009804105,1263
"Isokan",0.322021429465919,151,0.292005501918851,137,0.353162545716321,165
"Isoko North",0.627538807078387,403,0.436603379732074,279,0.786340871743938,506
"Isoko South",0.688628283421034,927,0.476055071915496,648,0.849439548322804,1135
"Isuikwuato",0.203521013909788,63,0.179974122049113,56,0.228682791044583,71
"Itas/Gadau",0.249483818930272,0,0.210879726567185,0,0.291486807363746,0
"Itesiwaju",0.226296081159858,3875,0.197723549178789,3385,0.256939690532155,4400
"Itu",0.237975801218165,99,0.203237445692412,84,0.27543985178845,115
"Ivo",0.332173919749903,596,0.30166134579171,541,0.363802300891399,654
"Iwajowa",0.257294502441467,3882,0.225808149513758,3404,0.290824282684831,4392
"Iwo",0.254885698963001,630,0.226960978124338,564,0.284376132354616,701
"Izzi",0.294006660395143,1839,0.270942308944363,1695,0.317862276648226,1987
"Jaba",0.343705626981519,5625,0.317112650392428,5192,0.371043474844962,6070
"Jada",0.13970355960626,742,0.0965462553842244,489,0.19312070794924,1066
"Jahun",0.223576268904932,0,0.187460476717479,0,0.263379185919184,0
"Jakusko",0.166209768800743,0,0.112443208212695,0,0.233342461148396,0
"Jalingo",0.100493050673391,0,0.0808587775980231,0,0.122911962754819,0
"Jama'are",0.256323737910646,0,0.220585793802193,0,0.294703883031896,0
"Jega",0.0832915816865266,264,0.0517955529659713,167,0.125662767286294,392
"Jema'a",0.419522257897929,18443,0.389059988134695,17099,0.45045046229273,19807
"Jere",0.715281188196014,0,0.65458251604438,0,0.77035872616667,0
"Jibia",0.0768382745299182,0,0.0559084567969634,0,0.102857805815663,0
"Jos East",0.291289646071444,3980,0.261208806818432,3616,0.322910343920273,4360
"Jos North",0.212808019037501,0,0.193548341562384,0,0.233030399260367,0
"Jos South",0.219297551700965,0,0.202771198876619,0,0.236530248931229,0
"Kabba/Bunu",0.294994830796989,8037,0.262505584979384,7151,0.329102258874807,8967
"Kabo",0.17740074250931,0,0.15813999122803,0,0.197958583647936,0
"Kachia",0.317061554970245,22847,0.295531425805762,21343,0.339235734726267,24394
"Kaduna North",0.21293358165741,0,0.185544767504033,0,0.24238068026779,0
"Kafin Hausa",0.219010760875877,0,0.185064127656816,0,0.256002946845432,0
"Kafur",0.144054694965635,0,0.130938129051509,0,0.157953867520733,0
"Kaga",0.300650239561314,0,0.243103820387743,0,0.363238003941943,0
"Kagarko",0.297240992811945,13638,0.272400407667659,12505,0.322914679177434,14808
"Kaiama",0.177184181219764,16136,0.15369418961497,14107,0.2027942536223,18332
"Kaita",0.0864884059969625,0,0.0542182206965582,0,0.131192738510154,0
"Kajola",0.214425292589456,1773,0.186346231098371,1540,0.244735981872395,2025
"Kajuru",0.291061577932194,1505,0.275559850394917,1428,0.306945622672616,1584
"Kala/Balge",0.975045940636567,0,0.923036819754258,0,0.995527678626194,0
"Kalgo",0.0793117468341482,0,0.043237728679901,0,0.131720132995765,0
"Kaltungo",0.263665276121836,0,0.237079274373078,0,0.291667049032783,0
"Kanam",0.389240424118813,32361,0.361160659896561,30005,0.417815856772975,34767
"Kankara",0.127817951508913,0,0.112410492374509,0,0.144518053250948,0
"Kanke",0.345918674596805,15407,0.314686453782732,14035,0.378302587402936,16830
"Kankia",0.119895967467664,0,0.103551539413361,0,0.137823976266908,0
"Karasuwa",0.117263465991608,0,0.0560149292964011,0,0.208826374032067,0
"Karaye",0.189829417160159,0,0.165134524493101,0,0.216324088322943,0
"Karim Lamido",0.216336617508584,25581,0.193980125037049,23151,0.24112658149262,28140
"Karu",0.346539849120087,15520,0.321224916640501,14375,0.372645675753478,16701
"Katagum",0.25673300579126,0,0.217598893277635,0,0.299124064873808,0
"Katcha",0.255543391991024,12839,0.227590737969048,11449,0.284918106436558,14301
"Katsina",0.0900072176005721,0,0.0689242154229995,0,0.114886773485875,0
"Katsina-Ala",0.13315405990925,2984,0.116938655926304,2617,0.150745352711956,3382
"Kaugama",0.171694425287604,0,0.12618541889217,0,0.229351893352137,0
"Kaura",0.328464035151491,4429,0.290303518129208,3812,0.368536296619057,5080
"Kaura Namoda",0.0871020800065908,0,0.0629256845323237,0,0.116834588815872,0
"Kauru",0.281191353294946,2627,0.264696345498605,2488,0.298141384253972,2769
"Kazaure",0.154189182778941,0,0.120018083491355,0,0.194349270635738,0
"Keana",0.304833284240236,5553,0.2776114554579,5057,0.333068176185798,6066
"Kebbe",0.109206508019242,5145,0.0740767296250668,3465,0.153780698989258,7281
"Keffi",0.32225311111199,1079,0.300448213064913,1005,0.344645741418588,1154
"Khana",0.776638864465583,118,0.550752118805186,84,0.903627501121765,137
"Kibiya",0.22453071493294,0,0.19981544309208,0,0.250797497540007,0
"Kirfi",0.339010483364348,13459,0.31148341997335,12356,0.367314923613055,14589
"Kiri Kasama",0.163237610140017,0,0.100462467485846,0,0.246750786846341,0
"Kiru",0.177719123031359,0,0.159059117958615,0,0.197580064099335,0
"Kiyawa",0.242277274320877,0,0.208680983891232,0,0.278484512655459,0
"Kogi",0.286384555498178,6674,0.245020213012296,5729,0.329665528752596,7666
"Koko/Besse",0.0942207507261636,2169,0.0577553213814556,1371,0.143488090527212,3230
"Kokona",0.408096494553408,13149,0.383023188514348,12343,0.433544464585396,13968
"Kolokuma/Opokuma",0.67328266178635,59,0.380141059006934,33,0.881674074371544,78
"Konduga",0.654686399263791,0,0.586532461624085,0,0.713851226004394,0
"Konshisha",0.26039178177455,1974,0.237655771469974,1802,0.284098203989072,2153
"Kontagora",0.124067409049384,5873,0.105134193207327,4976,0.145041513555978,6866
"Kosofe",0.701622495392477,0,0.615669936021216,0,0.77826417196592,0
"Kubau",0.220181628543744,0,0.203248216724059,0,0.237870195679126,0
"Kudan",0.152073952549438,0,0.139197562009207,0,0.165660741156347,0
"Kuje",0.264819195393896,10017,0.237928787837617,9003,0.293263785872584,11089
"Kukawa",0.925152291352661,10337,0.866302643664571,9654,0.963343158523832,10767
"Kumbotso",0.19382098043429,0,0.166610301928484,0,0.223320399466046,0
"Kunchi",0.163005947637356,0,0.139997666071677,0,0.18815225928345,0
"Kura",0.185717352357642,0,0.164262949223545,0,0.208705905684943,0
"Kurfi",0.086703751537936,0,0.0711311990817179,0,0.104428208539592,0
"Kurmi",0.0216629128916769,714,0.0161308680881667,542,0.028496602279668,924
"Kusada",0.133702384586895,0,0.116340718439624,0,0.152622162713277,0
"Kwali",0.289871465432568,11016,0.260763168792989,9911,0.320379300229354,12174
"Kwami",0.345933304529334,2088,0.306621225820848,1884,0.385915333534921,2298
"Kwande",0.133641745007616,2122,0.115177619609429,1843,0.154088639669922,2428
"Kware",0.0443338908404721,0,0.0263891109388187,0,0.0694820179691142,0
"Kwaya Kusar",0.322377060638482,0,0.291402657902146,0,0.354542672220913,0
"Lafia",0.389638793332215,23420,0.359867960743305,21644,0.42006172796133,25235
"Lagelu",0.258649225691843,301,0.234385925481416,273,0.284103187314314,330
"Lagos Island",0.811161033911955,78,0.725109952579334,71,0.876125283730733,83
"Lake Chad",0.970597649417903,2677,0.924100820108687,2589,0.990352338291483,2730
"Lamurde",0.168426982016609,1668,0.128575960742268,1213,0.219116808771684,2290
"Langtang North",0.31615148459765,8641,0.286826873579532,7811,0.346592933061167,9503
"Langtang South",0.216869083338077,1941,0.192347240103825,1706,0.244677329234835,2202
"Lapai",0.275740747144831,16956,0.246138691519766,15137,0.306890649125365,18871
"Lau",0.141579772644502,1976,0.111752722932744,1726,0.182365224156617,2246
"Lavun",0.237930987562821,21469,0.214644564387212,19370,0.262422409285298,23676
"Lere",0.268808670002843,950,0.251957661437995,893,0.286176299528101,1008
"Logo",0.185612529775554,2501,0.166001127543342,2235,0.206533882009995,2786
"Lokoja",0.330115145180975,14871,0.296674998092125,13370,0.36482809793304,16430
"Machina",0.120934524351528,0,0.0636782958966313,0,0.203044202907589,0
"Madagali",0.747708078585364,0,0.584208501603901,0,0.869119618855582,0
"Madobi",0.182567656750058,0,0.161846755885073,0,0.2047619852737,0
"Mafa",0.878432579531174,0,0.815954195960901,0,0.925027516177072,0
"Magama",0.121077164730077,10850,0.101220890263508,9095,0.143380994746674,12816
"Magumeri",0.39630413639173,0,0.307464209414687,0,0.492775644113892,0
"Mai'Adua",0.115541798666952,647,0.0543800771456382,290,0.209794549307283,1208
"Maiduguri",0.559228230159897,0,0.504962701990948,0,0.612507776489443,0
"Maigatari",0.143849523293697,0,0.104146503110013,0,0.191502348722757,0
"Maiha",0.575902379683858,5417,0.436333043165447,4132,0.708715375483349,6641
"Maiyama",0.0856637544460023,761,0.0503965407150355,472,0.134643445172048,1148
"Makarfi",0.152616732998957,0,0.140038291120513,0,0.165864324929845,0
"Makoda",0.163683532917245,0,0.139461771040052,0,0.190338491489301,0
"Makurdi",0.26528390165621,1870,0.229140634692297,1620,0.303688046270025,2136
"Malam Maduri",0.160974935491416,0,0.120242241041489,0,0.208604918895443,0
"Malumfashi",0.126498869703651,0,0.11468960903448,0,0.139059334698358,0
"Mangu",0.272739808657717,18431,0.250035163753313,16955,0.296346164521512,19962
"Mani",0.111436310039416,0,0.0859805269754039,0,0.141736401780563,0
"Maradun",0.0773254513110464,0,0.0523581734567932,0,0.109405485145332,0
"Mariga",0.125895672733596,20542,0.105724914797534,17235,0.148395490602074,24234
"Marte",0.94418344235402,5541,0.900590012423497,5240,0.971939030728245,5745
"Maru",0.122416011598962,19996,0.100562010507354,16541,0.147409729963701,23915
"Mashegu",0.154108120279266,25708,0.133922167388837,22437,0.176141318517248,29264
"Mashi",0.101029569050896,402,0.0594564696703895,231,0.159002801531708,641
"Matazu",0.11617737508482,0,0.101945747083508,0,0.131637695755999,0
"Mayo-Belwa",0.0771455278444241,365,0.0622999181496885,301,0.0942687171054676,437
"Mbatoli",0.350853140438692,321,0.308000644707478,282,0.394537895296987,362
"Mbo",0.33237009780018,0,0.253607010415455,0,0.417740412004219,0
"Michika",0.715722157196543,0,0.598779161907071,0,0.815694517137812,0
"Miga",0.208191865501254,0,0.178648416070064,0,0.240225010110748,0
"Mikang",0.354966190112514,7493,0.321187577182546,6760,0.390024661435337,8255
"Minjibir",0.171352665788483,0,0.148334805402262,0,0.196370189757438,0
"Misau",0.268571760538045,0,0.234517979340793,0,0.304840446811107,0
"Mkpat Enin",0.571102705898756,326,0.355634319793827,206,0.717527382804939,409
"Moba",0.228143230866024,23,0.2089288790222,21,0.24824275202897,25
"Mobbar",0.518912306124263,10345,0.343255622686787,6797,0.690971039323171,13589
"Mokwa",0.222374131087783,18748,0.190048405151104,16105,0.258333649494686,21680
"Monguno",0.894948520084205,0,0.82265951881652,0,0.940456544992037,0
"Mopa-Muro",0.294863519531021,1770,0.263786227220359,1586,0.3274857257388,1963
"Moro",0.245415775404403,11162,0.22313842190639,10148,0.268758480552303,12225
"Mubi North",0.632417835070056,0,0.501496921407441,0,0.751659844300799,0
"Musawa",0.123678183580333,0,0.110374158702961,0,0.137972172527404,0
"Muya",0.258617352990405,10172,0.218967119979013,9155,0.302824568038886,11252
"Nafada",0.302684449309381,0,0.266870948805703,0,0.340829493903851,0
"Nangere",0.224953597987942,0,0.189555229644227,0,0.263497709200722,0
"Nasarawa",0.380796329974436,37142,0.350108956830174,34165,0.412173740536233,40185
"Nasarawa Eggon",0.411694503154339,10175,0.377789100570374,9341,0.446238791224737,11023
"Ndokwa East",0.499151674502065,1527,0.37565239874187,1155,0.614106169155483,1867
"Ndokwa West",0.545627195944122,847,0.42939510251343,672,0.654224697415526,1010
"Nembe",0.892208492984228,133,0.308074115422404,45,0.999468760425041,149
"Ngala",0.968550618565598,0,0.925617951560423,0,0.990245844327289,0
"Nganzai",0.746891614314457,2191,0.650842095276006,1878,0.827633329945063,2443
"Ngaski",0.136942434980393,6226,0.0992143622617495,4959,0.18455548395924,7766
"Ngor-Okpala",0.341059461912214,313,0.248171494635347,232,0.441588387894329,400
"Nguru",0.109930145820581,0,0.0554709694425831,0,0.18934169985281,0
"Ningi",0.272463109254084,0,0.247542127632154,0,0.29849908310508,0
"Njaba",0.327395606313131,92,0.292307027102998,82,0.363972412623093,102
"Njikoka",0.298659319342895,298,0.270307618057208,269,0.328181046687729,327
"Nkanu East",0.257707877945274,910,0.234307259152131,828,0.282205258898001,996
"Nkanu West",0.254865064374452,304,0.230583969745826,275,0.280340183075904,334
"Nnewi North",0.297153793529925,313,0.272150298170736,286,0.32311625093272,340
"Nnewi South",0.265321664318195,113,0.241400307490119,103,0.29032582230169,124
"Nsit Atai",0.337154424824006,66,0.262961063589877,52,0.416836566728225,82
"Nsit Ibom",0.307732158659904,33,0.233169343564423,25,0.388600044200705,42
"Nsit Ubium",0.374763461609081,139,0.271446149611677,100,0.483961883033629,179
"Nsukka",0.240712754508872,692,0.217977042868857,629,0.264640748407848,758
"Numan",0.131113721849269,0,0.111084823452745,0,0.154449351545705,0
"Nwangele",0.26036689735477,61,0.234600632421612,55,0.28742460517855,67
"Obafemi-Owode",0.54180720951011,1250,0.477250851395524,1097,0.605169096505725,1400
"Obanliku",0.0874166640805714,126,0.0699750945212383,97,0.108365923769465,161
"Obi",0.29449741743593,9115,0.269586815214668,8370,0.320357972469387,9886
"Obi Ngwa",0.273765706396945,246,0.200043648977792,178,0.355626419067846,321
"Obio/Akpor",0.513877654686824,39,0.239928049057337,19,0.731945185853763,56
"Obokun",0.223568187373746,403,0.200295154044734,362,0.248204022670669,447
"Obot Akara",0.250623635605102,131,0.210908309616758,110,0.293289441806377,155
"Obowo",0.203643607569897,38,0.178741172335548,34,0.230348621535817,43
"Obubra",0.185690657158649,284,0.15961958858704,248,0.21413986762235,323
"Obudu",0.117608137975449,53,0.100825344820295,46,0.136171348581897,60
"Odeda",0.492973095269507,2086,0.447338428834253,1899,0.53862187868919,2271
"Odigbo",0.623532338188752,477,0.569896978183657,436,0.674405317391708,516
"Odo-Otin",0.215122974566381,230,0.194833949731722,209,0.236547104784733,253
"Odogbolu",0.694569086686953,846,0.632446449392347,772,0.751836059021453,915
"Odukpani",0.2353965297443,99,0.174092190927089,73,0.308241722738779,129
"Offa",0.219694336788298,304,0.202111206190357,279,0.23805752545525,329
"Ofu",0.238058939415104,3637,0.208786995482499,3203,0.269359837974404,4101
"Ogba/Egbema/Ndoni",0.40184186667044,128,0.259953488538977,87,0.550460616335486,171
"Ogbadibo",0.17262831559292,400,0.1500279522646,348,0.197136017880915,457
"Ogbaru",0.289142865445583,232,0.246503404577237,201,0.334484424714145,266
"Ogbia",0.748386899241459,138,0.382521364997019,70,0.940836388258023,172
"Ogbomosho North",0.235169703591771,1005,0.212913438613179,909,0.258594732262128,1106
"Ogo Oluwa",0.207255861595351,1006,0.185049546497557,902,0.23089776394574,1117
"Ogoja",0.207743238627292,247,0.186118631303184,222,0.230767585825294,274
"Ogori/Magongo",0.405407061051442,276,0.36020371215079,245,0.451863294219888,307
"Ogu/Bolo",0.816840996983655,0,0.153831710914511,0,0.998757020366583,0
"Ogun Waterside",0.747106539956046,646,0.640129305433248,560,0.848206114769506,710
"Oguta",0.330474974293314,218,0.264922090369971,177,0.400476072715422,262
"Ohafia",0.200314107619424,156,0.176158306215796,137,0.226239608478228,176
"Ohaji/Egbema",0.426970724510213,542,0.302606366491526,390,0.555068376479878,698
"Ohaozara",0.294868212478346,575,0.266483827708302,520,0.324489280228041,633
"Ohaukwu",0.268421298379596,952,0.245311567619428,869,0.29243471513394,1037
"Ohimini",0.294409026547038,817,0.263554328396493,732,0.326726822255417,907
"Oji-River",0.224859300857875,147,0.200030633468593,131,0.251227935623499,164
"Ojo",0.786092934256918,307,0.645040737773271,253,0.880912080616613,343
"Oju",0.266528788177441,1471,0.241724365316978,1336,0.29253771117931,1612
"Oke-Ero",0.286661552045483,955,0.261111183680034,872,0.313152784703908,1041
"Okehi",0.387295738619167,3241,0.346812440841192,2905,0.428977077926185,3586
"Okene",0.403173065169916,1658,0.360281801034044,1483,0.447234277656801,1837
"Okigwe",0.220334630622412,95,0.196994719741731,85,0.245092866219051,105
"Okitipupa",0.674612400812596,239,0.586259465832542,207,0.752143586494417,267
"Okobo",0.386646390018625,148,0.302929342453129,116,0.474344112962937,182
"Okpe",0.75785233567109,753,0.53633178868058,535,0.896628728726374,886
"Okpokwu",0.229742540485042,816,0.203833511675168,723,0.257351935521342,916
"Okrika",0.81309025445364,0,0.150742084225661,0,0.99871533687569,0
"Ola Oluwa",0.220160074832008,405,0.1932651424518,355,0.248850587419372,458
"Olamaboro",0.200048804745855,2156,0.174965271069496,1893,0.227127907883267,2440
"Olorunsogo",0.204388685072747,2187,0.179422657756667,1930,0.231212859420233,2460
"Oluyole",0.428721494673933,1166,0.390838494877593,1065,0.467149871233919,1269
"Omala",0.249174251905943,3895,0.216394286706339,3388,0.284342037079148,4438
"Omumma",0.344693915881113,37,0.216683859939851,23,0.486860406941418,52
"Ona Ara",0.364289546204692,206,0.329992059602275,187,0.399585878583796,226
"Ondo East",0.426495521213893,112,0.392849989195124,103,0.460626160875993,121
"Ondo West",0.49416684503527,234,0.458153643074166,217,0.530148175774665,252
"Onicha",0.297792972994694,602,0.267967048095206,542,0.328933111962995,665
"Onitsha North",0.309700617277757,201,0.279336166653629,181,0.341360463168931,222
"Onna",0.497914108539408,58,0.339411691058378,39,0.652837966829184,76
"Opobo/Nkoro",0.694506728056071,0,0.451667307258013,0,0.870592308914602,0
"Oredo",0.667448296009645,211,0.528020692616865,169,0.784982592939685,247
"Orelope",0.166198358598297,1785,0.142835934626979,1540,0.191693776095635,2050
"Orhionmwon",0.622904758210964,2043,0.518258772914345,1686,0.714697384169134,2352
"Ori-Ire",0.273254286452841,6446,0.24814827489094,5854,0.299460002526441,7065
"Oriade",0.27883929934252,393,0.253424337657425,356,0.305372269355273,431
"Orlu",0.286781575150234,97,0.25932260759149,87,0.31547910597926,106
"Orolu",0.1910286366845,81,0.170737493553894,73,0.212643169362198,90
"Oron",0.298368012859847,43,0.237781236258873,34,0.364035293578082,53
"Orsu",0.356831218816574,199,0.323896462995339,181,0.390797196049086,218
"Oru East",0.321950618303861,174,0.288748013888701,156,0.356432738194839,192
"Oru West",0.349053145621131,107,0.300941814810983,93,0.3994119820371,123
"Oruk Anam",0.569406140161399,268,0.410316860069624,193,0.710436831955622,334
"Orumba North",0.261999847132457,344,0.237106108682336,312,0.288095948267757,378
"Orumba South",0.282712121125414,81,0.259260929597615,74,0.307082295860429,87
"Ose",0.407420851896899,311,0.368744822390062,281,0.447073805607525,341
"Oshimili North",0.360268406597971,368,0.331864067212295,340,0.38935892793259,396
"Oshimili South",0.321879656720764,389,0.278524869721985,333,0.367207552348078,448
"Oshodi/Isolo",0.724700418135779,0,0.6331636810347,0,0.804190171291425,0
"Osisioma Ngwa",0.265865451091818,88,0.180899901745254,60,0.36268404156449,121
"Otukpo",0.273858583735975,1934,0.24548111696047,1740,0.30369402692881,2139
"Ovia North-East",0.57655222482803,1267,0.487906608942638,1060,0.649373569104398,1430
"Ovia South-West",0.639815457549727,973,0.522391284406073,813,0.737736362372096,1108
"Owan East",0.380098755355444,1158,0.343089374491481,1049,0.418238366264391,1270
"Owan West",0.373325304378995,323,0.339248932497582,293,0.408470530166626,354
"Owerri Municipal",0.441864712554807,158,0.361300735232954,129,0.524018756404295,188
"Owerri North",0.384556713418868,107,0.309863572290222,87,0.462676896963769,128
"Owerri West",0.478128158985419,157,0.390151736579361,129,0.565620611571669,186
"Owo",0.419742172278883,220,0.381644242164325,200,0.458462036518262,240
"Oye",0.268432976337464,203,0.238717139035742,181,0.299715417829092,226
"Oyi",0.316068051109657,130,0.289271494669842,119,0.343797313070138,142
"Oyigbo",0.540726173603647,103,0.348781742250737,63,0.718088238350188,142
"Oyo East",0.336761561065539,298,0.302285554801316,268,0.37254173564789,330
"Oyo West",0.348696159296075,2070,0.305543927506555,1811,0.393470276027161,2338
"Oyun",0.252171109738255,1387,0.229757138933581,1265,0.275609674771699,1515
"Paikoro",0.234079919988135,12126,0.211801742200109,10959,0.257544023889965,13356
"Pankshin",0.326140677838352,13897,0.296726161011282,12721,0.356500204487297,15109
"Patani",0.739625768975644,143,0.455738612096347,88,0.916815171135298,178
"Pategi",0.288254330873098,13224,0.260704078094729,11968,0.317036368887184,14536
"Port Harcourt",0.349063834141062,30,0.139328013042294,12,0.60077202454096,47
"Potiskum",0.241631190946745,0,0.207767612509198,0,0.27803845183024,0
"Qua'an Pan",0.385644608304672,19678,0.357257199714764,18215,0.414638250121922,21174
"Rabah",0.0492746591115542,0,0.0293050067552672,0,0.07732444363748,0
"Rafi",0.179208434426167,16632,0.15661203739277,14536,0.203630358665528,18897
"Rano",0.253489013601721,0,0.209109391495042,0,0.300948756066194,0
"Remo-North",0.502417895355522,136,0.444425383710727,120,0.560335834430465,151
"Rijau",0.104144697819938,9677,0.0781957229774537,7276,0.135320903206783,12559
"Rimi",0.093131231775273,0,0.0765595968074371,0,0.111918275515545,0
"Rimin Gado",0.165166507840279,0,0.147136953309367,0,0.184457242011128,0
"Ringim",0.197843188593529,0,0.168764816295914,0,0.229589882118963,0
"Riyom",0.321026131068347,7503,0.2925865378074,6852,0.350489507767147,8174
"Rogo",0.166122037628026,0,0.147460046154346,0,0.186319004367247,0
"Roni",0.178789414138795,0,0.15331772161531,0,0.206584821934491,0
"Sabon Birni",0.0440080227772879,0,0.0249919124481061,0,0.0720106951784139,0
"Sabon Gari",0.134858615536377,0,0.118033386764777,0,0.153292957583278,0
"Sabuwa",0.1274047450465,0,0.114726556896317,0,0.140933907211226,0
"Safana",0.101310502626579,0,0.0810053316087842,0,0.124831532256238,0
"Sagbama",0.68141044094991,203,0.407541556272624,122,0.870553206490631,262
"Sakaba",0.0928271787623129,4653,0.0751216713836652,3761,0.113122368016035,5676
"Saki East",0.182872967099997,4271,0.155822622981853,3643,0.212516547391634,4958
"Saki West",0.183263283023202,4979,0.15132849781176,4126,0.218762969320676,5925
"Sandamu",0.126583019912382,0,0.074023840288978,0,0.199043090319364,0
"Sanga",0.455779427939739,14232,0.42107818049155,13138,0.490877253543425,15340
"Sapele",0.763115442651482,510,0.535847439887759,368,0.897272526451323,598
"Sardauna",0.0176986751072609,1853,0.00888715164182297,901,0.0320965991757833,3418
"Shagamu",0.679356293666149,1162,0.607412178857818,1039,0.745514968770858,1275
"Shagari",0.0595359109391496,0,0.0395755887362586,0,0.0857394006691618,0
"Shanga",0.110555994608197,5273,0.0747805832409399,3560,0.156116743377446,7458
"Shani",0.267660605721538,1248,0.240165849988349,1105,0.29652698677916,1398
"Shanono",0.138135582414328,0,0.123513291375086,0,0.153796887308654,0
"Shelleng",0.185220463349319,1541,0.160716734333976,1359,0.211724739106449,1736
"Shendam",0.294589223682242,11272,0.27235044858997,10469,0.317726663736728,12097
"Shinkafi",0.0653520963558985,0,0.0435865102742469,0,0.0936840227563035,0
"Shira",0.254384388737254,0,0.222287834077106,0,0.288650844796126,0
"Shiroro",0.211716816244934,28573,0.188757185067556,25435,0.235975151736119,31886
"Shomgom",0.241871730871333,4274,0.219311659641391,3890,0.26558943619493,4677
"Shomolu",0.592752043235526,0,0.483174914873566,0,0.696150288801441,0
"Silame",0.0577188828088692,0,0.03679458673943,0,0.085744888121947,0
"Soba",0.191077237627212,670,0.178213917850539,628,0.204460844007462,714
"Sokoto South",0.028791292143703,0,0.0178486620120363,0,0.0438653606354754,0
"Song",0.320393294877819,3723,0.258868293690995,3082,0.38469411969822,4391
"Southern Ijaw",0.843721403199608,461,0.43642516918073,241,0.968769034580945,525
"Sule Tankarkar",0.145788870057107,0,0.115312203457804,0,0.181164399538337,0
"Suleja",0.25315652580031,1114,0.221364188870673,974,0.286976710347895,1262
"Sumaila",0.232331282515163,0,0.209166598629671,0,0.256761617948844,0
"Suru",0.0914916264241081,1345,0.0499448649895671,734,0.151384955827754,2228
"Surulere",0.27438034529875,2494,0.222137419406272,2164,0.331076599715383,2847
"Tafa",0.209670952030673,985,0.187476897203289,880,0.233203393107531,1096
"Tafawa-Balewa",0.338243753608313,12888,0.312799075661508,12016,0.36456257296816,13783
"Tai",0.739810607843104,30,0.524418735277275,21,0.889096983436116,36
"Takai",0.219778654337215,0,0.195340761091547,0,0.245801122520507,0
"Takum",0.0865539885931109,2814,0.0724430527126414,2359,0.10240475821222,3324
"Talata-Mafara",0.0729309854029518,0,0.0474508033931561,0,0.106798193382128,0
"Tambuwal",0.0712862024944163,0,0.0482750112647507,0,0.100877147058002,0
"Tangaza",0.0651278772236326,3801,0.0368115585815824,2112,0.104155670218494,6073
"Tarauni",0.106031628296916,0,0.0883767455962287,0,0.12584077921178,0
"Tarka",0.195098269342726,597,0.177904972008326,544,0.213193596301483,652
"Tarmuwa",0.179184954534229,1475,0.113784701919129,813,0.261567374437356,2361
"Taura",0.197792531890864,0,0.170227761817708,0,0.227707538830116,0
"Teungo",0.0382309488626338,1264,0.0270333837696817,908,0.0524021114379443,1709
"Tofa",0.15836868669911,0,0.139687841449033,0,0.178491883829822,0
"Toro",0.311471637368235,8160,0.286073176009766,7605,0.337761218549909,8732
"Toto",0.33501655815619,13851,0.297711574622167,12324,0.373459128687513,15422
"Tsafe",0.107122428402404,0,0.0892878618864386,0,0.127183636214198,0
"Tsanyawa",0.13698896485698,0,0.121151167739657,0,0.154063364957619,0
"Tudun Wada",0.239889234959329,0,0.20331093334676,0,0.282490578417062,0
"Tureta",0.0656491579538988,117,0.0436744834490663,77,0.0939910605876558,169
"Udenu",0.197320297846907,176,0.174989616602852,156,0.221148744610522,197
"Udi",0.254550559888445,1130,0.227173546781676,1010,0.283247019983093,1255
"Udu",0.82215805443665,680,0.630854925415804,512,0.936773577272464,785
"Ughelli North",0.727201514982538,795,0.526089932907669,575,0.869621985046873,949
"Ughelli South",0.795781186104957,1108,0.556812702435965,774,0.934347390611629,1303
"Ugwunagbo",0.279357498733907,106,0.180096875563203,68,0.394137711551869,149
"Uhunmwonde",0.476803819472654,1007,0.42901672509031,901,0.524154488780939,1110
"Ukanafun",0.416090242144038,173,0.28841791689265,120,0.54584390043392,227
"Ukum",0.129114501552106,1914,0.114818746694902,1701,0.144503292016234,2143
"Ukwa East",0.397561818927224,206,0.258719115603069,134,0.545190648309964,282
"Ukwa West",0.391144194990786,175,0.231052097656965,104,0.564179636389986,252
"Ukwuani",0.527031510940531,309,0.409052139642409,239,0.640136952783624,377
"Umu Nneochi",0.233060468557958,240,0.207767354328838,214,0.259967532917695,267
"Umuahia North",0.189795067017252,84,0.164884526838224,73,0.216730065400512,96
"Umuahia South",0.221227526324965,80,0.193894061535234,70,0.250505180457594,90
"Ungogo",0.134241545787774,0,0.110786917760215,0,0.160984116383879,0
"Uruan",0.303549000768579,59,0.259122300263886,50,0.350593762971907,68
"Urue Offong",0.339286785760963,62,0.254892877603096,46,0.430201556168157,78
"Ushongo",0.206306510058076,1560,0.185608701476998,1402,0.228190093482121,1727
"Ussa",0.0799477216590087,1976,0.0622513193372621,1575,0.101279879037795,2451
"Uyo",0.197223092206675,34,0.16592768129707,29,0.231496023249934,40
"Uzo-Uwani",0.273215272093291,1319,0.246599217089105,1191,0.301124736039958,1452
"Vande Ikya",0.262029915949604,1673,0.230031179363053,1466,0.295861157606672,1891
"Wamako",0.0559149686999081,0,0.0345123996344415,0,0.085000501111259,0
"Wamba",0.486078013963471,9327,0.448600444472618,8602,0.523785448138543,10057
"Warawa",0.195593263058067,0,0.170809887979143,0,0.222305658765658,0
"Warji",0.276992202736896,0,0.242667566792513,0,0.31295178741143,0
"Warri North",0.777219332689611,2289,0.390486726870501,1138,0.939341739502109,2719
"Warri South",0.800199413936785,803,0.355300170204046,383,0.952610825240689,951
"Warri South-West",0.813111071178268,2011,0.399068926830701,960,0.954608635374408,2382
"Wase",0.289296611785756,32783,0.267347708726531,30340,0.312014307748095,35308
"Wudil",0.193629220999783,0,0.167995197743101,0,0.221426346599271,0
"Wukari",0.146215020838584,14636,0.127278666143092,12735,0.166813384589078,16704
"Wurno",0.0461347622462661,280,0.0262391638746763,160,0.0747592122035405,453
"Wushishi",0.221442638039063,8868,0.196479834982219,7859,0.248131142776101,9948
"Yabo",0.0530832698273253,0,0.0346295850565898,0,0.0775035425374834,0
"Yagba East",0.306820568953165,4116,0.272822655262799,3663,0.342040796040634,4584
"Yagba West",0.360253120641771,4763,0.325746797411025,4309,0.395763012612288,5229
"Yakurr",0.180105619193136,48,0.155572719051333,42,0.20678628681411,55
"Yala",0.281873947057293,928,0.257680012881698,849,0.307034958847434,1011
"Yamaltu/Deba",0.383674447748308,0,0.336153399678961,0,0.431238105631143,0
"Yankwashi",0.151452361695525,0,0.104527975602752,0,0.210569989649457,0
"Yauri",0.12266816098384,2977,0.0686595117645586,1747,0.209451796750345,4895
"Yenagoa",0.580161393339013,78,0.324256421774394,44,0.787810801716617,106
"Yewa North",0.625349869466779,3691,0.545264225732317,3221,0.700310626047178,4133
"Yewa South",0.671752810762775,876,0.576104478632519,755,0.758057962123699,984
"Yola North",0.232782372404334,0,0.170297983442769,0,0.307183757347096,0
"Yola South",0.203563139725892,402,0.150349980545126,304,0.266266874836136,516
"Yorro",0.0847468047615719,824,0.0693708811855688,678,0.102289716785652,989
"Yunusari",0.135813359907506,821,0.0474670494997705,266,0.284377258698016,1807
"Yusufari",0.119074385394328,0,0.0472316496354615,0,0.235361887365296,0
"Zaki",0.201009121071229,0,0.162372799238848,0,0.244592682829685,0
"Zango",0.13524120994871,0,0.0704093374592056,0,0.2295155687597,0
"Zangon Kataf",0.365278568894118,7872,0.34308569616349,7398,0.387939870190371,8355
"Zaria",0.168961412393177,0,0.156295637720306,0,0.182224656691055,0
"Zing",0.0664647020578185,0,0.0538629480948898,0,0.0809468539559289,0
"Zurmi",0.0734833015823603,0,0.052447370301813,0,0.0997595790726219,0
"Zuru",0.0929483046337549,1672,0.0711343946967313,1278,0.11875752448369,2138
"Total",0.276936468459014,1694414,0.230565917690482,1483850,0.319676026810158,1921436
