"state","mean_value","cattle_mean","lower_value","cattle_lower","upper_value","cattle_upper"
"Abadam",0.654797248024527,9142,0.463511622409614,6963,0.815547727585541,10741
"Abaji",0.271105822619797,8357,0.247424825872345,7637,0.295839228296958,9108
"Abak",0.208033769551785,63,0.153794945097891,47,0.270390818737423,83
"Abakaliki",0.322339410584567,1244,0.290728360765795,1122,0.355210295118305,1370
"Abeokuta North",0.651861539563234,2376,0.592107199300543,2157,0.70771947377582,2582
"Abeokuta South",0.579805341124164,297,0.519830597156907,266,0.638094158280336,327
"Abi",0.290484382332928,249,0.254879716661477,219,0.327234941418585,280
"Aboh-Mbaise",0.25395769600067,78,0.203952533553152,62,0.308379586277977,94
"Abua/Odual",0.394190667016128,38,0.0997743591823191,11,0.788035954431018,71
"Abuja",0.262933784621628,15030,0.236376688989794,13489,0.290947383665134,16658
"Adavi",0.392656345597286,4673,0.353658874637282,4206,0.432633178992286,5153
"Ado",0.292200541320069,1378,0.267139562132407,1264,0.318330745283696,1496
"Ado Odo/Ota",0.839513318945613,2368,0.772536727746784,2178,0.892932383663445,2520
"Ado-Ekiti",0.367294646117412,107,0.333965722199352,97,0.401525338382655,117
"Afijio",0.259069961324678,1340,0.230655353966532,1189,0.289105040809783,1499
"Afikpo North",0.2430655835883,198,0.216538214621611,176,0.271135714241961,221
"Afikpo South",0.237867821677099,124,0.213855218631816,113,0.263285854210698,136
"Agaie",0.267244342585093,12784,0.242408613313647,11589,0.292958776273719,14022
"Agatu",0.368757837692894,3560,0.323100440948116,3086,0.422397485695781,4143
"Aguata",0.250211276330784,127,0.225049542756064,114,0.276674082720967,140
"Agwara",0.185688579535197,5357,0.136560643029201,3981,0.240020898977971,6990
"Ahiazu-Mbaise",0.250528245242436,46,0.220647501641108,40,0.282237896823503,52
"Ahoada East",0.354929410355489,14,0.128536218114564,5,0.642741630089536,25
"Ahoada West",0.380844301939529,27,0.125874082083716,9,0.693373411549759,49
"Aiyedade",0.326032354236764,1035,0.296432351867466,939,0.35669155982231,1134
"Ajaokuta",0.433371716393874,7309,0.387775714970236,6540,0.478374779783843,8066
"Ajingi",0.215971304917772,0,0.18829380640785,0,0.245713482865309,0
"Akamkpa",0.17567222761887,115,0.145922260459745,96,0.20868977543472,137
"Akinyele",0.289046209768048,1074,0.263132486948102,978,0.316069950362069,1174
"Akko",0.292264147628014,11938,0.264694446114965,10920,0.321043583501981,12993
"Akoko North-East",0.374209526526218,333,0.33925493864904,302,0.410156242608237,365
"Akoko North-West",0.359341939322131,177,0.32222342165961,159,0.39766603315955,196
"Akoko South-East",0.308249930237813,52,0.27201417789818,46,0.346363854117836,59
"Akoko South-West",0.329560239824902,120,0.298060254336088,109,0.362280619173506,133
"Akoko-Edo",0.362774295455287,1779,0.327468063259447,1605,0.39927706567178,1958
"Akpabuyo",0.217064077596489,55,0.136274165365088,39,0.370687957198345,78
"Akuku-Toru",0.342878872623935,0,0.0115975279637123,0,0.992409937503156,0
"Akure North",0.370117368634319,125,0.337768918777444,114,0.403286526430426,136
"Akure South",0.357918262217631,88,0.326740588080626,80,0.389964013567285,96
"Akwanga",0.480622082134723,7210,0.450054052028368,6750,0.511303960652939,7671
"Albasu",0.227349713907289,0,0.203716795237176,0,0.252347655939605,0
"Aleiro",0.0718112170801833,0,0.0413554092310229,0,0.114840912852295,0
"Alimosho",0.73104905769796,165,0.636045716567388,148,0.81276587688054,180
"Alkaleri",0.401437321088779,40169,0.371652872342986,37111,0.431726193181905,43308
"Amuwo Odofin",0.81780928010745,201,0.736712411016553,181,0.882267829124749,216
"Anambra East",0.329750292502268,552,0.285231698087247,479,0.376281796133471,630
"Anambra West",0.227465483171345,754,0.185005053713968,604,0.304528695964371,1040
"Anaocha",0.285243636871457,126,0.255799644889646,113,0.316075607950753,140
"Andoni",0.376218104887154,7,0.0694157768897985,2,0.858742301359873,15
"Aninri",0.297618060647648,391,0.271311855535106,357,0.3249319366065,427
"Aniocha North",0.343051646889288,273,0.314102577693207,250,0.372762293874892,296
"Aniocha South",0.334802892194431,546,0.302486491585706,493,0.368292667464885,601
"Anka",0.120879942779056,2817,0.0897804952592517,2151,0.158335453632712,3601
"Ankpa",0.255845458736209,3342,0.225785211931204,2951,0.28783383573565,3759
"Apa",0.35408247344357,1991,0.321594275598846,1809,0.387690448998116,2180
"Ardo-Kola",0.0910109236287687,1884,0.0778591552780787,1613,0.105629210382523,2184
"Arewa Dandi",0.0554854506724669,246,0.0259260325766779,99,0.103289364053133,496
"Argungu",0.0556564015504115,0,0.0312083630913927,0,0.0911053491019939,0
"Arochukwu",0.184201829640722,73,0.158648745287307,63,0.211975468084406,84
"Asa",0.287793713810849,6747,0.26389640839982,6182,0.312648789171173,7334
"Asari-Toru",0.306788264319784,0,7.99548677574609e-08,0,0.999933611834535,0
"Askira/Uba",0.657154835784791,1476,0.600286592493294,1341,0.707442803710502,1616
"Atakumosa East",0.293650535974086,309,0.265530200830845,279,0.322961756473985,340
"Atakumosa West",0.250950319319667,336,0.224349322645457,300,0.279015558382463,374
"Atiba",0.243111711390004,3443,0.212603502682376,3031,0.275807113882768,3882
"Atisbo",0.215973609277367,5445,0.182934676050992,4637,0.252036525253447,6322
"Augie",0.0500339702603295,0,0.0299224066374498,0,0.0781349441139168,0
"Auyo",0.116145193501084,0,0.0855640172951191,0,0.159435812339665,0
"Awe",0.259991195115181,11574,0.237931955816524,10605,0.283826353805438,12634
"Awgu",0.275076848123259,493,0.246440811196786,442,0.30502993805305,547
"Awka North",0.291796227877392,578,0.265397667033671,525,0.319256735997168,632
"Awka South",0.240723873199764,300,0.213912072443823,267,0.269120980826844,336
"Ayamelum",0.274429242081209,813,0.234353275064526,693,0.321318159852891,954
"Ayedire",0.227549850692375,152,0.203192833298403,135,0.2533400557508,169
"Babura",0.132016870978175,0,0.104684047012964,0,0.163784013474329,0
"Badagry",0.664065249861782,409,0.516963175811723,354,0.877089904128086,453
"Bade",0.0550311938773098,0,0.0243874682603002,0,0.105176783054652,0
"Bagudo",0.104031987429535,10948,0.0596431464497866,6416,0.166396037834653,17199
"Bagwai",0.186611701944404,0,0.167306175894899,0,0.207129088251252,0
"Bakori",0.171382746686214,0,0.15563102754486,0,0.188034853096322,0
"Bakura",0.0822502933056648,379,0.0542347020376848,253,0.118683728301949,543
"Balanga",0.19208065925324,0,0.170049096545085,0,0.215644012944009,0
"Bali",0.0587891801090566,7248,0.0471619219438192,5819,0.0723349992389512,8913
"Bama",0.954738974597191,0,0.85571984785061,0,0.992434694830011,0
"Barkin Ladi",0.240974130602548,4176,0.214935627056785,3912,0.269303022611873,4447
"Baruten",0.196615468397843,23008,0.163498803171009,19154,0.233243134825608,27271
"Bassa",0.311313193512383,11012,0.28051261244201,9746,0.34505062115414,12469
"Batagarawa",0.109985535874391,0,0.0883439394556575,0,0.134795640349185,0
"Batsari",0.104588167859717,0,0.0826624706559271,0,0.130026233320762,0
"Bauchi",0.304088059197596,23045,0.28252114337517,21469,0.326325495835651,24664
"Baure",0.105143027621263,0,0.0635135261173255,0,0.162273174822699,0
"Bayo",0.357314388239138,0,0.323906968152129,0,0.391757547851855,0
"Bebeji",0.251712451025998,0,0.223462548082458,0,0.280058758052427,0
"Bekwarra",0.213304377277516,133,0.195760891063817,122,0.23168769623106,144
"Bende",0.205748008764196,140,0.180755208512489,123,0.232584396646854,158
"Biase",0.171050196619559,78,0.143946848328228,66,0.20754959354051,95
"Bichi",0.211873560752509,0,0.18179252666045,0,0.241243932624102,0
"Billiri",0.222447824547051,2046,0.198676650322682,1848,0.247636417556673,2253
"Bindawa",0.126517434157814,0,0.107623973590949,0,0.147396942078302,0
"Binji",0.0354024552970079,0,0.0211082299600539,0,0.05608208297029,0
"Biriniwa",0.0634213011105981,0,0.0347570294010734,0,0.105295268608675,0
"Birnin Gwari",0.231199603866131,17242,0.206244125222181,15277,0.257648895469976,19333
"Birnin Kebbi",0.0643318463784217,0,0.034496799490198,0,0.10856485087366,0
"Birnin Kudu",0.256273232095077,0,0.231113033711998,0,0.282732374479191,0
"Birnin-Magaji/Kiyaw",0.115355407846122,0,0.0895101865253445,0,0.145621342366668,0
"Biu",0.35879021351385,0,0.322321907169935,0,0.396514617990101,0
"Bodinga",0.0589882936931487,0,0.0383298090252966,0,0.0862984279676419,0
"Bogoro",0.311600686965662,1121,0.286525513443694,1062,0.337546869611127,1182
"Boki",0.129137797135733,136,0.108426571852132,115,0.152232625247009,159
"Bokkos",0.340875183665959,20070,0.313991846418295,18544,0.368530157454338,21639
"Boluwaduro",0.287821318116503,217,0.261415126877324,197,0.315340999122777,238
"Bomadi",0.573320142012708,160,0.197885795046753,55,0.884867741810765,247
"Bonny",0.302893811893407,0,5.21303061641229e-06,0,0.95948348921379,0
"Borgu",0.175502617905982,23126,0.13910454268262,17830,0.216801549611779,29418
"Boripe",0.290569241594471,287,0.26791346466815,265,0.314019668362726,310
"Borsari",0.0552145601630868,772,0.0217727409425994,304,0.114056726323429,1592
"Bosso",0.227884745560182,11124,0.205969433580885,10052,0.250965944161654,12253
"Brass",0.342244547997958,12,0.0211581788696946,3,0.959654125172817,22
"Buji",0.248930649180913,0,0.213962682133574,0,0.289358832171097,0
"Bukkuyum",0.0952270004266057,3678,0.0696348502188187,2796,0.126522916577273,4726
"Bukuru",0.20153127693983,2834,0.177523211817082,2498,0.22923133340353,3220
"Bungudu",0.108086158597329,0,0.083152965230054,0,0.137494427600394,0
"Bunkure",0.229152536318903,0,0.204291546520432,0,0.255502113611103,0
"Bunza",0.0657349171665643,0,0.0288020569529041,0,0.126694157874772,0
"Burutu",0.49447085693181,626,0.11379759463283,213,0.944507988049778,964
"Bwari",0.348120697875309,9405,0.317517425395912,8526,0.379838695722544,10318
"Calabar",0.198958210323601,26,0.144740921068535,19,0.295314617727607,38
"Calabar South",0.417204534403156,0,0.145064829045625,0,0.900313152775305,0
"Chanchaga",0.174970340202423,655,0.1572951993065,589,0.193752319559845,726
"Charanchi",0.13441201045946,0,0.11434795490322,0,0.156544579258541,0
"Chibok",0.480271850659261,0,0.438717032102645,0,0.521560651650606,0
"Chikun",0.270933891356057,14107,0.24785424587111,12784,0.295528435095542,15533
"Damaturu",0.178097383217059,0,0.129769521244335,0,0.235671281572938,0
"Damban",0.222125946062143,0,0.194728580635495,0,0.251465004442139,0
"Dambatta",0.182934319102135,498,0.153227303079634,425,0.215999497530261,578
"Damboa",0.526089750403396,0,0.461940861066216,0,0.582891382226322,0
"Dandi",0.0791826685442779,3064,0.0345665580745902,1343,0.152416677076529,5888
"Dandume",0.169825286719598,0,0.153832561838559,0,0.186758132049811,0
"Dange-Shuni",0.0655573189951591,0,0.041044458827546,0,0.0986414085439786,0
"Danja",0.180585866731032,0,0.164917721139084,0,0.197092645636925,0
"Danko Wasagu",0.102004633817597,12939,0.0805890475401677,10247,0.126908367269795,16065
"Danmusa",0.150347035636596,0,0.127779507794616,0,0.175233323326588,0
"Darazo",0.281612377978545,0,0.255786880183967,0,0.308544018143928,0
"Dass",0.297767233048737,3115,0.276013763632782,2867,0.320266050454235,3373
"Daura",0.120321965103949,535,0.0565996069788566,226,0.219344891143067,1042
"Dawakin Kudu",0.214588985765117,0,0.189896308165075,0,0.240914829761891,0
"Dawakin Tofa",0.173613029621624,0,0.153415065873542,0,0.195291836457691,0
"Degema",0.292779065786812,3,6.50038562463691e-05,0,0.949131879380563,10
"Dekina",0.268315047761905,5485,0.236426655410018,4844,0.302164623163406,6164
"Demsa",0.134688103522126,840,0.114425700362879,704,0.158127948682412,1077
"Dikwa",0.968172971964876,0,0.910588959677777,0,0.993132393019016,0
"Doguwa",0.319533008721886,0,0.293129198137498,0,0.346810709678304,0
"Doma",0.32901718362371,14442,0.300338894913256,13196,0.360378407183078,15800
"Donga",0.0806844811526079,4737,0.0664010390868177,3920,0.0972012890705712,5684
"Dukku",0.286535954686017,7287,0.259338395982386,6658,0.315774050067521,7938
"Dutse",0.225112773874158,0,0.199469499434028,0,0.25241133903987,0
"Dutsi",0.127738498907491,0,0.0781790493306495,0,0.194830221634228,0
"Dutsinma",0.139754958474267,0,0.118630369300226,0,0.163040993200966,0
"Eastern Obolo",0.434664775500422,0,0.213285129006352,0,0.673388414444107,0
"Ebonyi",0.30267461408467,1010,0.274734816935901,916,0.331667635661056,1107
"Edati",0.258205752143964,5037,0.232290057991006,4521,0.285483052793844,5581
"Ede North",0.261874762335513,304,0.239939452568742,279,0.284727199288631,331
"Ede South",0.223237821784491,187,0.199115174183587,167,0.248851239700302,208
"Edu",0.25088616977108,12382,0.227070988653986,11185,0.275714660717702,13632
"Efon",0.294839445858494,44,0.268804079862683,40,0.321898035297227,48
"Egbeda",0.446766845235471,711,0.405107329283266,649,0.487027427241948,772
"Egbedore",0.255942874310876,605,0.231639966634116,545,0.281436773213563,668
"Egor",0.456405600190134,75,0.3414419146069,56,0.572611275948272,94
"Ehime-Mbano",0.245468128528132,66,0.219779138486567,59,0.272577904338738,73
"Ejigbo",0.220039083569224,523,0.197766754381471,471,0.243633575336367,578
"Ekeremor",0.483464575315866,156,0.104872641273066,44,0.93518126988534,247
"Eket",0.376747304383725,47,0.230153830244485,29,0.539565083878313,67
"Ekiti",0.380014924315622,1578,0.349508046918372,1452,0.411141377553634,1707
"Ekiti East",0.294358548462126,109,0.260380069326464,96,0.330144125318577,122
"Ekiti South-West",0.285380408007782,28,0.25792303955279,26,0.314069752270066,31
"Ekiti West",0.280761121764157,114,0.254201354809425,103,0.308521101083371,125
"Eleme",0.38856129531408,27,0.163221550281529,11,0.65240638685986,45
"Emuoha",0.323719794551764,39,0.104138042412908,15,0.669204444772476,69
"Emure/Ise/Orun",0.331228424915989,53,0.300890362972991,49,0.362704942118594,58
"Enugu East",0.267020230303228,444,0.244466569233964,407,0.29059336245408,482
"Enugu North",0.258082854995029,421,0.226133732288829,368,0.292300582666393,477
"Enugu South",0.208154618215081,102,0.184323200388462,90,0.233580997874573,114
"Epe",0.69324098958827,430,0.595015813278921,379,0.79117017666527,481
"Esan Central",0.351466669778357,243,0.325280004517107,225,0.378332326898917,261
"Esan North-East",0.344098107393667,417,0.316297995330404,384,0.372652454958498,452
"Esan South-East",0.329491384624312,813,0.299597472846513,729,0.36245352291932,908
"Esan West",0.336506689490764,212,0.309867191492722,195,0.363924604289559,229
"Ese-Odo",0.53772430887138,268,0.284176468906469,139,0.773707491873413,389
"Esit Eket",0.317793881593046,55,0.203459929995682,35,0.449322185982458,79
"Essien Udim",0.245721915037407,160,0.180828465320532,117,0.319113710012595,207
"Etche",0.325554716247551,28,0.156904452865807,13,0.532225993685157,46
"Ethiope East",0.493786498522406,409,0.264971942953003,224,0.719039175760547,592
"Ethiope West",0.50396831632713,518,0.29598871961355,302,0.706634939713063,729
"Eti-Osa",0.817896016440838,267,0.735304912825069,242,0.883169630861054,287
"Etim Ekpo",0.247255188143444,59,0.153542230276084,37,0.360337402522482,86
"Etinan",0.282062942085732,65,0.166490410605115,39,0.421167956733701,98
"Etsako Central",0.355187352120961,1275,0.321697303195396,1151,0.389815209011668,1405
"Etsako East",0.349772523550996,1433,0.31547766103682,1296,0.385298304575706,1575
"Etsako West",0.37618210320415,1056,0.345195009358242,967,0.407934826786444,1146
"Etung",0.140678738806677,36,0.117816982101084,30,0.166112958957711,43
"Ewekoro",0.727076104986124,1060,0.656581108367538,957,0.790048149682261,1153
"Ezeagu",0.281034001906076,751,0.254530472646359,680,0.308709728446724,825
"Ezinihitte Mbaise",0.250763670612813,54,0.212589091257191,46,0.291597846504272,63
"Ezza North",0.340963390775108,646,0.300738888070097,571,0.382904687101196,723
"Ezza South",0.298330205040987,459,0.260724567683452,402,0.337853024761934,519
"Fakai",0.114441843138093,5625,0.0765986251705003,3773,0.162765157623661,7988
"Faskari",0.170529734855135,0,0.150514546844253,0,0.192059041068272,0
"Fika",0.28346468311965,0,0.254763375533484,0,0.313477663098929,0
"Fufore",0.52408237993518,7206,0.441922232506091,6108,0.601879204490533,8197
"Funakaye",0.322402253050179,0,0.280497831778622,0,0.365605199130415,0
"Fune",0.199532756031174,0,0.163941548955249,0,0.239821828842671,0
"Funtua",0.172184145893191,0,0.156979382861228,0,0.188224376245886,0
"Gabasawa",0.210394344991111,0,0.180010832588598,0,0.243421535103709,0
"Gada",0.0348918251089014,1124,0.0182227228987892,577,0.0603215648249412,1963
"Gagarawa",0.116625007462103,0,0.0916618361701686,0,0.145529082953096,0
"Gamawa",0.162321401792367,0,0.132548084489114,0,0.196062342181407,0
"Ganjuwa",0.301117255919514,3520,0.276935367630237,3141,0.326593500600039,3985
"Ganye",0.102750378065651,2573,0.076188286637754,1870,0.134444696364894,3420
"Garki",0.165711347894919,0,0.139899643019639,0,0.194232656101026,0
"Garko",0.229036539675775,0,0.206617035369821,0,0.252668321353873,0
"Garum Mallam",0.208005394766122,0,0.18656389281629,0,0.230733520418722,0
"Gashaka",0.0385497480960228,1548,0.0247310716183156,1128,0.0580284669148552,2077
"Gassol",0.100211985284534,13085,0.0863042939932374,11253,0.116411846190414,15248
"Gaya",0.211013556349535,0,0.185452272930507,0,0.242290530628604,0
"Gbako",0.235420276942697,11900,0.210737061447851,10652,0.261487096745737,13219
"Gboko",0.261480415879466,3675,0.239807105005283,3368,0.284125419695875,3996
"Gboyin",0.309153676296414,125,0.276947152858279,112,0.342799753996848,139
"Geidam",0.0772242183925945,853,0.0293091770396738,362,0.160683771398661,1657
"Gezawa",0.239069793692494,0,0.200488979690853,0,0.278151124744975,0
"Giade",0.219531721017544,0,0.196931531966534,0,0.243469580666557,0
"Girie",0.344824481309816,6745,0.30631371185766,5984,0.384344475687618,7521
"Giwa",0.189055676484826,0,0.173632070263453,0,0.205222125464103,0
"Gokana",0.360045537638273,0,0.0327704191617811,0,0.877880996247634,0
"Gombi",0.399126516354077,1157,0.33651054944421,1004,0.46323142352358,1319
"Goronyo",0.0617119013302165,485,0.0332312931646194,257,0.103419551483225,829
"Gubio",0.385092538935012,780,0.245457042426745,447,0.540634356035307,1191
"Gudu",0.0443880714401247,0,0.0240919699249717,0,0.074533493342829,0
"Gujba",0.29129165219668,0,0.256717079984237,0,0.327876108203566,0
"Gulani",0.343032012214404,533,0.307258123804182,479,0.379736462913946,589
"Guma",0.336930816351301,8553,0.303995828310572,7721,0.371496200220956,9425
"Gumel",0.0985090479185712,0,0.0737341902854605,0,0.128004751347629,0
"Gummi",0.100450889452432,3908,0.0731317865411225,2855,0.133757572330868,5176
"Gurara",0.303639118736548,7077,0.28135248854035,6556,0.32663630856927,7616
"Guri",0.0717039142390972,0,0.0395676080729364,0,0.118248579768296,0
"Gusau",0.144649790626849,888,0.121544643666147,758,0.170459692042577,1032
"Guyuk",0.170371568582856,989,0.139466891422481,712,0.202808315270271,1249
"Guzamala",0.729268658360993,2339,0.589695932791244,1936,0.843272140249678,2658
"Gwadabawa",0.0398088056436703,343,0.0223428359846887,186,0.0652905255162923,577
"Gwagwalada",0.248753080624502,8647,0.227783948183929,7915,0.270629173165088,9411
"Gwale",0.213665138857762,0,0.177139569600536,0,0.253905886328859,0
"Gwandu",0.0703747003384376,0,0.0434382936341104,0,0.107014254927112,0
"Gwaram",0.27886275623847,0,0.256315811023872,0,0.302268657748185,0
"Gwarzo",0.187970296242779,0,0.169878616878424,0,0.207111439854056,0
"Gwer East",0.338078367792423,5061,0.308375836624148,4619,0.368761574871942,5518
"Gwer West",0.375366006240479,3034,0.339633018334601,2742,0.41216986723603,3336
"Gwiwa",0.140637869301545,0,0.108759684930389,0,0.1797494292399,0
"Gwoza",0.887648394171414,0,0.718004890959709,0,0.969731720681045,0
"Hawul",0.288127250611158,1814,0.257564577574615,1629,0.320189934964347,2007
"Hong",0.686776656947043,2699,0.616359241137612,2392,0.749660004825082,2995
"Ibadan South-West",0.231241631529316,172,0.206733582375379,153,0.257176691417114,191
"Ibaji",0.279288119101011,4204,0.243195802100973,3664,0.324625629099768,4870
"Ibarapa Central",0.575900719306447,3105,0.520684690511302,2804,0.629646056774276,3399
"Ibarapa East",0.459083484726517,4912,0.420949951960653,4502,0.497463525854398,5324
"Ibarapa North",0.471868807479306,6451,0.428148669139463,5856,0.515790993589739,7048
"Ibeju-Lekki",0.752373144563535,306,0.650731668905938,267,0.83756701274149,338
"Ibesikpo Asutan",0.217762534601472,94,0.165812815364414,72,0.276826618019003,119
"Ibi",0.190294225575019,9579,0.167809048513218,8454,0.214376722250314,10788
"Ibiono Ibom",0.236863607975412,86,0.197497925099602,71,0.276995060130979,100
"Idah",0.248508610486989,253,0.209067640316567,212,0.291323670774377,296
"Idanre",0.405733536109889,317,0.367778821514142,288,0.444357026328953,347
"Ideato North",0.219647140496906,105,0.1960873701691,94,0.244644677083898,116
"Ideato South",0.225027315278473,45,0.200427100832691,40,0.251137136511632,51
"Idemili North",0.341095308212365,190,0.299816104502556,167,0.384165755727845,214
"Idemili South",0.202785260051705,61,0.17905199051483,54,0.228160434460645,68
"Ido",0.362219191505899,2163,0.332670559538611,1992,0.392591953628843,2338
"Ido-Osi",0.297430391423221,93,0.26990085067819,84,0.326084591060483,101
"Ife Central",0.316841835254309,76,0.287738420284,69,0.347038794205864,83
"Ife East",0.230393884098051,53,0.203482379987355,47,0.259033702565753,60
"Ife North",0.314193899029824,801,0.284958965728053,728,0.344507141418838,877
"Ife South",0.32227458766222,490,0.292372470145685,445,0.35328134257321,538
"Ifedayo",0.253651723396362,55,0.22652343802292,49,0.282273546411457,61
"Ifedore",0.325748028782381,38,0.295464356034043,35,0.357098029341633,42
"Ifelodun",0.321805481641284,14280,0.296367711811298,13171,0.348033724083215,15422
"Ifo",0.761243830474192,1324,0.689710272369989,1198,0.823330815585131,1433
"Igabi",0.241478620328455,675,0.224712931515223,641,0.258879863727528,710
"Igalamela-Odolu",0.32043313554993,5182,0.284808000575195,4604,0.356459668582142,5764
"Igbo-Etiti",0.289304058513184,699,0.263104007650336,637,0.316604839438097,763
"Igbo-eze North",0.235915244941342,219,0.20821129656423,193,0.26544715360588,247
"Igbo-eze South",0.261262722523995,222,0.233902715443174,198,0.290131616824575,246
"Igueben",0.344201417532596,137,0.320235056191058,127,0.368779163034726,146
"Ihiala",0.313639729405791,513,0.27527700761252,452,0.353901992843791,577
"Ihitte/Uboma",0.223844397289419,33,0.196055653003183,29,0.253586323663505,38
"Ijebu East",0.599079912593283,1553,0.544935451988591,1414,0.650957829881486,1686
"Ijebu North",0.530603380254348,746,0.481335220151387,677,0.579299613634699,815
"Ijebu North-East",0.63215385965933,207,0.577630826833593,189,0.684306317428053,225
"Ijebu-Ode",0.685158631975662,197,0.622059695785309,179,0.743552474489171,214
"Ijero",0.243260217709453,81,0.215922975951759,72,0.272232563800006,90
"Ijumu",0.355165938977945,2162,0.319252208741687,1944,0.392296444198025,2388
"Ika",0.221750043656589,40,0.147296370961513,27,0.310335340954475,56
"Ika North-East",0.351571664231403,493,0.318159022795807,446,0.386013518527345,541
"Ika South",0.431284379248913,483,0.369484854346205,418,0.493884542961311,550
"Ikara",0.198551771833307,0,0.182355473447061,0,0.215529947122852,0
"Ikeduru",0.243647034841724,70,0.209492392509503,60,0.280165918094672,81
"Ikenne",0.665904808601893,251,0.607160747922671,229,0.721075038962683,271
"Ikere",0.333369906844118,63,0.304813628787916,57,0.362864920968013,68
"Ikole",0.370931067318201,655,0.332840109079367,592,0.410167518960636,720
"Ikom",0.165510475970795,172,0.140178999979999,147,0.193599983522107,200
"Ikono",0.183587169428498,48,0.154845982944952,41,0.215105539357641,57
"Ikorodu",0.778618654177904,400,0.695515688371976,357,0.848172178371749,436
"Ikot Abasi",0.398565412063552,162,0.126117572291692,79,0.857936229610142,256
"Ikot Ekpene",0.204060578890311,28,0.171382109035195,24,0.239796549097175,33
"Ikpoba-Okha",0.459781075255486,879,0.302777582034625,609,0.619812674823692,1155
"Ikwerre",0.338048741930949,46,0.135748905697904,18,0.593950109163562,82
"Ikwo",0.235672041022866,580,0.210534570125534,518,0.262336338703802,646
"Ikwuano",0.23938343214964,60,0.214537569595144,53,0.265595751251796,66
"Ila",0.232050473494067,485,0.207594772477608,435,0.257952511031196,538
"Ilaje",0.436565340980204,325,0.203770719513324,159,0.720571309270405,563
"Ile-Oluji/Okeigbo",0.322327252856771,63,0.29289146856537,57,0.35284365577764,69
"Ilejemeje",0.303064302810453,54,0.275713824910925,49,0.331489447309479,59
"Ilesha East",0.305376874115498,155,0.28436213336177,144,0.327014627177779,166
"Ilesha West",0.227437767545167,134,0.204437991542512,120,0.251714230564851,148
"Illela",0.0360934234598116,865,0.0186292911898947,447,0.0628738770591183,1506
"Ilorin East",0.25895336951629,2697,0.238365546779335,2482,0.280378019089239,2920
"Ilorin South",0.297078499217714,889,0.274932797454604,823,0.31994601490592,957
"Ilorin West",0.153662522554645,627,0.120679519784835,490,0.202554950576283,830
"Imeko-Afon",0.533845025440651,3090,0.484502393414288,2805,0.582479501998819,3370
"Ingawa",0.167565093549671,0,0.143582722446566,0,0.193738045756372,0
"Ini",0.197050813128113,102,0.170745374507108,89,0.226382697044429,117
"Ipokia",0.86303165304956,2336,0.797723859886669,2148,0.91329293934051,2482
"Irele",0.515574055306518,175,0.360698814115723,123,0.662651274598161,225
"Irepo",0.201891264790206,2471,0.175326087928709,2133,0.230603482724754,2839
"Irepodun",0.286481399080216,1969,0.255124374192624,1782,0.324368759835617,2183
"Irepodun/Ifelodun",0.309976198120588,95,0.279561446557501,86,0.341651233863026,105
"Irewole",0.270825057392099,287,0.246193674565832,262,0.296567094200792,313
"Isa",0.0657544512721328,166,0.0414735769190351,105,0.0984982407153372,250
"Ise/Orun",0.302618122222298,27,0.270042968349963,24,0.336727502171477,30
"Iseyin",0.327577451031163,5818,0.292581027284884,5186,0.363970213944201,6476
"Ishielu",0.297915682537447,1331,0.274950969619881,1228,0.321661470647452,1436
"Isi-Uzo",0.312845807387939,1124,0.286417650967696,1029,0.340232488145668,1223
"Isiala Mbano",0.220280337773148,70,0.195924607411762,63,0.246158755084671,79
"Isiala Ngwa North",0.223615415762526,76,0.190743635411555,65,0.259084592197057,88
"Isiala Ngwa South",0.21020380469036,134,0.155532651808918,99,0.272962934584663,175
"Isin",0.30415981191894,1469,0.280503300589945,1355,0.328599528789183,1587
"Isokan",0.316590138655217,148,0.287537119869312,134,0.34674131635683,162
"Isoko North",0.418116722884252,265,0.209327969922913,131,0.64467102660603,411
"Isoko South",0.47881506394948,647,0.223812860651361,306,0.736558033422349,987
"Isuikwuato",0.213225599445561,66,0.188897804216833,58,0.239170350378922,74
"Itas/Gadau",0.201324062444898,0,0.171539699144909,0,0.23444220669393,0
"Itesiwaju",0.233435164263132,3976,0.204453138119358,3481,0.264461558461584,4505
"Itu",0.21555090382571,91,0.181464682818377,76,0.252717121100617,107
"Ivo",0.314496286824737,563,0.285001070292476,510,0.345173945865892,619
"Iwajowa",0.296247906640265,4460,0.262306547359361,3944,0.332010133420549,5004
"Iwo",0.238189651119076,567,0.212190240356158,507,0.265755163431643,631
"Izzi",0.2956216077317,1846,0.272463341535627,1701,0.319580835162839,1995
"Jaba",0.341259148331114,5558,0.316673396698223,5154,0.366504386257556,5973
"Jada",0.333026116225588,1805,0.260048286207448,1351,0.409923198704004,2310
"Jahun",0.210106044865659,0,0.179768714770487,0,0.244295915446423,0
"Jakusko",0.0921849061573573,0,0.0565179154195584,0,0.14158053587503,0
"Jalingo",0.0826079998938554,0,0.0674676438554263,0,0.0998910699263596,0
"Jama'are",0.216507664993068,0,0.188722024266072,0,0.246346465547204,0
"Jega",0.0830992822642995,284,0.0472626006026803,165,0.133794063675454,448
"Jema'a",0.407559862258186,17799,0.378296812209035,16510,0.437323577726151,19111
"Jere",0.669710904047884,0,0.604294862297939,0,0.729987925440435,0
"Jibia",0.0868625138786205,0,0.0649847568121564,0,0.113393633263196,0
"Jos East",0.338653487059583,4591,0.306442173442064,4209,0.372023694339982,4984
"Jos North",0.207466204026582,0,0.188238053300056,0,0.227714687731201,0
"Jos South",0.199355255974648,0,0.182639338943475,0,0.216918501868318,0
"Kabba/Bunu",0.350468894212155,9490,0.316101404279621,8561,0.386050882944473,10452
"Kabo",0.208889512558892,0,0.187574641477806,0,0.231457331265544,0
"Kachia",0.37131146654068,26925,0.348314161991082,25313,0.394794629565973,28568
"Kaduna North",0.211550611739495,0,0.184962714927477,0,0.240037288531199,0
"Kafin Hausa",0.17726102188993,0,0.148748257483248,0,0.208768836930348,0
"Kafur",0.180033202639064,0,0.164418289216954,0,0.196473548092739,0
"Kaga",0.23751102685067,0,0.182984045218525,0,0.300013106630412,0
"Kagarko",0.359866184227445,16339,0.334109848393253,15172,0.385991648321618,17522
"Kaiama",0.228453714642514,19919,0.20037480502455,17632,0.258497646331998,22345
"Kaita",0.0905732826377073,0,0.0522076995831947,0,0.147980111795634,0
"Kajola",0.227807331124923,1885,0.198681043032763,1643,0.259113271442077,2145
"Kajuru",0.33578816461243,1745,0.319208185486922,1667,0.352693606911177,1824
"Kala/Balge",0.991607856169753,0,0.966268288077479,0,0.999160208814228,0
"Kalgo",0.073355129760885,0,0.0351745511994927,0,0.13308390195259,0
"Kaltungo",0.230932073370608,0,0.204204934871939,0,0.259163039825744,0
"Kanam",0.387515000060609,32324,0.359590536816949,29998,0.415968157028317,34700
"Kankara",0.166980483874295,0,0.147888020025533,0,0.187478226704139,0
"Kanke",0.347948332676694,15321,0.318556609036456,13968,0.378300951247733,16723
"Kankia",0.151211512085033,0,0.131489307880261,0,0.172651790619724,0
"Karasuwa",0.0371297458523987,0,0.0139716561160783,0,0.0790754067904165,0
"Karaye",0.220629531537444,0,0.195114007123727,0,0.247741830580871,0
"Karim Lamido",0.2115934624067,25230,0.19176890881931,22918,0.232613690527379,27666
"Karu",0.386107411471432,17176,0.362006417194497,16097,0.410694762092998,18278
"Katagum",0.209775180436298,0,0.181137299359874,0,0.241895781703418,0
"Katcha",0.24206680215067,12033,0.217556691493814,10819,0.267416408770789,13294
"Katsina",0.0824733900049001,0,0.062405014618503,0,0.10651262084646,0
"Katsina-Ala",0.155479663847621,3467,0.136760953906166,3046,0.175735114298364,3923
"Kaugama",0.100927390408352,0,0.074655598078248,0,0.136467241916899,0
"Kaura",0.311861060984428,4207,0.279418665620041,3701,0.345709237753032,4736
"Kaura Namoda",0.0978285936785938,0,0.0713232447668384,0,0.130190791388837,0
"Kauru",0.313458943598847,2854,0.296196613037402,2711,0.33111076926956,3000
"Kazaure",0.153528231607249,0,0.113182645004138,0,0.202462833695753,0
"Keana",0.30894117419497,5604,0.281527606343059,5107,0.337337870814731,6120
"Kebbe",0.118810844496731,5537,0.0760985032165885,3500,0.174614459603477,8212
"Keffi",0.339904453344579,1135,0.319698577033681,1067,0.360552215797425,1204
"Khana",0.482663370828558,73,0.211433758756469,32,0.801273564714593,122
"Kibiya",0.249563038322803,0,0.223835264799812,0,0.27668624448494,0
"Kirfi",0.31779029829506,12531,0.290931992050909,11434,0.345541509356695,13663
"Kiri Kasama",0.0833024404567696,0,0.0517245898753709,0,0.125625747006035,0
"Kiru",0.216577256014888,0,0.194949098064091,0,0.239417515256446,0
"Kiyawa",0.241378161497871,0,0.212422198696574,0,0.272238247161803,0
"Kogi",0.30887279773279,7117,0.266777278183629,6152,0.353252186296659,8140
"Koko/Besse",0.0955405752768632,2168,0.0529054230837471,1245,0.156536847590349,3465
"Kokona",0.424672928903619,13647,0.400245564053369,12862,0.449386894952661,14442
"Kolokuma/Opokuma",0.439569031585509,39,0.136825994519958,12,0.77225884768097,68
"Konduga",0.654741596738038,0,0.58571122112087,0,0.714286488389286,0
"Konshisha",0.295662462512171,2231,0.273269838165725,2062,0.318810253190508,2407
"Kontagora",0.155731761370864,7312,0.133882093612985,6287,0.179623281254651,8433
"Kosofe",0.775584909850405,0,0.703107542483005,0,0.837522565639133,0
"Kubau",0.244839935728383,0,0.227982410418425,0,0.262316323188285,0
"Kudan",0.172244299906792,0,0.158612087366611,0,0.186547921445677,0
"Kuje",0.2959914695824,10990,0.26932338530756,9999,0.323951895037465,12030
"Kukawa",0.885147124759392,9874,0.795469430188811,8833,0.944729905551508,10555
"Kumbotso",0.172741877461182,0,0.148572317301993,0,0.199081401731563,0
"Kunchi",0.188560239026881,0,0.163937284231804,0,0.21517843776103,0
"Kura",0.201428754669351,0,0.17992807594324,0,0.224289339142771,0
"Kurfi",0.109211896958912,0,0.0902894988008924,0,0.130555000024691,0
"Kurmi",0.0382883377018591,1120,0.0282708547027734,846,0.050685744251263,1454
"Kusada",0.155204091010089,0,0.134799266495464,0,0.177471475205999,0
"Kwali",0.265048308789204,9949,0.238932889515199,8970,0.292550048981289,10979
"Kwami",0.316827938211277,1987,0.282032865012265,1809,0.351937855416563,2170
"Kwande",0.161348020796376,2524,0.139996674748012,2204,0.184661359315761,2871
"Kware",0.0469424424852409,0,0.0282854468518683,0,0.0728859743359435,0
"Kwaya Kusar",0.299842180547397,0,0.270364897830347,0,0.330595005859934,0
"Lafia",0.362212969822533,21562,0.333037771939965,19826,0.392174639259751,23346
"Lagelu",0.255725015993331,295,0.232207458208558,268,0.280392841666541,324
"Lagos Island",0.834078612823178,77,0.688389183416556,67,0.907764387429214,83
"Lake Chad",0.683682965932711,2687,0.476957036560443,2606,0.96716254746637,2736
"Lamurde",0.105449883908155,1058,0.0861113609420457,901,0.136253474034708,1329
"Langtang North",0.302289328164715,8254,0.278106800722528,7588,0.327310748960046,8943
"Langtang South",0.189366536481148,1636,0.172288866494372,1450,0.210297101987252,1870
"Lapai",0.284355329795712,17420,0.257629754779296,15811,0.312946613337017,19148
"Lau",0.121225372340525,1866,0.106004529523747,1633,0.138095747153069,2119
"Lavun",0.246361296245853,21736,0.222169301331548,19576,0.271814547361418,24010
"Lere",0.281683679415359,976,0.264623791890675,920,0.299235633351634,1034
"Logo",0.220276302248563,2956,0.197444852556028,2645,0.244748038510992,3291
"Lokoja",0.357033971298786,15929,0.322949172957553,14404,0.392106257608678,17499
"Machina",0.0428841861601459,0,0.0184530490383189,0,0.0843520144640523,0
"Madagali",0.867836842224278,0,0.732738112529358,0,0.948720402471671,0
"Madobi",0.2036157881912,0,0.181540132920903,0,0.227124212734551,0
"Mafa",0.890599017656915,0,0.83001152476443,0,0.935823292589933,0
"Magama",0.15144449977502,13383,0.126996553713009,11244,0.178193207926543,15732
"Magumeri",0.294092295712305,0,0.212365846058851,0,0.390824649728102,0
"Mai'Adua",0.100497411551836,601,0.0353932133311779,196,0.218285361880137,1354
"Maiduguri",0.454384787532445,0,0.401800266022096,0,0.507747071383095,0
"Maigatari",0.0777529808229823,0,0.0514942806621448,0,0.111716824132752,0
"Maiha",0.87128745439799,8027,0.798860179281585,7300,0.924763531429873,8573
"Maiyama",0.0875387777151344,787,0.0463290959415746,445,0.148138028519413,1270
"Makarfi",0.17582638731188,0,0.162562194268068,0,0.189702720649036,0
"Makoda",0.177802051304874,0,0.151787849864564,0,0.206312224167926,0
"Makurdi",0.340833491835526,2383,0.30417222244628,2128,0.377483407535041,2639
"Malam Maduri",0.101705251830141,0,0.069139389304779,0,0.142743847627113,0
"Malumfashi",0.165192827314998,0,0.150307334655343,0,0.180924630993696,0
"Mangu",0.295515948700039,19564,0.273594208638571,18116,0.318139070068258,21059
"Mani",0.120430248500909,0,0.0900008267157908,0,0.158414951660817,0
"Maradun",0.0952959458816633,0,0.0648005191618698,0,0.134145159720258,0
"Mariga",0.167323292549726,27321,0.141675989421243,23114,0.195626130670798,31967
"Marte",0.933343745140912,5534,0.885529796666803,5217,0.973451109767959,5747
"Maru",0.161413190792619,26879,0.135013802433835,22663,0.19107499687829,31567
"Mashegu",0.194874667376518,30996,0.171269489766029,27318,0.220216545146278,34941
"Mashi",0.0988488671411365,388,0.0488770840555737,184,0.176873315401658,708
"Matazu",0.150419266229608,0,0.132720382866976,0,0.169492273027057,0
"Mayo-Belwa",0.105134807666337,502,0.0854558487331624,420,0.127531646951541,594
"Mbatoli",0.275725118869309,252,0.234277067949144,213,0.319441704842453,292
"Mbo",0.249201300053394,0,0.173557454626058,0,0.337166931489785,0
"Michika",0.885403706754275,0,0.820832797965218,0,0.932932324056643,0
"Miga",0.181798389382754,0,0.156312082096589,0,0.209563097846994,0
"Mikang",0.357682468425271,7597,0.328185115125541,6951,0.388034395850419,8261
"Minjibir",0.191552413478847,0,0.167159562165323,0,0.217845004749949,0
"Misau",0.232779705083904,0,0.204738359936923,0,0.26276279816521,0
"Mkpat Enin",0.331150314237223,157,0.149260326256095,87,0.602405389918501,237
"Moba",0.311138338652817,32,0.282485132865946,29,0.340907030152857,35
"Mobbar",0.303988705891388,6105,0.160416661148298,2958,0.48239357475128,9977
"Mokwa",0.247415312972993,20136,0.212697442560428,17345,0.284286778277639,23139
"Monguno",0.813914018957778,0,0.739366074227486,0,0.896419722861981,0
"Mopa-Muro",0.355630176808409,2124,0.322235464110086,1927,0.390126738640877,2328
"Moro",0.269636510627171,12180,0.248515557849524,11220,0.291565876347968,13178
"Mubi North",0.867841975475446,0,0.797607949814184,0,0.920533502790375,0
"Musawa",0.160345327569892,0,0.143813077400063,0,0.17797274066527,0
"Muya",0.312640365451004,12078,0.276283503434189,10983,0.358133389271774,13293
"Nafada",0.264255895102182,0,0.237263122873025,0,0.294616019976402,0
"Nangere",0.203307504156098,0,0.176264832645969,0,0.232505289532185,0
"Nasarawa",0.388709452229897,37783,0.358203253711775,34837,0.419848092845191,40790
"Nasarawa Eggon",0.401251122838569,9800,0.369811933470468,9033,0.433295467343649,10583
"Ndokwa East",0.383652762338194,1194,0.252340583427147,796,0.525143066053755,1616
"Ndokwa West",0.377672476069893,571,0.252794571547304,383,0.515810573825977,781
"Nembe",0.347957163267384,0,1.51853629416504e-08,0,0.999996344060735,0
"Ngala",0.975147549139637,0,0.929555933220059,0,0.99460534228194,0
"Nganzai",0.657332633786322,1933,0.538887625713473,1528,0.762775139069868,2279
"Ngaski",0.206681191260777,7373,0.157533503827562,5869,0.258915392328361,9093
"Ngor-Okpala",0.282640752501389,258,0.18503618922068,173,0.396361010853031,357
"Nguru",0.0291730526303516,0,0.0115326096546233,0,0.0603866623416247,0
"Ningi",0.290176209546781,0,0.265340207163833,0,0.315962725790393,0
"Njaba",0.26098404519598,73,0.230005429848296,64,0.293827646506269,82
"Njikoka",0.277806173920368,277,0.253133133134783,253,0.303518374833654,303
"Nkanu East",0.268225158692657,943,0.245242466662012,863,0.292203740311737,1027
"Nkanu West",0.27954228315781,332,0.25601094078653,305,0.304021454389079,361
"Nnewi North",0.245853993021544,259,0.223102556904077,235,0.269727331801672,284
"Nnewi South",0.230951376593092,98,0.208252659141797,89,0.25488475394228,109
"Nsit Atai",0.25180841083767,50,0.183387110492335,37,0.330126767069767,65
"Nsit Ibom",0.22611920551584,24,0.157099464900269,17,0.306790510941295,33
"Nsit Ubium",0.254351152828118,94,0.161279516486766,59,0.36546224676648,135
"Nsukka",0.302664418318059,867,0.277174411713966,796,0.32913601690101,940
"Numan",0.111008744811209,0,0.0950158778326824,0,0.129174968689767,0
"Nwangele",0.235986441391321,55,0.211565505095095,50,0.261776387409797,61
"Obafemi-Owode",0.603794177054584,1401,0.541052123101617,1252,0.663861542501544,1543
"Obanliku",0.149594268232678,239,0.120711822182684,188,0.18277250190441,299
"Obi",0.300762264662884,8947,0.27593461114083,8214,0.326474843380336,9705
"Obi Ngwa",0.227522615144958,206,0.151438555564421,136,0.317964162762595,289
"Obio/Akpor",0.31690626858353,15,0.0932004702777682,6,0.744485871971919,25
"Obokun",0.249656506468655,450,0.224453243896403,405,0.27619369454951,498
"Obot Akara",0.228985239625407,120,0.187974576235767,97,0.273891541769617,144
"Obowo",0.191090173862659,36,0.166913047209699,31,0.217132253143287,41
"Obubra",0.202935570808622,295,0.173883003836934,256,0.235110632339781,338
"Obudu",0.14342270549842,62,0.123883826336171,54,0.164827391181008,71
"Odeda",0.533299070191081,2228,0.487707778004249,2042,0.578379717929752,2411
"Odigbo",0.527517525269145,404,0.465711275156681,357,0.58815133033005,451
"Odo-Otin",0.246776762296895,263,0.224012012137579,239,0.270677836324554,288
"Odogbolu",0.691505451528322,841,0.628461219552428,765,0.74961018003016,911
"Odukpani",0.189970289390088,66,0.134867093399736,51,0.305325219903109,86
"Offa",0.230010402767636,318,0.211596977625364,292,0.249215172364124,344
"Ofu",0.276174840285189,4147,0.243872055297321,3673,0.310360116911851,4649
"Ogba/Egbema/Ndoni",0.275754177009969,89,0.14339271946002,51,0.441639231716447,136
"Ogbadibo",0.238438951133992,554,0.210852293924733,490,0.267778231911301,622
"Ogbaru",0.234770594711324,191,0.19464043008143,162,0.279155308439649,224
"Ogbia",0.472144231972806,62,0.102997510586474,15,0.880775118184551,109
"Ogbomosho North",0.226296263619448,967,0.204882005410547,875,0.24886952118667,1064
"Ogo Oluwa",0.218276702277339,1041,0.195651897652805,935,0.242280774551907,1152
"Ogoja",0.22985040502757,271,0.208005308925506,246,0.252906456225367,297
"Ogori/Magongo",0.417954464349156,284,0.380302297174396,259,0.45633893128994,310
"Ogu/Bolo",0.318488224158628,0,7.71308905800706e-11,0,0.999999264289454,0
"Ogun Waterside",0.59956457704894,525,0.463445507672389,417,0.766397948621155,640
"Oguta",0.225048385385459,152,0.165643841704958,114,0.293568085831582,195
"Ohafia",0.211605516858532,166,0.186358035245421,146,0.23865102692688,187
"Ohaji/Egbema",0.321100650893562,402,0.193866820561471,247,0.468364707937592,580
"Ohaozara",0.285830153544993,558,0.258365822378223,504,0.31453577082133,614
"Ohaukwu",0.267785370777162,942,0.24627519387137,866,0.290134227394931,1021
"Ohimini",0.362059779233243,1007,0.330342252890165,919,0.394693311074912,1098
"Oji-River",0.231295124752646,149,0.206485341879886,133,0.257592871313351,165
"Ojo",0.654418269617796,260,0.454727846666004,184,0.884072089981519,345
"Oju",0.308657369083566,1699,0.283167543215279,1561,0.335081778458586,1843
"Oke-Ero",0.335606952301162,1114,0.307571484464262,1024,0.364410495504976,1206
"Okehi",0.386622725313713,3206,0.348062738029874,2888,0.426223867904508,3533
"Okene",0.398479155543631,1634,0.35823578032543,1469,0.439720577426359,1802
"Okigwe",0.213002336711613,92,0.190319202354942,82,0.237092683037978,102
"Okitipupa",0.550155623163637,194,0.436290506856785,152,0.658124008786353,233
"Okobo",0.278980074357305,107,0.202035470538178,77,0.366815778847209,141
"Okpe",0.470469454184891,466,0.214937155034704,214,0.765676662192243,759
"Okpokwu",0.285999264797189,1021,0.257448176013081,918,0.315967767935882,1129
"Okrika",0.312723773507933,0,5.81371939607559e-11,0,0.999999143866492,0
"Ola Oluwa",0.224519200478391,412,0.198028839721953,363,0.252709597776671,464
"Olamaboro",0.258784386303498,2780,0.230097472729989,2480,0.289205103314658,3098
"Olorunsogo",0.247192918835635,2480,0.219290330627971,2215,0.276943048910466,2762
"Oluyole",0.43913000955409,1197,0.400255822119809,1094,0.478487257711171,1302
"Omala",0.296243559131448,4607,0.260371779646688,4054,0.334205179732146,5191
"Omumma",0.277253970921567,29,0.146553547200454,15,0.440061282432473,46
"Ona Ara",0.362955445634641,206,0.328276789192874,186,0.398663508302552,226
"Ondo East",0.359548335535434,95,0.327894618408436,87,0.392111266237029,103
"Ondo West",0.431891082822996,205,0.395964187885635,188,0.468260889653291,222
"Onicha",0.282405445705711,570,0.255238399234712,515,0.310822545014575,628
"Onitsha North",0.249310233748216,162,0.222875371283121,145,0.277257417141464,180
"Onna",0.28317446087061,33,0.148394352011577,17,0.4520631761348,52
"Opobo/Nkoro",0.428102754017728,0,0.167886756711464,0,0.718102122788556,0
"Oredo",0.477652722047639,154,0.309536935290418,102,0.646551137250031,205
"Orelope",0.208841139965864,2085,0.181106819247276,1815,0.23876143853242,2377
"Orhionmwon",0.475422148747921,1546,0.349936387862837,1116,0.598678153720363,1970
"Ori-Ire",0.287259148584015,6768,0.262470342840025,6184,0.313033241773221,7375
"Oriade",0.290452777156371,413,0.264702564168541,376,0.317262532018682,452
"Orlu",0.24042810503835,81,0.215217590876048,73,0.267064529863961,90
"Orolu",0.226066007330736,96,0.202837911814725,86,0.250650436142706,107
"Oron",0.222334395238891,32,0.167642147680794,24,0.28465763270677,41
"Orsu",0.28175772767134,157,0.251664257716556,141,0.313371189103903,175
"Oru East",0.257356919519516,139,0.227067119162801,123,0.289375124178787,156
"Oru West",0.275469531910356,85,0.229274171258455,71,0.325014299494942,100
"Oruk Anam",0.392510951504805,185,0.220990323670158,104,0.578708801557365,272
"Orumba North",0.253590345041549,332,0.229086388855957,300,0.279337187195751,365
"Orumba South",0.272745153946409,78,0.249271146849849,71,0.297198508182765,85
"Ose",0.373191194393917,287,0.34066264900575,262,0.406634768175121,313
"Oshimili North",0.323078988862817,326,0.295829279960523,300,0.35122773236153,354
"Oshimili South",0.231207065975342,268,0.187863843321619,213,0.285103280982917,336
"Oshodi/Isolo",0.789162124345063,0,0.707998790000263,0,0.856146290436066,0
"Osisioma Ngwa",0.22725323909124,75,0.137935737825403,45,0.33736250312283,112
"Otukpo",0.336930803463317,2380,0.306902837494773,2174,0.367993064742877,2593
"Ovia North-East",0.426294153591803,926,0.32196201390094,677,0.534869796174651,1189
"Ovia South-West",0.463678502337534,715,0.320256588272128,520,0.606349507828864,907
"Owan East",0.36432542530174,1102,0.33201321331919,1007,0.397565648890577,1200
"Owan West",0.332643696348129,287,0.303027364445169,261,0.363331190514216,314
"Owerri Municipal",0.303466624561723,109,0.227603059830193,82,0.38705048584077,139
"Owerri North",0.298659356598719,83,0.222791923589269,62,0.382811053757585,105
"Owerri West",0.34424154658403,114,0.255827877517761,85,0.440030075149588,145
"Owo",0.404694089446511,215,0.371066829355184,198,0.438946326479733,233
"Oye",0.351645132217346,266,0.314066740979741,238,0.390509984121762,295
"Oyi",0.287542128963483,119,0.26213008414143,108,0.313993944044996,130
"Oyigbo",0.371487216548471,70,0.174824921898657,32,0.600173822273595,116
"Oyo East",0.297151548070326,263,0.266194647345128,236,0.329543468396092,292
"Oyo West",0.284308353715994,1670,0.246883599080726,1446,0.324090981722145,1908
"Oyun",0.275224490518794,1501,0.251508337458087,1373,0.299938900133754,1635
"Paikoro",0.275197566737419,14131,0.253880690231696,13026,0.297312822955456,15279
"Pankshin",0.336669745221715,14298,0.308859559645152,13176,0.365275240373961,15452
"Patani",0.506622332989257,98,0.168608741585138,33,0.832257567936719,161
"Pategi",0.306069796645073,13705,0.27689665985821,12386,0.336462943029827,15082
"Port Harcourt",0.253489386805334,17,0.0424347354983757,4,0.924121914219707,37
"Potiskum",0.198037343281993,0,0.171188673628276,0,0.227066849592223,0
"Qua'an Pan",0.354368736403185,18003,0.326537184894153,16574,0.383445922226806,19504
"Rabah",0.0633346133401101,0,0.0381258236534079,0,0.0982568304611973,0
"Rafi",0.209648234285605,19487,0.183846728242261,17092,0.237545747067032,22075
"Rano",0.312976176076097,0,0.261769459262595,0,0.365010686570562,0
"Remo-North",0.534069396846765,144,0.475653158478943,128,0.591748072708633,160
"Rijau",0.123674695148827,11421,0.0891149366032737,8243,0.165976081850481,15308
"Rimi",0.114441200517334,0,0.0948535635953459,0,0.136459831610552,0
"Rimin Gado",0.192288971228646,0,0.172898487087237,0,0.212851535229397,0
"Ringim",0.203926564408488,0,0.175838258069918,0,0.234355175319648,0
"Riyom",0.327127458112855,7747,0.300144751137211,7135,0.355004944445414,8376
"Rogo",0.216014279087843,0,0.193772193140969,0,0.238758066049565,0
"Roni",0.17977822186049,0,0.154168826545198,0,0.207699059765793,0
"Sabon Birni",0.0540011749064295,0,0.031419184459225,0,0.0849409095753098,0
"Sabon Gari",0.125984932190995,0,0.108151671569267,0,0.147343000813093,0
"Sabuwa",0.179976407137927,0,0.162281557739322,0,0.1987288982487,0
"Safana",0.133475725801824,0,0.107376161908279,0,0.163379069796943,0
"Sagbama",0.468107263634793,139,0.158999361769731,50,0.780204458841292,233
"Sakaba",0.115926332714651,5773,0.0932388156026447,4636,0.141930299474677,7078
"Saki East",0.209989010349614,4838,0.180458306305509,4162,0.242070518237371,5571
"Saki West",0.206765344320424,5590,0.172107340739368,4668,0.244960856436812,6605
"Sandamu",0.1292154731312,0,0.0625109842792552,0,0.231362502035434,0
"Sanga",0.441102560675942,13757,0.407789479924802,12707,0.474855155137672,14822
"Sapele",0.463249027847824,276,0.197355761316173,147,0.80139371704677,401
"Sardauna",0.0533502536938517,5247,0.0241369869960115,2273,0.102578226222434,10365
"Shagamu",0.709140989152881,1214,0.640355948853749,1097,0.771346269209278,1319
"Shagari",0.0767082415080208,0,0.0507827051371848,0,0.109912331350147,0
"Shanga",0.121339183109142,5757,0.0766379507164282,3626,0.180189350896334,8568
"Shani",0.242180466781167,1073,0.216482064795659,940,0.269612492850439,1215
"Shanono",0.1817813302232,0,0.163742169862514,0,0.20091757434194,0
"Shelleng",0.173247552612536,1500,0.151433517103213,1330,0.19680267512959,1682
"Shendam",0.270809722039334,10498,0.250639466492385,9745,0.29226783217856,11274
"Shinkafi",0.0774681709745693,0,0.0521270242391334,0,0.110107630703016,0
"Shira",0.216955126869935,0,0.190071631338455,0,0.245777940846526,0
"Shiroro",0.250756536442055,33589,0.225009234093218,30088,0.277875957664254,37277
"Shomgom",0.203962764637992,3612,0.184065453870378,3264,0.225021527879512,3982
"Shomolu",0.705363008149902,0,0.607199296524453,0,0.791187005093168,0
"Silame",0.0592966216296524,0,0.0373341499445917,0,0.0889118614539756,0
"Soba",0.215178723044851,754,0.20204674413825,712,0.228762020478968,798
"Sokoto South",0.0374050661296781,0,0.023533301146436,0,0.056275729064943,0
"Song",0.496700200366395,5646,0.443720813436768,5050,0.545916913280795,6223
"Southern Ijaw",0.457195807136351,96,0.0739336559659104,27,0.951281009074497,160
"Sule Tankarkar",0.110573612958808,0,0.0840167064415494,0,0.142309736528508,0
"Suleja",0.270029781519553,1167,0.24967203990183,1077,0.291124465580518,1260
"Sumaila",0.262420434489515,0,0.238732479124805,0,0.287168363968592,0
"Suru",0.081212326607829,1158,0.0386694438983546,555,0.147530280907097,2098
"Surulere",0.249945060410666,2442,0.229612813915736,2255,0.27640176119324,2660
"Tafa",0.252248813391102,1187,0.231900279998019,1091,0.273442509352785,1288
"Tafawa-Balewa",0.333754068459939,12554,0.308719180915426,11657,0.359579079302399,13476
"Tai",0.501860672590965,20,0.230502623042851,9,0.767568369281314,31
"Takai",0.238669030566697,0,0.214844245965315,0,0.263780396420648,0
"Takum",0.0936668435398761,3018,0.0789028897130049,2545,0.110159298037498,3545
"Talata-Mafara",0.115280551278124,0,0.0775726123127685,0,0.159608923255003,0
"Tambuwal",0.0801058158826288,0,0.0523181235667876,0,0.11661528847727,0
"Tangaza",0.0463594479244352,2274,0.0259657923141137,1230,0.0760172304861463,3816
"Tarauni",0.160544094261557,0,0.136816553497608,0,0.186579366051556,0
"Tarka",0.2443503762644,743,0.22472075265592,683,0.264816916593721,806
"Tarmuwa",0.106295152814107,771,0.0590158759421218,349,0.173419072325238,1433
"Taura",0.195139270598267,0,0.168889599732578,0,0.22352039082248,0
"Teungo",0.116957062119385,3102,0.0843601612305495,2263,0.155986580361462,4111
"Tofa",0.177545699844563,0,0.157785548048251,0,0.198678659679083,0
"Toro",0.360027698898279,9124,0.333312634208502,8549,0.38741348270467,9712
"Toto",0.343354897022174,14102,0.309136371635195,12711,0.383565236267872,15735
"Tsafe",0.133066806225534,0,0.111908988569012,0,0.156610241604418,0
"Tsanyawa",0.170545834943258,0,0.15228617022383,0,0.190033912092321,0
"Tudun Wada",0.250287339991112,0,0.222126738545743,0,0.286900363070901,0
"Tureta",0.0820385440838988,166,0.055418231293281,110,0.116243269358062,240
"Udenu",0.250992739347962,223,0.225778949357867,201,0.277515379509334,247
"Udi",0.285014171542677,1262,0.256572572873095,1138,0.314671065063936,1390
"Udu",0.564141356083225,461,0.255398893974553,205,0.831447910946658,691
"Ughelli North",0.507510824709311,555,0.246738003365555,269,0.755669132514689,826
"Ughelli South",0.543321783510956,757,0.209639602442721,293,0.841440745548238,1172
"Ugwunagbo",0.217246010107901,82,0.120398899954273,46,0.342017362200864,129
"Uhunmwonde",0.390645481890021,820,0.346797741808448,719,0.435213179822342,921
"Ukanafun",0.283737904141693,117,0.16339573238108,67,0.42846553310201,177
"Ukum",0.150429800209252,2223,0.133996199689651,1979,0.168067253228228,2484
"Ukwa East",0.286936131115892,149,0.154765585511596,80,0.450817478843304,234
"Ukwa West",0.273148358914003,123,0.125665973844916,57,0.466278834140851,209
"Ukwuani",0.378080423254966,218,0.253960221224374,146,0.512003574473429,297
"Umu Nneochi",0.245431011209681,252,0.220022058547207,227,0.272298668490582,279
"Umuahia North",0.18859645309744,83,0.163617677874023,72,0.215630507744822,95
"Umuahia South",0.207015350398188,75,0.181105129294778,65,0.234851886217494,85
"Ungogo",0.143895938506558,0,0.119200138513966,0,0.17200632674871,0
"Uruan",0.249483873124975,48,0.208499840477988,40,0.293944124967001,57
"Urue Offong",0.248382733728307,45,0.169785533978873,31,0.340151180470428,62
"Ushongo",0.220590304899627,1660,0.199229130361116,1497,0.243202137282478,1832
"Ussa",0.115050763379218,2677,0.0918474679974453,2173,0.140591246322742,3235
"Uyo",0.167129727985103,29,0.138585626574819,24,0.19881054862691,34
"Uzo-Uwani",0.301503473134919,1441,0.273344291698189,1306,0.330850816411318,1582
"Vande Ikya",0.243177314389951,1536,0.213030636967195,1342,0.275478172759676,1744
"Wamako",0.0479876323346467,0,0.0296973492511074,0,0.0730304954653384,0
"Wamba",0.466083121417691,8938,0.430224079036678,8245,0.502267502828717,9637
"Warawa",0.21181219177885,0,0.186611053186539,0,0.23875757418124,0
"Warji",0.261211031607674,0,0.227905866808919,0,0.295932578487006,0
"Warri North",0.341966088219812,315,0.0577605242988243,142,0.897390112565243,540
"Warri South",0.35397001195602,146,0.0258872434680675,41,0.980799942674861,290
"Warri South-West",0.354898069238137,85,0.0222275047924899,19,0.972586713761659,162
"Wase",0.288517743599227,32586,0.26655270908979,30140,0.311254355836895,35113
"Wudil",0.21075716255471,0,0.184902193045994,0,0.238532735696409,0
"Wukari",0.140780065236964,13953,0.122516378176196,12135,0.160699716115987,15938
"Wurno",0.0469927883016045,295,0.0269518846045968,171,0.0757255099446278,472
"Wushishi",0.221855590351232,8848,0.196368437567576,7820,0.250149301378903,9992
"Yabo",0.058821050179641,0,0.0380240448128268,0,0.0864321188399236,0
"Yagba East",0.366143650168349,4857,0.331607738776147,4398,0.400988268242235,5319
"Yagba West",0.385253845534985,5034,0.348962759800336,4558,0.422548458831181,5523
"Yakurr",0.1970635851444,52,0.170918367952402,46,0.225358958381804,59
"Yala",0.313906144704989,1037,0.290006602137794,958,0.338555515727795,1119
"Yamaltu/Deba",0.352131187408218,0,0.310598656207933,0,0.392594709783548,0
"Yankwashi",0.151761533793852,0,0.0932895982409478,0,0.230503250285325,0
"Yauri",0.0909639179294375,2317,0.0604245933060886,1543,0.133932270173493,3395
"Yenagoa",0.403965003189213,55,0.149010236636924,20,0.695455967603113,94
"Yewa North",0.722538942085486,4257,0.653395727115624,3848,0.784190084478008,4623
"Yewa South",0.776181525424862,1005,0.697859655774548,907,0.842332501234941,1088
"Yola North",0.319147076138761,0,0.253750455955092,0,0.403057527565019,0
"Yola South",0.395211066905593,786,0.316937806846184,631,0.47616362852986,953
"Yorro",0.0890666430450459,798,0.073823951847423,665,0.106337149690451,949
"Yunusari",0.0351116224865158,153,0.00870161856373537,30,0.0940889372367099,456
"Yusufari",0.0349943393397465,0,0.0101604847281505,0,0.0866332398328973,0
"Zaki",0.132065433849444,0,0.103627244970799,0,0.165865559438369,0
"Zango",0.114287521303125,0,0.0464804226525287,0,0.228125472521411,0
"Zangon Kataf",0.384518037548954,8091,0.362196716151747,7613,0.407259011130412,8578
"Zaria",0.179438089041688,0,0.166690331332676,0,0.19274129844874,0
"Zing",0.0663008515366142,0,0.0540776438961144,0,0.080295938041671,0
"Zurmi",0.0916475938988252,0,0.0661688786054102,0,0.123029184914548,0
"Zuru",0.100999220744043,1785,0.0752064326479567,1322,0.132010737211755,2342
"Total",0.271168273426657,1775397,0.226125160185844,1560952,0.323617905673541,2013830
