"state","mean_value","cattle_mean","lower_value","cattle_lower","upper_value","cattle_upper"
"Abadam",0.881578873596063,11101,0.796192845366581,10260,0.939831160817363,11652
"Abaji",0.39884901930436,12171,0.377389117844644,11512,0.420588231461854,12840
"Abak",0.311111357912943,95,0.256481673335362,78,0.372134113405292,114
"Abakaliki",0.327438199640873,1242,0.305988647005948,1160,0.349433817845459,1326
"Abeokuta North",0.647999891204344,2361,0.591961313706253,2157,0.70055124140942,2553
"Abeokuta South",0.574257510840347,294,0.524345998646849,269,0.623163665078688,319
"Abi",0.33816818302741,289,0.307846626657321,264,0.369133497638833,314
"Aboh-Mbaise",0.322524145764956,99,0.278661985299704,85,0.370731537489725,114
"Abua/Odual",0.624491151413852,57,0.293675000813155,31,0.864328976408536,79
"Abuja",0.298705996396793,16944,0.280793194628838,15933,0.317079432214466,17982
"Adavi",0.548494424748049,6564,0.523318757604979,6262,0.573428528617174,6863
"Ado",0.402136597650409,1860,0.38409203493571,1776,0.420362095043196,1944
"Ado Odo/Ota",0.831498196845579,2327,0.765263906567412,2137,0.885114036022672,2483
"Ado-Ekiti",0.393061963504064,107,0.371040384250529,101,0.415405416617429,113
"Afijio",0.252663303750763,1226,0.229819516928861,1111,0.276558623657925,1346
"Afikpo North",0.303380323882699,243,0.27914787942895,223,0.328453908520982,263
"Afikpo South",0.336269202409045,166,0.313629226721804,155,0.359475950300416,177
"Agaie",0.35098357719237,16752,0.330494769351953,15771,0.371602186274976,17741
"Agatu",0.52008597901912,5064,0.489856103904136,4752,0.549502183171757,5366
"Aguata",0.314022171142388,159,0.296550150516368,150,0.33188782537373,168
"Agwara",0.153224929570105,4420,0.118288683785686,3534,0.191681345372043,5437
"Ahiazu-Mbaise",0.289733823414061,53,0.26794773219557,49,0.312358404831235,57
"Ahoada East",0.504074758651548,20,0.289135923008863,11,0.729006111455757,29
"Ahoada West",0.544826135832098,39,0.30814475134262,22,0.776284495273022,55
"Aiyedade",0.441519721086064,1406,0.416321573554373,1323,0.466902429180045,1490
"Ajaokuta",0.594969658761286,10001,0.562901606993943,9462,0.625458524517472,10514
"Ajingi",0.242830549733651,0,0.214752752440348,0,0.272710960112847,0
"Akamkpa",0.276454300229758,180,0.246837702571331,161,0.307572295070022,200
"Akinyele",0.322162296514313,1145,0.303272998902652,1082,0.341493228168079,1210
"Akko",0.37636148034705,15201,0.349985897714424,14230,0.403285366292353,16187
"Akoko North-East",0.487559688191423,433,0.46331413767363,412,0.51182718819213,454
"Akoko North-West",0.465494043488622,226,0.441048713590659,215,0.490030103893398,238
"Akoko South-East",0.455390544469751,77,0.432841865485574,73,0.478069833421815,81
"Akoko South-West",0.462075697865794,169,0.438893032491807,160,0.485378511759894,177
"Akoko-Edo",0.506826646873679,2493,0.482931825709934,2375,0.530681185121868,2610
"Akpabuyo",0.347257043548349,69,0.205290434143813,50,0.427809257420031,83
"Akuku-Toru",0.736293032094293,8,0.0298831782146809,2,0.993734066238038,11
"Akure North",0.442501070745508,147,0.415845384846566,139,0.469415916692628,156
"Akure South",0.436645357088746,97,0.410958124414678,91,0.462597881373583,103
"Akwanga",0.450543296822374,6776,0.427587528746817,6431,0.473656969903298,7124
"Albasu",0.23420484377349,0,0.211027659529327,0,0.258665962591921,0
"Aleiro",0.0534362810108832,0,0.0349968477007935,0,0.0777692609431818,0
"Alimosho",0.768494535000745,172,0.6917194724086,156,0.834112516066436,185
"Alkaleri",0.473859216394401,52248,0.448478041815012,49464,0.499361399903039,55051
"Amuwo Odofin",0.804856941217637,197,0.729585834823642,179,0.867217913160808,213
"Anambra East",0.422834098764589,713,0.39085007119043,662,0.454591273811938,764
"Anambra West",0.446857011462069,1597,0.416920878620737,1492,0.476561482293668,1701
"Anaocha",0.320547458242743,142,0.303269980927301,134,0.338194154874598,149
"Andoni",0.636611493254687,11,0.152706857025807,4,0.881670713896049,16
"Aninri",0.354554618305564,467,0.332601704376696,438,0.376977993300259,497
"Aniocha North",0.387683448441235,312,0.363342090387932,293,0.412582802183906,331
"Aniocha South",0.385787283607663,615,0.359112994861002,572,0.413235760278197,659
"Anka",0.0802888598685354,2070,0.0598336393838214,1577,0.105104976699449,2656
"Ankpa",0.402968484681542,5228,0.3882822511755,5036,0.417779269634412,5422
"Apa",0.474430575700828,2664,0.454363647917548,2552,0.494552835869741,2777
"Ardo-Kola",0.177452458873678,3624,0.158899025705986,3252,0.197242990597381,4019
"Arewa Dandi",0.0457368500594488,265,0.0254898226233804,140,0.0752937002749149,449
"Argungu",0.0400788048892393,0,0.025146532814042,0,0.0604378678871348,0
"Arochukwu",0.29829246556206,119,0.273863494655974,109,0.323600288897324,129
"Asa",0.294658844009916,6851,0.273576418388054,6357,0.316412595556436,7360
"Asari-Toru",0.738719697582187,0,1.40489458377127e-10,0,1,0
"Askira/Uba",0.511781220951267,1452,0.442959185069549,1332,0.579257684925743,1575
"Atakumosa East",0.419764542053144,440,0.395841029185178,415,0.44395000209202,465
"Atakumosa West",0.37157150583908,498,0.348203165144161,466,0.395352944513881,530
"Atiba",0.225207535838946,2884,0.20213290296945,2597,0.249575625294585,3186
"Atisbo",0.209407905717747,5045,0.180278724520582,4339,0.240888179118345,5808
"Augie",0.0336010827043456,0,0.0214339936697352,0,0.050057693935239,0
"Auyo",0.221886723783966,0,0.18783066682108,0,0.258773589255631,0
"Awe",0.359747774283157,16060,0.337860348352861,15095,0.382042693037672,17042
"Awgu",0.352896946811227,629,0.334037500848157,596,0.372100233278275,664
"Awka North",0.364666054192572,704,0.346302431593943,669,0.383337240579439,741
"Awka South",0.318361564997094,372,0.30188015980771,352,0.335186759357883,392
"Ayamelum",0.384933014782334,1143,0.361295815575134,1072,0.408996150998872,1215
"Ayedire",0.308391865073023,206,0.285734658856767,191,0.331712950114577,222
"Babura",0.21607145795803,0,0.184170891638275,0,0.25083188390254,0
"Badagry",0.902005157416873,655,0.850565453481416,618,0.940184441409478,682
"Bade",0.230849183056418,0,0.143937341586761,0,0.337266818628274,0
"Bagudo",0.102058032088635,10525,0.068496514050081,7160,0.145002265399745,14794
"Bagwai",0.214888567647939,0,0.196168135599432,0,0.234544780130611,0
"Bakori",0.171665887777846,0,0.158394322574969,0,0.18557587580134,0
"Bakura",0.0478683801219561,248,0.0317891893019585,165,0.0689535215931382,356
"Balanga",0.298213662912464,0,0.274400810793881,0,0.322862543885623,0
"Bali",0.13446173056053,16200,0.11522317595356,13891,0.155629604648846,18743
"Bama",0.894161741633939,0,0.761550801210959,0,0.965906778024569,0
"Barkin Ladi",0.280582762960868,4516,0.258803543484448,4256,0.303136928446551,4783
"Baruten",0.139354402264228,16479,0.116209631733437,13753,0.165156442436447,19515
"Bassa",0.438550490036187,16811,0.415441078825068,15895,0.461500490419844,17717
"Batagarawa",0.135301016789299,0,0.111792363789271,0,0.161635378468509,0
"Batsari",0.104500633964708,0,0.0839903370666069,0,0.1280473074686,0
"Bauchi",0.384789348005645,28945,0.364152143818562,27433,0.405764510956609,30478
"Baure",0.207278728834944,0,0.153320379547558,0,0.271066944670961,0
"Bayo",0.425733256129762,0,0.396078862923325,0,0.455807954768855,0
"Bebeji",0.249638402774306,0,0.226491045980708,0,0.272453569858052,0
"Bekwarra",0.276318603214134,168,0.260802320775213,159,0.292237647717195,178
"Bende",0.306953061309096,208,0.284736733449741,194,0.329855827011808,224
"Biase",0.31058278912786,139,0.282899767390663,127,0.339300435977185,152
"Bichi",0.242855213221856,0,0.213174093482525,0,0.27236494101681,0
"Billiri",0.345637601115684,3018,0.322026134847241,2813,0.369806532737843,3229
"Bindawa",0.155047211331612,0,0.134393642043193,0,0.177516690533515,0
"Binji",0.0284598288291857,0,0.0176634294459295,0,0.0433428502286629,0
"Biriniwa",0.189794714380902,0,0.129329036254308,0,0.262973829798053,0
"Birnin Gwari",0.235048999321814,17487,0.213661725447063,15821,0.257499761047623,19242
"Birnin Kebbi",0.0467100512857878,0,0.0288518897452855,0,0.0712557170637344,0
"Birnin Kudu",0.265585108390562,0,0.240202230560216,0,0.292210372367304,0
"Birnin-Magaji/Kiyaw",0.0990493436123961,0,0.0778161211450695,0,0.123829636574075,0
"Biu",0.409643036313982,0,0.375242974927532,0,0.4447076654926,0
"Bodinga",0.0335304332479712,0,0.0219841782281697,0,0.0488699519510784,0
"Bogoro",0.368431548537779,1293,0.347870727130235,1234,0.389455717843261,1354
"Boki",0.235943436950506,241,0.214773617576702,220,0.258126356922151,263
"Bokkos",0.360036543769012,21167,0.337575165143463,19873,0.38298584695024,22489
"Boluwaduro",0.308820618563981,230,0.289880484375752,216,0.328253649048655,245
"Bomadi",0.699041033436271,195,0.419469873915153,117,0.903734897843374,252
"Bonny",0.744096796822049,0,7.5730771867925e-05,0,0.999999999101502,0
"Borgu",0.13657283481471,18761,0.111646247910184,15274,0.164137584122119,22719
"Boripe",0.290171785626547,287,0.272619177046396,269,0.308199586877067,305
"Borsari",0.239506067497421,3126,0.133451671543382,1755,0.375292909693704,4872
"Bosso",0.268364473064856,13125,0.24821699360508,12141,0.289238422622319,14145
"Brass",0.754891352392503,42,0.110704215252642,18,0.986554243067943,55
"Buji",0.289357016799381,0,0.256980680821445,0,0.323330207177566,0
"Bukkuyum",0.0601116300376797,2500,0.0442384893394279,1904,0.0796361222570219,3212
"Bukuru",0.251869592703438,3539,0.235274797039189,3306,0.268971451673087,3779
"Bungudu",0.0779688185183538,0,0.0604308697934808,0,0.0987117875940601,0
"Bunkure",0.240249275976298,0,0.217379964277463,0,0.264316042711231,0
"Bunza",0.0648278325313742,0,0.0359389142942585,0,0.106765003526282,0
"Burutu",0.756131951739629,1029,0.24435378204908,530,0.967947591140629,1296
"Bwari",0.361047952436894,9652,0.339722011619706,9068,0.382752780965579,10247
"Calabar",0.289971788388086,38,0.198951863542725,27,0.346854464562157,45
"Calabar South",0.684646264890744,0,0.120358838450009,0,0.918462483614502,0
"Chanchaga",0.207516388798708,777,0.19060692982073,714,0.225210560151086,844
"Charanchi",0.161683144644623,0,0.139999997812025,0,0.185253233570695,0
"Chibok",0.451912754169831,0,0.411203506712348,0,0.492858539180978,0
"Chikun",0.296582774275316,16215,0.277249097302931,15068,0.316496127193052,17396
"Damaturu",0.30953648151899,0,0.252861310489045,0,0.370239841923629,0
"Damban",0.316547358121196,0,0.284451320534039,0,0.350046092009139,0
"Dambatta",0.230628288766766,613,0.200579965074193,537,0.263118248772065,694
"Damboa",0.52865873558557,0,0.471998413916562,0,0.582673108505978,0
"Dandi",0.0853833476766027,3449,0.0476971739764431,1931,0.139261596523985,5615
"Dandume",0.163861466560884,0,0.150392968545302,0,0.178026764804731,0
"Dange-Shuni",0.0349574180329588,0,0.0220596380639036,0,0.0525086937806992,0
"Danja",0.183378589086885,0,0.170680871122892,0,0.19661043030275,0
"Danko Wasagu",0.0805406045982014,10246,0.064516030570498,8216,0.0990784505487506,12593
"Danmusa",0.141498252461658,0,0.122023435103983,0,0.16282737451818,0
"Darazo",0.356509140955409,0,0.328758953960366,0,0.385021914000457,0
"Dass",0.366018178794569,3941,0.344777614865595,3707,0.387717993123472,4181
"Daura",0.19652070790355,990,0.124791507523512,598,0.288082837322006,1499
"Dawakin Kudu",0.228821582272277,0,0.205554517447271,0,0.25342545510158,0
"Dawakin Tofa",0.213448740099554,0,0.192913020600138,0,0.235124658946747,0
"Degema",0.753861302605209,24,0.0696688220544641,9,0.996799005973784,30
"Dekina",0.444760616609482,9001,0.426570256009742,8637,0.463047765204564,9367
"Demsa",0.202266277864538,1825,0.179235926350135,1621,0.226741241995229,2043
"Dikwa",0.940763353546945,0,0.874701448134946,0,0.9780396482777,0
"Doguwa",0.322647842107579,0,0.301085201582144,0,0.344804459885529,0
"Doma",0.427581270884678,18630,0.40403684296385,17595,0.451365320809804,19675
"Donga",0.163040031851128,9517,0.143281855385816,8404,0.18436552897045,10712
"Dukku",0.382045702730531,9696,0.356703289288024,9147,0.407868284700241,10251
"Dutse",0.244776696281453,0,0.217884557961594,0,0.273303481315326,0
"Dutsi",0.183430836522016,0,0.13460728526011,0,0.242184530685196,0
"Dutsinma",0.153944597456774,0,0.133234409344823,0,0.176448971787678,0
"Eastern Obolo",0.443148994957048,0,0.275018014570307,0,0.630958015076953,0
"Ebonyi",0.329746762782673,1090,0.312330292356687,1032,0.347515037990189,1149
"Edati",0.338036584132493,6576,0.316230025774883,6150,0.360404146296117,7014
"Ede North",0.298980212180555,347,0.279991895071242,325,0.31847834774377,369
"Ede South",0.331375215560019,275,0.308855735263947,256,0.354443768423662,294
"Edu",0.294231936897632,14457,0.275038506965278,13495,0.313791124414792,15439
"Efon",0.364862064041551,54,0.345486315026814,52,0.38455984600902,57
"Egbeda",0.436894132250941,694,0.401820099445096,646,0.471002473809905,742
"Egbedore",0.261823937848815,609,0.243165465948868,565,0.281120186229047,655
"Egor",0.567611367625882,93,0.482361705244673,79,0.654349528267844,108
"Ehime-Mbano",0.292485518792298,78,0.273014575970601,73,0.312529870920775,83
"Ejigbo",0.276811985539168,651,0.256669643747975,604,0.297615110399416,700
"Ekeremor",0.750848438661558,243,0.280720102671551,129,0.96095795978425,309
"Eket",0.315721597897332,39,0.2183803023099,27,0.432557565609517,54
"Ekiti",0.413296796044995,1730,0.388122522212708,1625,0.438774750762855,1836
"Ekiti East",0.424824237289786,155,0.401527058597896,147,0.448367946374705,164
"Ekiti South-West",0.411283474320652,41,0.388888068788744,39,0.433949841069812,43
"Ekiti West",0.370133161192625,151,0.34997520383467,143,0.390622396894046,159
"Eleme",0.432686443434351,30,0.244792473554862,17,0.647965771170032,44
"Emuoha",0.537957399127906,57,0.233992047739451,34,0.756595409993319,80
"Emure/Ise/Orun",0.451344620963431,71,0.427585160853778,67,0.475265627885563,75
"Enugu East",0.375627745322254,619,0.359121815258741,592,0.39234908437201,646
"Enugu North",0.269888902890468,428,0.25313738218875,400,0.287189945209311,456
"Enugu South",0.344403348394149,168,0.328421151895584,160,0.360646354871027,176
"Epe",0.830556846760789,505,0.777764282654084,470,0.874983366252867,534
"Esan Central",0.41479410328891,282,0.392054397558063,266,0.437810014931403,298
"Esan North-East",0.43042618691181,519,0.408772259364614,492,0.45227845942845,545
"Esan South-East",0.439209713784224,1119,0.41625044461125,1060,0.462407007949263,1179
"Esan West",0.439721948923593,275,0.418813512990379,262,0.460793395741527,288
"Ese-Odo",0.713063564990186,360,0.54009857461234,272,0.854109368595055,432
"Esit Eket",0.311213243104462,56,0.225736995583083,40,0.411833117139014,74
"Essien Udim",0.316801464362309,203,0.258040566482678,165,0.38303661522305,246
"Etche",0.422461663272577,35,0.271430150158691,22,0.594799572525945,50
"Ethiope East",0.513727439818068,423,0.341072844997271,283,0.692374202351312,568
"Ethiope West",0.540372758903485,559,0.384466165242447,397,0.698670350732422,723
"Eti-Osa",0.806006800267339,264,0.733822552757288,242,0.866539008227303,282
"Etim Ekpo",0.360056926607292,86,0.269339973412322,64,0.463773619888845,110
"Etinan",0.352394700758622,82,0.252491950424452,59,0.46846918922651,109
"Etsako Central",0.495798590060267,1777,0.473432102322194,1696,0.518197046635672,1857
"Etsako East",0.521507156020717,2109,0.498880295422097,2018,0.544046223410675,2200
"Etsako West",0.513608595891085,1431,0.491508080635191,1369,0.535653441828776,1493
"Etung",0.246456739058699,66,0.222583075119235,59,0.27150996701807,72
"Ewekoro",0.742107195818907,1075,0.678282594056845,981,0.799181202261818,1159
"Ezeagu",0.385209819993998,1015,0.363781160724375,957,0.407024552213441,1074
"Ezinihitte Mbaise",0.311826530437052,68,0.280093641353648,61,0.34572433070677,75
"Ezza North",0.300473304301623,577,0.278852461981139,536,0.322819544755193,619
"Ezza South",0.30000062382997,467,0.278890256651858,434,0.321765634993077,500
"Fakai",0.0991784527310302,4859,0.0734716793870202,3604,0.130255592433948,6375
"Faskari",0.148294478914282,0,0.1330447537807,0,0.16459971363317,0
"Fika",0.363086352326706,0,0.334049430819794,0,0.392921979971139,0
"Fufore",0.358283215213373,4400,0.282547625489566,3355,0.43891219197218,5516
"Funakaye",0.420804725672191,0,0.383805882450356,0,0.457047705450686,0
"Fune",0.303277922278961,0,0.262533814833094,0,0.346551831103532,0
"Funtua",0.175146144516718,0,0.161999207084306,0,0.188898803243525,0
"Gabasawa",0.238833387337052,0,0.20873944817922,0,0.271096488083901,0
"Gada",0.0201335225240022,596,0.0107885228626826,315,0.034288151197597,1028
"Gagarawa",0.209132612517215,0,0.177894078306299,0,0.243007044748973,0
"Gamawa",0.258733027748299,0,0.221773946763685,0,0.298427826371997,0
"Ganjuwa",0.354970860851387,4196,0.332736913932596,3935,0.377731988325109,4463
"Ganye",0.113659685545482,2552,0.0908004098592144,1997,0.140007868246991,3196
"Garki",0.22443938470681,0,0.196332603783253,0,0.254633339527458,0
"Garko",0.242460306514341,0,0.221842113760815,0,0.264035653712138,0
"Garum Mallam",0.217208295736005,0,0.19879659213655,0,0.236517047604008,0
"Gashaka",0.0746226934000623,3947,0.0569593779136786,3168,0.096222360280204,4848
"Gassol",0.192743345541898,25636,0.174707823818289,23246,0.211772803276866,28160
"Gaya",0.242948068242888,0,0.217869962881659,0,0.269452021377293,0
"Gbako",0.301779388699698,15261,0.280198188201626,14171,0.324012318060856,16385
"Gboko",0.305533761897587,4313,0.290692347908129,4103,0.320674610709929,4526
"Gboyin",0.429596266847509,176,0.406089655878559,166,0.453339798757521,186
"Geidam",0.272743278620488,2630,0.151730070915594,1566,0.423623271821106,3940
"Gezawa",0.261238605197154,0,0.22591157745426,0,0.296833589528479,0
"Giade",0.279535974070787,0,0.253897184117103,0,0.306316698503052,0
"Girie",0.340424700875819,5954,0.304179354580129,5273,0.378143854302739,6662
"Giwa",0.203839887044652,0,0.189887983079813,0,0.218340204129237,0
"Gokana",0.696732116037851,0,0.0357807331669051,0,0.994511839639956,0
"Gombi",0.328352827188738,1107,0.274745544788334,972,0.385692161970241,1252
"Goronyo",0.0284781029555737,288,0.0163174998222444,157,0.0460904965034796,484
"Gubio",0.623016440860756,1428,0.501145111132103,1078,0.734114798586694,1771
"Gudu",0.0249033122578132,0,0.0143394091289096,0,0.0401904062242411,0
"Gujba",0.366060057175594,0,0.330319558128272,0,0.402916945378104,0
"Gulani",0.383630434234815,660,0.349460231765452,605,0.418413060179475,717
"Guma",0.40477082166523,10304,0.377948016168861,9628,0.43189408173626,10988
"Gumel",0.210447022463949,0,0.175289234051361,0,0.24880431202169,0
"Gummi",0.0797357901596971,3341,0.0600475151548964,2554,0.103352827135235,4269
"Gurara",0.319974821916396,7491,0.299941089496688,7021,0.340504005962032,7973
"Guri",0.209192413899881,0,0.1454577418585,0,0.284658942924251,0
"Gusau",0.12886760406754,832,0.109879349671813,722,0.149984677228322,953
"Guyuk",0.302201124654735,1241,0.265532114507643,1014,0.337827079719496,1429
"Guzamala",0.857260463761709,2653,0.781024274312595,2426,0.914699382312225,2827
"Gwadabawa",0.0243219058255827,202,0.0138425162496548,112,0.0395952778694891,334
"Gwagwalada",0.340812293079198,11855,0.320733594847317,11155,0.361311710547817,12570
"Gwale",0.176823056119902,0,0.158818713517854,0,0.195969929947098,0
"Gwandu",0.0475428336063561,0,0.0317623608840911,0,0.0681670914963591,0
"Gwaram",0.308869819750292,0,0.28552139591817,0,0.332993286547147,0
"Gwarzo",0.201264223459497,0,0.185481389606845,0,0.217768451051322,0
"Gwer East",0.414532178661465,6187,0.393938712277844,5880,0.435340751558578,6497
"Gwer West",0.444429739024396,3624,0.418272722446322,3410,0.47082478284472,3840
"Gwiwa",0.189734864691967,0,0.158953826785699,0,0.224275468274106,0
"Gwoza",0.77974684737504,0,0.61578969169917,0,0.896084518752525,0
"Hawul",0.365278226673818,2161,0.334546004768009,1980,0.396859735049105,2346
"Hong",0.48731741417092,2000,0.409497249287354,1717,0.56554551954145,2293
"Ibadan South-West",0.291463555790822,216,0.274450427846526,204,0.308923112917345,229
"Ibaji",0.444896119205319,6667,0.42156275904419,6315,0.468427019442539,7021
"Ibarapa Central",0.542358514568351,2903,0.49700962981702,2659,0.587156666623464,3145
"Ibarapa East",0.442192736538457,4741,0.412360979151129,4422,0.472312918720425,5062
"Ibarapa North",0.462319916651043,6274,0.424781325772694,5768,0.500099796472538,6783
"Ibeju-Lekki",0.819294618256464,329,0.755666677182952,303,0.873237521710255,350
"Ibesikpo Asutan",0.271178454819242,114,0.224635270102427,95,0.32322870298101,135
"Ibi",0.297928922409928,14997,0.274438112550951,13832,0.322049215443569,16194
"Ibiono Ibom",0.31490944162333,109,0.277926216531699,96,0.352360135784332,123
"Idah",0.446952370047275,454,0.426594491087643,434,0.467444009660559,475
"Idanre",0.528018892082432,412,0.497660318703166,388,0.5583003704907,435
"Ideato North",0.308818510377768,146,0.290542139442473,137,0.327542401041255,155
"Ideato South",0.312318943674845,63,0.293077091945144,59,0.33205023410227,67
"Idemili North",0.315628541915562,176,0.296137528434922,165,0.335622340748861,187
"Idemili South",0.368046785754949,110,0.349643967599212,105,0.386737128830901,116
"Ido",0.411139675148684,2401,0.387014527703418,2261,0.435555669510801,2544
"Ido-Osi",0.326209940941635,101,0.307510734308678,95,0.345338172648242,107
"Ife Central",0.368039840025904,88,0.34719056124565,83,0.389239852330852,93
"Ife East",0.368705672685283,85,0.344340884884008,79,0.393540848660696,90
"Ife North",0.43058146812137,1057,0.40620740344554,996,0.455119139687872,1118
"Ife South",0.466045091593129,710,0.44115229546201,672,0.491049934662178,748
"Ifedayo",0.324253705972405,70,0.306153059703913,66,0.34275043805361,74
"Ifedore",0.430630732671515,51,0.405286602934833,48,0.456263419443648,54
"Ifelodun",0.373295927130936,16383,0.353006685980502,15488,0.393902893792649,17293
"Ifo",0.769498617363696,1331,0.703314538748565,1213,0.827241062778997,1433
"Igabi",0.239876820751669,665,0.226410272973356,635,0.253760226801775,695
"Igalamela-Odolu",0.50420057940052,8134,0.481076231704881,7755,0.526332962350437,8494
"Igbo-Etiti",0.385505007987761,900,0.367497536551855,857,0.403740673299566,944
"Igbo-eze North",0.36849966046502,344,0.353169120975793,330,0.384021873493099,359
"Igbo-eze South",0.413211079212305,352,0.397032909880474,339,0.429519870012791,366
"Igueben",0.42054593216735,168,0.399631717191536,159,0.441679527087693,176
"Ihiala",0.326094646289492,533,0.298766559056641,490,0.354742450004287,577
"Ihitte/Uboma",0.303994169919445,45,0.282874106722901,42,0.325734439648756,49
"Ijebu East",0.693428412946173,1749,0.651847351450162,1640,0.732690662515813,1853
"Ijebu North",0.634990260100683,888,0.594356812082588,831,0.674178841609509,943
"Ijebu North-East",0.67991973472766,222,0.633611921047387,206,0.723846213126582,236
"Ijebu-Ode",0.73925497972454,212,0.687232823803604,197,0.786880371239602,226
"Ijero",0.350547724648599,116,0.330930370740148,110,0.370541324564655,123
"Ijumu",0.488115984076311,2990,0.46502021920074,2848,0.511211611821435,3131
"Ika",0.345508236997114,63,0.269069427223868,49,0.432314193471634,79
"Ika North-East",0.371218381599247,512,0.343150571021899,473,0.400297335561384,552
"Ika South",0.388648079195539,438,0.342837847921186,388,0.437376724358305,490
"Ikara",0.219891384378081,0,0.204806902158349,0,0.235572414569869,0
"Ikeduru",0.302065662189841,87,0.273539965947935,79,0.332464268255261,96
"Ikenne",0.686949496494161,255,0.63300519357485,235,0.737491736562699,274
"Ikere",0.42197454684191,78,0.398229492796665,73,0.44599839786186,82
"Ikole",0.417127548349852,721,0.390284945457763,675,0.444370062467193,767
"Ikom",0.291920430885273,298,0.268182773321554,275,0.31651074416999,322
"Ikono",0.278879830089271,73,0.250010221111651,65,0.309444993855878,81
"Ikorodu",0.781251474172906,399,0.712536422172371,364,0.840106831878702,430
"Ikot Abasi",0.56969447644454,152,0.124931624120249,78,0.79827042024593,219
"Ikot Ekpene",0.283974421309492,39,0.251022004711315,35,0.319315147754588,44
"Ikpoba-Okha",0.520776836118031,920,0.404281526523111,725,0.638884745715486,1124
"Ikwerre",0.473916917422995,63,0.28483685918898,37,0.678847418639706,91
"Ikwo",0.30110217726758,736,0.280348751971325,685,0.322474635912254,788
"Ikwuano",0.320746944108964,80,0.295988511525125,74,0.346285273907455,86
"Ila",0.312542172036429,643,0.295157583185592,608,0.330316338229916,680
"Ilaje",0.742177764053623,619,0.525611511663739,458,0.87610777796376,733
"Ile-Oluji/Okeigbo",0.460576249334837,90,0.434867826737653,85,0.486432715619095,95
"Ilejemeje",0.331273248091946,59,0.311333285165922,55,0.351672547651945,63
"Ilesha East",0.311564323368002,158,0.294176311204803,149,0.329347105405729,167
"Ilesha West",0.333923465263257,197,0.313785231440634,185,0.354496630697207,209
"Illela",0.0221235279517695,472,0.0118344551864276,253,0.0376997368951017,802
"Ilorin East",0.283244738297618,2895,0.267115381639893,2727,0.299790201446571,3067
"Ilorin South",0.315626100841423,944,0.296182219354994,886,0.335543431556033,1004
"Ilorin West",0.213682764025735,876,0.192036547469603,787,0.236413706331664,970
"Imeko-Afon",0.503195286817983,2916,0.457062001531992,2649,0.549100239134888,3181
"Ingawa",0.197417251786082,0,0.173636667919588,0,0.222923091031534,0
"Ini",0.293761425742367,152,0.268973108622893,139,0.319493072833208,165
"Ipokia",0.863071167350068,2353,0.800360840130341,2178,0.911844103923598,2489
"Irele",0.655674198491277,222,0.54771886775042,186,0.756888194811135,256
"Irepo",0.172676960316099,2008,0.151856505380655,1744,0.195091119248877,2294
"Irepodun",0.321304721182852,2116,0.299551862156913,1981,0.343308283366961,2254
"Irepodun/Ifelodun",0.36935073532951,114,0.347117100435194,107,0.392017836653415,121
"Irewole",0.383850370669577,395,0.362273127862148,373,0.405747805543483,417
"Isa",0.0496093391705194,145,0.0322321473402891,93,0.0727631635815452,215
"Ise/Orun",0.466749716360202,41,0.440858423443944,39,0.492769762656257,44
"Iseyin",0.300544110975004,5319,0.274639159361862,4856,0.327436572833849,5800
"Ishielu",0.36657750110859,1643,0.348243225118354,1561,0.385197685578509,1727
"Isi-Uzo",0.433467141449725,1553,0.414608575470288,1485,0.452433036448739,1621
"Isiala Mbano",0.296350510928821,95,0.276727843079998,88,0.31653892200061,101
"Isiala Ngwa North",0.31697329602542,108,0.284983806261623,97,0.351022606327175,120
"Isiala Ngwa South",0.335062706347085,214,0.278464309086828,178,0.398090089380358,255
"Isin",0.340762579608633,1654,0.32287106359908,1567,0.35900070516992,1742
"Isokan",0.452409983266406,212,0.429828119758481,201,0.475122227101715,222
"Isoko North",0.50203360830263,326,0.331551007128898,215,0.681148781476641,442
"Isoko South",0.54424443643515,723,0.343485935863731,456,0.741469070250872,985
"Isuikwuato",0.315413863587996,98,0.294601498130974,91,0.336782678701646,104
"Itas/Gadau",0.254880355396798,0,0.222197730986298,0,0.289807068286311,0
"Itesiwaju",0.22601582280912,3847,0.199596005906592,3395,0.254153396664731,4329
"Itu",0.267280933354754,105,0.237973662976253,92,0.298284885885043,117
"Ivo",0.339037921579907,603,0.31634898246155,562,0.362292640782493,644
"Iwajowa",0.296181602582947,4492,0.266179562225565,4037,0.327554648211631,4969
"Iwo",0.298518459271832,645,0.274896351876177,593,0.322935800791839,699
"Izzi",0.346629362712245,2171,0.327180474250103,2050,0.366458269954898,2295
"Jaba",0.311286383862556,5045,0.296470112890063,4807,0.326389434305971,5288
"Jada",0.209590864860114,1017,0.158330840685052,750,0.268262583869643,1335
"Jahun",0.242172020114119,0,0.209946983163506,0,0.276793191286502,0
"Jakusko",0.237165800582468,0,0.171340607193303,0,0.313941423195339,0
"Jalingo",0.165471464203528,0,0.146740178119089,0,0.185548375289414,0
"Jama'are",0.261617579149745,0,0.23073175761584,0,0.294409086048421,0
"Jega",0.075649303490865,250,0.0496900846214021,167,0.109556467542549,357
"Jema'a",0.371852176394645,16165,0.352819476324796,15337,0.391204720917741,17006
"Jere",0.7679846748862,0,0.722721155269347,0,0.80891527293066,0
"Jibia",0.106391120712711,0,0.0831825895281779,0,0.133495050563639,0
"Jos East",0.430250665260165,5488,0.403382789634525,5179,0.457338048971235,5799
"Jos North",0.288531755006651,0,0.271157296585818,0,0.306395379095233,0
"Jos South",0.247213723447106,0,0.232109404562932,0,0.262815700961173,0
"Kabba/Bunu",0.49570910686498,13422,0.473723681657361,12827,0.517676117735117,14017
"Kabo",0.225029419256035,0,0.205349724525201,0,0.245677496932871,0
"Kachia",0.374078835237625,27196,0.356681287387233,25968,0.391719198101806,28440
"Kaduna North",0.188723887999605,0,0.173289814440817,0,0.204947960300457,0
"Kafin Hausa",0.237163677146712,0,0.205670852476734,0,0.270939620210155,0
"Kafur",0.189398820158297,0,0.175516701691975,0,0.203892124782818,0
"Kaga",0.374895974611627,0,0.315133923418926,0,0.437466122127159,0
"Kagarko",0.355888805055846,16120,0.337695939002628,15303,0.374156466392777,16940
"Kaiama",0.184097283535352,16876,0.162620526470882,14991,0.207135176048267,18885
"Kaita",0.142150242842259,0,0.0970679748818874,0,0.199521389238483,0
"Kajola",0.244112638154856,2010,0.217504141267263,1790,0.272301229306965,2244
"Kajuru",0.330383631320451,1816,0.317251269680407,1753,0.343717712571904,1879
"Kala/Balge",0.972753792499578,0,0.924516014753846,0,0.993850178340539,0
"Kalgo",0.0606206869318035,0,0.0353166663448183,0,0.0963461860172925,0
"Kaltungo",0.381545987379654,0,0.354166064111698,0,0.409208415528047,0
"Kanam",0.458509205240088,38250,0.435143654677791,36243,0.4820068085368,40272
"Kankara",0.163548027244674,0,0.146726230856419,0,0.181488000534841,0
"Kanke",0.418976368676382,19078,0.393174895064881,17947,0.445166846717573,20225
"Kankia",0.161659648060072,0,0.142837479757801,0,0.181916527949048,0
"Karasuwa",0.189663454320896,0,0.102790189737912,0,0.305816289391992,0
"Karaye",0.24116929094265,0,0.219377875217657,0,0.26398799192966,0
"Karim Lamido",0.319472326115643,37280,0.298414431118115,34882,0.341063359716444,39735
"Karu",0.388387748385535,17251,0.368751211162713,16374,0.408280675758715,18140
"Katagum",0.269069919202412,0,0.237437049811011,0,0.302602609365015,0
"Katcha",0.304495328845363,15171,0.283765022157908,14153,0.325473432849306,16204
"Katsina",0.109485031097896,0,0.0879289842908413,0,0.134126120934369,0
"Katsina-Ala",0.192220362621893,4284,0.17662847461167,3934,0.208597594569136,4651
"Kaugama",0.212563974081098,0,0.176528898137679,0,0.252293157423243,0
"Kaura",0.340387208738749,4737,0.321658075390326,4485,0.359470737104592,4992
"Kaura Namoda",0.0771250394226409,0,0.056966632340164,0,0.101667054131231,0
"Kauru",0.308389267625795,2731,0.294803157169249,2625,0.322216507101943,2840
"Kazaure",0.2130682350405,0,0.174350715114569,0,0.256953306055848,0
"Keana",0.411625007959044,7477,0.387749177790345,7043,0.435757328031384,7916
"Kebbe",0.106314978218475,4967,0.0753575214222385,3504,0.144597748844225,6780
"Keffi",0.344068846771645,1151,0.327057283225937,1094,0.361381014176709,1210
"Khana",0.497721213328787,76,0.211181444082382,32,0.70835117795913,108
"Kibiya",0.251333507566699,0,0.228454271202099,0,0.275319946093486,0
"Kirfi",0.424822655838853,16829,0.401027032482443,15887,0.448850814170855,17779
"Kiri Kasama",0.21702860152186,0,0.162949055320217,0,0.278460523136979,0
"Kiru",0.2244999928714,0,0.206360206540163,0,0.243443492366268,0
"Kiyawa",0.260672616983993,0,0.229680143617074,0,0.293633650106909,0
"Kogi",0.494894907568719,11508,0.462038972149171,10752,0.526961118242287,12250
"Koko/Besse",0.0924404903476428,2125,0.0609062265102287,1440,0.133305801255565,2998
"Kokona",0.436524725673253,13978,0.415544598586418,13303,0.457659074243743,14658
"Kolokuma/Opokuma",0.63101772256387,56,0.367312702652241,32,0.853003927169409,75
"Konduga",0.685366866228333,0,0.626749717072966,0,0.737660462007993,0
"Konshisha",0.343530008170582,2578,0.326679581738852,2452,0.360665767347047,2707
"Kontagora",0.131196407441799,6162,0.115078636776496,5404,0.14866616857529,6984
"Kosofe",0.735541885697767,0,0.658191696572243,0,0.80359159551729,0
"Kubau",0.259001006225909,0,0.243454207596423,0,0.275048693417957,0
"Kudan",0.203132654319651,0,0.190379617583331,0,0.216350775623136,0
"Kuje",0.429777726952606,16093,0.407300920432676,15246,0.452459757375671,16948
"Kukawa",0.936011656375882,10499,0.892743705561941,10022,0.965440884120534,10812
"Kumbotso",0.200193297285089,0,0.181119328078061,0,0.220349547777522,0
"Kunchi",0.221058243603079,0,0.19650347157975,0,0.24719527209832,0
"Kura",0.226296555090073,0,0.205852861037327,0,0.247784011235429,0
"Kurfi",0.127910887835177,0,0.107546258265607,0,0.150559070710724,0
"Kurmi",0.0833672021209321,2401,0.0683335222406971,1983,0.100515884466374,2875
"Kusada",0.185450616799255,0,0.166148190929626,0,0.205995106986378,0
"Kwali",0.415464116598655,15501,0.392373522830921,14631,0.438826825160951,16382
"Kwami",0.410277314634726,2625,0.378915618049536,2460,0.4413133104985,2791
"Kwande",0.201606824393453,3094,0.183326421726305,2820,0.220883006919155,3383
"Kware",0.0274838479286797,0,0.0166383987826853,0,0.0426701853509137,0
"Kwaya Kusar",0.382829734408118,0,0.352695518579771,0,0.413632996320776,0
"Lafia",0.402666999497381,23868,0.377699110592662,22375,0.427987619498973,25385
"Lagelu",0.344243375081445,393,0.324097937057733,371,0.364789205433685,416
"Lagos Island",0.85406204068084,81,0.67119410986171,76,0.911300663935311,84
"Lake Chad",0.969811767822771,2675,0.945706253491978,2598,0.985179075011599,2725
"Lamurde",0.260761460442295,2708,0.235564556505301,2477,0.287158981507469,2949
"Langtang North",0.363904810842796,9896,0.342118926359387,9310,0.386108043486629,10493
"Langtang South",0.28405973734194,2679,0.267306934060354,2510,0.301254418614313,2853
"Lapai",0.40437789253485,24506,0.381538962247034,23119,0.427441657940029,25909
"Lau",0.225739354164369,3337,0.205847871036247,3043,0.246596505281067,3645
"Lavun",0.306826242035687,27545,0.285842719705349,25680,0.328382434266058,29460
"Lere",0.28341852738579,998,0.270022047833856,952,0.297112217073932,1046
"Logo",0.259589631956492,3515,0.241111967656611,3265,0.278660722504407,3772
"Lokoja",0.497469717144309,22163,0.473161876196219,21057,0.521687751640343,23266
"Machina",0.176298574172023,0,0.103830762940784,0,0.271375318626249,0
"Madagali",0.739955886748468,0,0.605047429773989,0,0.848422208800555,0
"Madobi",0.213004003647746,0,0.194147992461454,0,0.232829291249123,0
"Mafa",0.885131833458853,0,0.833545275473439,0,0.924931626094488,0
"Magama",0.127615861229768,11246,0.109622512964401,9681,0.147172165023328,12950
"Magumeri",0.47642173393123,0,0.389269705698332,0,0.566597595283759,0
"Mai'Adua",0.181369220026384,1100,0.0982898341340649,577,0.296334258158808,1827
"Maiduguri",0.742281081862714,0,0.709518118828805,0,0.77318727679011,0
"Maigatari",0.205009492935564,0,0.158743331111781,0,0.25724515491756,0
"Maiha",0.600117518892292,5622,0.475409061195157,4481,0.717342660428616,6697
"Maiyama",0.0791121364962483,767,0.0499030157786958,509,0.118195090076763,1100
"Makarfi",0.203841884727002,0,0.191212339640988,0,0.216926411495785,0
"Makoda",0.222276461951395,0,0.195545515492504,0,0.25094357299473,0
"Makurdi",0.433217115774563,3033,0.40658232606463,2849,0.459021025616601,3213
"Malam Maduri",0.195111259854821,0,0.15191737524022,0,0.243976259044731,0
"Malumfashi",0.173697802159238,0,0.160381631028485,0,0.187650071583624,0
"Mangu",0.338300170021464,23197,0.317626268913135,21868,0.359442709191591,24551
"Mani",0.166847210018276,0,0.135068487656139,0,0.203008287344965,0
"Maradun",0.072888851469425,0,0.0504849426717897,0,0.101279860587229,0
"Mariga",0.147436431691589,23988,0.128097096408019,20819,0.16850535123678,27444
"Marte",0.945851588250193,5551,0.91042283234999,5298,0.970127768051096,5731
"Maru",0.136509733444079,22763,0.116028631174064,19437,0.159448233163855,26459
"Mashegu",0.182236309273185,28603,0.163763118970477,25669,0.201852891818609,31725
"Mashi",0.165255000768875,694,0.10642205835901,440,0.241179493318445,1021
"Matazu",0.163355774706105,0,0.146166731627901,0,0.181707013355465,0
"Mayo-Belwa",0.135831414903354,660,0.116171628709081,572,0.157546100976938,755
"Mbatoli",0.307941325483524,277,0.277301888087797,249,0.340880415390241,308
"Mbo",0.291512249113364,0,0.23017363632136,0,0.360791272737366,0
"Michika",0.703088175706474,0,0.597817453013421,0,0.795579229902232,0
"Miga",0.230245875179119,0,0.20245363211626,0,0.259912074474077,0
"Mikang",0.407696992838525,8719,0.383839346197672,8211,0.431867638836787,9233
"Minjibir",0.22444157894188,0,0.200153662929247,0,0.250227728295829,0
"Misau",0.306352995372231,0,0.276263590884288,0,0.337774249249815,0
"Mkpat Enin",0.446232030221924,174,0.206275087786817,118,0.608751126205929,238
"Moba",0.302858891578073,31,0.283125027828928,29,0.323148216611009,33
"Mobbar",0.634372485359579,12598,0.480092241086412,9675,0.770663377755149,14980
"Mokwa",0.289897879759952,24108,0.259596598727463,21696,0.320763768573932,26572
"Monguno",0.906694774801435,0,0.861458748864348,0,0.940727210361917,0
"Mopa-Muro",0.476096686539634,2843,0.453798142579292,2711,0.49845876332522,2975
"Moro",0.270918285638987,12290,0.251341650326701,11402,0.29117215098333,13209
"Mubi North",0.644877824411257,0,0.530517695545933,0,0.749137100555907,0
"Musawa",0.169855350342826,0,0.154585380031023,0,0.185998414678165,0
"Muya",0.342648999223717,12873,0.312651774531743,12004,0.371913500850315,13766
"Nafada",0.353412021966828,0,0.325820136440988,0,0.381750952984395,0
"Nangere",0.277193568284658,0,0.244946799945989,0,0.311182072363501,0
"Nasarawa",0.477285940462421,46269,0.45247013883877,43865,0.502047693725536,48670
"Nasarawa Eggon",0.439443282718325,10645,0.41367021847134,10017,0.465439488125084,11280
"Ndokwa East",0.491075319214382,1479,0.382780641256927,1156,0.600021506443951,1799
"Ndokwa West",0.432531661621545,650,0.338782643918892,513,0.534846973427566,800
"Nembe",0.74682141815196,0,1.06073261960794e-11,0,1,0
"Ngala",0.968228706075082,0,0.931629713866341,0,0.98840411450952,0
"Nganzai",0.780211916524975,2300,0.703541549408933,2054,0.844732399078088,2498
"Ngaski",0.188901002573398,6650,0.148605124002195,5540,0.231302266822946,7888
"Ngor-Okpala",0.376832687522723,342,0.288440944085992,265,0.476841614308094,428
"Nguru",0.187457195272539,0,0.107672530291955,0,0.291372060497187,0
"Ningi",0.341086053564461,0,0.317895029356413,0,0.364868602396249,0
"Njaba",0.29745887121389,83,0.278208803586482,78,0.317270081630513,89
"Njikoka",0.333059061354124,330,0.315990146662299,313,0.350460219185944,347
"Nkanu East",0.354086473688972,1227,0.3357239038373,1163,0.372779499377451,1293
"Nkanu West",0.360123475337924,421,0.341526844702695,399,0.379026037420442,444
"Nnewi North",0.309102476999206,327,0.29010306795473,307,0.32862146467791,347
"Nnewi South",0.32208414101952,137,0.304255008481315,130,0.34030318284669,145
"Nsit Atai",0.287336184781905,56,0.229926794951719,45,0.352369706815483,68
"Nsit Ibom",0.31278724739284,34,0.24789508911545,27,0.386468074534539,42
"Nsit Ubium",0.327566489809637,121,0.24526809447248,90,0.422797817669325,156
"Nsukka",0.400654375337735,1115,0.384173531972074,1068,0.417287226813428,1162
"Numan",0.203185127279849,0,0.181581550703466,0,0.226129349450381,0
"Nwangele",0.294568555666689,69,0.275468458514037,65,0.314212090869758,74
"Obafemi-Owode",0.677514419323135,1558,0.623488035262782,1429,0.728041600498613,1678
"Obanliku",0.181638153392553,273,0.163283373303216,244,0.201168551608179,304
"Obi",0.383714158476912,11171,0.362107727063292,10507,0.405666996759669,11847
"Obi Ngwa",0.306666957892628,269,0.236561106030204,206,0.388398896249485,343
"Obio/Akpor",0.519678869245401,15,0.130088681102947,8,0.747834969729664,24
"Obokun",0.326936689084292,582,0.306864045019574,547,0.347511871041833,619
"Obot Akara",0.306658901283633,156,0.268105391601696,135,0.348505618617657,178
"Obowo",0.297456001850477,56,0.276177522951563,52,0.319398105620149,60
"Obubra",0.309308926288693,392,0.284235486516567,361,0.335237685298227,424
"Obudu",0.226158776406205,88,0.208221733851198,82,0.244855126284871,95
"Odeda",0.572727770440659,2326,0.533190762614291,2164,0.611536639681737,2485
"Odigbo",0.646815198746523,492,0.602562443255822,458,0.690123919389166,525
"Odo-Otin",0.293325800227662,306,0.27545876998628,287,0.311678793431659,325
"Odogbolu",0.748066786093615,906,0.695234150140886,842,0.7959827997951,964
"Odukpani",0.343200987066819,116,0.243308999685354,103,0.404888540177121,129
"Offa",0.23291990114279,322,0.218630438335039,302,0.247682487903022,342
"Ofu",0.466292734604443,6932,0.446736112736828,6641,0.485888758709716,7224
"Ogba/Egbema/Ndoni",0.371925651679604,119,0.250569146612073,85,0.514722345136351,160
"Ogbadibo",0.389256278797064,901,0.374402578824306,867,0.40425766014982,936
"Ogbaru",0.370676405670496,297,0.332492885693308,269,0.411879433669012,327
"Ogbia",0.682281565034444,111,0.295162689535317,52,0.918920676631792,149
"Ogbomosho North",0.231802746536512,991,0.214573602832838,917,0.249704738983547,1068
"Ogo Oluwa",0.266373266730363,1236,0.24653276581168,1144,0.286907217577074,1332
"Ogoja",0.295037531286344,340,0.275722216937472,318,0.314934872049486,363
"Ogori/Magongo",0.510405778063463,347,0.484230789112643,329,0.536545542544814,365
"Ogu/Bolo",0.731997519258594,0,1.56673766273737e-15,0,1,0
"Ogun Waterside",0.772819034405771,640,0.689727946733885,571,0.84447566021766,702
"Oguta",0.322482902189863,209,0.269326832483011,176,0.382145262695791,247
"Ohafia",0.308930735971572,242,0.286216584753039,224,0.332353915682558,260
"Ohaji/Egbema",0.388417652593602,481,0.280849404395001,351,0.510271395340082,629
"Ohaozara",0.335963286114641,656,0.313106493927728,611,0.359434945902318,701
"Ohaukwu",0.325834638553718,1134,0.309372365104308,1077,0.342619182959253,1193
"Ohimini",0.487363098915108,1356,0.4668993967415,1299,0.507850686644077,1413
"Oji-River",0.344028515829088,212,0.325394254186159,200,0.363038780199967,224
"Ojo",0.83388200157151,325,0.581689392402565,231,0.920992901334551,359
"Oju",0.403173655676575,2195,0.383341079270617,2087,0.423232634837273,2305
"Oke-Ero",0.371844746414711,1247,0.349161103990427,1173,0.394894293645244,1322
"Okehi",0.549283961960763,4533,0.523751234538444,4321,0.574610090038318,4745
"Okene",0.555550784473554,2273,0.529635691145499,2167,0.581184833569407,2378
"Okigwe",0.306807680886519,131,0.287742606468665,123,0.326369400658827,140
"Okitipupa",0.68206305204361,240,0.605155647267093,212,0.754907681784783,267
"Okobo",0.303929770607487,117,0.24194611705582,93,0.374092188310046,144
"Okpe",0.588612583161138,577,0.342402916020665,330,0.786269833794692,772
"Okpokwu",0.430010513487829,1541,0.412559124119728,1478,0.447570865622647,1603
"Okrika",0.731384769157028,0,1.41237119706065e-15,0,1,0
"Ola Oluwa",0.28309225685675,508,0.260466884482395,467,0.306555758401458,551
"Olamaboro",0.412525818939626,4340,0.397263098049887,4182,0.42790522997291,4499
"Olorunsogo",0.23422877260003,2311,0.210825044578994,2087,0.258882982709409,2547
"Oluyole",0.528365201769332,1380,0.496588489304873,1297,0.559841424855677,1462
"Omala",0.484444469865961,7500,0.461477285987442,7146,0.507436320537552,7855
"Omumma",0.394520524015381,42,0.269738644859097,29,0.538395782803454,58
"Ona Ara",0.507852628568776,289,0.48021935964059,273,0.535386653444009,305
"Ondo East",0.48640783397805,127,0.460440254176491,120,0.512415380616636,134
"Ondo West",0.557178543478893,268,0.52999814301445,255,0.584046543127246,281
"Onicha",0.325826717241275,656,0.303586357495907,611,0.348702211564402,702
"Onitsha North",0.27663587472358,180,0.259945153693368,169,0.293800696187581,191
"Onna",0.364601370177278,42,0.245365494404874,28,0.503992318806463,58
"Opobo/Nkoro",0.514281027515612,0,0.298829772416713,0,0.735609543663024,0
"Oredo",0.54956737598878,170,0.424835937345968,132,0.675549682370908,208
"Orelope",0.176297285587151,1673,0.154501500965561,1457,0.199760368217176,1906
"Orhionmwon",0.491972659380202,1555,0.398942277190012,1237,0.589518311049363,1889
"Ori-Ire",0.267357142894565,6305,0.24513075335101,5781,0.290463267338007,6849
"Oriade",0.391529319480328,553,0.370051267611385,523,0.413315048975169,584
"Orlu",0.298660856682503,101,0.279943102281795,94,0.317891525918135,107
"Orolu",0.248808940097039,106,0.232780911937413,99,0.265336895901121,113
"Oron",0.289486872992995,42,0.240879852757824,35,0.343261954426144,50
"Orsu",0.315415177910908,176,0.29724431420378,166,0.33401113860851,187
"Oru East",0.308629129703154,167,0.285811453631453,155,0.33251485149245,180
"Oru West",0.329498192941503,101,0.289694674754653,89,0.372965000841346,115
"Oruk Anam",0.378091186366383,175,0.252063507953133,116,0.525429774960066,244
"Orumba North",0.345374596958732,443,0.327399894009811,420,0.363678115155521,467
"Orumba South",0.358503654537251,102,0.33786014849475,96,0.379547061290025,108
"Ose",0.510019931375899,390,0.485112769366127,371,0.534885898645832,409
"Oshimili North",0.396959107590525,402,0.376040235172607,382,0.418210543793316,423
"Oshimili South",0.355204661943566,407,0.333049721026444,381,0.37781635773305,434
"Oshodi/Isolo",0.78127312683993,0,0.705677308552154,0,0.845266250711266,0
"Osisioma Ngwa",0.38522956959652,127,0.289729275672879,95,0.49340080054356,163
"Otukpo",0.446085431064878,3104,0.426610908568687,2969,0.465644367564753,3239
"Ovia North-East",0.555027755418564,1211,0.459627212589932,964,0.626998488804421,1379
"Ovia South-West",0.622128433207246,946,0.518870679370569,805,0.717857622474576,1076
"Owan East",0.505146702370437,1497,0.481316030796678,1426,0.528939090275087,1568
"Owan West",0.491686281981916,427,0.468998281868032,408,0.514399070122757,447
"Owerri Municipal",0.270148510604123,97,0.218588472996255,78,0.329676689130116,118
"Owerri North",0.343169171607751,94,0.280522494159553,77,0.413759678098171,113
"Owerri West",0.320129457097499,106,0.25842269827279,85,0.39031209829824,129
"Owo",0.501371190924335,257,0.473681281648614,243,0.529059035953852,271
"Oye",0.368278614482131,270,0.341823816675526,250,0.395341109974599,291
"Oyi",0.392382290546451,162,0.374551059056528,155,0.410430106503893,169
"Oyigbo",0.391034614415767,84,0.235314420050592,51,0.575734569217784,123
"Oyo East",0.24650214736375,218,0.225440947775466,200,0.268487568138594,238
"Oyo West",0.221537569423137,1291,0.198648987651262,1158,0.245734835495738,1432
"Oyun",0.28606406272174,1515,0.267928608952855,1416,0.30473279394286,1618
"Paikoro",0.293671484528914,15199,0.274735459869433,14213,0.313148613389269,16214
"Pankshin",0.420343942221629,18181,0.39795660262366,17249,0.442912025109123,19117
"Patani",0.659653001906416,128,0.38991481078305,76,0.874707622400231,170
"Pategi",0.428874017842902,18998,0.405725812881525,17936,0.452280159616383,20074
"Port Harcourt",0.658220666122792,25,0.0565839838620475,5,0.909545516992024,36
"Potiskum",0.293086573232916,0,0.262497273113642,0,0.325078466149132,0
"Qua'an Pan",0.415505690452621,21122,0.391766471170721,19915,0.439474902642916,22342
"Rabah",0.036755764859107,0,0.0224774448987457,0,0.0565599542904534,0
"Rafi",0.227242510143197,21043,0.204811450251388,18964,0.250899397672398,23237
"Rano",0.332550080213454,0,0.291208277757883,0,0.373702138320007,0
"Remo-North",0.651855288664931,175,0.602992764220329,162,0.698479700931727,188
"Rijau",0.11517784774356,10660,0.0904935362843877,8381,0.143931829396419,13313
"Rimi",0.15181946168394,0,0.128687588284303,0,0.177288127537465,0
"Rimin Gado",0.221041923185725,0,0.201739420805642,0,0.241300155325441,0
"Ringim",0.237559372295651,0,0.208208366768752,0,0.268975875207193,0
"Riyom",0.340982042193435,7785,0.31890751301677,7298,0.363641156415758,8283
"Rogo",0.21807950024926,0,0.199152759059626,0,0.237210142697178,0
"Roni",0.214056063190768,0,0.188366747852782,0,0.24156697969929,0
"Sabon Birni",0.0428756254970069,0,0.0255188097511449,0,0.0670956635654348,0
"Sabon Gari",0.171300825345905,0,0.160209858905193,0,0.182830907157528,0
"Sabuwa",0.170805420654329,0,0.156573776902202,0,0.18576971477672,0
"Safana",0.120105986309876,0,0.0987145130922121,0,0.14439439463195,0
"Sagbama",0.635877611134709,190,0.381449527571588,116,0.845340445860541,254
"Sakaba",0.0985882136463145,4934,0.0820802470734752,4103,0.117165205885422,5871
"Saki East",0.18083869184991,4012,0.156821268244723,3470,0.206840771944372,4600
"Saki West",0.169437132167022,4584,0.141888098159829,3850,0.199892480209119,5393
"Sandamu",0.20444039060268,0,0.132345726394965,0,0.295522715032084,0
"Sanga",0.397691803447942,12378,0.374646586733071,11652,0.421106794720711,13117
"Sapele",0.631852294983322,317,0.308228551249785,220,0.825011805967611,411
"Sardauna",0.0488041511332068,4310,0.0305254398554639,2582,0.0749089198235091,6847
"Shagamu",0.730819245216108,1231,0.669466764830605,1125,0.786274142287053,1327
"Shagari",0.0472560561765345,0,0.0318290408852801,0,0.0672685759032468,0
"Shanga",0.114709111131305,5434,0.0824424399431108,3898,0.154325352975609,7324
"Shani",0.347257261435355,1363,0.320689544790969,1240,0.374517741812884,1490
"Shanono",0.198066940211009,0,0.181644329816086,0,0.21529625696879,0
"Shelleng",0.28346553908685,2562,0.25796992363406,2362,0.310014044624261,2767
"Shendam",0.343378205253989,12755,0.324066398639586,12042,0.363059920009144,13480
"Shinkafi",0.0654751380933216,0,0.044573537733253,0,0.0923022703106521,0
"Shira",0.283173344509396,0,0.254172886102035,0,0.313653929357767,0
"Shiroro",0.278635399634743,37184,0.256157194637308,34150,0.301977097491442,40336
"Shomgom",0.317415719999598,5680,0.296748481443596,5322,0.33860415619112,6045
"Shomolu",0.753151751502191,0,0.675501457190778,0,0.820529493927808,0
"Silame",0.0433303608223111,0,0.0279617012058716,0,0.0638758622742327,0
"Soba",0.233013617004323,810,0.221071067926061,773,0.245295163377241,849
"Sokoto South",0.0220764186732056,0,0.0138727231450121,0,0.0333133182687978,0
"Song",0.413520410548519,4757,0.354321124739814,4114,0.472502472598865,5407
"Southern Ijaw",0.750776372420144,247,0.235409933927539,125,0.970985238836012,315
"Sule Tankarkar",0.208397936781527,0,0.173713336058073,0,0.246489294938175,0
"Suleja",0.34612291566046,1515,0.321410429901051,1406,0.371427499314843,1627
"Sumaila",0.271440965636582,0,0.249440778778414,0,0.294324625332998,0
"Suru",0.0841875264041287,1145,0.04970070221688,671,0.131941966183763,1809
"Surulere",0.300486290608864,2718,0.28188627557028,2548,0.319575920425658,2892
"Tafa",0.253975759507283,1196,0.23605076687972,1111,0.272540100724762,1285
"Tafawa-Balewa",0.399263845885123,15495,0.377764742510868,14693,0.421075269416932,16306
"Tai",0.454361929623218,18,0.257790951278828,10,0.673818469323037,27
"Takai",0.247054129012661,0,0.224466963219487,0,0.270759049792317,0
"Takum",0.151304285161304,4889,0.133923390042314,4331,0.169999117443144,5489
"Talata-Mafara",0.0736016033478043,0,0.0492414964470037,0,0.103863511679375,0
"Tambuwal",0.0592864590293501,0,0.0412939760268781,0,0.0820918871139728,0
"Tangaza",0.0258343666478123,1100,0.0151316847273223,637,0.0411520122140625,1767
"Tarauni",0.189294399446204,0,0.170235934320435,0,0.209520235801533,0
"Tarka",0.304482509711827,924,0.290489177410584,881,0.318746708069374,967
"Tarmuwa",0.266944060828316,2206,0.184841306612074,1364,0.361883461437076,3221
"Taura",0.233165926579207,0,0.205385488633866,0,0.26278839172584,0
"Teungo",0.116652453826143,3398,0.0908596257871983,2699,0.146789550117756,4205
"Tofa",0.207749295107411,0,0.188721995396333,0,0.227797581654746,0
"Toro",0.397051145875381,9643,0.374067454628303,9146,0.420379167464557,10148
"Toto",0.505257430650918,20536,0.47953333233574,19483,0.530736756458724,21580
"Tsafe",0.113079441122657,0,0.0959145156741115,0,0.132159016926822,0
"Tsanyawa",0.190826132671699,0,0.173707908677622,0,0.208868629747702,0
"Tudun Wada",0.283829274154973,0,0.261050797058373,0,0.307449277097875,0
"Tureta",0.0472122553712654,81,0.0322683261877105,54,0.0664832004009784,117
"Udenu",0.36373176952247,323,0.349530623814595,310,0.378106918562342,336
"Udi",0.385858647291428,1611,0.366440742462957,1524,0.405615204664151,1699
"Udu",0.52406940495819,440,0.291361418192396,245,0.759850418937633,639
"Ughelli North",0.539618923839431,590,0.341609143348443,373,0.734418254806923,803
"Ughelli South",0.630371589663574,877,0.376295326399231,524,0.845198132636615,1177
"Ugwunagbo",0.367047105295099,138,0.260745667102477,98,0.49029575037455,184
"Uhunmwonde",0.464339967652692,948,0.431428816477012,874,0.498212660754143,1024
"Ukanafun",0.374695931200197,153,0.267031733412871,109,0.498128385830439,204
"Ukum",0.202227557682203,3008,0.186796272600722,2776,0.218347459773115,3249
"Ukwa East",0.403623306984107,209,0.278656730799611,144,0.545870959834126,282
"Ukwa West",0.401464445757878,180,0.255316527090311,115,0.570291703445606,255
"Ukwuani",0.42157721130712,246,0.324455662424704,189,0.529414559197729,309
"Umu Nneochi",0.343740394306892,343,0.32329986405431,323,0.364616691637538,364
"Umuahia North",0.294422679424325,129,0.27258446462995,119,0.316972637125823,139
"Umuahia South",0.28326997674927,102,0.259414602039156,93,0.308140346959683,111
"Ungogo",0.174904022531764,0,0.155738711174888,0,0.19540528585552,0
"Uruan",0.270464958283594,52,0.236442541795976,45,0.306965333245517,59
"Urue Offong",0.323561213036778,59,0.254687797917219,46,0.401287574527583,73
"Ushongo",0.247060853806467,1855,0.233013913116012,1750,0.261528318107927,1964
"Ussa",0.178073212171784,4278,0.15416626515635,3737,0.203629253915162,4857
"Uyo",0.262156633917123,45,0.233220307413118,40,0.292820801963609,51
"Uzo-Uwani",0.456083133548584,2172,0.437232532932082,2081,0.475026106831095,2264
"Vande Ikya",0.2347065470412,1475,0.22059077522917,1387,0.249275475424734,1565
"Wamako",0.0298246915364339,0,0.0188343862439029,0,0.044799873697766,0
"Wamba",0.46951764219053,8957,0.440842115965828,8405,0.49840486346979,9514
"Warawa",0.233227798908379,0,0.208603378777606,0,0.25930670234149,0
"Warji",0.323592069583071,0,0.295299927867066,0,0.351718322961535,0
"Warri North",0.750284609766098,722,0.179670478884525,406,0.964253262786151,887
"Warri South",0.73159001400752,203,0.0304919759790427,48,0.97728305641036,279
"Warri South-West",0.756882619657314,182,0.0680206175907324,82,0.993308711598681,229
"Wase",0.36441100721771,39963,0.343072076271363,37615,0.386180163336551,42359
"Wudil",0.219244752456476,0,0.195165472683374,0,0.244938826772225,0
"Wukari",0.246523214460177,24521,0.224526764528056,22323,0.269506048523326,26820
"Wurno",0.0271086894220352,206,0.0157852332736821,121,0.043349701801502,329
"Wushishi",0.255837767852556,10206,0.23456905337467,9353,0.277993032917307,11096
"Yabo",0.0389618500376335,0,0.025789045494776,0,0.0563276674522564,0
"Yagba East",0.482948404024123,6496,0.457589315594343,6156,0.507798619479323,6828
"Yagba West",0.485743753469079,6339,0.458833142905514,5985,0.512699266069029,6695
"Yakurr",0.306311231246323,78,0.282144957494979,72,0.331281369722945,84
"Yala",0.357802688558368,1181,0.337024483724558,1113,0.378969568333322,1251
"Yamaltu/Deba",0.453249078571461,0,0.416386369957493,0,0.488427068826827,0
"Yankwashi",0.217650385602209,0,0.161056743175272,0,0.285227564987229,0
"Yauri",0.114586388574981,2831,0.086322600632414,2134,0.148169684124441,3660
"Yenagoa",0.557793271056298,75,0.327019800338292,44,0.775058620734716,104
"Yewa North",0.681328910480879,3954,0.610877505896826,3535,0.745890419383003,4342
"Yewa South",0.809139773722627,1042,0.741290556528629,957,0.865702131023608,1113
"Yola North",0.300363031026904,0,0.246409684171567,0,0.359020683468041,0
"Yola South",0.258312538647086,548,0.200424899765973,435,0.323872687115151,676
"Yorro",0.157144897194498,1437,0.138294774641194,1267,0.177518865188478,1620
"Yunusari",0.239350130055763,1502,0.10414159927774,636,0.429387354390211,2753
"Yusufari",0.178945663801325,0,0.08220947206141,0,0.319278574383115,0
"Zaki",0.229987694227431,0,0.191237822481519,0,0.272601759987131,0
"Zango",0.214488655462493,0,0.127334852697528,0,0.328324263888392,0
"Zangon Kataf",0.361057692452369,7334,0.34542769007919,7048,0.37692484263012,7623
"Zaria",0.211496181811684,0,0.199729302169971,0,0.223638062649992,0
"Zing",0.126492880472955,0,0.109605579066325,0,0.144933306197295,0
"Zurmi",0.0815559916776385,0,0.0602398937542355,0,0.107502423085344,0
"Zuru",0.0935824322988884,1680,0.0740870149583598,1330,0.116168436426422,2085
"Total",0.32657907927747,2068709,0.280009731181743,1889932,0.367266149144764,2257948
