"state","mean_value","cattle_mean","lower_value","cattle_lower","upper_value","cattle_upper"
"Abadam",0.64307718263999,9109,0.480828363841801,7301,0.786374859601945,10511
"Abaji",0.334167105791673,10162,0.310111617523224,9423,0.358895292236297,10922
"Abak",0.181570740483891,55,0.127697156194331,39,0.245195641156059,75
"Abakaliki",0.286434469842283,1088,0.258293808308476,980,0.31587883627354,1201
"Abeokuta North",0.662548594621418,2440,0.606674752915712,2236,0.715173646689288,2633
"Abeokuta South",0.546826089304694,280,0.487277701012362,250,0.605396564342612,310
"Abi",0.213528055877554,180,0.190999335583168,161,0.237441966554807,201
"Aboh-Mbaise",0.251133309614374,77,0.196192355738191,60,0.311271824705285,95
"Abua/Odual",0.268698305951561,29,0.0445384773751618,5,0.653566048362174,71
"Abuja",0.31014740922577,17871,0.281382294481849,16158,0.340106125517632,19658
"Adavi",0.569449090431332,6841,0.528993730764233,6350,0.609163775248171,7324
"Ado",0.341897105966954,1574,0.31755812636071,1464,0.366859553241346,1688
"Ado Odo/Ota",0.805622555618095,2255,0.730783911477203,2040,0.866926872682266,2432
"Ado-Ekiti",0.404451765803137,108,0.373344628613201,100,0.436169101051336,118
"Afijio",0.326819789195559,1640,0.297950255489483,1488,0.356714274695773,1798
"Afikpo North",0.218255473141427,174,0.195272975592433,156,0.24261760666394,194
"Afikpo South",0.245206735513683,123,0.222148781418407,112,0.269449823244945,134
"Agaie",0.284424015120486,13573,0.260763720829031,12428,0.309026908924608,14766
"Agatu",0.48086266193375,4583,0.436342804597832,4112,0.528089097442906,5092
"Aguata",0.279136349509548,141,0.254157642498533,129,0.305165090212664,154
"Agwara",0.117146693712519,4423,0.0905279430218261,3417,0.148426087155886,5606
"Ahiazu-Mbaise",0.250089199908269,46,0.221423605962571,40,0.280411257335274,51
"Ahoada East",0.251033597595816,10,0.062841087183083,2,0.554196675055896,22
"Ahoada West",0.285600259739825,20,0.0642861529214,5,0.628849269965358,45
"Aiyedade",0.473917336671364,1521,0.446075510017985,1429,0.501850372887305,1613
"Ajaokuta",0.551789659336838,9321,0.515435976819606,8709,0.587634870669288,9924
"Ajingi",0.270336222124475,0,0.242698341058938,0,0.299361626115347,0
"Akamkpa",0.163476754388456,110,0.137976902493286,93,0.191634053358682,129
"Akinyele",0.371167913239013,1294,0.345138734358245,1198,0.39780551955965,1393
"Akko",0.373981952730841,15120,0.346177693859194,14082,0.402438039160138,16178
"Akoko North-East",0.515316111390118,461,0.476067738955169,426,0.554356472363317,497
"Akoko North-West",0.478463018847699,235,0.438222045721839,215,0.518763254887271,255
"Akoko South-East",0.499258294153691,86,0.453490638943267,78,0.545078992979022,94
"Akoko South-West",0.485596102068177,177,0.449309895894332,163,0.521998911198481,190
"Akoko-Edo",0.532969558530485,2610,0.493296167917523,2416,0.572320354548104,2802
"Akpabuyo",0.244512457840536,49,0.158738327232376,36,0.30809050986868,64
"Akuku-Toru",0.272515888514586,24,0.0328617753136525,3,0.706946566091634,62
"Akure North",0.467753551622388,155,0.437104929055122,145,0.498572699785671,165
"Akure South",0.469836063697029,107,0.439801292692954,100,0.500026193244304,114
"Akwanga",0.498803796890893,7503,0.470719046982728,7081,0.526878640861084,7925
"Albasu",0.281190046974473,0,0.257003778258536,0,0.306352470065589,0
"Aleiro",0.053811557196834,0,0.0320938674097853,0,0.0841204639932208,0
"Alimosho",0.663670681391318,160,0.564608766890131,142,0.753573224073772,176
"Alkaleri",0.459004384815749,50108,0.432365924479178,47289,0.485793071144067,52953
"Amuwo Odofin",0.722976338768801,177,0.617752160082588,151,0.812085872729364,199
"Anambra East",0.314761221513662,546,0.288428991593693,500,0.34213742121503,594
"Anambra West",0.304085160499425,1085,0.229761239718651,800,0.427985874480403,1567
"Anaocha",0.303727439883286,134,0.274168830208711,121,0.334548131325958,148
"Andoni",0.261587898773067,10,0.0581025631092302,2,0.594032541501235,22
"Aninri",0.273254951142774,361,0.251265007298254,332,0.296101665455859,391
"Aniocha North",0.387161811985537,310,0.36536030551485,293,0.409313013456314,328
"Aniocha South",0.379806542791217,614,0.351116816550367,568,0.408998663700969,660
"Anka",0.0598069282708973,1545,0.0440834024606322,1165,0.0791108331851866,2001
"Ankpa",0.371712812450387,4832,0.340982456378812,4433,0.403239696794682,5240
"Apa",0.453604242929603,2545,0.421126600666849,2363,0.486378845771021,2730
"Ardo-Kola",0.119053647445408,2457,0.104304868002748,2153,0.135120007412278,2786
"Arewa Dandi",0.04488827972994,295,0.0218729145939139,135,0.0810466637276219,548
"Argungu",0.0375256546553838,0,0.0214904263966574,0,0.0606547338609868,0
"Arochukwu",0.199503668682766,80,0.175556018378955,70,0.225183230837486,90
"Asa",0.335970673585058,7868,0.313975921882833,7351,0.358504083525342,8397
"Asari-Toru",0.244664702102788,8,0.0418822723945176,1,0.608112724069619,20
"Askira/Uba",0.752004830951439,1657,0.717016083434118,1520,0.78232136301312,1796
"Atakumosa East",0.44228650477641,462,0.414996198681193,433,0.469820950620108,491
"Atakumosa West",0.397785346307972,533,0.371523688814633,498,0.424484972524637,569
"Atiba",0.284643636063675,3823,0.255266309326982,3420,0.315464940771202,4245
"Atisbo",0.278698130500048,6889,0.243135881820612,6012,0.316417266715469,7819
"Augie",0.0283744333221293,0,0.0168173424199569,0,0.044757248803185,0
"Auyo",0.142328942376102,0,0.101521582050644,0,0.199185001286477,0
"Awe",0.337488773021721,15078,0.311821618521605,13901,0.368204409110722,16548
"Awgu",0.26083202547764,466,0.232762641011984,416,0.290350702193406,519
"Awka North",0.335160647519446,653,0.309675971661929,602,0.361358032702087,704
"Awka South",0.286431722785891,348,0.259047296333638,314,0.315055056870794,384
"Ayamelum",0.329720460271035,978,0.295420119646926,876,0.366532661567704,1088
"Ayedire",0.368840633722623,246,0.342391709723029,228,0.395885941375596,264
"Babura",0.164518905937146,0,0.130064807354535,0,0.204559331511455,0
"Badagry",0.75910485009695,545,0.579647412732719,407,0.895586689465212,650
"Bade",0.0491281915014267,0,0.0227927323974329,0,0.0914459470275665,0
"Bagudo",0.117685915459702,12573,0.0728694814870296,7920,0.177316058097696,18678
"Bagwai",0.199155941221991,0,0.17984507844772,0,0.219568264730325,0
"Bakori",0.158648119313857,0,0.145337647336642,0,0.172664063128065,0
"Bakura",0.0299162435134463,156,0.0189811032023587,99,0.044760638615156,233
"Balanga",0.238997743170151,0,0.215892305340177,0,0.263312717352412,0
"Bali",0.0721832391997557,8688,0.0597132376147614,7188,0.0863543395213543,10394
"Bama",0.981065452830086,0,0.921318025539183,0,0.997911202220391,0
"Barkin Ladi",0.261658180166395,4527,0.24146994629369,4271,0.282895238769035,4789
"Baruten",0.200601332816897,23733,0.168932423499978,20006,0.235277147027472,27811
"Bassa",0.408665194573336,15875,0.379514389101358,14623,0.437874766175075,17118
"Batagarawa",0.0969441670979834,0,0.07653035960659,0,0.120644138922521,0
"Batsari",0.0682040149223127,0,0.05248034366535,0,0.0869031500254683,0
"Bauchi",0.373254919752769,27738,0.354670499510357,26385,0.392123909951358,29109
"Baure",0.165294254940913,0,0.0920738780903255,0,0.265453501443877,0
"Bayo",0.422197372431835,0,0.389220975035203,0,0.455668977924746,0
"Bebeji",0.248991977495978,0,0.227897546381841,0,0.271030842852001,0
"Bekwarra",0.231550705058639,141,0.213448632515825,131,0.250422868979288,153
"Bende",0.213369521758708,144,0.19050937717821,129,0.237664780241449,160
"Biase",0.192988438562569,88,0.160309157095227,73,0.237309909562992,108
"Bichi",0.192227348904775,0,0.171385874352078,0,0.214441926300673,0
"Billiri",0.323651287499754,2731,0.299449437750364,2532,0.348557598591562,2937
"Bindawa",0.114590420885535,0,0.0966581793829882,0,0.134551856947577,0
"Binji",0.0169148403911208,0,0.00948701264008145,0,0.0281165662191298,0
"Biriniwa",0.0535445031868975,0,0.0300906591444465,0,0.0877265806799172,0
"Birnin Gwari",0.194977279711974,14385,0.174695426528165,12797,0.21652719789201,16081
"Birnin Kebbi",0.0492351619279414,0,0.0275674709649312,0,0.0807779964786496,0
"Birnin Kudu",0.308498380145659,0,0.284443784755427,0,0.333338409371139,0
"Birnin-Magaji/Kiyaw",0.0727480762171791,0,0.056104565517006,0,0.0924985794044897,0
"Biu",0.377672417350671,0,0.342472683588066,0,0.413877739992315,0
"Bodinga",0.0221876073403486,0,0.0137157961166147,0,0.0339065869791925,0
"Bogoro",0.372342055865473,1268,0.351083909651065,1216,0.39391599564436,1320
"Boki",0.154479037235516,162,0.134187662656466,141,0.17656714038719,184
"Bokkos",0.3422234716758,20060,0.319911664817931,18735,0.365045860746826,21416
"Boluwaduro",0.306468622295418,229,0.285190706844705,213,0.328382789797555,245
"Bomadi",0.41886762983907,117,0.0808692898441438,22,0.826461502249408,231
"Bonny",0.370636534866894,22,0.0706064458556605,5,0.709372507051878,50
"Borgu",0.14421059492975,21225,0.11764876939111,16815,0.174869501327828,26404
"Boripe",0.32583817029789,322,0.306437582054218,302,0.345691676084346,341
"Borsari",0.0302967640460971,396,0.0125139144674171,164,0.061626333749122,804
"Bosso",0.218834577967279,10717,0.198274023212754,9709,0.240484549492548,11779
"Brass",0.383491806140174,57,0.0375036351777335,7,0.827488653382672,136
"Buji",0.296154391365087,0,0.265603272466842,0,0.328920963490604,0
"Bukkuyum",0.0406471083622378,1775,0.029335690694012,1329,0.0548073210646086,2315
"Bukuru",0.223262446579866,3140,0.200447457878405,2821,0.248290641357848,3490
"Bungudu",0.0568616724503364,0,0.0433170863023425,0,0.0731386448020634,0
"Bunkure",0.280775245485692,0,0.254908676615918,0,0.307751935324636,0
"Bunza",0.0745429718168706,0,0.0364399207454598,0,0.133424174344133,0
"Burutu",0.467944319534023,587,0.0824020419851537,122,0.881365188011164,1059
"Bwari",0.33284236253809,9133,0.30539643529393,8331,0.361217250527567,9963
"Calabar",0.163688249920792,22,0.134349828692888,18,0.19655015474704,26
"Calabar South",0.180366852743529,8,0.139128259832791,7,0.227648753810847,10
"Chanchaga",0.166569404843788,624,0.148683101930232,557,0.185671122621898,695
"Charanchi",0.123676941417708,0,0.104545252820876,0,0.144888366528115,0
"Chibok",0.535105729538595,0,0.496929991732531,0,0.5726062992653,0
"Chikun",0.266710640200864,13839,0.24671210060544,12716,0.288362447220257,15082
"Damaturu",0.147668651039947,0,0.110126525823061,0,0.192700283306951,0
"Damban",0.346849684191072,0,0.31720944926135,0,0.377378993800884,0
"Dambatta",0.233395360737092,636,0.198934900138901,557,0.271063507904834,720
"Damboa",0.566501031053009,0,0.504321772535882,0,0.618078722436157,0
"Dandi",0.0975900254272842,4243,0.0475496344882419,2095,0.174817043193546,7469
"Dandume",0.135036785272696,0,0.123185045317632,0,0.147575973194132,0
"Dange-Shuni",0.0222656012371852,0,0.0133523387064215,0,0.0348432794522373,0
"Danja",0.171722931458601,0,0.158166786995327,0,0.185940199776412,0
"Danko Wasagu",0.0624162043919825,7899,0.0487392048576236,6180,0.0785517447835633,9925
"Danmusa",0.113210296875652,0,0.096705970075381,0,0.131430138574097,0
"Darazo",0.386050460017911,0,0.359272879787587,0,0.413312174898522,0
"Dass",0.355651693408856,3942,0.338003525886094,3758,0.3736064897632,4130
"Daura",0.140906195496711,682,0.0551025269650123,235,0.283440927524432,1465
"Dawakin Kudu",0.27268937679053,0,0.24576103707514,0,0.300912397786511,0
"Dawakin Tofa",0.222789688059517,0,0.199270994096292,0,0.247698894862851,0
"Degema",0.376638387456114,54,0.0624963408968944,9,0.740124980245251,104
"Dekina",0.413077746999855,8399,0.381911314479566,7773,0.444777703890838,9036
"Demsa",0.17959850827617,1419,0.152125827144438,949,0.218311369374336,2446
"Dikwa",0.988283149832907,0,0.960397584872388,0,0.997981923634433,0
"Doguwa",0.349648431464212,0,0.326232970725875,0,0.373509799097719,0
"Doma",0.436597303057022,19121,0.404518665143169,17735,0.471469862264471,20621
"Donga",0.10239150175156,6185,0.0865028884884771,5245,0.120237571721916,7239
"Dukku",0.398592639578002,9928,0.367179392062307,9223,0.430924690125773,10640
"Dutse",0.285519935738375,0,0.26010377344759,0,0.311987969909575,0
"Dutsi",0.150665759527074,0,0.0838965201658754,0,0.243957230585126,0
"Dutsinma",0.10110167960719,0,0.0854613216644051,0,0.118518724129243,0
"Eastern Obolo",0.220324879595543,0,0.0733902811323363,0,0.446521210458659,0
"Ebonyi",0.299904939991596,996,0.27223133936391,903,0.328678769338792,1093
"Edati",0.30152898653634,5900,0.276950583341278,5412,0.326979104386726,6407
"Ede North",0.332138425060281,386,0.310710404324558,361,0.354092949395016,411
"Ede South",0.351723090008513,293,0.327338091723566,272,0.376698029250211,314
"Edu",0.28025933356989,13925,0.259196979645337,12863,0.302068371758936,15027
"Efon",0.364521223597023,54,0.339379584560713,51,0.3902065210447,58
"Egbeda",0.420175768162445,699,0.395927300082547,656,0.444739389129318,742
"Egbedore",0.323975520121319,765,0.3007308540139,707,0.347911886907654,825
"Egor",0.557504222040736,92,0.420481901011653,69,0.684716986537118,113
"Ehime-Mbano",0.258296034925889,69,0.232567509286224,62,0.285338650897181,76
"Ejigbo",0.31164710156614,738,0.288204612014397,683,0.335833247028877,795
"Ekeremor",0.435829609949071,51,0.0538027989554582,8,0.885643307613885,107
"Eket",0.200264603469218,25,0.0991150248338631,12,0.33755726549909,42
"Ekiti",0.407311470142481,1702,0.380169428144934,1589,0.434818608554009,1817
"Ekiti East",0.39268971090527,145,0.358935163271314,132,0.427215542372478,158
"Ekiti South-West",0.407963246276973,40,0.38136268195003,38,0.434972177490022,43
"Ekiti West",0.368381215850129,148,0.342879803091703,138,0.394440591430591,159
"Eleme",0.228835374748679,16,0.0639168912840293,4,0.494538354282333,34
"Emuoha",0.243815855422399,36,0.0661726658479914,10,0.529490026588699,78
"Emure/Ise/Orun",0.466502031064566,74,0.432278945404878,68,0.500967573962238,79
"Enugu East",0.295591404918325,490,0.27345834131827,454,0.31849705225974,528
"Enugu North",0.276476045515811,447,0.244476831334496,395,0.310463259729945,503
"Enugu South",0.246916200489313,120,0.222971604515304,109,0.272075312382917,133
"Epe",0.727586591631639,460,0.617340675978194,400,0.83657491362629,525
"Esan Central",0.408368715189525,277,0.385996426974115,262,0.431027746087235,292
"Esan North-East",0.434472426813553,524,0.409032091048267,493,0.460127371477699,555
"Esan South-East",0.413300496733344,1022,0.385379890910589,944,0.442415628062215,1105
"Esan West",0.454370470271567,280,0.42605092441459,263,0.482897454308634,298
"Ese-Odo",0.563655019003991,283,0.271644118704589,134,0.818488428987311,413
"Esit Eket",0.195378279942725,35,0.108060662192997,19,0.309191254797942,55
"Essien Udim",0.192918164300561,124,0.133492596131701,86,0.263009883766711,170
"Etche",0.223221256490661,19,0.0837758373559441,7,0.428820315125897,36
"Ethiope East",0.40950534178072,339,0.176750789211727,151,0.670300772802266,551
"Ethiope West",0.460349895058923,475,0.233708109186266,239,0.693427671213572,718
"Eti-Osa",0.772103908131441,255,0.67575259462127,225,0.850260823786325,278
"Etim Ekpo",0.196417912916221,47,0.108939802112596,26,0.309713950977234,74
"Etinan",0.186176835027125,43,0.0939876753287599,22,0.311755935519232,72
"Etsako Central",0.484044439172145,1708,0.453517544770783,1597,0.514684114655426,1820
"Etsako East",0.511798470023342,2064,0.475984843167034,1922,0.547484509491229,2205
"Etsako West",0.519880616782468,1455,0.487768146305204,1363,0.551851937079086,1547
"Etung",0.152293360064584,43,0.130200620730555,37,0.176546312793593,50
"Ewekoro",0.760780620833768,1110,0.696868992518876,1017,0.817041355330964,1192
"Ezeagu",0.327667158067118,866,0.305190644834162,806,0.350741540777644,927
"Ezinihitte Mbaise",0.26229359796226,57,0.220348725262009,48,0.306919124480642,66
"Ezza North",0.282015591491967,534,0.24747707482697,469,0.318532170187097,602
"Ezza South",0.280040270954193,432,0.243611573702694,377,0.318507236848007,491
"Fakai",0.0951354269633362,4680,0.065892807318563,3247,0.131941135131039,6481
"Faskari",0.12165215797078,0,0.108348975930133,0,0.135961623943828,0
"Fika",0.372264160387069,0,0.341759731974115,0,0.403476370363967,0
"Fufore",0.694735308729163,9332,0.634424277366539,8660,0.746958533121753,9887
"Funakaye",0.399434735484235,0,0.363447836890138,0,0.436406331864828,0
"Fune",0.218383243389628,0,0.184413015515225,0,0.25652699375491,0
"Funtua",0.151392548800577,0,0.138796706357117,0,0.164662280984576,0
"Gabasawa",0.257623007135041,0,0.227448300771717,0,0.289625139840806,0
"Gada",0.00947934713383583,297,0.00463752774664193,142,0.0172738040923334,548
"Gagarawa",0.138115988152098,0,0.111242407910524,0,0.168790019972144,0
"Gamawa",0.221208579148627,0,0.189227002937221,0,0.256496680824259,0
"Ganjuwa",0.364200677948355,4528,0.341723899288478,4102,0.387068974106434,4959
"Ganye",0.172597364538597,5137,0.137311361364037,4060,0.208006443927412,6173
"Garki",0.20315677843304,0,0.177029948397315,0,0.231317626195965,0
"Garko",0.266895233677134,0,0.243667778532659,0,0.291118334328633,0
"Garum Mallam",0.25633735722364,0,0.233535693803518,0,0.280171362268351,0
"Gashaka",0.0431441643500611,1755,0.0268693638928075,1275,0.0641186886520142,2338
"Gassol",0.137110197979589,18268,0.117762531220006,15569,0.165119772577333,22319
"Gaya",0.268316571076525,0,0.236467663663786,0,0.305219648201904,0
"Gbako",0.239159643244557,12086,0.217250742574532,10978,0.262150278896568,13249
"Gboko",0.278718090821633,3922,0.257071784205191,3616,0.301178849109161,4240
"Gboyin",0.419834617760819,172,0.385211518847124,158,0.45505670146378,186
"Geidam",0.0341143567732629,380,0.0134950075568907,166,0.0709132475505563,740
"Gezawa",0.254013595539284,0,0.223665336166515,0,0.286267000728585,0
"Giade",0.307324690342362,0,0.284736931133157,0,0.330621014122908,0
"Girie",0.427986579741899,8703,0.389531474729586,7954,0.466238277513217,9435
"Giwa",0.189991153229477,0,0.17574191858516,0,0.204869411150651,0
"Gokana",0.257974818367528,9,0.0605258581550099,2,0.57711459794009,20
"Gombi",0.603891055307963,1717,0.543397464280252,1527,0.660689026975588,1911
"Goronyo",0.0215401802775038,136,0.0107366844123134,68,0.0385561737655083,245
"Gubio",0.292562208510226,452,0.190510409450198,256,0.41345498079225,718
"Gudu",0.0197144234609914,0,0.0104198859286786,0,0.0338901220540004,0
"Gujba",0.321631106750163,0,0.287897308071182,0,0.356990740368117,0
"Gulani",0.369269529768389,666,0.335747085889285,607,0.403731880240581,725
"Guma",0.388782151091753,9934,0.358733106782457,9170,0.420275962826867,10733
"Gumel",0.112783712721952,0,0.0858395272867822,0,0.144563570875371,0
"Gummi",0.0627215738683049,2732,0.0451530770153835,1985,0.0844711998125318,3644
"Gurara",0.248565435587519,5823,0.226945407815952,5313,0.271176046790015,6358
"Guri",0.0662015265177241,0,0.0366567764520969,0,0.123058383175721,0
"Gusau",0.100022983233284,602,0.0840244089539756,511,0.118030899970234,705
"Guyuk",0.181589386305059,345,0.144297384957139,292,0.291021851139235,404
"Guzamala",0.714729410932877,2306,0.604913036784504,1984,0.810776205696204,2576
"Gwadabawa",0.0122438254938676,92,0.00645679602634239,47,0.0211350144174342,162
"Gwagwalada",0.283253890689501,9908,0.26093345013749,9126,0.306388687116809,10718
"Gwale",0.208967946891035,0,0.175482008845672,0,0.245661571719695,0
"Gwandu",0.0421877155445824,0,0.0261736557575074,0,0.0641393624906797,0
"Gwaram",0.332786625179743,0,0.310795521640235,0,0.355323789394295,0
"Gwarzo",0.189260346282895,0,0.172247321371511,0,0.207184251597936,0
"Gwer East",0.384032153664634,5729,0.353749747173038,5278,0.414937304087727,6188
"Gwer West",0.431225583444569,3521,0.397751473192682,3246,0.465132001923799,3800
"Gwiwa",0.153201145595257,0,0.112385789770988,0,0.20952967401658,0
"Gwoza",0.946012582985526,0,0.829372979028407,0,0.989788547328896,0
"Hawul",0.313415915835957,1926,0.283478618639643,1749,0.344577404941613,2110
"Hong",0.818447047680127,3353,0.773994157361992,3111,0.856280609149218,3573
"Ibadan South-West",0.349317185194804,259,0.318723494654799,237,0.380862316038412,283
"Ibaji",0.390289566393479,5876,0.350538326077986,5297,0.435473181937321,6528
"Ibarapa Central",0.620942888843813,3368,0.570724926485063,3093,0.669210011308266,3632
"Ibarapa East",0.528497241689108,5653,0.494388590669092,5287,0.562291295537449,6016
"Ibarapa North",0.51949821113585,7068,0.479036235067666,6519,0.559680364917742,7613
"Ibeju-Lekki",0.780520623908519,313,0.684231894014286,274,0.857072418901053,343
"Ibesikpo Asutan",0.157290180359639,67,0.112929870538402,49,0.209714578389517,89
"Ibi",0.257665557546113,12921,0.235068380244416,11783,0.281598599544272,14133
"Ibiono Ibom",0.185653521637479,62,0.159288399966827,54,0.214333376012506,72
"Idah",0.383004471957137,389,0.347220923621103,353,0.419753001315282,427
"Idanre",0.565405782770314,443,0.528307228884709,414,0.601727351463246,471
"Ideato North",0.258325343694441,124,0.234878992184575,113,0.282866192850877,136
"Ideato South",0.2513048961862,51,0.227508811549036,46,0.276275165513442,56
"Idemili North",0.339339333128871,189,0.301060362829525,168,0.379148345723675,211
"Idemili South",0.30225890049755,91,0.278532687559465,84,0.326798474524491,98
"Ido",0.474519209322007,2790,0.445610308264185,2622,0.503532037379043,2959
"Ido-Osi",0.326349928802864,101,0.302872510751,94,0.350488013795906,108
"Ife Central",0.45731367432625,110,0.4261451847871,102,0.488730060693301,117
"Ife East",0.411880338854869,95,0.38223758800287,88,0.44200570767109,102
"Ife North",0.461847863521773,1163,0.433996133710939,1090,0.489827749938585,1236
"Ife South",0.495821828052329,757,0.467867535262149,714,0.52378570229972,800
"Ifedayo",0.310339721441295,67,0.287191592113214,62,0.334212894241393,72
"Ifedore",0.453631819749488,54,0.423947003770501,50,0.483554342750738,57
"Ifelodun",0.369500080907462,16319,0.345910311338603,15288,0.393507093806641,17367
"Ifo",0.768842711777778,1329,0.700526110374386,1208,0.828131092153441,1434
"Igabi",0.241196275440392,638,0.226068305505541,608,0.2568303114553,669
"Igalamela-Odolu",0.439898269994264,7114,0.407802925385233,6599,0.472387148996634,7634
"Igbo-Etiti",0.310451717825718,732,0.288138191492073,680,0.333449369107083,786
"Igbo-eze North",0.316374574781681,294,0.291538277581147,271,0.342017574347772,318
"Igbo-eze South",0.348380628141174,297,0.322101313098762,275,0.375353842564334,320
"Igueben",0.450621166323195,178,0.423859935708734,168,0.477570406892256,189
"Ihiala",0.343957537489835,567,0.307781630414316,509,0.381297321538831,626
"Ihitte/Uboma",0.243538554337371,36,0.217168797645898,32,0.271421653366139,41
"Ijebu East",0.69647286621383,1768,0.649872257716804,1647,0.739765245637922,1880
"Ijebu North",0.650552504435288,911,0.60705194207464,849,0.692172807976732,969
"Ijebu North-East",0.714072769081618,234,0.666750850559178,218,0.758162606208236,248
"Ijebu-Ode",0.754757614287096,217,0.702319081994826,202,0.802112282898736,230
"Ijero",0.331392397414858,109,0.307729501046595,102,0.355702517564373,117
"Ijumu",0.478327761112313,2945,0.438145466219593,2698,0.518632045725413,3192
"Ika",0.192465766140651,35,0.117508471700658,21,0.285587730149561,52
"Ika North-East",0.396224963735615,555,0.364754796630729,511,0.428200426516727,599
"Ika South",0.427627413925535,488,0.371788583691489,430,0.483892138663499,548
"Ikara",0.238165834984375,0,0.221645183311797,0,0.255300087322019,0
"Ikeduru",0.261114575757094,75,0.223585252381748,64,0.300966368174105,87
"Ikenne",0.707387797026789,263,0.652896696906833,242,0.757794083244507,281
"Ikere",0.428820565413747,79,0.401201096470633,74,0.456766015174443,85
"Ikole",0.399313443469921,698,0.367079433682458,643,0.432188193206521,753
"Ikom",0.187968710057738,198,0.165034241035174,174,0.212687186243174,223
"Ikono",0.181233887297499,47,0.152935109676691,40,0.212261898055183,56
"Ikorodu",0.774050778314426,395,0.702595691785821,358,0.835283036389174,427
"Ikot Abasi",0.241010451507234,127,0.0763432227591911,41,0.492200554887859,256
"Ikot Ekpene",0.17850602115087,25,0.147104650745285,20,0.213095109760482,29
"Ikpoba-Okha",0.491725489613109,906,0.309047615915157,597,0.669442633579093,1213
"Ikwerre",0.229687937118094,30,0.066802703532294,8,0.489050024597923,66
"Ikwo",0.234102173666145,573,0.210639264170363,516,0.258873472423142,634
"Ikwuano",0.235415986452933,59,0.211189201479194,53,0.26095590767306,65
"Ila",0.295393530856117,611,0.274768363312098,569,0.316658178293743,655
"Ilaje",0.566914684768918,382,0.285492711398162,199,0.834458313091213,538
"Ile-Oluji/Okeigbo",0.476817717899775,94,0.448143659565583,88,0.505603022649658,100
"Ilejemeje",0.308117656213117,55,0.285209127959175,51,0.331747777896463,59
"Ilesha East",0.348482315259042,177,0.328831014641441,167,0.368523116514151,187
"Ilesha West",0.355082177533989,209,0.332411446390491,196,0.378245176656086,223
"Illela",0.0104596282160238,264,0.00504470001428831,128,0.0192351416901969,485
"Ilorin East",0.321282006885905,3330,0.299037409294774,3098,0.34413716049917,3569
"Ilorin South",0.370757943029452,1109,0.346488352884688,1037,0.395483262967091,1183
"Ilorin West",0.224515867263854,915,0.187835851119462,763,0.268234424506665,1096
"Imeko-Afon",0.550641652342847,3192,0.502979305357609,2917,0.597444060817415,3461
"Ingawa",0.188615869829156,0,0.164256820497243,0,0.214848445330548,0
"Ini",0.201429608763335,104,0.175865782125,91,0.229294814644408,118
"Ipokia",0.832324499695168,2271,0.758175224988651,2066,0.89095438253587,2434
"Irele",0.593810939166138,202,0.414990658877479,141,0.750943564803303,255
"Irepo",0.218163953993503,2619,0.193499207212032,2297,0.244471023404493,2965
"Irepodun",0.307900332764883,2096,0.282518111526017,1942,0.3359944244037,2262
"Irepodun/Ifelodun",0.370094801113601,114,0.342834758745599,106,0.397981906384942,123
"Irewole",0.420714576754838,440,0.396516676697466,415,0.445198728237298,465
"Isa",0.0264839058249551,76,0.0161269281666236,45,0.0409672833019934,119
"Ise/Orun",0.457268419348037,41,0.422210319523622,37,0.492641870985529,44
"Iseyin",0.401485878248,7128,0.365179797971364,6471,0.438484461405561,7797
"Ishielu",0.291793205427973,1308,0.269339729143388,1207,0.315037658862812,1412
"Isi-Uzo",0.360968960405698,1293,0.335676571717671,1203,0.386822849629229,1386
"Isiala Mbano",0.243470041643883,78,0.219501586777203,70,0.268695751340156,86
"Isiala Ngwa North",0.224231354828949,76,0.189279889825287,64,0.261962346117445,89
"Isiala Ngwa South",0.20689351078738,132,0.146677748333008,93,0.27712649041786,177
"Isin",0.323699925001023,1573,0.303505585079091,1475,0.344394216606984,1673
"Isokan",0.468492998090507,219,0.44173011265766,207,0.495394131929679,232
"Isoko North",0.350831617850829,225,0.141409968956906,90,0.608796611607302,392
"Isoko South",0.363098397837018,487,0.123316387066079,166,0.663936217158286,886
"Isuikwuato",0.221799049871434,69,0.199156483431188,62,0.245749729418221,76
"Itas/Gadau",0.296089600426986,0,0.267462268545105,0,0.326475686203295,0
"Itesiwaju",0.300025140416135,5118,0.267919841590768,4568,0.333693136291183,5695
"Itu",0.184843135113197,72,0.156065585340587,60,0.216434476572371,85
"Ivo",0.266896179022351,476,0.244174194626682,435,0.290581638479732,518
"Iwajowa",0.365725474732375,5551,0.330716532248361,5017,0.401852904445695,6101
"Iwo",0.358436891409139,812,0.331481714056139,750,0.386072154727489,875
"Izzi",0.301932940898121,1885,0.279827682856915,1747,0.324741589452557,2028
"Jaba",0.332421301750682,5427,0.310107400807096,5061,0.355318616135278,5802
"Jada",0.510753736910401,3111,0.435421711439374,2586,0.583920400551701,3625
"Jahun",0.277576025792642,0,0.247734967924964,0,0.309741948013785,0
"Jakusko",0.0866513751032171,0,0.0556492896133523,0,0.129024709410473,0
"Jalingo",0.119442177821662,0,0.0985488810148481,0,0.142928851483969,0
"Jama'are",0.314591270095104,0,0.289257879659421,0,0.340764534963874,0
"Jega",0.0748189660540438,244,0.0447627303311533,149,0.11624303148056,373
"Jema'a",0.405172345664905,17704,0.378980282254449,16551,0.431780475508111,18875
"Jere",0.742991761682628,0,0.696854785653327,0,0.785375640616137,0
"Jibia",0.076945281930699,0,0.0543300341141206,0,0.10505849592852,0
"Jos East",0.405788390332533,5342,0.376087232205602,4977,0.435838279404824,5710
"Jos North",0.263454508972272,0,0.244896262093708,0,0.282640636003953,0
"Jos South",0.246022975766845,0,0.230545660607808,0,0.262015067131724,0
"Kabba/Bunu",0.460865219450846,12534,0.42556550585509,11574,0.496363839135606,13498
"Kabo",0.232508088746618,0,0.211461254639931,0,0.254582377217825,0
"Kachia",0.354437528000835,25591,0.334333329090922,24168,0.374941467857204,27040
"Kaduna North",0.208915623850593,0,0.18629512881978,0,0.232989818460343,0
"Kafin Hausa",0.217263812029848,0,0.190512746687468,0,0.246037923887844,0
"Kafur",0.181521183733758,0,0.166858792305233,0,0.19689810236448,0
"Kaga",0.211711313759674,0,0.167044732581576,0,0.263199075509652,0
"Kagarko",0.316848188597072,14465,0.29581651066043,13505,0.338474286109096,15453
"Kaiama",0.217776232224067,19683,0.193837012845464,17648,0.243349113801574,21841
"Kaita",0.0997550488558534,0,0.0488800607627982,0,0.181543409591018,0
"Kajola",0.303744815551384,2497,0.271905087499635,2233,0.337142118687591,2775
"Kajuru",0.32947537762012,1821,0.314777900428652,1743,0.344420396113455,1900
"Kala/Balge",0.996703900705646,0,0.983979329330155,0,0.999809145162578,0
"Kalgo",0.0671416333388897,0,0.0348477754765185,0,0.115608029325847,0
"Kaltungo",0.307088684155287,0,0.284165437764649,0,0.330734946758533,0
"Kanam",0.44856125910659,37187,0.423253793446922,35076,0.474017960452227,39318
"Kankara",0.132394346252848,0,0.11737241434213,0,0.148592364482361,0
"Kanke",0.402488432031731,18480,0.375697385680514,17220,0.429781467182145,19762
"Kankia",0.132967730667783,0,0.115976690805278,0,0.15144716360188,0
"Karasuwa",0.0275127626612048,0,0.010904919461149,0,0.057198220814881,0
"Karaye",0.242191383084393,0,0.217838484104216,0,0.267722199766901,0
"Karim Lamido",0.262551288398536,30992,0.241764041543299,28653,0.286195730336558,33417
"Karu",0.365886954647964,16298,0.343165001544218,15273,0.389136765014506,17348
"Katagum",0.315885611286645,0,0.286217911217753,0,0.347254328571835,0
"Katcha",0.253561965467712,12764,0.230786202467969,11610,0.277376925065435,13970
"Katsina",0.0882689855129455,0,0.0655300362359702,0,0.115842141852706,0
"Katsina-Ala",0.14609834143907,3272,0.130569743131604,2920,0.162753508823247,3650
"Kaugama",0.119608508624786,0,0.0843582667965325,0,0.171258909113143,0
"Kaura",0.414579097854651,5936,0.377048720613924,5306,0.452241050479926,6566
"Kaura Namoda",0.0507311307173707,0,0.0361138573282785,0,0.0690842573227425,0
"Kauru",0.317747100717684,2844,0.302642628994366,2716,0.33313356913158,2975
"Kazaure",0.203183782797567,0,0.146866610003652,0,0.270828227752174,0
"Keana",0.418508147502191,7618,0.390614956360704,7110,0.446724673545176,8133
"Kebbe",0.104634302721104,5016,0.0690188411347071,3289,0.150500116453542,7242
"Keffi",0.327781988607362,1095,0.307188980029536,1026,0.348880405594317,1166
"Khana",0.26634911572093,41,0.0851401845332922,13,0.531267055695004,81
"Kibiya",0.281668807608079,0,0.256913884147882,0,0.307445907885344,0
"Kirfi",0.425631200572091,16796,0.399225855463823,15765,0.452309194375809,17835
"Kiri Kasama",0.0940621805435839,0,0.0585456039856727,0,0.161412471689742,0
"Kiru",0.238800515501118,0,0.218359704079377,0,0.260151995401785,0
"Kiyawa",0.303936301082052,0,0.27743721100125,0,0.331441550721801,0
"Kogi",0.414631936401919,9731,0.380771732317207,8940,0.449343737577751,10542
"Koko/Besse",0.0936960457977654,2085,0.0558055860416346,1287,0.145750270895037,3166
"Kokona",0.442075180496413,14174,0.418460951343087,13413,0.465873736768796,14942
"Kolokuma/Opokuma",0.315179445385885,28,0.0601909476514507,5,0.701777784040917,62
"Konduga",0.685446224274035,0,0.628575856822577,0,0.731389040788343,0
"Konshisha",0.314528750759939,2369,0.29155739395947,2195,0.338183345479188,2548
"Kontagora",0.130614914355355,6165,0.112455271123691,5309,0.150526079709616,7105
"Kosofe",0.708455417719614,0,0.626796749556325,0,0.781196049454174,0
"Kubau",0.275565238818405,0,0.259422168561442,0,0.29215493810784,0
"Kudan",0.196821926778092,0,0.182590590775611,0,0.211663370102111,0
"Kuje",0.374049909824547,14004,0.349649504571413,13092,0.398982476978883,14935
"Kukawa",0.911595386784936,10022,0.856324311771386,9278,0.950538272937141,10540
"Kumbotso",0.272260891374064,0,0.239514111659928,0,0.306871122523222,0
"Kunchi",0.204229256129425,0,0.180473460544065,0,0.229608927789549,0
"Kura",0.270096081278261,0,0.244687244819367,0,0.296672361351186,0
"Kurfi",0.0845164042294877,0,0.0685378295908319,0,0.102838496693288,0
"Kurmi",0.0355998476727696,1100,0.0276048540932409,864,0.0451650942529507,1379
"Kusada",0.151222817075311,0,0.132745188633341,0,0.171207329165092,0
"Kwali",0.364131816930348,13580,0.339115533761904,12641,0.389713022102016,14541
"Kwami",0.401683812109742,2701,0.369280778050817,2515,0.434546153316909,2888
"Kwande",0.135391709342702,2120,0.11845904865466,1870,0.153934008684329,2392
"Kware",0.0161152826516561,0,0.00914541047203514,0,0.0263186523777886,0
"Kwaya Kusar",0.351841550023721,0,0.321463717855918,0,0.383128448207762,0
"Lafia",0.442922368053655,26449,0.414432118516552,24737,0.47166038724413,28179
"Lagelu",0.392697852403579,457,0.368811108844987,429,0.416990271691478,486
"Lagos Island",0.741822956438073,72,0.64791716478066,63,0.82111694135653,79
"Lake Chad",0.972313460110644,2718,0.904042877525801,2676,0.993444871459639,2746
"Lamurde",0.175585605643609,1745,0.137598328545274,1299,0.229498059158991,2440
"Langtang North",0.335534915569236,9093,0.309560384143423,8362,0.362337154568254,9847
"Langtang South",0.252183933968802,2319,0.228150575650074,2061,0.281728185313375,2615
"Lapai",0.332556481951433,20034,0.306346147953104,18429,0.360030198188609,21724
"Lau",0.162075874610272,2450,0.140370806141942,2183,0.203530559644982,2736
"Lavun",0.272396979750295,24288,0.249244291074666,22219,0.296475362674106,26440
"Lere",0.3141002448425,1120,0.297499790244034,1067,0.331063292795037,1173
"Logo",0.23011005596473,3101,0.2113929666586,2846,0.249784360358289,3369
"Lokoja",0.447552652419473,19852,0.415645197392175,18435,0.479644814587644,21281
"Machina",0.0340601585627179,0,0.0152804880221456,0,0.0655709440587399,0
"Madagali",0.972132419485064,0,0.932665663570062,0,0.991113919739511,0
"Madobi",0.251364344241778,0,0.227473537085334,0,0.276436830493923,0
"Mafa",0.92493083628038,0,0.887228981012137,0,0.95159271832305,0
"Magama",0.128892546939995,11503,0.11024961825615,9835,0.149431901192591,13342
"Magumeri",0.235842118270321,0,0.17841555985516,0,0.304638081967572,0
"Mai'Adua",0.143344671052183,833,0.0397097422388853,208,0.336952603760273,2057
"Maiduguri",0.703515868783804,0,0.657257124565509,0,0.746881788131357,0
"Maigatari",0.092361781315257,0,0.0613338822583729,0,0.132371951375496,0
"Maiha",0.967480240027654,9062,0.945182575130525,8854,0.982459444727214,9203
"Maiyama",0.0805166896039086,747,0.0455653493325025,449,0.13017966997285,1154
"Makarfi",0.2046114814139,0,0.190133572770567,0,0.219675955804776,0
"Makoda",0.219128384822605,0,0.191544911169601,0,0.248753295988476,0
"Makurdi",0.397319661401919,2814,0.363406524823298,2574,0.431966366949625,3058
"Malam Maduri",0.0936154340871027,0,0.0647610827671286,0,0.129929749586471,0
"Malumfashi",0.151634401330573,0,0.138866547005746,0,0.165093051056379,0
"Mangu",0.334561025878282,22965,0.313970265721095,21593,0.35561110607907,24364
"Mani",0.11650737386983,0,0.082899847068028,0,0.159341539660671,0
"Maradun",0.0436776164839467,0,0.0286823070835981,0,0.063519107761148,0
"Mariga",0.127026650556322,20612,0.107661729219045,17453,0.148493714158027,24117
"Marte",0.970273787015554,5685,0.94616020377279,5522,0.984066040164756,5802
"Maru",0.108675965161135,18078,0.0914319491100344,15286,0.128136940914198,21201
"Mashegu",0.177661172961753,27749,0.157806327294789,24639,0.198916768649308,31084
"Mashi",0.111563199571318,456,0.0462836467655484,180,0.222018658375201,924
"Matazu",0.125553726762424,0,0.110380235928855,0,0.141993287520481,0
"Mayo-Belwa",0.127188686096804,604,0.106029194119981,514,0.150741370950397,702
"Mbatoli",0.279129966417593,253,0.23645449724621,213,0.324319221293045,294
"Mbo",0.201263663810033,0,0.128803635647014,0,0.290100566622741,0
"Michika",0.974064754914146,0,0.955578493909823,0,0.986252822922367,0
"Miga",0.229736828843314,0,0.204977188347984,0,0.25599412430827,0
"Mikang",0.39591027650705,8491,0.364417961944922,7798,0.427845984977838,9193
"Minjibir",0.241930832851038,0,0.214443472682518,0,0.27109415847021,0
"Misau",0.332771492326216,0,0.30536302322674,0,0.361065821843175,0
"Mkpat Enin",0.212986070843037,121,0.0906306323559923,51,0.388609377188132,221
"Moba",0.297152682308787,30,0.276477787234823,28,0.318461133996683,33
"Mobbar",0.222800500809114,4245,0.121119931538274,2086,0.359733219035081,7163
"Mokwa",0.242671765059987,20396,0.218639072633058,18348,0.268825039083233,22635
"Monguno",0.891767252203404,0,0.820657228374963,0,0.940909000567927,0
"Mopa-Muro",0.441161318744283,2633,0.406380558807227,2427,0.476361653554509,2842
"Moro",0.3151566592998,14292,0.292492897748655,13261,0.338475353750235,15354
"Mubi North",0.97177131927228,0,0.953355621501683,0,0.984321970381585,0
"Musawa",0.141539605567042,0,0.127497788017082,0,0.156504560699907,0
"Muya",0.240471516763801,10312,0.21371079705237,9395,0.272657133412991,11299
"Nafada",0.377037113917846,0,0.342942218556475,0,0.413524299143588,0
"Nangere",0.256312899532607,0,0.225189312618719,0,0.289544262174845,0
"Nasarawa",0.4722138489153,45873,0.444380311729363,43169,0.500160803469512,48589
"Nasarawa Eggon",0.456103878619497,11118,0.425945562301718,10374,0.486523914708016,11870
"Ndokwa East",0.325911620433906,957,0.199944341949629,592,0.479883555899632,1404
"Ndokwa West",0.358403985571604,548,0.229634749683736,355,0.503454986944784,764
"Nembe",0.313954304418805,29,0.0237065931696891,2,0.821583816834891,77
"Ngala",0.993364357072083,0,0.978720314820717,0,0.998724672818006,0
"Nganzai",0.655380545781385,1764,0.564390572296623,1424,0.739090179358064,2077
"Ngaski",0.122509944208821,6618,0.0982503994534198,5381,0.152237027367554,8111
"Ngor-Okpala",0.237153329193995,221,0.141437721294323,136,0.355933322814466,325
"Nguru",0.0301075464726417,0,0.0126215212696902,0,0.0602733004219542,0
"Ningi",0.358459076013595,0,0.334790549794235,0,0.382582399265111,0
"Njaba",0.275670191561844,77,0.245487793635066,69,0.307443170136631,86
"Njikoka",0.286852929774732,283,0.261873420062268,258,0.312843735370313,308
"Nkanu East",0.273449746996134,944,0.251735674763141,869,0.296014357723635,1023
"Nkanu West",0.273198099017863,322,0.2500778368632,295,0.297260818997493,350
"Nnewi North",0.29795008153554,314,0.274792883799737,290,0.321912317298152,339
"Nnewi South",0.288435330562471,123,0.266139720078076,113,0.311526620206382,133
"Nsit Atai",0.1734941266024,34,0.117959413864066,23,0.24064916909778,46
"Nsit Ibom",0.18026105925776,19,0.116206355435379,13,0.258715956365123,28
"Nsit Ubium",0.182110587282175,67,0.103073402408804,38,0.284988522228292,105
"Nsukka",0.336582862398954,935,0.313020821426535,870,0.360758308452631,1001
"Numan",0.147469050575953,0,0.129206425312575,0,0.168829179866553,0
"Nwangele",0.243582846435315,57,0.2199478321137,52,0.268438724173346,63
"Obafemi-Owode",0.686523349716724,1583,0.630096908056771,1449,0.738878900408195,1708
"Obanliku",0.0897698914603163,117,0.0751546245951707,95,0.106645231701911,143
"Obi",0.386867691861436,11757,0.36100446103017,10985,0.413191109175817,12543
"Obi Ngwa",0.183759077879995,160,0.113495953950201,97,0.27202991511054,239
"Obio/Akpor",0.297243022022554,22,0.0756169438014205,6,0.548067609202662,41
"Obokun",0.339333640301385,607,0.317022861130381,567,0.362188658075658,648
"Obot Akara",0.202807432532912,103,0.164792689730152,83,0.244867246636998,125
"Obowo",0.220767341816075,41,0.197286260847459,37,0.245661406613344,46
"Obubra",0.205468178608427,274,0.180858892432537,243,0.23200936482244,307
"Obudu",0.160956973360019,68,0.142894071343835,60,0.180347229528178,75
"Odeda",0.613089775045584,2491,0.570601674636964,2320,0.654274762337117,2656
"Odigbo",0.655351489804396,499,0.594405418086284,453,0.711591795600774,542
"Odo-Otin",0.309953320423713,325,0.289307429340868,303,0.331184054339235,347
"Odogbolu",0.759990850881073,921,0.70693234806856,857,0.807635858360331,979
"Odukpani",0.17962154170715,73,0.146479118971149,58,0.217950939797831,92
"Offa",0.264358350950178,365,0.247933387557736,343,0.281280505898906,389
"Ofu",0.415245943736566,6219,0.383368597031552,5751,0.447660468240402,6695
"Ogba/Egbema/Ndoni",0.267139469324553,91,0.126592356686403,48,0.453849116449494,145
"Ogbadibo",0.310406240880075,723,0.285454089626544,665,0.336208467780502,783
"Ogbaru",0.307044201786863,249,0.256407656508221,213,0.36170645708614,288
"Ogbia",0.303774736016468,55,0.0332578927968571,6,0.766677152890747,140
"Ogbomosho North",0.285001535558999,1219,0.261840323748447,1119,0.309070536782836,1323
"Ogo Oluwa",0.296699450243559,1400,0.273031131308093,1288,0.321207472284225,1516
"Ogoja",0.24842138226106,290,0.226924422095269,266,0.270911911116425,316
"Ogori/Magongo",0.571209360686099,388,0.528356083960847,359,0.613289971471613,417
"Ogu/Bolo",0.251038442472227,9,0.0642591996991661,2,0.549276254653808,20
"Ogun Waterside",0.67225301921662,536,0.502564111437842,419,0.81858952204407,633
"Oguta",0.293340614009858,192,0.213540217617247,142,0.382028092705436,248
"Ohafia",0.214309204245201,167,0.191495469056676,150,0.238526190601074,186
"Ohaji/Egbema",0.271454904060177,349,0.147006511919913,195,0.427814694702767,541
"Ohaozara",0.255135557281961,498,0.23157789245734,452,0.279813095039745,547
"Ohaukwu",0.27353728788216,957,0.251476209654088,879,0.296474927954029,1039
"Ohimini",0.444708302952532,1237,0.411963888611708,1146,0.477789949235867,1328
"Oji-River",0.266532119049147,167,0.242911336365019,152,0.291199290375658,182
"Ojo",0.739882124840582,289,0.611133594841988,239,0.842718208827624,329
"Oju",0.350294176101655,1912,0.324528698802554,1772,0.376737504439001,2055
"Oke-Ero",0.362471733478982,1217,0.338459111921015,1137,0.386949218893769,1298
"Okehi",0.570300920718139,4740,0.529737663826357,4404,0.610153949328216,5070
"Okene",0.583465429487469,2386,0.541869611362026,2217,0.624169717284796,2551
"Okigwe",0.247601246130009,106,0.225009993750479,96,0.271287370052479,116
"Okitipupa",0.640823487219589,225,0.515557300467925,179,0.750115035683947,265
"Okobo",0.188979907245406,72,0.126565023720064,48,0.265177073004281,101
"Okpe",0.434965521734528,426,0.15923132069687,154,0.739924575219249,727
"Okpokwu",0.373047861961693,1342,0.344854258604401,1240,0.401892051215097,1446
"Okrika",0.257975950281082,13,0.057290318178761,3,0.585473598833114,30
"Ola Oluwa",0.313772348740324,565,0.288129105162575,518,0.34029868604139,613
"Olamaboro",0.358355996420579,3793,0.33036087063726,3502,0.38709433943549,4093
"Olorunsogo",0.285088541380511,2876,0.258332787620154,2612,0.313074112359927,3150
"Oluyole",0.551828837121233,1457,0.516285145485733,1363,0.586829727820348,1550
"Omala",0.460930965456705,7151,0.426404061509988,6619,0.495715050708789,7687
"Omumma",0.21484364972696,23,0.0953531274971643,10,0.38141795968473,41
"Ona Ara",0.527937409498186,301,0.496396041045097,283,0.559251783176021,319
"Ondo East",0.538347982799083,141,0.506494015291129,133,0.569945148675801,149
"Ondo West",0.595068300781168,286,0.562291938625637,271,0.627159310865657,302
"Onicha",0.263664006872296,531,0.239001015495692,481,0.289494331978436,583
"Onitsha North",0.307595172136356,200,0.278337010356216,181,0.338051971060189,219
"Onna",0.197288241802591,23,0.0865175248562881,10,0.35586543529864,41
"Opobo/Nkoro",0.238643212042366,0,0.0586594151444527,0,0.535440109761446,0
"Oredo",0.507833012496018,159,0.311736874852637,100,0.696159572012996,217
"Orelope",0.225397568357595,2210,0.19957130223398,1949,0.252889971616953,2488
"Orhionmwon",0.462536077189038,1450,0.32731558091296,997,0.599242429868444,1917
"Ori-Ire",0.32449474114673,7639,0.299577783897905,7052,0.350167522563092,8244
"Oriade",0.409235773006076,580,0.38320955620065,542,0.435641927124713,618
"Orlu",0.272845798773933,92,0.247512350681839,84,0.29932949595437,101
"Orolu",0.266713768404125,114,0.245423897633482,104,0.28883551056489,123
"Oron",0.174959647641796,25,0.125941269341539,18,0.232606410070828,34
"Orsu",0.326929084366685,182,0.295853320012161,165,0.359177783654752,200
"Oru East",0.288089623672054,157,0.255944245860144,140,0.321690227582117,174
"Oru West",0.289858271358329,89,0.237572463204973,73,0.345293331715878,106
"Oruk Anam",0.208803636905059,97,0.0907117948321196,42,0.377562708350829,176
"Orumba North",0.283968463908762,367,0.260989918593064,338,0.307818352447903,398
"Orumba South",0.288144106228569,82,0.265708402407,76,0.31139080887234,89
"Ose",0.561011564458367,429,0.524458676599091,401,0.597071706514306,457
"Oshimili North",0.375877039242023,382,0.353278943298119,359,0.398888062354232,406
"Oshimili South",0.302012622596378,357,0.262074880427375,307,0.346057448116546,412
"Oshodi/Isolo",0.70116395978121,0,0.607879334724957,0,0.783283737671123,0
"Osisioma Ngwa",0.202953774614939,67,0.11119496820184,36,0.32205478613914,106
"Otukpo",0.412726756075919,2887,0.382049543241477,2676,0.443868614652152,3101
"Ovia North-East",0.544784529491457,1168,0.429341890630102,898,0.652525766673287,1420
"Ovia South-West",0.570413307398229,897,0.402212756423916,671,0.722435728153486,1101
"Owan East",0.540195431859656,1602,0.504888385604164,1500,0.575169046583839,1703
"Owan West",0.523160725094612,456,0.490103116926233,427,0.556075528203777,485
"Owerri Municipal",0.279969644646607,100,0.201635929734205,72,0.367319661010678,132
"Owerri North",0.271347177941701,76,0.192201166563481,54,0.36152920385603,100
"Owerri West",0.31019636693264,102,0.220008200817985,73,0.409952346736811,135
"Owo",0.545680284877514,281,0.511250158612172,263,0.579784189517028,299
"Oye",0.355545261395938,259,0.32744407414416,239,0.384399495995535,280
"Oyi",0.340447661998837,140,0.314521871696299,130,0.367102731139475,151
"Oyigbo",0.217318575480334,46,0.0737548402459596,16,0.438142909886127,92
"Oyo East",0.335639524768018,297,0.303923120759251,269,0.36845446089396,326
"Oyo West",0.33783835163727,1994,0.298236112288011,1757,0.379027279831771,2240
"Oyun",0.317377771045274,1688,0.297311409505072,1583,0.337966197860267,1795
"Paikoro",0.229360869127019,11849,0.209904392401655,10834,0.249741821222466,12913
"Pankshin",0.406766284664732,17205,0.380090791920111,16169,0.433682694910963,18251
"Patani",0.36336416162014,71,0.0713300730521436,14,0.761546130266929,147
"Pategi",0.369876258593335,16424,0.34215085001548,15190,0.39820617674832,17686
"Port Harcourt",0.535227974158925,9,0.120592634919801,2,0.737765479093887,21
"Potiskum",0.278878612103447,0,0.248633170550512,0,0.310733164772265,0
"Qua'an Pan",0.436001561959695,22104,0.408876201425779,20696,0.46354484260141,23537
"Rabah",0.0203307960069359,0,0.0117669660094382,0,0.032709454871076,0
"Rafi",0.186582741873495,17292,0.164533985557353,15249,0.210304716102858,19490
"Rano",0.268086416875609,0,0.238621092854199,0,0.299303968350686,0
"Remo-North",0.656826167865299,177,0.604574014201523,163,0.706369727316012,190
"Rijau",0.110018333075647,10126,0.0818279729625489,7540,0.143973936356566,13241
"Rimi",0.104621250210122,0,0.0855685769657398,0,0.126221817442359,0
"Rimin Gado",0.222937163844317,0,0.202306687532896,0,0.244627549900645,0
"Ringim",0.265413687150166,0,0.236851121584695,0,0.29552260204642,0
"Riyom",0.347858283630315,8044,0.324914609294013,7535,0.371352460948695,8563
"Rogo",0.199495499594211,0,0.183498701656099,0,0.216253022607601,0
"Roni",0.220087874050774,0,0.193900614334009,0,0.248045682579154,0
"Sabon Birni",0.0179031261840376,0,0.00995559701964003,0,0.0298999443309597,0
"Sabon Gari",0.177626337844364,0,0.156155648851406,0,0.201274354351064,0
"Sabuwa",0.140078883898535,0,0.127309740698393,0,0.153608283925622,0
"Safana",0.087914007488999,0,0.0707982653978674,0,0.107635593563186,0
"Sagbama",0.337841062595987,103,0.0729054055999974,24,0.713097789774428,213
"Sakaba",0.0821933438367453,4110,0.0662826159827439,3309,0.100505144056836,5031
"Saki East",0.243864267113081,5473,0.214122066673641,4797,0.2756011733587,6195
"Saki West",0.240428833188231,6472,0.204452259555811,5518,0.279381723487037,7503
"Sandamu",0.156634485231068,0,0.0638954308870873,0,0.306460771474992,0
"Sanga",0.453454476337988,14150,0.424434808229447,13240,0.48268477832054,15067
"Sapele",0.483681002048628,326,0.207483465229456,143,0.760206071428781,508
"Sardauna",0.0217165357305988,1579,0.00867288941044854,602,0.045161079452295,3492
"Shagamu",0.749525052425118,1268,0.687645811197693,1162,0.804631198604811,1364
"Shagari",0.032194684138624,0,0.0212418740045884,0,0.0466942849826967,0
"Shanga",0.119590821576472,5686,0.0801177552492914,3801,0.169854216754356,8090
"Shani",0.288782323442169,1237,0.262115990573245,1104,0.316697199132025,1377
"Shanono",0.174853987136227,0,0.158437790606999,0,0.192222284651842,0
"Shelleng",0.197068862404236,1789,0.174695318024629,1611,0.220993634753264,1977
"Shendam",0.335981432491216,12607,0.313803053532963,11806,0.359249907782569,13425
"Shinkafi",0.0387623583235636,0,0.0250093517763658,0,0.05718323482606,0
"Shira",0.311998805556964,0,0.287290182667375,0,0.337525991785574,0
"Shiroro",0.230401384466825,30819,0.207664787193186,27727,0.254313670585288,34071
"Shomgom",0.268435177824707,4860,0.246543753926471,4477,0.291194541947062,5258
"Shomolu",0.614530606554426,0,0.507728269131294,0,0.713628690291055,0
"Silame",0.0297514222532681,0,0.0180573819223876,0,0.0460719914446297,0
"Soba",0.240573675319409,844,0.226921432408406,799,0.254633712904976,891
"Sokoto South",0.0133248649485336,0,0.00784673555867771,0,0.0211697133117389,0
"Song",0.599968375369766,6783,0.558915732255988,6252,0.637588950622306,7293
"Southern Ijaw",0.370926015556189,41,0.0308830226970736,5,0.86941664251196,97
"Sule Tankarkar",0.128416868271595,0,0.0974483835141351,0,0.165444425642904,0
"Suleja",0.254163773456065,1123,0.230779790928748,1020,0.27862979299649,1229
"Sumaila",0.306887590507293,0,0.283789203004043,0,0.330704423238221,0
"Suru",0.0972829071826222,1345,0.051423763940031,712,0.164094904310392,2274
"Surulere",0.312623833781843,2914,0.278919590611278,2670,0.376006475065503,3295
"Tafa",0.205503260411226,971,0.18736806962411,885,0.224558403198413,1061
"Tafawa-Balewa",0.405446591794974,15352,0.383489871957645,14611,0.427566953164382,16101
"Tai",0.250425720270203,10,0.0690595717389704,3,0.534301566075617,22
"Takai",0.284093008034328,0,0.260369407165249,0,0.308749519381392,0
"Takum",0.0941992577678392,3057,0.0806505231520674,2620,0.109178259907729,3540
"Talata-Mafara",0.032708464049993,0,0.0220468407877788,0,0.0466368130390086,0
"Tambuwal",0.0490675796483846,0,0.0319914164462931,0,0.0716761920832117,0
"Tangaza",0.0194401404442258,999,0.0101804475498488,500,0.0336965680373437,1786
"Tarauni",0.164173676484687,0,0.141113958513551,0,0.189338418520545,0
"Tarka",0.278981808292251,853,0.259239741834695,792,0.299381366755273,916
"Tarmuwa",0.0700022148682986,376,0.040197473726839,175,0.112674418027667,701
"Taura",0.242797917267043,0,0.216264061078028,0,0.270863979783883,0
"Teungo",0.138861636608281,3318,0.105745181389815,2531,0.176745459737969,4235
"Tofa",0.221331670806988,0,0.19903842394026,0,0.244885343027084,0
"Toro",0.391175223132923,9652,0.368811099711793,9157,0.413809501680598,10154
"Toto",0.456215436355741,18542,0.421930324981789,17155,0.492556101394906,20013
"Tsafe",0.0873539222197766,0,0.0734383155940436,0,0.102960947168411,0
"Tsanyawa",0.16343695175125,0,0.146401261576774,0,0.181601942658902,0
"Tudun Wada",0.297149902005865,0,0.261389589229435,0,0.342603917838351,0
"Tureta",0.0330813503016598,56,0.0216526883352601,37,0.0483079320732911,82
"Udenu",0.304832196377949,271,0.28391085046934,252,0.326368383350417,290
"Udi",0.307967706725401,1293,0.282806892597703,1187,0.333991284703917,1402
"Udu",0.443345688127967,366,0.133739829266376,110,0.781753104642212,652
"Ughelli North",0.39440044704725,430,0.142538899623757,155,0.692518550789677,757
"Ughelli South",0.397330492318771,554,0.0944039118179059,133,0.773520461276689,1077
"Ugwunagbo",0.190463418570931,72,0.0930887094940307,35,0.324058649306355,122
"Uhunmwonde",0.497944260214976,1011,0.450122815089518,901,0.545133585695219,1120
"Ukanafun",0.210041827866184,86,0.104594084080157,43,0.352463129406119,146
"Ukum",0.165331420560061,2454,0.14950043008794,2218,0.182145196879047,2705
"Ukwa East",0.210075878058054,109,0.0942071372004788,49,0.372385452564014,193
"Ukwa West",0.215719451807306,97,0.0806278110548217,37,0.416654071828028,186
"Ukwuani",0.371120866077267,223,0.23298659163213,141,0.522765401482468,314
"Umu Nneochi",0.243726336587351,244,0.219841284131262,220,0.268934824278749,270
"Umuahia North",0.215892532725871,96,0.191726031375465,85,0.241650271265949,107
"Umuahia South",0.223343334009233,80,0.196550922149784,71,0.251916761386903,91
"Ungogo",0.19404306983019,0,0.164832395747466,0,0.226456655995605,0
"Uruan",0.187709046891673,36,0.155006828162905,29,0.223925750988339,43
"Urue Offong",0.187087345288757,34,0.117422821395418,21,0.273448536290383,49
"Ushongo",0.221413863300631,1673,0.200942576202693,1517,0.242965063599356,1838
"Ussa",0.0880988473623634,2207,0.0732890969888791,1851,0.104929768514828,2608
"Uyo",0.172813977716179,30,0.143865793170829,25,0.20477657654154,35
"Uzo-Uwani",0.391394715129386,1867,0.364340890642388,1738,0.418942360984132,1998
"Vande Ikya",0.242711040707699,1553,0.213353032106571,1362,0.274060855648902,1756
"Wamako",0.0222959337281591,0,0.0130805852224281,0,0.0354706705870792,0
"Wamba",0.523821879789453,10010,0.492330621385317,9404,0.555226339500827,10615
"Warawa",0.265942678510659,0,0.238822294097002,0,0.294438750522133,0
"Warji",0.323443818357389,0,0.295882665255276,0,0.352127030653664,0
"Warri North",0.536769135808603,1470,0.198743412851088,540,0.84407998780178,2314
"Warri South",0.509406093551486,499,0.173453346298231,167,0.82166098150714,816
"Warri South-West",0.554290360281688,1396,0.176685675734141,457,0.878302843118526,2197
"Wase",0.34146676072293,38026,0.320827038807611,35785,0.362548697959346,40313
"Wudil",0.265741137710285,0,0.239862969823091,0,0.292882796186483,0
"Wukari",0.200651938486223,19977,0.179580288061495,17863,0.223046874701073,22226
"Wurno",0.01507715621872,105,0.00811307184687718,56,0.0256184259613173,180
"Wushishi",0.220614033952158,8790,0.196747238604607,7828,0.246340376640384,9829
"Yabo",0.0268199607601858,0,0.0167971771063626,0,0.0405540704213391,0
"Yagba East",0.434167823691623,5766,0.400611902741372,5325,0.468159435786832,6214
"Yagba West",0.453606636331512,5938,0.418392530066986,5479,0.489085883127044,6401
"Yakurr",0.201652692442497,52,0.178008256150986,46,0.226957167687664,58
"Yala",0.310423018316221,1022,0.28747909979188,946,0.334063351598598,1099
"Yamaltu/Deba",0.402538327090857,0,0.369268996748283,0,0.436513328371582,0
"Yankwashi",0.193987421208807,0,0.109328729732129,0,0.309325127784908,0
"Yauri",0.0995559746984386,2525,0.0653224567042833,1684,0.16704982325576,4069
"Yenagoa",0.293751496295014,39,0.0723087904103099,10,0.631245403727595,84
"Yewa North",0.697154338529161,4078,0.628755837185851,3673,0.759370819730007,4449
"Yewa South",0.785135960511941,1011,0.709882212554638,915,0.8484076576582,1090
"Yola North",0.570508536604886,0,0.480477581305776,0,0.664043138543454,0
"Yola South",0.626679186435927,1267,0.549781601308312,1087,0.697632163272528,1441
"Yorro",0.09356448485719,930,0.0786919661600121,785,0.110231020483272,1092
"Yunusari",0.0156176824481165,78,0.00422725619713775,19,0.0407784426805755,214
"Yusufari",0.0174043634312187,0,0.00545972241309551,0,0.041867000931377,0
"Zaki",0.166044472807662,0,0.13670685185172,0,0.200232831989098,0
"Zango",0.171559258900989,0,0.057708960170212,0,0.365164295291154,0
"Zangon Kataf",0.389032845412814,8099,0.36945443296363,7667,0.408890108580296,8538
"Zaria",0.215269304237217,0,0.201605855792636,0,0.229421380932526,0
"Zing",0.0764987006445932,0,0.0636928115878632,0,0.090946446057217,0
"Zurmi",0.0499540318257169,0,0.0349901730553316,0,0.0689477919725911,0
"Zuru",0.0811865522488031,1485,0.0610826696592044,1115,0.105273300565154,1929
"Total",0.295523217166976,1949384,0.255132633937913,1753326,0.340587204526354,2165939
